0.000000000000000000e+00
0.000000000000000000e+00
0.000000000000000000e+00
0.000000000000000000e+00
0.000000000000000000e+00
0.000000000000000000e+00
0.000000000000000000e+00
0.000000000000000000e+00
0.000000000000000000e+00
0.000000000000000000e+00
0.000000000000000000e+00
0.000000000000000000e+00
0.000000000000000000e+00
0.000000000000000000e+00
0.000000000000000000e+00
0.000000000000000000e+00
0.000000000000000000e+00
0.000000000000000000e+00
0.000000000000000000e+00
0.000000000000000000e+00
0.000000000000000000e+00
0.000000000000000000e+00
0.000000000000000000e+00
0.000000000000000000e+00
0.000000000000000000e+00
1.000000000000000000e+00
1.000000000000000000e+00
1.000000000000000000e+00
1.000000000000000000e+00
1.000000000000000000e+00
1.000000000000000000e+00
1.000000000000000000e+00
1.000000000000000000e+00
1.000000000000000000e+00
1.000000000000000000e+00
1.000000000000000000e+00
1.000000000000000000e+00
1.000000000000000000e+00
1.000000000000000000e+00
1.000000000000000000e+00
1.000000000000000000e+00
1.000000000000000000e+00
1.000000000000000000e+00
1.000000000000000000e+00
1.000000000000000000e+00
1.000000000000000000e+00
1.000000000000000000e+00
1.000000000000000000e+00
1.000000000000000000e+00
1.000000000000000000e+00
1.000000000000000000e+00
1.000000000000000000e+00
1.000000000000000000e+00
1.000000000000000000e+00
1.000000000000000000e+00
1.000000000000000000e+00
1.000000000000000000e+00
1.000000000000000000e+00
2.000000000000000000e+00
2.000000000000000000e+00
2.000000000000000000e+00
2.000000000000000000e+00
2.000000000000000000e+00
2.000000000000000000e+00
2.000000000000000000e+00
2.000000000000000000e+00
2.000000000000000000e+00
2.000000000000000000e+00
5.000000000000000000e+00
5.000000000000000000e+00
5.000000000000000000e+00
5.000000000000000000e+00
5.000000000000000000e+00
5.000000000000000000e+00
5.000000000000000000e+00
5.000000000000000000e+00
5.000000000000000000e+00
5.000000000000000000e+00
5.000000000000000000e+00
6.000000000000000000e+00
6.000000000000000000e+00
6.000000000000000000e+00
6.000000000000000000e+00
6.000000000000000000e+00
6.000000000000000000e+00
6.000000000000000000e+00
6.000000000000000000e+00
6.000000000000000000e+00
6.000000000000000000e+00
6.000000000000000000e+00
6.000000000000000000e+00
6.000000000000000000e+00
6.000000000000000000e+00
6.000000000000000000e+00
6.000000000000000000e+00
6.000000000000000000e+00
6.000000000000000000e+00
6.000000000000000000e+00
6.000000000000000000e+00
6.000000000000000000e+00
6.000000000000000000e+00
6.000000000000000000e+00
6.000000000000000000e+00
6.000000000000000000e+00
6.000000000000000000e+00
6.000000000000000000e+00
6.000000000000000000e+00
6.000000000000000000e+00
6.000000000000000000e+00
6.000000000000000000e+00
7.000000000000000000e+00
7.000000000000000000e+00
7.000000000000000000e+00
7.000000000000000000e+00
7.000000000000000000e+00
7.000000000000000000e+00
7.000000000000000000e+00
7.000000000000000000e+00
7.000000000000000000e+00
7.000000000000000000e+00
7.000000000000000000e+00
7.000000000000000000e+00
7.000000000000000000e+00
7.000000000000000000e+00
7.000000000000000000e+00
7.000000000000000000e+00
7.000000000000000000e+00
7.000000000000000000e+00
7.000000000000000000e+00
7.000000000000000000e+00
7.000000000000000000e+00
7.000000000000000000e+00
7.000000000000000000e+00
7.000000000000000000e+00
7.000000000000000000e+00
7.000000000000000000e+00
7.000000000000000000e+00
7.000000000000000000e+00
7.000000000000000000e+00
7.000000000000000000e+00
7.000000000000000000e+00
7.000000000000000000e+00
7.000000000000000000e+00
7.000000000000000000e+00
7.000000000000000000e+00
7.000000000000000000e+00
7.000000000000000000e+00
7.000000000000000000e+00
7.000000000000000000e+00
7.000000000000000000e+00
7.000000000000000000e+00
7.000000000000000000e+00
7.000000000000000000e+00
7.000000000000000000e+00
7.000000000000000000e+00
7.000000000000000000e+00
7.000000000000000000e+00
7.000000000000000000e+00
7.000000000000000000e+00
7.000000000000000000e+00
7.000000000000000000e+00
7.000000000000000000e+00
7.000000000000000000e+00
7.000000000000000000e+00
7.000000000000000000e+00
7.000000000000000000e+00
7.000000000000000000e+00
7.000000000000000000e+00
7.000000000000000000e+00
7.000000000000000000e+00
7.000000000000000000e+00
7.000000000000000000e+00
7.000000000000000000e+00
7.000000000000000000e+00
7.000000000000000000e+00
7.000000000000000000e+00
7.000000000000000000e+00
7.000000000000000000e+00
7.000000000000000000e+00
7.000000000000000000e+00
7.000000000000000000e+00
7.000000000000000000e+00
7.000000000000000000e+00
7.000000000000000000e+00
7.000000000000000000e+00
7.000000000000000000e+00
7.000000000000000000e+00
7.000000000000000000e+00
7.000000000000000000e+00
7.000000000000000000e+00
7.000000000000000000e+00
7.000000000000000000e+00
7.000000000000000000e+00
7.000000000000000000e+00
7.000000000000000000e+00
7.000000000000000000e+00
7.000000000000000000e+00
7.000000000000000000e+00
7.000000000000000000e+00
7.000000000000000000e+00
7.000000000000000000e+00
7.000000000000000000e+00
7.000000000000000000e+00
7.000000000000000000e+00
7.000000000000000000e+00
7.000000000000000000e+00
7.000000000000000000e+00
7.000000000000000000e+00
7.000000000000000000e+00
7.000000000000000000e+00
7.000000000000000000e+00
7.000000000000000000e+00
7.000000000000000000e+00
7.000000000000000000e+00
7.000000000000000000e+00
7.000000000000000000e+00
7.000000000000000000e+00
7.000000000000000000e+00
7.000000000000000000e+00
7.000000000000000000e+00
7.000000000000000000e+00
7.000000000000000000e+00
7.000000000000000000e+00
7.000000000000000000e+00
7.000000000000000000e+00
7.000000000000000000e+00
7.000000000000000000e+00
7.000000000000000000e+00
7.000000000000000000e+00
7.000000000000000000e+00
7.000000000000000000e+00
7.000000000000000000e+00
7.000000000000000000e+00
7.000000000000000000e+00
7.000000000000000000e+00
7.000000000000000000e+00
7.000000000000000000e+00
7.000000000000000000e+00
7.000000000000000000e+00
7.000000000000000000e+00
7.000000000000000000e+00
7.000000000000000000e+00
7.000000000000000000e+00
7.000000000000000000e+00
7.000000000000000000e+00
7.000000000000000000e+00
7.000000000000000000e+00
7.000000000000000000e+00
7.000000000000000000e+00
7.000000000000000000e+00
7.000000000000000000e+00
7.000000000000000000e+00
7.000000000000000000e+00
7.000000000000000000e+00
7.000000000000000000e+00
7.000000000000000000e+00
7.000000000000000000e+00
7.000000000000000000e+00
7.000000000000000000e+00
7.000000000000000000e+00
7.000000000000000000e+00
7.000000000000000000e+00
7.000000000000000000e+00
7.000000000000000000e+00
7.000000000000000000e+00
7.000000000000000000e+00
7.000000000000000000e+00
7.000000000000000000e+00
7.000000000000000000e+00
7.000000000000000000e+00
7.000000000000000000e+00
7.000000000000000000e+00
7.000000000000000000e+00
7.000000000000000000e+00
7.000000000000000000e+00
7.000000000000000000e+00
7.000000000000000000e+00
7.000000000000000000e+00
7.000000000000000000e+00
7.000000000000000000e+00
7.000000000000000000e+00
7.000000000000000000e+00
7.000000000000000000e+00
7.000000000000000000e+00
7.000000000000000000e+00
7.000000000000000000e+00
7.000000000000000000e+00
7.000000000000000000e+00
7.000000000000000000e+00
7.000000000000000000e+00
7.000000000000000000e+00
7.000000000000000000e+00
7.000000000000000000e+00
7.000000000000000000e+00
7.000000000000000000e+00
7.000000000000000000e+00
7.000000000000000000e+00
7.000000000000000000e+00
7.000000000000000000e+00
7.000000000000000000e+00
7.000000000000000000e+00
7.000000000000000000e+00
7.000000000000000000e+00
7.000000000000000000e+00
7.000000000000000000e+00
7.000000000000000000e+00
7.000000000000000000e+00
7.000000000000000000e+00
7.000000000000000000e+00
7.000000000000000000e+00
7.000000000000000000e+00
7.000000000000000000e+00
7.000000000000000000e+00
7.000000000000000000e+00
7.000000000000000000e+00
7.000000000000000000e+00
7.000000000000000000e+00
7.000000000000000000e+00
7.000000000000000000e+00
7.000000000000000000e+00
7.000000000000000000e+00
7.000000000000000000e+00
7.000000000000000000e+00
7.000000000000000000e+00
7.000000000000000000e+00
7.000000000000000000e+00
7.000000000000000000e+00
7.000000000000000000e+00
7.000000000000000000e+00
7.000000000000000000e+00
7.000000000000000000e+00
7.000000000000000000e+00
7.000000000000000000e+00
7.000000000000000000e+00
7.000000000000000000e+00
7.000000000000000000e+00
7.000000000000000000e+00
7.000000000000000000e+00
7.000000000000000000e+00
7.000000000000000000e+00
7.000000000000000000e+00
7.000000000000000000e+00
7.000000000000000000e+00
7.000000000000000000e+00
7.000000000000000000e+00
7.000000000000000000e+00
7.000000000000000000e+00
7.000000000000000000e+00
7.000000000000000000e+00
7.000000000000000000e+00
7.000000000000000000e+00
7.000000000000000000e+00
7.000000000000000000e+00
7.000000000000000000e+00
7.000000000000000000e+00
7.000000000000000000e+00
7.000000000000000000e+00
7.000000000000000000e+00
7.000000000000000000e+00
7.000000000000000000e+00
7.000000000000000000e+00
7.000000000000000000e+00
7.000000000000000000e+00
7.000000000000000000e+00
7.000000000000000000e+00
7.000000000000000000e+00
7.000000000000000000e+00
7.000000000000000000e+00
7.000000000000000000e+00
7.000000000000000000e+00
7.000000000000000000e+00
7.000000000000000000e+00
7.000000000000000000e+00
7.000000000000000000e+00
8.000000000000000000e+00
8.000000000000000000e+00
8.000000000000000000e+00
8.000000000000000000e+00
8.000000000000000000e+00
9.000000000000000000e+00
9.000000000000000000e+00
9.000000000000000000e+00
9.000000000000000000e+00
9.000000000000000000e+00
9.000000000000000000e+00
9.000000000000000000e+00
9.000000000000000000e+00
9.000000000000000000e+00
9.000000000000000000e+00
9.000000000000000000e+00
9.000000000000000000e+00
9.000000000000000000e+00
9.000000000000000000e+00
9.000000000000000000e+00
9.000000000000000000e+00
9.000000000000000000e+00
9.000000000000000000e+00
9.000000000000000000e+00
9.000000000000000000e+00
9.000000000000000000e+00
9.000000000000000000e+00
9.000000000000000000e+00
9.000000000000000000e+00
9.000000000000000000e+00
9.000000000000000000e+00
9.000000000000000000e+00
9.000000000000000000e+00
9.000000000000000000e+00
9.000000000000000000e+00
1.000000000000000000e+01
1.000000000000000000e+01
1.000000000000000000e+01
1.000000000000000000e+01
1.000000000000000000e+01
1.000000000000000000e+01
1.000000000000000000e+01
1.000000000000000000e+01
1.000000000000000000e+01
1.000000000000000000e+01
1.000000000000000000e+01
1.000000000000000000e+01
1.000000000000000000e+01
1.000000000000000000e+01
1.000000000000000000e+01
1.000000000000000000e+01
1.000000000000000000e+01
1.000000000000000000e+01
1.000000000000000000e+01
1.000000000000000000e+01
1.000000000000000000e+01
1.000000000000000000e+01
1.000000000000000000e+01
1.000000000000000000e+01
1.000000000000000000e+01
1.000000000000000000e+01
1.000000000000000000e+01
1.000000000000000000e+01
1.000000000000000000e+01
1.000000000000000000e+01
1.000000000000000000e+01
1.000000000000000000e+01
1.000000000000000000e+01
1.000000000000000000e+01
1.000000000000000000e+01
1.000000000000000000e+01
1.100000000000000000e+01
1.100000000000000000e+01
1.100000000000000000e+01
1.100000000000000000e+01
1.100000000000000000e+01
1.100000000000000000e+01
1.100000000000000000e+01
1.100000000000000000e+01
1.100000000000000000e+01
1.100000000000000000e+01
1.100000000000000000e+01
1.100000000000000000e+01
1.100000000000000000e+01
1.200000000000000000e+01
1.200000000000000000e+01
1.200000000000000000e+01
1.200000000000000000e+01
1.200000000000000000e+01
1.200000000000000000e+01
1.200000000000000000e+01
1.200000000000000000e+01
1.200000000000000000e+01
1.200000000000000000e+01
1.200000000000000000e+01
1.200000000000000000e+01
1.200000000000000000e+01
1.200000000000000000e+01
1.200000000000000000e+01
1.200000000000000000e+01
1.200000000000000000e+01
1.200000000000000000e+01
1.200000000000000000e+01
1.200000000000000000e+01
1.200000000000000000e+01
1.200000000000000000e+01
1.200000000000000000e+01
1.200000000000000000e+01
1.400000000000000000e+01
1.400000000000000000e+01
1.500000000000000000e+01
1.500000000000000000e+01
1.700000000000000000e+01
2.300000000000000000e+01
2.900000000000000000e+01
3.500000000000000000e+01
4.600000000000000000e+01
5.900000000000000000e+01
7.800000000000000000e+01
9.900000000000000000e+01
1.090000000000000000e+02
1.240000000000000000e+02
1.370000000000000000e+02
1.490000000000000000e+02
1.660000000000000000e+02
1.870000000000000000e+02
2.240000000000000000e+02
2.600000000000000000e+02
2.860000000000000000e+02
3.080000000000000000e+02
3.330000000000000000e+02
3.610000000000000000e+02
3.850000000000000000e+02
4.110000000000000000e+02
4.370000000000000000e+02
4.520000000000000000e+02
4.600000000000000000e+02
4.780000000000000000e+02
4.970000000000000000e+02
5.180000000000000000e+02
5.380000000000000000e+02
5.490000000000000000e+02
5.690000000000000000e+02
5.750000000000000000e+02
5.990000000000000000e+02
6.050000000000000000e+02
6.100000000000000000e+02
6.230000000000000000e+02
6.320000000000000000e+02
6.350000000000000000e+02
6.430000000000000000e+02
6.480000000000000000e+02
6.610000000000000000e+02
6.760000000000000000e+02
6.860000000000000000e+02
6.880000000000000000e+02
6.890000000000000000e+02
7.060000000000000000e+02
7.150000000000000000e+02
7.180000000000000000e+02
7.300000000000000000e+02
7.360000000000000000e+02
7.400000000000000000e+02
7.410000000000000000e+02
7.470000000000000000e+02
7.530000000000000000e+02
7.590000000000000000e+02
7.630000000000000000e+02
7.640000000000000000e+02
7.680000000000000000e+02
7.690000000000000000e+02
7.730000000000000000e+02
7.780000000000000000e+02
7.820000000000000000e+02
7.840000000000000000e+02
7.860000000000000000e+02
7.860000000000000000e+02
7.860000000000000000e+02
7.870000000000000000e+02
7.870000000000000000e+02
7.870000000000000000e+02
7.870000000000000000e+02
7.870000000000000000e+02
7.890000000000000000e+02
7.890000000000000000e+02
7.910000000000000000e+02
7.910000000000000000e+02
7.910000000000000000e+02
7.940000000000000000e+02
8.060000000000000000e+02
8.090000000000000000e+02
8.130000000000000000e+02
8.140000000000000000e+02
8.160000000000000000e+02
8.170000000000000000e+02
8.190000000000000000e+02
8.210000000000000000e+02
8.210000000000000000e+02
8.210000000000000000e+02
8.210000000000000000e+02
8.210000000000000000e+02
8.260000000000000000e+02
8.270000000000000000e+02
8.280000000000000000e+02
8.280000000000000000e+02
8.280000000000000000e+02
8.290000000000000000e+02
8.300000000000000000e+02
8.320000000000000000e+02
8.330000000000000000e+02
8.330000000000000000e+02
8.340000000000000000e+02
8.340000000000000000e+02
8.350000000000000000e+02
8.360000000000000000e+02
8.370000000000000000e+02
8.370000000000000000e+02
8.370000000000000000e+02
8.370000000000000000e+02
8.370000000000000000e+02
8.370000000000000000e+02
8.370000000000000000e+02
8.380000000000000000e+02
8.390000000000000000e+02
8.390000000000000000e+02
8.390000000000000000e+02
8.390000000000000000e+02
8.390000000000000000e+02
8.390000000000000000e+02
8.390000000000000000e+02
8.390000000000000000e+02
8.390000000000000000e+02
8.400000000000000000e+02
8.400000000000000000e+02
8.400000000000000000e+02
8.410000000000000000e+02
8.410000000000000000e+02
8.410000000000000000e+02
8.410000000000000000e+02
8.410000000000000000e+02
8.420000000000000000e+02
8.420000000000000000e+02
8.420000000000000000e+02
8.420000000000000000e+02
8.430000000000000000e+02
8.430000000000000000e+02
8.430000000000000000e+02
8.440000000000000000e+02
8.440000000000000000e+02
8.440000000000000000e+02
8.440000000000000000e+02
8.450000000000000000e+02
8.460000000000000000e+02
8.460000000000000000e+02
8.460000000000000000e+02
8.460000000000000000e+02
8.460000000000000000e+02
8.460000000000000000e+02
8.460000000000000000e+02
8.460000000000000000e+02
8.460000000000000000e+02
8.460000000000000000e+02
8.460000000000000000e+02
8.460000000000000000e+02
8.460000000000000000e+02
8.460000000000000000e+02
8.460000000000000000e+02
8.460000000000000000e+02
8.470000000000000000e+02
8.470000000000000000e+02
8.470000000000000000e+02
8.470000000000000000e+02
8.470000000000000000e+02
8.470000000000000000e+02
8.470000000000000000e+02
8.470000000000000000e+02
8.470000000000000000e+02
8.470000000000000000e+02
8.470000000000000000e+02
8.470000000000000000e+02
8.470000000000000000e+02
8.470000000000000000e+02
8.470000000000000000e+02
8.480000000000000000e+02
8.480000000000000000e+02
8.480000000000000000e+02
8.480000000000000000e+02
8.480000000000000000e+02
8.480000000000000000e+02
8.480000000000000000e+02
8.480000000000000000e+02
8.480000000000000000e+02
8.480000000000000000e+02
8.480000000000000000e+02
8.480000000000000000e+02
8.480000000000000000e+02
8.480000000000000000e+02
8.480000000000000000e+02
8.480000000000000000e+02
8.480000000000000000e+02
8.480000000000000000e+02
8.480000000000000000e+02
8.480000000000000000e+02
8.480000000000000000e+02
8.480000000000000000e+02
8.480000000000000000e+02
8.480000000000000000e+02
8.480000000000000000e+02
8.480000000000000000e+02
8.480000000000000000e+02
8.480000000000000000e+02
8.480000000000000000e+02
8.480000000000000000e+02
8.480000000000000000e+02
8.480000000000000000e+02
8.480000000000000000e+02
8.480000000000000000e+02
8.480000000000000000e+02
8.480000000000000000e+02
8.490000000000000000e+02
8.490000000000000000e+02
8.490000000000000000e+02
8.490000000000000000e+02
8.500000000000000000e+02
8.500000000000000000e+02
8.500000000000000000e+02
8.500000000000000000e+02
8.500000000000000000e+02
8.500000000000000000e+02
8.500000000000000000e+02
8.500000000000000000e+02
8.500000000000000000e+02
8.500000000000000000e+02
8.500000000000000000e+02
8.500000000000000000e+02
8.500000000000000000e+02
8.500000000000000000e+02
8.500000000000000000e+02
8.500000000000000000e+02
8.500000000000000000e+02
8.500000000000000000e+02
8.500000000000000000e+02
8.500000000000000000e+02
8.500000000000000000e+02
8.500000000000000000e+02
8.500000000000000000e+02
8.500000000000000000e+02
8.500000000000000000e+02
8.510000000000000000e+02
8.510000000000000000e+02
8.510000000000000000e+02
8.510000000000000000e+02
8.510000000000000000e+02
8.510000000000000000e+02
8.510000000000000000e+02
8.510000000000000000e+02
8.510000000000000000e+02
8.510000000000000000e+02
8.510000000000000000e+02
8.510000000000000000e+02
8.510000000000000000e+02
8.510000000000000000e+02
8.510000000000000000e+02
8.510000000000000000e+02
8.510000000000000000e+02
8.510000000000000000e+02
8.510000000000000000e+02
8.510000000000000000e+02
8.510000000000000000e+02
8.510000000000000000e+02
8.510000000000000000e+02
8.510000000000000000e+02
8.510000000000000000e+02
8.510000000000000000e+02
8.510000000000000000e+02
8.510000000000000000e+02
8.510000000000000000e+02
8.510000000000000000e+02
8.510000000000000000e+02
8.510000000000000000e+02
8.510000000000000000e+02
8.520000000000000000e+02
8.520000000000000000e+02
8.520000000000000000e+02
8.520000000000000000e+02
8.520000000000000000e+02
8.520000000000000000e+02
8.520000000000000000e+02
8.520000000000000000e+02
8.520000000000000000e+02
8.520000000000000000e+02
8.530000000000000000e+02
8.530000000000000000e+02
8.530000000000000000e+02
8.530000000000000000e+02
8.530000000000000000e+02
8.530000000000000000e+02
8.530000000000000000e+02
8.530000000000000000e+02
8.530000000000000000e+02
8.530000000000000000e+02
8.530000000000000000e+02
8.530000000000000000e+02
8.530000000000000000e+02
8.530000000000000000e+02
8.530000000000000000e+02
8.530000000000000000e+02
8.530000000000000000e+02
8.530000000000000000e+02
8.530000000000000000e+02
8.530000000000000000e+02
8.530000000000000000e+02
8.530000000000000000e+02
8.530000000000000000e+02
8.530000000000000000e+02
8.530000000000000000e+02
8.530000000000000000e+02
8.530000000000000000e+02
8.530000000000000000e+02
8.530000000000000000e+02
8.530000000000000000e+02
8.530000000000000000e+02
8.530000000000000000e+02
8.530000000000000000e+02
8.530000000000000000e+02
8.530000000000000000e+02
8.530000000000000000e+02
8.530000000000000000e+02
8.530000000000000000e+02
8.530000000000000000e+02
8.530000000000000000e+02
8.530000000000000000e+02
8.530000000000000000e+02
8.530000000000000000e+02
8.540000000000000000e+02
8.540000000000000000e+02
8.540000000000000000e+02
8.540000000000000000e+02
8.540000000000000000e+02
8.540000000000000000e+02
8.540000000000000000e+02
8.540000000000000000e+02
8.540000000000000000e+02
8.540000000000000000e+02
8.540000000000000000e+02
8.560000000000000000e+02
8.560000000000000000e+02
8.560000000000000000e+02
8.560000000000000000e+02
8.560000000000000000e+02
8.560000000000000000e+02
8.560000000000000000e+02
8.580000000000000000e+02
8.600000000000000000e+02
8.620000000000000000e+02
8.650000000000000000e+02
8.680000000000000000e+02
8.680000000000000000e+02
8.760000000000000000e+02
8.810000000000000000e+02
8.860000000000000000e+02
8.960000000000000000e+02
8.960000000000000000e+02
8.960000000000000000e+02
9.310000000000000000e+02
9.430000000000000000e+02
9.510000000000000000e+02
9.680000000000000000e+02
9.680000000000000000e+02
1.049000000000000000e+03
1.068000000000000000e+03
1.097000000000000000e+03
1.135000000000000000e+03
1.176000000000000000e+03
1.235000000000000000e+03
1.284000000000000000e+03
1.343000000000000000e+03
1.396000000000000000e+03
1.436000000000000000e+03
1.478000000000000000e+03
1.554000000000000000e+03
1.658000000000000000e+03
1.784000000000000000e+03
1.947000000000000000e+03
2.056000000000000000e+03
2.165000000000000000e+03
2.255000000000000000e+03
2.377000000000000000e+03
2.521000000000000000e+03
2.663000000000000000e+03
2.663000000000000000e+03
2.939000000000000000e+03
3.090000000000000000e+03
3.214000000000000000e+03
3.373000000000000000e+03
3.584000000000000000e+03
3.797000000000000000e+03
4.008000000000000000e+03
4.171000000000000000e+03
4.280000000000000000e+03
4.403000000000000000e+03
4.546000000000000000e+03
4.714000000000000000e+03
4.868000000000000000e+03
5.049000000000000000e+03
5.221000000000000000e+03
5.365000000000000000e+03
5.480000000000000000e+03
5.651000000000000000e+03
5.817000000000000000e+03
5.969000000000000000e+03
6.120000000000000000e+03
6.254000000000000000e+03
6.345000000000000000e+03
6.448000000000000000e+03
6.533000000000000000e+03
6.651000000000000000e+03
6.772000000000000000e+03
6.868000000000000000e+03
6.956000000000000000e+03
7.025000000000000000e+03
7.128000000000000000e+03
7.223000000000000000e+03
7.328000000000000000e+03
7.459000000000000000e+03
7.553000000000000000e+03
7.624000000000000000e+03
7.720000000000000000e+03
7.780000000000000000e+03
7.829000000000000000e+03
7.917000000000000000e+03
8.031000000000000000e+03
8.103000000000000000e+03
8.176000000000000000e+03
8.224000000000000000e+03
8.261000000000000000e+03
8.318000000000000000e+03
8.392000000000000000e+03
8.478000000000000000e+03
8.531000000000000000e+03
8.596000000000000000e+03
8.649000000000000000e+03
8.686000000000000000e+03
8.714000000000000000e+03
8.776000000000000000e+03
8.833000000000000000e+03
8.893000000000000000e+03
8.927000000000000000e+03
8.963000000000000000e+03
8.994000000000000000e+03
9.026000000000000000e+03
9.082000000000000000e+03
9.136000000000000000e+03
9.187000000000000000e+03
9.229000000000000000e+03
9.255000000000000000e+03
9.273000000000000000e+03
9.298000000000000000e+03
9.342000000000000000e+03
9.373000000000000000e+03
9.413000000000000000e+03
9.435000000000000000e+03
9.457000000000000000e+03
9.473000000000000000e+03
9.506000000000000000e+03
9.540000000000000000e+03
9.572000000000000000e+03
9.608000000000000000e+03
9.634000000000000000e+03
9.657000000000000000e+03
9.673000000000000000e+03
9.691000000000000000e+03
9.728000000000000000e+03
9.773000000000000000e+03
9.813000000000000000e+03
9.844000000000000000e+03
9.866000000000000000e+03
9.893000000000000000e+03
9.914000000000000000e+03
9.950000000000000000e+03
9.986000000000000000e+03
1.002800000000000000e+04
1.006300000000000000e+04
1.009400000000000000e+04
1.011500000000000000e+04
1.014100000000000000e+04
1.017000000000000000e+04
1.022500000000000000e+04
1.025500000000000000e+04
1.028400000000000000e+04
1.031200000000000000e+04
1.032900000000000000e+04
1.036600000000000000e+04
1.042300000000000000e+04
1.046900000000000000e+04
1.050900000000000000e+04
1.054800000000000000e+04
1.057900000000000000e+04
1.060400000000000000e+04
1.064300000000000000e+04
1.070200000000000000e+04
1.074300000000000000e+04
1.079400000000000000e+04
1.082800000000000000e+04
1.088400000000000000e+04
1.091200000000000000e+04
1.095000000000000000e+04
1.100300000000000000e+04
1.105300000000000000e+04
1.110100000000000000e+04
1.116300000000000000e+04
1.120100000000000000e+04
1.123200000000000000e+04
1.128000000000000000e+04
1.133700000000000000e+04
1.138900000000000000e+04
1.146500000000000000e+04
1.152700000000000000e+04
1.158400000000000000e+04
1.162000000000000000e+04
1.165700000000000000e+04
1.168600000000000000e+04
1.176600000000000000e+04
1.184300000000000000e+04
1.190800000000000000e+04
