3.614674899918302253e+04
3.692821616616302344e+04
3.675785102101054508e+04
3.648180514321372175e+04
3.713910676073086506e+04
3.672388447706382431e+04
3.620573765266434202e+04
3.887083657003256667e+04
3.961338292849808204e+04
3.937906937765045586e+04
3.901606858008405834e+04
3.956568627762771212e+04
3.902453673484559840e+04
3.836486374944662384e+04
4.087559134014367737e+04
4.145373557122422790e+04
4.104781705275444256e+04
4.050880534048558911e+04
4.088073033808555920e+04
4.016281959352215199e+04
3.932978508522322954e+04
4.167284390414934751e+04
4.209110448081571667e+04
4.153495798731408286e+04
4.085700614011233847e+04
4.110266042967022076e+04
4.027227152519480296e+04
3.934141225288603891e+04
4.160189831447753386e+04
4.195317812630037952e+04
4.134573112092907104e+04
4.063200544066692237e+04
4.085702975091264670e+04
4.002055762964546011e+04
3.909736764897601097e+04
4.137830304590879678e+04
4.176168210607766378e+04
4.119671835865270259e+04
4.053448127782048687e+04
4.081853199184226105e+04
4.004709223130160535e+04
3.919336940572012099e+04
4.154662147208778333e+04
4.200359247431110271e+04
4.151195759257310419e+04
4.092130812151152350e+04
4.127381058396459412e+04
4.056639789970089623e+04
3.977111517132315203e+04
4.217620341252553044e+04
4.267755175434992998e+04
4.222215662743820576e+04
4.165911800986517483e+04
4.203030663965835265e+04
4.133255983710606961e+04
4.053802826899918728e+04
4.293525680648367415e+04
4.342062990571462433e+04
4.294181998045335786e+04
4.234876891307489132e+04
