5.654972636373383210e+00
5.634600618514399528e+00
5.647897169863595579e+00
5.015330184782516909e+00
4.577503914968555243e+00
4.159660145635609929e+00
3.954394345356777585e+00
3.444718656343824570e+00
3.108023371208504138e+00
2.849753269856138083e+00
1.994459288121555707e+00
1.385753411132591095e+00
8.507547758338103172e-01
5.827780450413755364e-01
6.439639856023848807e-02
-2.285694422536601600e-01
-3.933207110525980266e-01
-1.108949741287742263e+00
-1.536383089518968070e+00
-1.853813438616045417e+00
-1.873872490007143954e+00
-2.120416167678383701e+00
-2.124374683259639518e+00
-1.989856173769664061e+00
-2.402849276638621578e+00
-2.531003178458916203e+00
-2.558904003318263065e+00
-2.305103567193631076e+00
-2.298775293218805693e+00
-2.075452876151023140e+00
-1.743042938026552191e+00
-1.990459000334253048e+00
-1.987356655059822508e+00
-1.919389503265247932e+00
-1.605241937078758063e+00
-1.573312962904091172e+00
-1.357505435636885416e+00
-1.063310146870648953e+00
-1.376529769539585946e+00
-1.463119764558570290e+00
-1.504562669149803078e+00
-1.315028412126078017e+00
-1.418191239159809047e+00
-1.343153919834725540e+00
-1.190665000386193162e+00
-1.641970544575446000e+00
-1.858774122910163307e+00
-2.018718427519538672e+00
-1.932638497354617124e+00
-2.121454924935955333e+00
-2.112156007169386118e+00
-2.004053436282946965e+00
-2.477652370249057601e+00
-2.694609611705963914e+00
-2.833193804511896730e+00
-2.705498702856154125e+00
-2.834279453451332476e+00
-2.748862868909871082e+00
-2.551318685623243265e+00
-2.925235349964664167e+00
