6.341513604780994129e+00
6.339861681690901918e+00
6.337763448578793479e+00
6.362728523477757747e+00
6.358517835250298234e+00
6.358086989460806748e+00
6.359027378286125298e+00
6.361117893065177498e+00
6.352754722189264847e+00
6.343716728819190465e+00
6.361621072622153150e+00
6.350348039162640568e+00
6.342981941936066903e+00
6.337249293077190870e+00
6.333067170688629233e+00
6.318969351396345857e+00
6.304867802873586058e+00
6.318504312372050791e+00
6.303871335135330156e+00
6.294149052732067595e+00
6.287139963374351659e+00
6.282814055196713987e+00
6.269732247127973501e+00
6.257805797212140142e+00
6.274746544951785410e+00
6.264487144169093469e+00
6.260118328270411148e+00
6.259324558746911293e+00
6.261931111919986748e+00
6.256330266922251582e+00
6.252244247278476053e+00
6.277179709924857853e+00
6.274852841586004537e+00
6.278131986136187948e+00
6.284479016725714295e+00
6.293502355358801204e+00
6.293389139417417510e+00
6.293674017357616890e+00
6.321699195498796442e+00
6.321044627171204411e+00
6.324475107540359353e+00
6.329385340894503997e+00
6.335355754106445580e+00
6.330586449102232116e+00
6.324666695960065255e+00
6.345034537098359628e+00
6.335405373787639682e+00
6.328716311151842966e+00
6.322567374672090956e+00
6.316772451068175975e+00
6.299787457067212770e+00
6.281473277507038766e+00
6.289548208926084349e+00
6.268008967344976590e+00
6.250067240822655634e+00
6.233583115732909796e+00
6.218608451203074594e+00
6.193807926230606498e+00
6.169215515057534738e+00
6.172681327948532193e+00
