7.853635529098067200e+05
7.878907316423965385e+05
7.911027287392060971e+05
7.940601773144430481e+05
7.969974886163512710e+05
7.998856026182180503e+05
8.026732200491441181e+05
8.045008741908507654e+05
8.070280529234418646e+05
8.102400500202511903e+05
8.131974985954881413e+05
8.161348098973958986e+05
8.190229238992618630e+05
8.218105413301882800e+05
8.236381954718953930e+05
8.261653742044862593e+05
8.293773713012965163e+05
8.323348198765323032e+05
8.352721311784411082e+05
8.381602451803069562e+05
8.409478626112331403e+05
8.427755167529399041e+05
8.453026954855314689e+05
8.485146925823400961e+05
8.514721411575772800e+05
8.544094524594859686e+05
8.572975664613518165e+05
8.600851838922797469e+05
8.619128380339870928e+05
8.644400167665774934e+05
8.676520138633849565e+05
8.706094624386222567e+05
8.735467737405311782e+05
8.764348877423970262e+05
8.792225051733240252e+05
8.810501593150311382e+05
8.835773380476218881e+05
8.867893351444301661e+05
8.897467837196671171e+05
8.926840950215751072e+05
8.955722090234421194e+05
8.983598264543684199e+05
9.001874805960753001e+05
9.027146593286670977e+05
9.059266564254729310e+05
9.088841050007120939e+05
9.118214163026200840e+05
9.147095303044873290e+05
9.174971477354129311e+05
9.193248018771202769e+05
9.218519806097112596e+05
9.250639777065194212e+05
9.280214262817570707e+05
9.309587375836651772e+05
9.338468515855321893e+05
9.366344690164593048e+05
9.384621231581644388e+05
9.409893018907558871e+05
9.442012989875639323e+05
9.471587475628020475e+05
