-1.257657077426039177e+04
-1.365373143807847919e+04
-1.472248022333321933e+04
-1.581885261678210190e+04
-1.648037374496385019e+04
-1.916231790640306281e+04
-2.026251243161578896e+04
-2.142363354366348358e+04
-2.250079420747886252e+04
-2.356954299273464130e+04
-2.466591538618509730e+04
-2.532743651436658547e+04
-2.800938067580549614e+04
-2.910957520101632690e+04
-3.027069631306482552e+04
-3.134785697688370055e+04
-3.241660576213780587e+04
-3.351297815558814909e+04
-3.417449928376905154e+04
-3.685644344520806044e+04
-3.795663797041859652e+04
-3.911775908246763720e+04
-4.019491974628395110e+04
-4.126366853153734701e+04
-4.236004092498875252e+04
-4.302156205317146669e+04
-4.570350621460696857e+04
-4.680370073981926544e+04
-4.796482185186885181e+04
-4.904198251568447449e+04
-5.011073130094064254e+04
-5.120710369439057831e+04
-5.186862482257158990e+04
-5.455056898401016952e+04
-5.565076350922301208e+04
-5.681188462127220555e+04
-5.788904528508866497e+04
-5.895779407034314499e+04
-6.005416646379254234e+04
-6.071568759197386680e+04
-6.339763175341208989e+04
-6.449782627862355002e+04
-6.565894739067342016e+04
-6.673610805448904284e+04
-6.780485683974645508e+04
-6.890122923319450638e+04
-6.956275036137647112e+04
-7.224469452281515987e+04
-7.334488904802668549e+04
-7.450601016007475846e+04
-7.558317082389158895e+04
-7.665191960914585798e+04
-7.774829200259497156e+04
-7.840981313077639788e+04
-8.109175729221822985e+04
-8.219195181742880959e+04
-8.335307292947583483e+04
-8.443023359329426603e+04
-8.549898237854901527e+04
-8.659535477200041350e+04
