4.714458264106166549e+06
4.724401475113217719e+06
4.737368926450086758e+06
4.750666443824202754e+06
4.763131772811100818e+06
4.766600004114157520e+06
4.769931007108312100e+06
4.791526841552771628e+06
4.801470052559852600e+06
4.814437503896725364e+06
4.827735021270854399e+06
4.840200350257736631e+06
4.843668581560810097e+06
4.846999584554940462e+06
4.868595418999404646e+06
4.878538630006480031e+06
4.891506081343350001e+06
4.904803598717475310e+06
4.917268927704380825e+06
4.920737159007447772e+06
4.924068162001579069e+06
4.945663996446040459e+06
4.955607207453104667e+06
4.968574658789975569e+06
4.981872176164112985e+06
4.994337505151001737e+06
4.997805736454059370e+06
5.001136739448199980e+06
5.022732573892674409e+06
5.032675784899733961e+06
5.045643236236602068e+06
5.058940753610734828e+06
5.071406082597623579e+06
5.074874313900670037e+06
5.078205316894825548e+06
5.099801151339307427e+06
5.109744362346363254e+06
5.122711813683240674e+06
5.136009331057385541e+06
5.148474660044279881e+06
5.151942891347307712e+06
5.155273894341453910e+06
5.176869728785913438e+06
5.186812939792992547e+06
5.199780391129855067e+06
5.213077908503984101e+06
5.225543237490885891e+06
5.229011468793918379e+06
5.232342471788089722e+06
5.253938306232547387e+06
5.263881517239619978e+06
5.276848968576493673e+06
5.290146485950619914e+06
5.302611814937522635e+06
5.306080046240544878e+06
5.309411049234714359e+06
5.331006883679182269e+06
5.340950094686257653e+06
5.353917546023134142e+06
5.367215063397258520e+06
