0.000000000000000000e+00
0.000000000000000000e+00
0.000000000000000000e+00
0.000000000000000000e+00
0.000000000000000000e+00
0.000000000000000000e+00
0.000000000000000000e+00
0.000000000000000000e+00
0.000000000000000000e+00
0.000000000000000000e+00
0.000000000000000000e+00
0.000000000000000000e+00
0.000000000000000000e+00
0.000000000000000000e+00
0.000000000000000000e+00
0.000000000000000000e+00
0.000000000000000000e+00
0.000000000000000000e+00
0.000000000000000000e+00
0.000000000000000000e+00
0.000000000000000000e+00
0.000000000000000000e+00
0.000000000000000000e+00
0.000000000000000000e+00
0.000000000000000000e+00
0.000000000000000000e+00
0.000000000000000000e+00
0.000000000000000000e+00
0.000000000000000000e+00
0.000000000000000000e+00
0.000000000000000000e+00
0.000000000000000000e+00
0.000000000000000000e+00
0.000000000000000000e+00
0.000000000000000000e+00
0.000000000000000000e+00
0.000000000000000000e+00
0.000000000000000000e+00
0.000000000000000000e+00
0.000000000000000000e+00
0.000000000000000000e+00
0.000000000000000000e+00
0.000000000000000000e+00
0.000000000000000000e+00
0.000000000000000000e+00
0.000000000000000000e+00
0.000000000000000000e+00
0.000000000000000000e+00
0.000000000000000000e+00
0.000000000000000000e+00
0.000000000000000000e+00
0.000000000000000000e+00
0.000000000000000000e+00
0.000000000000000000e+00
0.000000000000000000e+00
0.000000000000000000e+00
0.000000000000000000e+00
0.000000000000000000e+00
0.000000000000000000e+00
0.000000000000000000e+00
0.000000000000000000e+00
0.000000000000000000e+00
0.000000000000000000e+00
0.000000000000000000e+00
0.000000000000000000e+00
0.000000000000000000e+00
0.000000000000000000e+00
0.000000000000000000e+00
0.000000000000000000e+00
0.000000000000000000e+00
0.000000000000000000e+00
0.000000000000000000e+00
0.000000000000000000e+00
0.000000000000000000e+00
0.000000000000000000e+00
1.000000000000000000e+00
1.000000000000000000e+00
1.000000000000000000e+00
1.000000000000000000e+00
1.000000000000000000e+00
1.000000000000000000e+00
1.000000000000000000e+00
1.000000000000000000e+00
1.000000000000000000e+00
1.000000000000000000e+00
1.000000000000000000e+00
1.000000000000000000e+00
1.000000000000000000e+00
1.000000000000000000e+00
1.000000000000000000e+00
1.000000000000000000e+00
1.000000000000000000e+00
1.000000000000000000e+00
1.000000000000000000e+00
1.000000000000000000e+00
1.000000000000000000e+00
1.000000000000000000e+00
2.000000000000000000e+00
2.000000000000000000e+00
4.000000000000000000e+00
1.800000000000000000e+01
1.800000000000000000e+01
3.300000000000000000e+01
3.700000000000000000e+01
3.700000000000000000e+01
3.800000000000000000e+01
3.800000000000000000e+01
4.400000000000000000e+01
5.600000000000000000e+01
5.600000000000000000e+01
5.800000000000000000e+01
5.800000000000000000e+01
6.100000000000000000e+01
6.700000000000000000e+01
6.700000000000000000e+01
8.400000000000000000e+01
8.400000000000000000e+01
8.500000000000000000e+01
8.500000000000000000e+01
8.500000000000000000e+01
9.500000000000000000e+01
9.500000000000000000e+01
1.420000000000000000e+02
1.550000000000000000e+02
1.550000000000000000e+02
1.550000000000000000e+02
1.550000000000000000e+02
1.550000000000000000e+02
1.550000000000000000e+02
1.670000000000000000e+02
1.930000000000000000e+02
1.930000000000000000e+02
2.370000000000000000e+02
2.380000000000000000e+02
2.390000000000000000e+02
2.390000000000000000e+02
2.400000000000000000e+02
2.400000000000000000e+02
2.660000000000000000e+02
2.700000000000000000e+02
2.940000000000000000e+02
2.940000000000000000e+02
2.940000000000000000e+02
2.940000000000000000e+02
3.010000000000000000e+02
3.400000000000000000e+02
3.540000000000000000e+02
3.770000000000000000e+02
3.770000000000000000e+02
3.770000000000000000e+02
3.770000000000000000e+02
4.130000000000000000e+02
4.190000000000000000e+02
4.260000000000000000e+02
4.790000000000000000e+02
5.620000000000000000e+02
5.680000000000000000e+02
5.680000000000000000e+02
5.700000000000000000e+02
6.080000000000000000e+02
6.290000000000000000e+02
6.290000000000000000e+02
6.290000000000000000e+02
6.290000000000000000e+02
6.540000000000000000e+02
6.550000000000000000e+02
7.220000000000000000e+02
7.240000000000000000e+02
7.300000000000000000e+02
7.300000000000000000e+02
7.300000000000000000e+02
7.480000000000000000e+02
7.480000000000000000e+02
7.480000000000000000e+02
7.720000000000000000e+02
8.500000000000000000e+02
9.020000000000000000e+02
9.020000000000000000e+02
9.130000000000000000e+02
9.730000000000000000e+02
1.063000000000000000e+03
1.100000000000000000e+03
1.132000000000000000e+03
1.150000000000000000e+03
1.216000000000000000e+03
1.363000000000000000e+03
1.447000000000000000e+03
1.550000000000000000e+03
1.616000000000000000e+03
1.694000000000000000e+03
1.694000000000000000e+03
1.824000000000000000e+03
1.837000000000000000e+03
1.860000000000000000e+03
1.911000000000000000e+03
1.930000000000000000e+03
1.955000000000000000e+03
2.010000000000000000e+03
2.042000000000000000e+03
2.073000000000000000e+03
2.086000000000000000e+03
2.128000000000000000e+03
2.148000000000000000e+03
2.172000000000000000e+03
2.232000000000000000e+03
2.254000000000000000e+03
2.302000000000000000e+03
2.317000000000000000e+03
2.336000000000000000e+03
2.390000000000000000e+03
2.442000000000000000e+03
2.462000000000000000e+03
2.498000000000000000e+03
2.538000000000000000e+03
2.540000000000000000e+03
2.599000000000000000e+03
2.673000000000000000e+03
2.713000000000000000e+03
2.749000000000000000e+03
2.807000000000000000e+03
2.855000000000000000e+03
2.867000000000000000e+03
2.916000000000000000e+03
3.423000000000000000e+03
3.460000000000000000e+03
3.502000000000000000e+03
3.562000000000000000e+03
3.611000000000000000e+03
3.628000000000000000e+03
3.790000000000000000e+03
3.851000000000000000e+03
3.915000000000000000e+03
3.993000000000000000e+03
4.076000000000000000e+03
4.104000000000000000e+03
4.119000000000000000e+03
4.240000000000000000e+03
4.294000000000000000e+03
4.430000000000000000e+03
4.465000000000000000e+03
4.548000000000000000e+03
4.581000000000000000e+03
4.599000000000000000e+03
4.674000000000000000e+03
4.742000000000000000e+03
4.837000000000000000e+03
4.917000000000000000e+03
4.982000000000000000e+03
5.018000000000000000e+03
5.031000000000000000e+03
5.134000000000000000e+03
5.228000000000000000e+03
5.277000000000000000e+03
5.338000000000000000e+03
5.399000000000000000e+03
5.409000000000000000e+03
5.416000000000000000e+03
5.524000000000000000e+03
5.632000000000000000e+03
5.684000000000000000e+03
5.821000000000000000e+03
5.932000000000000000e+03
5.970000000000000000e+03
5.981000000000000000e+03
6.075000000000000000e+03
6.210000000000000000e+03
6.270000000000000000e+03
6.348000000000000000e+03
6.425000000000000000e+03
6.473000000000000000e+03
6.526000000000000000e+03
6.620000000000000000e+03
6.792000000000000000e+03
6.835000000000000000e+03
6.940000000000000000e+03
7.034000000000000000e+03
7.234000000000000000e+03
7.285000000000000000e+03
7.455000000000000000e+03
7.599000000000000000e+03
7.701000000000000000e+03
7.796000000000000000e+03
7.913000000000000000e+03
7.981000000000000000e+03
8.012000000000000000e+03
8.110000000000000000e+03
8.155000000000000000e+03
8.220000000000000000e+03
8.289000000000000000e+03
8.363000000000000000e+03
8.431000000000000000e+03
8.465000000000000000e+03
8.717000000000000000e+03
8.738000000000000000e+03
8.829000000000000000e+03
9.004000000000000000e+03
9.076000000000000000e+03
9.148000000000000000e+03
9.220000000000000000e+03
9.386000000000000000e+03
9.438000000000000000e+03
9.484000000000000000e+03
9.557000000000000000e+03
9.626000000000000000e+03
9.649000000000000000e+03
9.730000000000000000e+03
9.791000000000000000e+03
9.833000000000000000e+03
9.900000000000000000e+03
9.956000000000000000e+03
1.008800000000000000e+04
1.016100000000000000e+04
1.022900000000000000e+04
1.032900000000000000e+04
1.036600000000000000e+04
1.042200000000000000e+04
1.045400000000000000e+04
1.049600000000000000e+04
1.054100000000000000e+04
1.059600000000000000e+04
1.067600000000000000e+04
1.071200000000000000e+04
1.076000000000000000e+04
1.083600000000000000e+04
1.089400000000000000e+04
1.092200000000000000e+04
1.096200000000000000e+04
1.103600000000000000e+04
1.105500000000000000e+04
1.110600000000000000e+04
1.113700000000000000e+04
1.116400000000000000e+04
1.121500000000000000e+04
1.124800000000000000e+04
1.127000000000000000e+04
1.127500000000000000e+04
1.131100000000000000e+04
1.136600000000000000e+04
1.138100000000000000e+04
1.142600000000000000e+04
1.144700000000000000e+04
1.149900000000000000e+04
1.150400000000000000e+04
1.153000000000000000e+04
1.155900000000000000e+04
1.156900000000000000e+04
1.157800000000000000e+04
1.158000000000000000e+04
1.159700000000000000e+04
1.160800000000000000e+04
1.163300000000000000e+04
1.166500000000000000e+04
1.169100000000000000e+04
1.173100000000000000e+04
1.173300000000000000e+04
1.179300000000000000e+04
1.181500000000000000e+04
1.190000000000000000e+04
1.198900000000000000e+04
1.205400000000000000e+04
1.213400000000000000e+04
1.221900000000000000e+04
1.228700000000000000e+04
1.231900000000000000e+04
1.240000000000000000e+04
1.251700000000000000e+04
1.259000000000000000e+04
1.264600000000000000e+04
1.271000000000000000e+04
1.275100000000000000e+04
1.284100000000000000e+04
1.290800000000000000e+04
1.298100000000000000e+04
1.303800000000000000e+04
1.310300000000000000e+04
1.314400000000000000e+04
1.325100000000000000e+04
1.333500000000000000e+04
1.340100000000000000e+04
1.351300000000000000e+04
1.362200000000000000e+04
1.368400000000000000e+04
1.372300000000000000e+04
1.385100000000000000e+04
1.390100000000000000e+04
1.398300000000000000e+04
1.408400000000000000e+04
1.413400000000000000e+04
1.416400000000000000e+04
1.419800000000000000e+04
1.424000000000000000e+04
1.428200000000000000e+04
1.433800000000000000e+04
1.439300000000000000e+04
1.447000000000000000e+04
1.449800000000000000e+04
1.453800000000000000e+04
1.458100000000000000e+04
1.460800000000000000e+04
1.463800000000000000e+04
1.469400000000000000e+04
1.475400000000000000e+04
1.478400000000000000e+04
1.481400000000000000e+04
1.487500000000000000e+04
1.489800000000000000e+04
1.492100000000000000e+04
1.495900000000000000e+04
1.500700000000000000e+04
1.502200000000000000e+04
1.504000000000000000e+04
1.513300000000000000e+04
1.515900000000000000e+04
1.523600000000000000e+04
1.527500000000000000e+04
1.534400000000000000e+04
1.540100000000000000e+04
1.545200000000000000e+04
1.551100000000000000e+04
1.554900000000000000e+04
1.559900000000000000e+04
1.564600000000000000e+04
1.569900000000000000e+04
1.573200000000000000e+04
1.575200000000000000e+04
1.580400000000000000e+04
1.584500000000000000e+04
1.588900000000000000e+04
1.593600000000000000e+04
1.601100000000000000e+04
1.605000000000000000e+04
1.607500000000000000e+04
1.616000000000000000e+04
1.619100000000000000e+04
1.627700000000000000e+04
1.634000000000000000e+04
1.639800000000000000e+04
1.644300000000000000e+04
1.648000000000000000e+04
1.658700000000000000e+04
1.667000000000000000e+04
1.681100000000000000e+04
1.692500000000000000e+04
1.707700000000000000e+04
1.707700000000000000e+04
1.719700000000000000e+04
1.739900000000000000e+04
1.748700000000000000e+04
1.764500000000000000e+04
1.780200000000000000e+04
1.787000000000000000e+04
1.787000000000000000e+04
1.804100000000000000e+04
1.819100000000000000e+04
1.835000000000000000e+04
1.850000000000000000e+04
1.868900000000000000e+04
1.895900000000000000e+04
1.910900000000000000e+04
1.920400000000000000e+04
1.952500000000000000e+04
1.971500000000000000e+04
1.995800000000000000e+04
2.025700000000000000e+04
2.056500000000000000e+04
2.071100000000000000e+04
2.089900000000000000e+04
2.124900000000000000e+04
2.146900000000000000e+04
2.176300000000000000e+04
2.210500000000000000e+04
2.232300000000000000e+04
2.271800000000000000e+04
2.303700000000000000e+04
2.340200000000000000e+04
2.369200000000000000e+04
2.392500000000000000e+04
2.428900000000000000e+04
2.454600000000000000e+04
2.468300000000000000e+04
2.502300000000000000e+04
2.543200000000000000e+04
2.558100000000000000e+04
2.581600000000000000e+04
2.611600000000000000e+04
2.645600000000000000e+04
2.665700000000000000e+04
2.684200000000000000e+04
2.718900000000000000e+04
2.739800000000000000e+04
2.764400000000000000e+04
2.791400000000000000e+04
2.816300000000000000e+04
2.832000000000000000e+04
2.842800000000000000e+04
2.871000000000000000e+04
2.880400000000000000e+04
2.894400000000000000e+04
2.912500000000000000e+04
2.932100000000000000e+04
2.943200000000000000e+04
2.964700000000000000e+04
2.982600000000000000e+04
2.990800000000000000e+04
3.004200000000000000e+04
3.014300000000000000e+04
3.023100000000000000e+04
3.031600000000000000e+04
3.031600000000000000e+04
3.054200000000000000e+04
3.059000000000000000e+04
3.071100000000000000e+04
3.079600000000000000e+04
3.090700000000000000e+04
3.094300000000000000e+04
3.098800000000000000e+04
3.109100000000000000e+04
3.113800000000000000e+04
3.120200000000000000e+04
3.127600000000000000e+04
3.134800000000000000e+04
3.137100000000000000e+04
3.141600000000000000e+04
3.153000000000000000e+04
3.156500000000000000e+04
3.156500000000000000e+04
3.169200000000000000e+04
3.175700000000000000e+04
3.181500000000000000e+04
3.184200000000000000e+04
3.190600000000000000e+04
3.193100000000000000e+04
3.196200000000000000e+04
3.200800000000000000e+04
3.208500000000000000e+04
3.214100000000000000e+04
3.217900000000000000e+04
3.223600000000000000e+04
3.225800000000000000e+04
3.227600000000000000e+04
3.231000000000000000e+04
3.237100000000000000e+04
3.242100000000000000e+04
3.245500000000000000e+04
3.249600000000000000e+04
3.252500000000000000e+04
3.257000000000000000e+04
3.261700000000000000e+04
3.261700000000000000e+04
3.269900000000000000e+04
3.273900000000000000e+04
3.280800000000000000e+04
3.283500000000000000e+04
3.287900000000000000e+04
3.293500000000000000e+04
3.297600000000000000e+04
3.301100000000000000e+04
3.303600000000000000e+04
3.306800000000000000e+04
3.312800000000000000e+04
3.317300000000000000e+04
0.000000000000000000e+00
0.000000000000000000e+00
0.000000000000000000e+00
0.000000000000000000e+00
0.000000000000000000e+00
0.000000000000000000e+00
0.000000000000000000e+00
0.000000000000000000e+00
0.000000000000000000e+00
0.000000000000000000e+00
0.000000000000000000e+00
0.000000000000000000e+00
0.000000000000000000e+00
0.000000000000000000e+00
0.000000000000000000e+00
0.000000000000000000e+00
0.000000000000000000e+00
0.000000000000000000e+00
0.000000000000000000e+00
0.000000000000000000e+00
0.000000000000000000e+00
0.000000000000000000e+00
0.000000000000000000e+00
0.000000000000000000e+00
0.000000000000000000e+00
0.000000000000000000e+00
0.000000000000000000e+00
0.000000000000000000e+00
0.000000000000000000e+00
0.000000000000000000e+00
0.000000000000000000e+00
0.000000000000000000e+00
0.000000000000000000e+00
0.000000000000000000e+00
0.000000000000000000e+00
0.000000000000000000e+00
0.000000000000000000e+00
0.000000000000000000e+00
0.000000000000000000e+00
0.000000000000000000e+00
0.000000000000000000e+00
0.000000000000000000e+00
0.000000000000000000e+00
0.000000000000000000e+00
0.000000000000000000e+00
0.000000000000000000e+00
0.000000000000000000e+00
0.000000000000000000e+00
0.000000000000000000e+00
0.000000000000000000e+00
0.000000000000000000e+00
0.000000000000000000e+00
0.000000000000000000e+00
0.000000000000000000e+00
0.000000000000000000e+00
0.000000000000000000e+00
0.000000000000000000e+00
0.000000000000000000e+00
0.000000000000000000e+00
0.000000000000000000e+00
0.000000000000000000e+00
0.000000000000000000e+00
0.000000000000000000e+00
0.000000000000000000e+00
0.000000000000000000e+00
0.000000000000000000e+00
0.000000000000000000e+00
0.000000000000000000e+00
0.000000000000000000e+00
0.000000000000000000e+00
0.000000000000000000e+00
0.000000000000000000e+00
0.000000000000000000e+00
0.000000000000000000e+00
0.000000000000000000e+00
0.000000000000000000e+00
0.000000000000000000e+00
0.000000000000000000e+00
0.000000000000000000e+00
0.000000000000000000e+00
0.000000000000000000e+00
0.000000000000000000e+00
0.000000000000000000e+00
0.000000000000000000e+00
0.000000000000000000e+00
0.000000000000000000e+00
0.000000000000000000e+00
0.000000000000000000e+00
0.000000000000000000e+00
0.000000000000000000e+00
0.000000000000000000e+00
0.000000000000000000e+00
0.000000000000000000e+00
0.000000000000000000e+00
0.000000000000000000e+00
0.000000000000000000e+00
0.000000000000000000e+00
0.000000000000000000e+00
0.000000000000000000e+00
0.000000000000000000e+00
0.000000000000000000e+00
0.000000000000000000e+00
0.000000000000000000e+00
0.000000000000000000e+00
0.000000000000000000e+00
0.000000000000000000e+00
0.000000000000000000e+00
0.000000000000000000e+00
0.000000000000000000e+00
0.000000000000000000e+00
0.000000000000000000e+00
0.000000000000000000e+00
0.000000000000000000e+00
0.000000000000000000e+00
0.000000000000000000e+00
0.000000000000000000e+00
0.000000000000000000e+00
0.000000000000000000e+00
0.000000000000000000e+00
0.000000000000000000e+00
0.000000000000000000e+00
0.000000000000000000e+00
0.000000000000000000e+00
0.000000000000000000e+00
0.000000000000000000e+00
0.000000000000000000e+00
0.000000000000000000e+00
0.000000000000000000e+00
0.000000000000000000e+00
0.000000000000000000e+00
0.000000000000000000e+00
0.000000000000000000e+00
0.000000000000000000e+00
0.000000000000000000e+00
0.000000000000000000e+00
0.000000000000000000e+00
0.000000000000000000e+00
0.000000000000000000e+00
0.000000000000000000e+00
0.000000000000000000e+00
0.000000000000000000e+00
0.000000000000000000e+00
0.000000000000000000e+00
0.000000000000000000e+00
0.000000000000000000e+00
0.000000000000000000e+00
0.000000000000000000e+00
0.000000000000000000e+00
0.000000000000000000e+00
0.000000000000000000e+00
0.000000000000000000e+00
0.000000000000000000e+00
0.000000000000000000e+00
0.000000000000000000e+00
0.000000000000000000e+00
0.000000000000000000e+00
0.000000000000000000e+00
0.000000000000000000e+00
0.000000000000000000e+00
0.000000000000000000e+00
0.000000000000000000e+00
0.000000000000000000e+00
0.000000000000000000e+00
0.000000000000000000e+00
0.000000000000000000e+00
0.000000000000000000e+00
0.000000000000000000e+00
0.000000000000000000e+00
0.000000000000000000e+00
0.000000000000000000e+00
0.000000000000000000e+00
0.000000000000000000e+00
0.000000000000000000e+00
0.000000000000000000e+00
0.000000000000000000e+00
0.000000000000000000e+00
0.000000000000000000e+00
0.000000000000000000e+00
0.000000000000000000e+00
0.000000000000000000e+00
0.000000000000000000e+00
0.000000000000000000e+00
0.000000000000000000e+00
0.000000000000000000e+00
0.000000000000000000e+00
0.000000000000000000e+00
0.000000000000000000e+00
0.000000000000000000e+00
0.000000000000000000e+00
0.000000000000000000e+00
0.000000000000000000e+00
0.000000000000000000e+00
0.000000000000000000e+00
0.000000000000000000e+00
0.000000000000000000e+00
0.000000000000000000e+00
0.000000000000000000e+00
0.000000000000000000e+00
0.000000000000000000e+00
0.000000000000000000e+00
0.000000000000000000e+00
0.000000000000000000e+00
0.000000000000000000e+00
0.000000000000000000e+00
0.000000000000000000e+00
0.000000000000000000e+00
0.000000000000000000e+00
0.000000000000000000e+00
0.000000000000000000e+00
0.000000000000000000e+00
0.000000000000000000e+00
0.000000000000000000e+00
0.000000000000000000e+00
0.000000000000000000e+00
0.000000000000000000e+00
0.000000000000000000e+00
0.000000000000000000e+00
0.000000000000000000e+00
0.000000000000000000e+00
0.000000000000000000e+00
0.000000000000000000e+00
0.000000000000000000e+00
0.000000000000000000e+00
0.000000000000000000e+00
0.000000000000000000e+00
0.000000000000000000e+00
0.000000000000000000e+00
0.000000000000000000e+00
0.000000000000000000e+00
0.000000000000000000e+00
0.000000000000000000e+00
0.000000000000000000e+00
0.000000000000000000e+00
0.000000000000000000e+00
0.000000000000000000e+00
0.000000000000000000e+00
0.000000000000000000e+00
0.000000000000000000e+00
0.000000000000000000e+00
0.000000000000000000e+00
0.000000000000000000e+00
0.000000000000000000e+00
0.000000000000000000e+00
0.000000000000000000e+00
0.000000000000000000e+00
0.000000000000000000e+00
0.000000000000000000e+00
0.000000000000000000e+00
0.000000000000000000e+00
0.000000000000000000e+00
0.000000000000000000e+00
0.000000000000000000e+00
0.000000000000000000e+00
0.000000000000000000e+00
0.000000000000000000e+00
0.000000000000000000e+00
0.000000000000000000e+00
0.000000000000000000e+00
0.000000000000000000e+00
0.000000000000000000e+00
0.000000000000000000e+00
0.000000000000000000e+00
0.000000000000000000e+00
0.000000000000000000e+00
0.000000000000000000e+00
0.000000000000000000e+00
0.000000000000000000e+00
0.000000000000000000e+00
0.000000000000000000e+00
0.000000000000000000e+00
0.000000000000000000e+00
0.000000000000000000e+00
0.000000000000000000e+00
0.000000000000000000e+00
0.000000000000000000e+00
0.000000000000000000e+00
0.000000000000000000e+00
0.000000000000000000e+00
0.000000000000000000e+00
0.000000000000000000e+00
0.000000000000000000e+00
0.000000000000000000e+00
0.000000000000000000e+00
0.000000000000000000e+00
0.000000000000000000e+00
0.000000000000000000e+00
0.000000000000000000e+00
0.000000000000000000e+00
0.000000000000000000e+00
0.000000000000000000e+00
0.000000000000000000e+00
0.000000000000000000e+00
0.000000000000000000e+00
0.000000000000000000e+00
0.000000000000000000e+00
0.000000000000000000e+00
0.000000000000000000e+00
0.000000000000000000e+00
0.000000000000000000e+00
0.000000000000000000e+00
0.000000000000000000e+00
0.000000000000000000e+00
0.000000000000000000e+00
0.000000000000000000e+00
0.000000000000000000e+00
0.000000000000000000e+00
0.000000000000000000e+00
0.000000000000000000e+00
0.000000000000000000e+00
0.000000000000000000e+00
0.000000000000000000e+00
0.000000000000000000e+00
0.000000000000000000e+00
0.000000000000000000e+00
0.000000000000000000e+00
0.000000000000000000e+00
0.000000000000000000e+00
0.000000000000000000e+00
0.000000000000000000e+00
0.000000000000000000e+00
0.000000000000000000e+00
0.000000000000000000e+00
0.000000000000000000e+00
0.000000000000000000e+00
0.000000000000000000e+00
0.000000000000000000e+00
0.000000000000000000e+00
0.000000000000000000e+00
0.000000000000000000e+00
0.000000000000000000e+00
0.000000000000000000e+00
0.000000000000000000e+00
0.000000000000000000e+00
0.000000000000000000e+00
0.000000000000000000e+00
0.000000000000000000e+00
0.000000000000000000e+00
0.000000000000000000e+00
0.000000000000000000e+00
0.000000000000000000e+00
0.000000000000000000e+00
0.000000000000000000e+00
0.000000000000000000e+00
0.000000000000000000e+00
0.000000000000000000e+00
0.000000000000000000e+00
0.000000000000000000e+00
0.000000000000000000e+00
0.000000000000000000e+00
0.000000000000000000e+00
0.000000000000000000e+00
0.000000000000000000e+00
0.000000000000000000e+00
0.000000000000000000e+00
0.000000000000000000e+00
0.000000000000000000e+00
0.000000000000000000e+00
0.000000000000000000e+00
0.000000000000000000e+00
0.000000000000000000e+00
0.000000000000000000e+00
0.000000000000000000e+00
0.000000000000000000e+00
0.000000000000000000e+00
0.000000000000000000e+00
0.000000000000000000e+00
0.000000000000000000e+00
0.000000000000000000e+00
0.000000000000000000e+00
0.000000000000000000e+00
0.000000000000000000e+00
0.000000000000000000e+00
0.000000000000000000e+00
0.000000000000000000e+00
0.000000000000000000e+00
0.000000000000000000e+00
0.000000000000000000e+00
0.000000000000000000e+00
0.000000000000000000e+00
0.000000000000000000e+00
0.000000000000000000e+00
0.000000000000000000e+00
0.000000000000000000e+00
0.000000000000000000e+00
0.000000000000000000e+00
0.000000000000000000e+00
0.000000000000000000e+00
0.000000000000000000e+00
0.000000000000000000e+00
0.000000000000000000e+00
0.000000000000000000e+00
0.000000000000000000e+00
0.000000000000000000e+00
0.000000000000000000e+00
0.000000000000000000e+00
0.000000000000000000e+00
0.000000000000000000e+00
0.000000000000000000e+00
0.000000000000000000e+00
0.000000000000000000e+00
0.000000000000000000e+00
0.000000000000000000e+00
0.000000000000000000e+00
0.000000000000000000e+00
0.000000000000000000e+00
0.000000000000000000e+00
0.000000000000000000e+00
0.000000000000000000e+00
0.000000000000000000e+00
0.000000000000000000e+00
0.000000000000000000e+00
0.000000000000000000e+00
0.000000000000000000e+00
0.000000000000000000e+00
0.000000000000000000e+00
0.000000000000000000e+00
0.000000000000000000e+00
0.000000000000000000e+00
0.000000000000000000e+00
0.000000000000000000e+00
0.000000000000000000e+00
0.000000000000000000e+00
0.000000000000000000e+00
0.000000000000000000e+00
0.000000000000000000e+00
0.000000000000000000e+00
0.000000000000000000e+00
0.000000000000000000e+00
0.000000000000000000e+00
0.000000000000000000e+00
0.000000000000000000e+00
0.000000000000000000e+00
0.000000000000000000e+00
0.000000000000000000e+00
0.000000000000000000e+00
0.000000000000000000e+00
0.000000000000000000e+00
0.000000000000000000e+00
0.000000000000000000e+00
0.000000000000000000e+00
0.000000000000000000e+00
0.000000000000000000e+00
0.000000000000000000e+00
0.000000000000000000e+00
0.000000000000000000e+00
0.000000000000000000e+00
0.000000000000000000e+00
0.000000000000000000e+00
0.000000000000000000e+00
0.000000000000000000e+00
0.000000000000000000e+00
0.000000000000000000e+00
0.000000000000000000e+00
0.000000000000000000e+00
0.000000000000000000e+00
0.000000000000000000e+00
0.000000000000000000e+00
0.000000000000000000e+00
0.000000000000000000e+00
0.000000000000000000e+00
0.000000000000000000e+00
