-1.590279229182209519e+02
-1.239314773083359711e+02
-1.502014218174105622e+02
-1.481798737007505338e+02
-4.997374032513418456e+02
-1.461388954631850368e+02
-1.611123637000911799e+02
-1.666060162338628743e+02
-1.315095706249778402e+02
-1.577795151337215316e+02
-1.557579670160381795e+02
-5.073154965675411177e+02
-1.537169887796466128e+02
-1.686904570167412203e+02
-1.741841095506846102e+02
-1.390876639413435214e+02
-1.653576084500326431e+02
-1.633360603323194766e+02
-5.148935898836225533e+02
-1.612950820953456628e+02
-1.762685503327630272e+02
-1.817622028663266747e+02
-1.466657572579853763e+02
-1.729357017663436977e+02
-1.709141536488760380e+02
-5.224716831998218822e+02
-1.688731754123624285e+02
-1.838466436487846067e+02
-1.893402961827197259e+02
-1.542438505731777241e+02
-1.805137950820996480e+02
-1.784922469638885332e+02
-5.300497765160210974e+02
-1.764512687284428125e+02
-1.914247369648064421e+02
-1.969183894991124930e+02
-1.618219438898196074e+02
-1.880918883988491928e+02
-1.860703402804449524e+02
-5.376278698321615366e+02
-1.840293620445231682e+02
-1.990028302814496328e+02
-2.044964828151833842e+02
-1.694000372064612066e+02
-1.956699817146052567e+02
-1.936484335967263064e+02
-5.452059631483018620e+02
-1.916074553602219908e+02
-2.065809235968431494e+02
-2.120745761308254487e+02
-1.769781305216537248e+02
-2.032480750309163113e+02
-2.012265269130075183e+02
-5.527840564644960750e+02
-1.991855486766837373e+02
-2.141590169134930477e+02
-2.196526694472185000e+02
-1.845562238382955229e+02
-2.108261683465557610e+02
-2.088046202292888438e+02
