-6.521397551124982783e+01
-5.427395089788555538e+01
-2.916794455424172483e+01
-4.687194769870735911e+01
-4.230547487928357242e+01
-6.576184153614113370e+01
-7.576912357081472749e+01
-8.967360455467381541e+01
-8.032374054549259768e+01
-5.610670811853434259e+01
-7.398657444194263633e+01
-6.889278790592175028e+01
-9.114938593616852813e+01
-9.933432273195526818e+01
-1.108607834412173077e+02
-9.865858841121270473e+01
-7.120783725994050428e+01
-8.557392362600566571e+01
-7.679271626290170616e+01
-9.529640253879391310e+01
-9.976949590947276647e+01
-1.077269692963282921e+02
-9.219270735636963821e+01
-6.173050822118034375e+01
-7.347683571859759866e+01
-6.252417541072509266e+01
-7.934553425430840434e+01
-8.264961427811336137e+01
-8.995863555540705647e+01
-7.428699922843793502e+01
-4.417300370331723514e+01
-5.671278313112082969e+01
-4.694527636144935201e+01
-6.527870933296446765e+01
-7.034805463375056434e+01
-7.959536914813075725e+01
-6.595112080504671326e+01
-3.786863485427139153e+01
-5.236074562448398240e+01
-4.438738077453092501e+01
-6.428448416385133157e+01
-7.062367076825763945e+01
-8.079445274218889494e+01
-6.768709599923407438e+01
-3.972819762577304203e+01
-5.391804249038474239e+01
-4.521845160146526155e+01
-6.398152722416885751e+01
-6.880870022299953348e+01
-7.713194335884847419e+01
-6.189524618779988430e+01
-3.158848853599066331e+01
-4.328282640328724540e+01
-3.201636537540800731e+01
-4.822059415062231835e+01
-5.057705421604334362e+01
-5.659618079903831500e+01
-3.929648082680099463e+01
-7.236251579419537450e+00
-1.754701529236323765e+01
