4.029773357590813134e+02
4.032075271219780461e+02
4.032969911222923542e+02
4.035235148533871552e+02
4.036334001441230726e+02
4.037615609112440893e+02
4.039382833620327347e+02
4.041629693549608646e+02
4.043937971660454309e+02
4.044807008084596305e+02
4.047019644005899863e+02
4.048043162587485995e+02
4.049230128167450289e+02
4.050885904038086096e+02
4.053006054579053057e+02
4.055172974884794712e+02
4.055885757977584944e+02
4.057926261178639038e+02
4.058760213147440368e+02
4.059738255671263119e+02
4.061163692136483974e+02
4.063030138919793330e+02
4.064918412492762627e+02
4.065326651534072084e+02
4.067036624756359515e+02
4.067515055409882052e+02
4.068114846692917581e+02
4.069142971202461467e+02
4.070598213242902261e+02
4.072068091026237653e+02
4.072058954185359312e+02
4.073362205489504504e+02
4.073455478059998427e+02
4.073703654835461521e+02
4.074426498077594943e+02
4.075636084416254334e+02
4.076933380986524185e+02
4.076837968188488617e+02
4.078153869354594576e+02
4.078370330952564018e+02
4.078862452951405544e+02
4.079958450155726268e+02
4.081676752736308913e+02
4.083622293532568506e+02
4.084315998571537421e+02
4.086560450516525975e+02
4.087840576283521727e+02
4.089524263961127417e+02
4.091929693027656185e+02
4.095062586809170284e+02
4.098512732924359057e+02
4.100783783786853860e+02
4.104659300043693406e+02
4.107603879052771276e+02
4.110964262334125010e+02
4.115037193023206896e+02
4.119807217901503691e+02
4.124843764387931060e+02
4.128631488652234225e+02
4.133936841741598300e+02
