0.000000000000000000e+00
0.000000000000000000e+00
0.000000000000000000e+00
0.000000000000000000e+00
0.000000000000000000e+00
0.000000000000000000e+00
0.000000000000000000e+00
0.000000000000000000e+00
0.000000000000000000e+00
0.000000000000000000e+00
0.000000000000000000e+00
0.000000000000000000e+00
0.000000000000000000e+00
0.000000000000000000e+00
0.000000000000000000e+00
0.000000000000000000e+00
0.000000000000000000e+00
0.000000000000000000e+00
0.000000000000000000e+00
0.000000000000000000e+00
0.000000000000000000e+00
0.000000000000000000e+00
0.000000000000000000e+00
0.000000000000000000e+00
0.000000000000000000e+00
0.000000000000000000e+00
0.000000000000000000e+00
0.000000000000000000e+00
0.000000000000000000e+00
0.000000000000000000e+00
0.000000000000000000e+00
0.000000000000000000e+00
0.000000000000000000e+00
0.000000000000000000e+00
0.000000000000000000e+00
0.000000000000000000e+00
0.000000000000000000e+00
0.000000000000000000e+00
0.000000000000000000e+00
0.000000000000000000e+00
0.000000000000000000e+00
0.000000000000000000e+00
0.000000000000000000e+00
0.000000000000000000e+00
0.000000000000000000e+00
0.000000000000000000e+00
0.000000000000000000e+00
0.000000000000000000e+00
0.000000000000000000e+00
1.000000000000000000e+00
0.000000000000000000e+00
1.000000000000000000e+00
0.000000000000000000e+00
0.000000000000000000e+00
0.000000000000000000e+00
1.000000000000000000e+00
0.000000000000000000e+00
1.000000000000000000e+00
1.000000000000000000e+00
-1.000000000000000000e+00
3.000000000000000000e+00
3.000000000000000000e+00
0.000000000000000000e+00
2.000000000000000000e+00
8.000000000000000000e+00
0.000000000000000000e+00
4.000000000000000000e+00
3.000000000000000000e+00
5.000000000000000000e+00
3.000000000000000000e+00
2.300000000000000000e+01
1.400000000000000000e+01
0.000000000000000000e+00
1.400000000000000000e+01
1.300000000000000000e+01
3.700000000000000000e+01
1.400000000000000000e+01
2.800000000000000000e+01
4.800000000000000000e+01
2.000000000000000000e+01
4.200000000000000000e+01
4.300000000000000000e+01
2.700000000000000000e+01
3.500000000000000000e+01
1.200000000000000000e+01
4.300000000000000000e+01
3.800000000000000000e+01
3.500000000000000000e+01
3.800000000000000000e+01
3.300000000000000000e+01
5.300000000000000000e+01
3.600000000000000000e+01
4.000000000000000000e+01
5.900000000000000000e+01
4.500000000000000000e+01
5.600000000000000000e+01
5.800000000000000000e+01
6.900000000000000000e+01
7.100000000000000000e+01
7.500000000000000000e+01
6.900000000000000000e+01
1.000000000000000000e+02
6.800000000000000000e+01
1.750000000000000000e+02
1.270000000000000000e+02
9.200000000000000000e+01
1.040000000000000000e+02
9.600000000000000000e+01
1.160000000000000000e+02
1.110000000000000000e+02
8.200000000000000000e+01
1.210000000000000000e+02
1.360000000000000000e+02
9.800000000000000000e+01
1.040000000000000000e+02
1.180000000000000000e+02
1.540000000000000000e+02
1.310000000000000000e+02
1.460000000000000000e+02
1.320000000000000000e+02
1.500000000000000000e+02
1.420000000000000000e+02
1.420000000000000000e+02
1.560000000000000000e+02
1.480000000000000000e+02
1.720000000000000000e+02
1.900000000000000000e+02
1.770000000000000000e+02
2.690000000000000000e+02
2.050000000000000000e+02
2.230000000000000000e+02
2.000000000000000000e+02
2.210000000000000000e+02
2.590000000000000000e+02
2.750000000000000000e+02
2.860000000000000000e+02
2.970000000000000000e+02
2.610000000000000000e+02
2.660000000000000000e+02
2.770000000000000000e+02
3.520000000000000000e+02
3.960000000000000000e+02
3.860000000000000000e+02
3.110000000000000000e+02
3.250000000000000000e+02
3.800000000000000000e+02
2.003000000000000000e+03
3.340000000000000000e+02
3.360000000000000000e+02
3.750000000000000000e+02
3.060000000000000000e+02
4.450000000000000000e+02
3.120000000000000000e+02
4.650000000000000000e+02
4.180000000000000000e+02
4.070000000000000000e+02
3.840000000000000000e+02
4.100000000000000000e+02
3.800000000000000000e+02
4.180000000000000000e+02
5.070000000000000000e+02
4.340000000000000000e+02
3.790000000000000000e+02
4.420000000000000000e+02
6.130000000000000000e+02
4.250000000000000000e+02
4.660000000000000000e+02
4.830000000000000000e+02
4.870000000000000000e+02
4.750000000000000000e+02
5.190000000000000000e+02
5.500000000000000000e+02
5.010000000000000000e+02
5.530000000000000000e+02
5.820000000000000000e+02
6.050000000000000000e+02
6.880000000000000000e+02
6.710000000000000000e+02
5.430000000000000000e+02
6.810000000000000000e+02
5.850000000000000000e+02
6.500000000000000000e+02
1.129000000000000000e+03
7.400000000000000000e+02
7.570000000000000000e+02
7.020000000000000000e+02
7.110000000000000000e+02
6.370000000000000000e+02
7.850000000000000000e+02
7.620000000000000000e+02
7.630000000000000000e+02
7.930000000000000000e+02
8.530000000000000000e+02
7.710000000000000000e+02
8.030000000000000000e+02
8.570000000000000000e+02
9.040000000000000000e+02
8.860000000000000000e+02
9.330000000000000000e+02
8.610000000000000000e+02
1.007000000000000000e+03
8.710000000000000000e+02
8.340000000000000000e+02
9.420000000000000000e+02
1.007000000000000000e+03
9.960000000000000000e+02
9.440000000000000000e+02
9.410000000000000000e+02
8.760000000000000000e+02
1.091000000000000000e+03
9.780000000000000000e+02
9.830000000000000000e+02
9.450000000000000000e+02
9.120000000000000000e+02
8.360000000000000000e+02
8.480000000000000000e+02
9.670000000000000000e+02
1.115000000000000000e+03
1.057000000000000000e+03
1.021000000000000000e+03
9.480000000000000000e+02
9.710000000000000000e+02
8.190000000000000000e+02
1.045000000000000000e+03
1.043000000000000000e+03
1.096000000000000000e+03
1.089000000000000000e+03
1.065000000000000000e+03
1.016000000000000000e+03
1.133000000000000000e+03
1.115000000000000000e+03
1.172000000000000000e+03
1.209000000000000000e+03
1.201000000000000000e+03
1.114000000000000000e+03
1.136000000000000000e+03
1.054000000000000000e+03
1.290000000000000000e+03
1.132000000000000000e+03
1.174000000000000000e+03
1.247000000000000000e+03
1.133000000000000000e+03
1.130000000000000000e+03
1.053000000000000000e+03
1.085000000000000000e+03
1.129000000000000000e+03
1.141000000000000000e+03
1.089000000000000000e+03
1.124000000000000000e+03
1.039000000000000000e+03
7.760000000000000000e+02
1.179000000000000000e+03
1.181000000000000000e+03
1.095000000000000000e+03
1.069000000000000000e+03
9.400000000000000000e+02
9.030000000000000000e+02
8.840000000000000000e+02
9.860000000000000000e+02
9.710000000000000000e+02
9.640000000000000000e+02
9.260000000000000000e+02
9.180000000000000000e+02
8.160000000000000000e+02
7.060000000000000000e+02
7.300000000000000000e+02
6.800000000000000000e+02
8.950000000000000000e+02
8.370000000000000000e+02
1.033000000000000000e+03
5.790000000000000000e+02
5.870000000000000000e+02
7.170000000000000000e+02
7.020000000000000000e+02
6.900000000000000000e+02
6.500000000000000000e+02
5.780000000000000000e+02
4.800000000000000000e+02
4.880000000000000000e+02
5.080000000000000000e+02
5.170000000000000000e+02
5.630000000000000000e+02
5.510000000000000000e+02
4.700000000000000000e+02
4.960000000000000000e+02
4.900000000000000000e+02
5.140000000000000000e+02
7.040000000000000000e+02
6.700000000000000000e+02
5.770000000000000000e+02
5.590000000000000000e+02
4.900000000000000000e+02
4.480000000000000000e+02
5.120000000000000000e+02
5.500000000000000000e+02
5.470000000000000000e+02
5.200000000000000000e+02
4.470000000000000000e+02
4.350000000000000000e+02
4.490000000000000000e+02
4.740000000000000000e+02
5.850000000000000000e+02
5.840000000000000000e+02
5.640000000000000000e+02
5.010000000000000000e+02
5.110000000000000000e+02
4.800000000000000000e+02
4.810000000000000000e+02
5.240000000000000000e+02
4.920000000000000000e+02
4.850000000000000000e+02
4.960000000000000000e+02
4.430000000000000000e+02
4.820000000000000000e+02
5.010000000000000000e+02
5.260000000000000000e+02
5.400000000000000000e+02
5.120000000000000000e+02
4.820000000000000000e+02
3.910000000000000000e+02
3.850000000000000000e+02
4.020000000000000000e+02
4.120000000000000000e+02
4.130000000000000000e+02
4.430000000000000000e+02
3.910000000000000000e+02
3.360000000000000000e+02
3.540000000000000000e+02
3.870000000000000000e+02
3.550000000000000000e+02
3.380000000000000000e+02
3.470000000000000000e+02
3.410000000000000000e+02
3.330000000000000000e+02
3.010000000000000000e+02
3.330000000000000000e+02
3.120000000000000000e+02
3.360000000000000000e+02
2.510000000000000000e+02
2.790000000000000000e+02
2.790000000000000000e+02
2.520000000000000000e+02
2.860000000000000000e+02
2.990000000000000000e+02
2.560000000000000000e+02
2.240000000000000000e+02
2.170000000000000000e+02
2.140000000000000000e+02
2.010000000000000000e+02
2.640000000000000000e+02
2.220000000000000000e+02
2.340000000000000000e+02
0.000000000000000000e+00
4.290000000000000000e+02
1.610000000000000000e+02
1.670000000000000000e+02
2.020000000000000000e+02
1.980000000000000000e+02
1.910000000000000000e+02
1.750000000000000000e+02
1.810000000000000000e+02
1.450000000000000000e+02
1.370000000000000000e+02
1.620000000000000000e+02
1.510000000000000000e+02
1.630000000000000000e+02
1.520000000000000000e+02
1.550000000000000000e+02
1.310000000000000000e+02
1.170000000000000000e+02
1.370000000000000000e+02
1.230000000000000000e+02
1.630000000000000000e+02
1.370000000000000000e+02
1.270000000000000000e+02
1.180000000000000000e+02
9.400000000000000000e+01
1.100000000000000000e+02
1.070000000000000000e+02
1.200000000000000000e+02
9.500000000000000000e+01
7.800000000000000000e+01
8.400000000000000000e+01
7.800000000000000000e+01
9.400000000000000000e+01
1.080000000000000000e+02
8.700000000000000000e+01
1.030000000000000000e+02
9.200000000000000000e+01
9.000000000000000000e+01
8.100000000000000000e+01
1.000000000000000000e+02
1.010000000000000000e+02
9.700000000000000000e+01
1.010000000000000000e+02
9.000000000000000000e+01
8.300000000000000000e+01
7.800000000000000000e+01
1.040000000000000000e+02
1.380000000000000000e+02
1.200000000000000000e+02
1.130000000000000000e+02
1.130000000000000000e+02
1.060000000000000000e+02
9.100000000000000000e+01
9.800000000000000000e+01
8.900000000000000000e+01
1.130000000000000000e+02
1.080000000000000000e+02
1.000000000000000000e+02
9.700000000000000000e+01
7.700000000000000000e+01
1.330000000000000000e+02
1.260000000000000000e+02
1.170000000000000000e+02
1.400000000000000000e+02
1.610000000000000000e+02
1.180000000000000000e+02
1.310000000000000000e+02
1.880000000000000000e+02
1.720000000000000000e+02
1.540000000000000000e+02
1.880000000000000000e+02
1.970000000000000000e+02
2.120000000000000000e+02
1.990000000000000000e+02
2.750000000000000000e+02
2.510000000000000000e+02
2.570000000000000000e+02
2.910000000000000000e+02
3.120000000000000000e+02
2.910000000000000000e+02
2.710000000000000000e+02
3.540000000000000000e+02
4.590000000000000000e+02
4.690000000000000000e+02
7.140000000000000000e+02
5.130000000000000000e+02
4.780000000000000000e+02
4.460000000000000000e+02
6.300000000000000000e+02
6.850000000000000000e+02
7.800000000000000000e+02
7.940000000000000000e+02
8.390000000000000000e+02
9.040000000000000000e+02
8.790000000000000000e+02
1.027000000000000000e+03
1.038000000000000000e+03
1.185000000000000000e+03
1.341000000000000000e+03
1.501000000000000000e+03
1.619000000000000000e+03
1.761000000000000000e+03
2.023000000000000000e+03
2.104000000000000000e+03
2.263000000000000000e+03
2.624000000000000000e+03
2.767000000000000000e+03
2.812000000000000000e+03
2.771000000000000000e+03
3.293000000000000000e+03
3.645000000000000000e+03
3.498000000000000000e+03
3.523000000000000000e+03
3.689000000000000000e+03
3.417000000000000000e+03
3.449000000000000000e+03
3.780000000000000000e+03
3.980000000000000000e+03
3.915000000000000000e+03
4.187000000000000000e+03
4.077000000000000000e+03
3.769000000000000000e+03
3.876000000000000000e+03
4.205000000000000000e+03
4.120000000000000000e+03
4.000000000000000000e+03
3.890000000000000000e+03
4.077000000000000000e+03
4.106000000000000000e+03
4.329000000000000000e+03
4.529000000000000000e+03
3.874000000000000000e+03
4.209000000000000000e+03
4.194000000000000000e+03
3.741000000000000000e+03
4.454000000000000000e+03
3.511000000000000000e+03
4.157000000000000000e+03
3.847000000000000000e+03
3.660000000000000000e+03
3.617000000000000000e+03
3.460000000000000000e+03
3.128000000000000000e+03
2.795000000000000000e+03
3.207000000000000000e+03
2.887000000000000000e+03
2.713000000000000000e+03
3.380000000000000000e+03
2.677000000000000000e+03
2.427000000000000000e+03
2.123000000000000000e+03
2.219000000000000000e+03
2.177000000000000000e+03
7.374000000000000000e+03
4.002000000000000000e+03
3.303000000000000000e+03
3.921000000000000000e+03
2.726000000000000000e+03
2.542000000000000000e+03
2.330000000000000000e+03
1.587000000000000000e+03
1.647000000000000000e+03
1.571000000000000000e+03
1.427000000000000000e+03
1.167000000000000000e+03
1.358000000000000000e+03
1.321000000000000000e+03
1.329000000000000000e+03
1.183000000000000000e+03
1.258000000000000000e+03
9.790000000000000000e+02
9.070000000000000000e+02
8.170000000000000000e+02
1.005000000000000000e+03
8.530000000000000000e+02
7.380000000000000000e+02
9.550000000000000000e+02
7.230000000000000000e+02
5.530000000000000000e+02
9.300000000000000000e+02
8.170000000000000000e+02
9.110000000000000000e+02
1.206000000000000000e+03
8.950000000000000000e+02
7.240000000000000000e+02
2.020000000000000000e+03
6.220000000000000000e+02
5.830000000000000000e+02
5.420000000000000000e+02
5.600000000000000000e+02
5.180000000000000000e+02
4.990000000000000000e+02
3.740000000000000000e+02
3.998000000000000000e+03
5.070000000000000000e+02
4.830000000000000000e+02
0.000000000000000000e+00
1.081000000000000000e+03
4.160000000000000000e+02
4.150000000000000000e+02
6.400000000000000000e+02
6.400000000000000000e+02
5.550000000000000000e+02
5.930000000000000000e+02
5.410000000000000000e+02
4.220000000000000000e+02
4.220000000000000000e+02
5.620000000000000000e+02
5.330000000000000000e+02
4.640000000000000000e+02
6.170000000000000000e+02
4.910000000000000000e+02
4.470000000000000000e+02
3.730000000000000000e+02
4.970000000000000000e+02
4.900000000000000000e+02
5.850000000000000000e+02
4.780000000000000000e+02
4.930000000000000000e+02
4.170000000000000000e+02
4.370000000000000000e+02
4.400000000000000000e+02
5.300000000000000000e+02
5.400000000000000000e+02
3.750000000000000000e+02
4.030000000000000000e+02
3.890000000000000000e+02
3.540000000000000000e+02
6.480000000000000000e+02
6.070000000000000000e+02
4.960000000000000000e+02
5.090000000000000000e+02
4.600000000000000000e+02
3.800000000000000000e+02
3.500000000000000000e+02
4.600000000000000000e+02
5.090000000000000000e+02
3.660000000000000000e+02
3.300000000000000000e+02
3.080000000000000000e+02
2.190000000000000000e+02
2.900000000000000000e+02
3.690000000000000000e+02
3.380000000000000000e+02
2.600000000000000000e+02
3.080000000000000000e+02
3.380000000000000000e+02
2.190000000000000000e+02
3.390000000000000000e+02
2.840000000000000000e+02
4.310000000000000000e+02
3.200000000000000000e+02
2.810000000000000000e+02
3.090000000000000000e+02
2.950000000000000000e+02
2.520000000000000000e+02
3.830000000000000000e+02
2.820000000000000000e+02
3.180000000000000000e+02
2.900000000000000000e+02
2.600000000000000000e+02
2.760000000000000000e+02
1.790000000000000000e+02
3.780000000000000000e+02
3.110000000000000000e+02
2.770000000000000000e+02
2.340000000000000000e+02
2.440000000000000000e+02
1.800000000000000000e+02
2.630000000000000000e+02
2.780000000000000000e+02
3.180000000000000000e+02
2.710000000000000000e+02
2.480000000000000000e+02
2.140000000000000000e+02
1.930000000000000000e+02
1.810000000000000000e+02
2.260000000000000000e+02
2.460000000000000000e+02
3.790000000000000000e+02
1.660000000000000000e+02
1.440000000000000000e+02
1.660000000000000000e+02
1.640000000000000000e+02
1.970000000000000000e+02
1.600000000000000000e+02
2.310000000000000000e+02
6.660000000000000000e+02
5.610000000000000000e+02
4.430000000000000000e+02
3.560000000000000000e+02
5.850000000000000000e+02
7.330000000000000000e+02
8.050000000000000000e+02
5.490000000000000000e+02
4.460000000000000000e+02
2.510000000000000000e+02
4.430000000000000000e+02
3.110000000000000000e+02
4.610000000000000000e+02
2.210000000000000000e+02
3.920000000000000000e+02
5.260000000000000000e+02
2.660000000000000000e+02
3.320000000000000000e+02
4.600000000000000000e+02
3.400000000000000000e+02
5.010000000000000000e+02
5.550000000000000000e+02
2.850000000000000000e+02
1.060000000000000000e+02
