1.306535986163227335e+03
1.264292813848938522e+03
1.387163730093970571e+03
1.317338701099526361e+03
1.361797082002052775e+03
1.325964649319361570e+03
1.292119672330617277e+03
1.270688963498337898e+03
1.228445791184120708e+03
1.351316707429299413e+03
1.281491678434728101e+03
1.325950059337302037e+03
1.290117626654447804e+03
1.256272649666088682e+03
1.234841940833671742e+03
1.192598768519559599e+03
1.315469684764620524e+03
1.245644655770157669e+03
1.290103036672766621e+03
1.254270603990075188e+03
1.220425627001287012e+03
1.198994918169006496e+03
1.156751745854647879e+03
1.279622662099958006e+03
1.209797633105359637e+03
1.254256014007804197e+03
1.218423581325162104e+03
1.184578604336975104e+03
1.163147895504340340e+03
1.120904723190086543e+03
1.243775639435124731e+03
1.173950610440675064e+03
1.218408991343268781e+03
1.182576558660540286e+03
1.148731581671898539e+03
1.127300872839450903e+03
1.085057700525268729e+03
1.207928616770446069e+03
1.138103587776043469e+03
1.182561968678519634e+03
1.146729535995897095e+03
1.112884559007369944e+03
1.091453850175008256e+03
1.049210677860707165e+03
1.172081594105774911e+03
1.102256565111358896e+03
1.146714946013983763e+03
1.110882513331254358e+03
1.077037536342841349e+03
1.055606827510207268e+03
1.013363655196018044e+03
1.136234571441103753e+03
1.066409542446560636e+03
1.110867923349021112e+03
1.075035490666361966e+03
1.041190513677765239e+03
1.019759804845541112e+03
9.775166325311054152e+02
1.100387548776432595e+03
1.030562519781990204e+03
