-5.560686436705058441e+06
-5.798577958623909391e+06
-6.039390651415064931e+06
-6.297774284217129461e+06
-6.825739427247706801e+06
-7.053818732826342806e+06
-7.271900531902242452e+06
-7.533872958884140477e+06
-7.729814622033092193e+06
-7.911979939326648600e+06
-8.096348976904612035e+06
-8.536647930058646947e+06
-8.665466547388946638e+06
-8.775037976015195251e+06
-8.921820740856107324e+06
-8.998620630854364485e+06
-9.060502572075046599e+06
-9.126264431654389948e+06
-9.452381084216795862e+06
-9.474047252855995670e+06
-9.485886768177045509e+06
-9.546470013459764421e+06
-9.550379211805120111e+06
-9.554073289441661909e+06
-9.577325634804442525e+06
-9.877144140160603449e+06
-9.888802740327350795e+06
-9.906552419839147478e+06
-9.988153399200849235e+06
-1.002696771426281705e+07
-1.007786310895991512e+07
-1.015870039856280945e+07
-1.052431221323432028e+07
-1.060760058854575828e+07
-1.070031940724961646e+07
-1.085768127528314665e+07
-1.097052582113927230e+07
-1.109129808330843225e+07
-1.123560692429056391e+07
-1.165626926583838090e+07
-1.178446566412911378e+07
-1.191057150713581778e+07
-1.208880197309807315e+07
-1.220940661700587906e+07
-1.232466148352320492e+07
-1.245042829813992605e+07
-1.284018653616670892e+07
-1.292616428523076326e+07
-1.300013296101853997e+07
-1.311800515015191399e+07
-1.317197290568702668e+07
-1.321643613214631379e+07
-1.326949257787946984e+07
-1.358689736864661798e+07
-1.360312023600501381e+07
-1.361206777397760563e+07
-1.367161223830929957e+07
-1.367566635258060321e+07
-1.368005572987205908e+07
-1.370396217202636600e+07
