9.089126914457170869e+01
1.001092066092723201e+02
1.078076891075063912e+02
1.168839202329356937e+02
1.309383327426424728e+02
1.420485170286887922e+02
1.262458580924450757e+02
1.094655208055529840e+02
1.211643306515982488e+02
1.309345052294424079e+02
1.416273120066869922e+02
1.568093978549962628e+02
1.685374896282947361e+02
1.528354422794443508e+02
1.356442669132011645e+02
1.464396889398512656e+02
1.548452047472724757e+02
1.637547352084430372e+02
1.767876533346791916e+02
1.860619250725426355e+02
1.676693862332254810e+02
1.476238398135112391e+02
1.554765795840749547e+02
1.609273663052120185e+02
1.669450133987855338e+02
1.772204168081835576e+02
1.839378227608784186e+02
1.632484069163179754e+02
1.412168940521409013e+02
1.474358622440283568e+02
1.516357881750934382e+02
1.568050121030750574e+02
1.666424698354198597e+02
1.733289887151294124e+02
1.530012150854303741e+02
1.316988873595925043e+02
1.389800751574897220e+02
1.445324099716954152e+02
1.512944480276786123e+02
1.629099693151517840e+02
1.715009622274925789e+02
1.531433109454999340e+02
1.338158480798191476e+02
1.430173416497046048e+02
1.503793921839727545e+02
1.587893340534934055e+02
1.718459028812766292e+02
1.816333819233059899e+02
1.641982145792181598e+02
1.454987229176344670e+02
1.550224865665392997e+02
1.623993512470055123e+02
1.705241628426356897e+02
1.830119987576513267e+02
1.919716270777614398e+02
1.734812054022437167e+02
1.535368902017969788e+02
1.616689472841595432e+02
1.675533729901527522e+02
1.741331652311990865e+02
