-1.261983728009354044e-02
-4.069723479418241308e-02
-5.375099704659166977e-02
-4.336269762086558677e-02
-8.172160757612442761e-02
-3.999423259933600899e-02
-2.055771148311976160e-01
-1.063908706286709471e-01
-1.340393595571103547e-01
-1.439049481434735156e-01
-1.275753541658409262e-01
-1.573270799769730388e-01
-1.044944740470444833e-01
-2.567197953512154740e-01
-1.422422928828292743e-01
-1.530502985139274852e-01
-1.449674592906242676e-01
-1.100688132284195070e-01
-1.211519855635870974e-01
-5.009285640386829108e-02
-1.850814212367835609e-01
-5.489622931064400829e-02
-5.204178677328966801e-02
-3.282044478497365969e-02
1.026513443737278597e-02
4.053283593890705250e-03
7.637871034275987847e-02
-6.115408146670160694e-02
6.256201850210531268e-02
5.500432418456854822e-02
5.995105935905163663e-02
8.507898504348368474e-02
5.750226836091720806e-02
1.054229317561639068e-01
-5.910304757507429951e-02
3.555752595877674505e-02
-2.528882588639730367e-03
-2.894509891670912771e-02
-3.534027361439076587e-02
-9.390670668302553148e-02
-7.574573192626601892e-02
-2.681181815735728113e-01
-1.987374999570379608e-01
-2.589294694272797903e-01
-3.037295480295152394e-01
-3.243133072863857436e-01
-3.924849469870584362e-01
-3.790528604688835901e-01
-5.710875260611046889e-01
-4.962196064234278836e-01
-5.458020942948295096e-01
-5.750074450001722015e-01
-5.752551918086481475e-01
-6.186950952491985234e-01
-5.765749384080075535e-01
-7.364884428658619031e-01
-6.266614410122437473e-01
-6.391004453932513929e-01
-6.296748976216947069e-01
-5.905289660229129378e-01
