2.000860205105942313e+01
1.997392586240188805e+01
2.005698123109865350e+01
2.008271257029852563e+01
2.007392427314218253e+01
2.006595055918092996e+01
2.004654557926567193e+01
2.001140236792684846e+01
1.997672617926926719e+01
2.005978154796618895e+01
2.008551288716603267e+01
2.007672459000971088e+01
2.006875087604851515e+01
2.004934589613331752e+01
2.001420268479433773e+01
1.997952649613678133e+01
2.006258186483342953e+01
2.008831320403353971e+01
2.007952490687709002e+01
2.007155119291593337e+01
2.005214621300071087e+01
2.001700300166176305e+01
1.998232681300429192e+01
2.006538218170096144e+01
2.009111352090096503e+01
2.008232522374462192e+01
2.007435150978344396e+01
2.005494652986821791e+01
2.001980331852922390e+01
1.998512712987180606e+01
2.006818249856853242e+01
2.009391383776853246e+01
2.008512554061214317e+01
2.007715182665094389e+01
2.005774684673566455e+01
2.002260363539688726e+01
1.998792744673930954e+01
2.007098281543602880e+01
2.009671415463597199e+01
2.008792585747960047e+01
2.007995214351844027e+01
2.006054716360316803e+01
2.002540395226434455e+01
1.999072776360682369e+01
2.007378313230359268e+01
2.009951447150347903e+01
2.009072617434714658e+01
2.008275246038587625e+01
2.006334748047056138e+01
2.002820426913176632e+01
1.999352808047420638e+01
2.007658344917083681e+01
2.010231478837097896e+01
2.009352649121460388e+01
2.008555277725345789e+01
2.006614779733807197e+01
2.003100458599922362e+01
1.999632839734171696e+01
2.007938376603840425e+01
2.010511510523848600e+01
