0.000000000000000000e+00
0.000000000000000000e+00
0.000000000000000000e+00
0.000000000000000000e+00
0.000000000000000000e+00
0.000000000000000000e+00
0.000000000000000000e+00
0.000000000000000000e+00
0.000000000000000000e+00
0.000000000000000000e+00
0.000000000000000000e+00
0.000000000000000000e+00
0.000000000000000000e+00
0.000000000000000000e+00
0.000000000000000000e+00
0.000000000000000000e+00
0.000000000000000000e+00
0.000000000000000000e+00
0.000000000000000000e+00
0.000000000000000000e+00
0.000000000000000000e+00
0.000000000000000000e+00
0.000000000000000000e+00
0.000000000000000000e+00
0.000000000000000000e+00
0.000000000000000000e+00
0.000000000000000000e+00
0.000000000000000000e+00
0.000000000000000000e+00
0.000000000000000000e+00
0.000000000000000000e+00
0.000000000000000000e+00
0.000000000000000000e+00
0.000000000000000000e+00
0.000000000000000000e+00
0.000000000000000000e+00
0.000000000000000000e+00
0.000000000000000000e+00
0.000000000000000000e+00
0.000000000000000000e+00
0.000000000000000000e+00
0.000000000000000000e+00
0.000000000000000000e+00
0.000000000000000000e+00
0.000000000000000000e+00
0.000000000000000000e+00
0.000000000000000000e+00
0.000000000000000000e+00
0.000000000000000000e+00
0.000000000000000000e+00
0.000000000000000000e+00
0.000000000000000000e+00
0.000000000000000000e+00
0.000000000000000000e+00
0.000000000000000000e+00
0.000000000000000000e+00
0.000000000000000000e+00
0.000000000000000000e+00
0.000000000000000000e+00
0.000000000000000000e+00
0.000000000000000000e+00
0.000000000000000000e+00
0.000000000000000000e+00
0.000000000000000000e+00
0.000000000000000000e+00
0.000000000000000000e+00
0.000000000000000000e+00
1.000000000000000000e+00
4.000000000000000000e+00
6.000000000000000000e+00
7.000000000000000000e+00
8.000000000000000000e+00
9.000000000000000000e+00
1.000000000000000000e+01
1.000000000000000000e+01
1.100000000000000000e+01
1.400000000000000000e+01
1.500000000000000000e+01
1.800000000000000000e+01
1.900000000000000000e+01
2.000000000000000000e+01
2.400000000000000000e+01
2.700000000000000000e+01
2.800000000000000000e+01
2.800000000000000000e+01
2.900000000000000000e+01
3.100000000000000000e+01
3.100000000000000000e+01
3.200000000000000000e+01
3.300000000000000000e+01
3.400000000000000000e+01
3.700000000000000000e+01
4.300000000000000000e+01
4.400000000000000000e+01
4.600000000000000000e+01
5.000000000000000000e+01
5.300000000000000000e+01
5.500000000000000000e+01
5.900000000000000000e+01
6.200000000000000000e+01
6.600000000000000000e+01
7.100000000000000000e+01
7.600000000000000000e+01
8.200000000000000000e+01
8.600000000000000000e+01
9.100000000000000000e+01
1.020000000000000000e+02
1.060000000000000000e+02
1.140000000000000000e+02
1.180000000000000000e+02
1.220000000000000000e+02
1.280000000000000000e+02
1.420000000000000000e+02
1.520000000000000000e+02
1.640000000000000000e+02
1.650000000000000000e+02
1.690000000000000000e+02
1.740000000000000000e+02
1.890000000000000000e+02
1.990000000000000000e+02
2.150000000000000000e+02
2.300000000000000000e+02
2.400000000000000000e+02
2.500000000000000000e+02
2.610000000000000000e+02
2.740000000000000000e+02
2.800000000000000000e+02
2.930000000000000000e+02
3.000000000000000000e+02
3.100000000000000000e+02
3.130000000000000000e+02
3.430000000000000000e+02
3.760000000000000000e+02
4.000000000000000000e+02
4.150000000000000000e+02
4.270000000000000000e+02
4.540000000000000000e+02
4.650000000000000000e+02
4.750000000000000000e+02
4.870000000000000000e+02
5.120000000000000000e+02
5.330000000000000000e+02
5.590000000000000000e+02
5.850000000000000000e+02
6.110000000000000000e+02
6.320000000000000000e+02
6.590000000000000000e+02
6.790000000000000000e+02
6.970000000000000000e+02
7.150000000000000000e+02
7.400000000000000000e+02
7.730000000000000000e+02
8.200000000000000000e+02
8.460000000000000000e+02
8.760000000000000000e+02
9.130000000000000000e+02
9.340000000000000000e+02
9.700000000000000000e+02
1.014000000000000000e+03
1.071000000000000000e+03
1.123000000000000000e+03
1.201000000000000000e+03
1.271000000000000000e+03
1.320000000000000000e+03
1.378000000000000000e+03
1.434000000000000000e+03
1.476000000000000000e+03
1.530000000000000000e+03
1.577000000000000000e+03
1.638000000000000000e+03
1.702000000000000000e+03
1.754000000000000000e+03
1.807000000000000000e+03
1.866000000000000000e+03
1.898000000000000000e+03
1.942000000000000000e+03
1.984000000000000000e+03
2.049000000000000000e+03
2.106000000000000000e+03
2.151000000000000000e+03
2.218000000000000000e+03
2.273000000000000000e+03
2.328000000000000000e+03
2.407000000000000000e+03
2.473000000000000000e+03
2.535000000000000000e+03
2.583000000000000000e+03
2.647000000000000000e+03
2.720000000000000000e+03
2.808000000000000000e+03
2.894000000000000000e+03
2.977000000000000000e+03
3.064000000000000000e+03
3.153000000000000000e+03
3.228000000000000000e+03
3.320000000000000000e+03
3.385000000000000000e+03
3.465000000000000000e+03
3.524000000000000000e+03
3.587000000000000000e+03
3.640000000000000000e+03
3.712000000000000000e+03
3.761000000000000000e+03
3.827000000000000000e+03
3.884000000000000000e+03
3.939000000000000000e+03
4.003000000000000000e+03
4.058000000000000000e+03
4.123000000000000000e+03
4.172000000000000000e+03
4.233000000000000000e+03
4.305000000000000000e+03
4.366000000000000000e+03
4.442000000000000000e+03
4.509000000000000000e+03
4.578000000000000000e+03
4.664000000000000000e+03
4.726000000000000000e+03
4.791000000000000000e+03
4.846000000000000000e+03
4.938000000000000000e+03
4.966000000000000000e+03
5.027000000000000000e+03
5.101000000000000000e+03
5.203000000000000000e+03
5.288000000000000000e+03
5.343000000000000000e+03
5.398000000000000000e+03
5.398000000000000000e+03
7.054000000000000000e+03
7.097000000000000000e+03
7.146000000000000000e+03
7.193000000000000000e+03
7.250000000000000000e+03
7.297000000000000000e+03
7.344000000000000000e+03
7.394000000000000000e+03
7.447000000000000000e+03
7.478000000000000000e+03
7.511000000000000000e+03
7.550000000000000000e+03
7.586000000000000000e+03
7.617000000000000000e+03
7.654000000000000000e+03
7.693000000000000000e+03
7.731000000000000000e+03
7.765000000000000000e+03
7.800000000000000000e+03
7.828000000000000000e+03
7.858000000000000000e+03
7.900000000000000000e+03
7.931000000000000000e+03
7.965000000000000000e+03
8.001000000000000000e+03
8.045000000000000000e+03
8.073000000000000000e+03
8.101000000000000000e+03
8.129000000000000000e+03
8.156000000000000000e+03
8.192000000000000000e+03
8.228000000000000000e+03
8.262000000000000000e+03
8.292000000000000000e+03
8.308000000000000000e+03
8.326000000000000000e+03
8.351000000000000000e+03
8.377000000000000000e+03
8.407000000000000000e+03
8.439000000000000000e+03
8.463000000000000000e+03
8.481000000000000000e+03
8.502000000000000000e+03
8.526000000000000000e+03
8.558000000000000000e+03
8.584000000000000000e+03
8.608000000000000000e+03
8.627000000000000000e+03
8.645000000000000000e+03
8.658000000000000000e+03
8.672000000000000000e+03
8.694000000000000000e+03
8.705000000000000000e+03
8.715000000000000000e+03
8.725000000000000000e+03
8.731000000000000000e+03
8.741000000000000000e+03
8.751000000000000000e+03
8.758000000000000000e+03
8.768000000000000000e+03
8.781000000000000000e+03
8.790000000000000000e+03
8.795000000000000000e+03
8.802000000000000000e+03
8.808000000000000000e+03
8.818000000000000000e+03
8.825000000000000000e+03
8.835000000000000000e+03
8.841000000000000000e+03
8.849000000000000000e+03
8.859000000000000000e+03
8.866000000000000000e+03
8.875000000000000000e+03
8.889000000000000000e+03
8.900000000000000000e+03
8.904000000000000000e+03
8.907000000000000000e+03
8.916000000000000000e+03
8.928000000000000000e+03
8.933000000000000000e+03
8.939000000000000000e+03
8.943000000000000000e+03
8.949000000000000000e+03
8.952000000000000000e+03
8.957000000000000000e+03
8.963000000000000000e+03
8.972000000000000000e+03
8.982000000000000000e+03
8.987000000000000000e+03
8.992000000000000000e+03
8.995000000000000000e+03
8.997000000000000000e+03
9.002000000000000000e+03
9.004000000000000000e+03
9.008000000000000000e+03
9.013000000000000000e+03
9.014000000000000000e+03
9.018000000000000000e+03
9.024000000000000000e+03
9.026000000000000000e+03
9.029000000000000000e+03
9.031000000000000000e+03
9.033000000000000000e+03
9.035000000000000000e+03
9.036000000000000000e+03
9.043000000000000000e+03
9.052000000000000000e+03
9.065000000000000000e+03
9.076000000000000000e+03
9.083000000000000000e+03
9.093000000000000000e+03
9.098000000000000000e+03
9.106000000000000000e+03
9.135000000000000000e+03
9.149000000000000000e+03
9.165000000000000000e+03
9.175000000000000000e+03
9.186000000000000000e+03
9.201000000000000000e+03
9.219000000000000000e+03
9.241000000000000000e+03
9.287000000000000000e+03
9.304000000000000000e+03
9.328000000000000000e+03
9.351000000000000000e+03
9.376000000000000000e+03
9.415000000000000000e+03
9.454000000000000000e+03
9.493000000000000000e+03
9.530000000000000000e+03
9.571000000000000000e+03
9.596000000000000000e+03
9.636000000000000000e+03
9.680000000000000000e+03
9.722000000000000000e+03
9.764000000000000000e+03
9.818000000000000000e+03
9.871000000000000000e+03
9.927000000000000000e+03
9.985000000000000000e+03
1.005100000000000000e+04
1.010500000000000000e+04
1.016700000000000000e+04
1.022600000000000000e+04
1.027900000000000000e+04
1.033000000000000000e+04
1.037900000000000000e+04
1.043900000000000000e+04
1.051300000000000000e+04
1.057100000000000000e+04
1.063300000000000000e+04
1.068700000000000000e+04
1.075300000000000000e+04
1.079600000000000000e+04
1.086400000000000000e+04
1.092900000000000000e+04
1.099600000000000000e+04
1.104400000000000000e+04
1.110700000000000000e+04
1.115500000000000000e+04
1.120200000000000000e+04
1.123400000000000000e+04
1.127400000000000000e+04
1.130300000000000000e+04
1.135300000000000000e+04
1.139000000000000000e+04
1.141700000000000000e+04
1.144100000000000000e+04
1.147000000000000000e+04
1.150800000000000000e+04
1.154700000000000000e+04
1.157700000000000000e+04
1.160900000000000000e+04
1.162800000000000000e+04
1.164900000000000000e+04
1.166600000000000000e+04
1.170300000000000000e+04
1.173400000000000000e+04
1.176100000000000000e+04
1.178900000000000000e+04
1.180700000000000000e+04
1.182300000000000000e+04
1.184500000000000000e+04
1.185800000000000000e+04
1.188400000000000000e+04
1.190300000000000000e+04
1.193000000000000000e+04
1.194400000000000000e+04
1.195800000000000000e+04
1.197400000000000000e+04
1.199700000000000000e+04
1.201500000000000000e+04
1.202800000000000000e+04
1.204100000000000000e+04
1.205100000000000000e+04
1.206000000000000000e+04
1.207400000000000000e+04
1.209300000000000000e+04
1.210700000000000000e+04
1.213100000000000000e+04
1.214300000000000000e+04
1.216500000000000000e+04
1.218600000000000000e+04
1.221100000000000000e+04
1.223900000000000000e+04
1.225700000000000000e+04
1.228000000000000000e+04
1.230500000000000000e+04
1.231600000000000000e+04
1.232400000000000000e+04
1.234400000000000000e+04
1.236600000000000000e+04
1.238500000000000000e+04
1.241200000000000000e+04
1.242800000000000000e+04
1.244200000000000000e+04
1.245100000000000000e+04
1.246900000000000000e+04
1.249600000000000000e+04
1.251900000000000000e+04
1.260300000000000000e+04
1.262500000000000000e+04
1.262500000000000000e+04
1.264800000000000000e+04
1.266600000000000000e+04
1.269500000000000000e+04
1.273100000000000000e+04
1.275800000000000000e+04
1.278300000000000000e+04
1.281200000000000000e+04
1.282400000000000000e+04
1.286100000000000000e+04
1.288500000000000000e+04
1.292000000000000000e+04
1.292000000000000000e+04
1.295100000000000000e+04
1.300900000000000000e+04
1.300900000000000000e+04
1.303500000000000000e+04
1.303500000000000000e+04
1.308200000000000000e+04
1.315100000000000000e+04
1.315100000000000000e+04
1.320500000000000000e+04
1.320500000000000000e+04
1.322800000000000000e+04
1.325800000000000000e+04
1.330800000000000000e+04
1.334500000000000000e+04
1.340900000000000000e+04
1.345100000000000000e+04
1.351700000000000000e+04
1.356600000000000000e+04
1.356600000000000000e+04
1.363500000000000000e+04
1.369300000000000000e+04
1.378000000000000000e+04
1.385700000000000000e+04
1.396500000000000000e+04
1.396500000000000000e+04
1.412400000000000000e+04
1.422600000000000000e+04
1.431200000000000000e+04
1.437700000000000000e+04
1.443500000000000000e+04
1.447100000000000000e+04
1.452400000000000000e+04
1.463900000000000000e+04
1.473200000000000000e+04
1.483200000000000000e+04
1.490000000000000000e+04
1.498100000000000000e+04
1.502400000000000000e+04
1.502400000000000000e+04
1.517700000000000000e+04
1.517700000000000000e+04
1.532100000000000000e+04
1.532100000000000000e+04
1.548500000000000000e+04
1.554200000000000000e+04
1.561400000000000000e+04
1.573800000000000000e+04
1.582600000000000000e+04
1.592400000000000000e+04
1.592400000000000000e+04
1.608800000000000000e+04
1.613200000000000000e+04
1.617400000000000000e+04
1.624300000000000000e+04
1.632900000000000000e+04
1.641400000000000000e+04
1.649600000000000000e+04
1.655100000000000000e+04
1.658100000000000000e+04
1.663100000000000000e+04
1.670200000000000000e+04
1.676700000000000000e+04
1.682200000000000000e+04
1.687900000000000000e+04
1.692000000000000000e+04
1.695100000000000000e+04
1.698500000000000000e+04
1.701300000000000000e+04
1.706700000000000000e+04
1.712600000000000000e+04
1.712600000000000000e+04
1.720000000000000000e+04
1.721900000000000000e+04
1.725000000000000000e+04
1.728700000000000000e+04
1.728700000000000000e+04
1.737500000000000000e+04
1.737500000000000000e+04
1.744300000000000000e+04
1.745800000000000000e+04
1.747500000000000000e+04
1.747500000000000000e+04
1.754600000000000000e+04
1.757600000000000000e+04
1.761300000000000000e+04
1.763700000000000000e+04
1.765100000000000000e+04
1.765100000000000000e+04
1.771600000000000000e+04
1.775400000000000000e+04
1.778400000000000000e+04
1.778400000000000000e+04
1.782100000000000000e+04
1.783900000000000000e+04
1.785900000000000000e+04
1.788200000000000000e+04
1.791000000000000000e+04
1.793500000000000000e+04
1.793500000000000000e+04
1.795900000000000000e+04
1.797100000000000000e+04
1.800400000000000000e+04
1.800400000000000000e+04
1.810900000000000000e+04
1.810900000000000000e+04
1.815200000000000000e+04
1.815200000000000000e+04
1.818500000000000000e+04
1.818500000000000000e+04
1.822200000000000000e+04
1.823600000000000000e+04
1.823600000000000000e+04
1.825600000000000000e+04
1.829600000000000000e+04
1.830200000000000000e+04
1.831300000000000000e+04
1.833000000000000000e+04
1.835000000000000000e+04
1.837100000000000000e+04
1.837100000000000000e+04
1.840200000000000000e+04
1.841100000000000000e+04
1.842900000000000000e+04
1.845200000000000000e+04
1.847300000000000000e+04
1.848600000000000000e+04
1.848600000000000000e+04
1.850700000000000000e+04
1.851200000000000000e+04
1.851200000000000000e+04
1.851400000000000000e+04
1.852900000000000000e+04
1.854100000000000000e+04
1.855800000000000000e+04
1.856800000000000000e+04
1.858700000000000000e+04
1.858700000000000000e+04
1.860300000000000000e+04
1.861600000000000000e+04
1.861600000000000000e+04
1.864800000000000000e+04
1.865400000000000000e+04
1.865900000000000000e+04
1.866400000000000000e+04
1.867200000000000000e+04
1.868100000000000000e+04
1.868800000000000000e+04
1.869600000000000000e+04
1.869800000000000000e+04
1.870000000000000000e+04
1.870700000000000000e+04
1.871600000000000000e+04
1.872600000000000000e+04
1.873500000000000000e+04
1.875000000000000000e+04
1.875000000000000000e+04
1.876200000000000000e+04
1.876600000000000000e+04
1.877000000000000000e+04
1.877500000000000000e+04
1.877500000000000000e+04
1.878000000000000000e+04
1.878900000000000000e+04
1.879500000000000000e+04
1.880300000000000000e+04
1.880600000000000000e+04
1.881100000000000000e+04
1.881100000000000000e+04
1.882400000000000000e+04
1.882400000000000000e+04
1.883400000000000000e+04
1.883400000000000000e+04
1.887700000000000000e+04
1.888700000000000000e+04
1.889100000000000000e+04
1.889600000000000000e+04
1.889800000000000000e+04
1.890100000000000000e+04
1.890100000000000000e+04
1.890300000000000000e+04
1.891100000000000000e+04
1.891100000000000000e+04
1.891500000000000000e+04
1.892500000000000000e+04
1.892500000000000000e+04
1.892800000000000000e+04
1.892800000000000000e+04
1.893600000000000000e+04
1.894200000000000000e+04
1.896000000000000000e+04
1.896000000000000000e+04
1.896400000000000000e+04
1.896700000000000000e+04
1.897000000000000000e+04
1.897600000000000000e+04
1.899800000000000000e+04
1.900400000000000000e+04
1.900400000000000000e+04
1.901700000000000000e+04
1.902200000000000000e+04
1.903000000000000000e+04
1.904300000000000000e+04
1.904900000000000000e+04
1.904900000000000000e+04
1.905100000000000000e+04
1.906200000000000000e+04
1.908000000000000000e+04
1.909600000000000000e+04
1.909600000000000000e+04
1.912100000000000000e+04
1.913700000000000000e+04
1.913700000000000000e+04
1.916100000000000000e+04
1.916100000000000000e+04
1.917100000000000000e+04
1.918800000000000000e+04
1.919600000000000000e+04
1.920500000000000000e+04
1.921500000000000000e+04
1.922200000000000000e+04
1.924700000000000000e+04
1.926400000000000000e+04
1.926400000000000000e+04
1.927600000000000000e+04
1.928100000000000000e+04
1.930500000000000000e+04
1.931700000000000000e+04
1.931700000000000000e+04
1.933000000000000000e+04
1.935500000000000000e+04
1.937200000000000000e+04
1.939100000000000000e+04
1.942800000000000000e+04
1.944000000000000000e+04
1.944000000000000000e+04
1.948000000000000000e+04
1.948000000000000000e+04
1.949600000000000000e+04
1.953000000000000000e+04
1.953000000000000000e+04
1.954600000000000000e+04
1.955400000000000000e+04
1.957600000000000000e+04
1.962200000000000000e+04
1.965000000000000000e+04
1.968000000000000000e+04
1.968000000000000000e+04
1.972200000000000000e+04
1.976300000000000000e+04
1.976300000000000000e+04
1.981000000000000000e+04
1.984800000000000000e+04
1.988800000000000000e+04
1.995700000000000000e+04
1.998300000000000000e+04
1.999900000000000000e+04
2.005600000000000000e+04
2.010300000000000000e+04
2.010300000000000000e+04
2.014900000000000000e+04
2.014900000000000000e+04
2.023800000000000000e+04
2.025400000000000000e+04
2.029100000000000000e+04
2.037700000000000000e+04
2.050400000000000000e+04
2.057000000000000000e+04
2.057000000000000000e+04
2.057000000000000000e+04
2.067100000000000000e+04
2.072000000000000000e+04
2.077400000000000000e+04
2.082400000000000000e+04
2.082400000000000000e+04
2.086500000000000000e+04
2.091900000000000000e+04
2.095100000000000000e+04
2.101100000000000000e+04
2.104500000000000000e+04
2.107300000000000000e+04
2.107300000000000000e+04
2.112900000000000000e+04
2.112900000000000000e+04
2.117100000000000000e+04
2.117100000000000000e+04
2.121900000000000000e+04
2.121900000000000000e+04
2.124000000000000000e+04
2.126100000000000000e+04
2.128400000000000000e+04
2.131400000000000000e+04
2.133100000000000000e+04
2.134200000000000000e+04
2.134200000000000000e+04
2.135800000000000000e+04
2.136700000000000000e+04
2.137200000000000000e+04
2.138600000000000000e+04
2.140000000000000000e+04
2.140600000000000000e+04
2.140600000000000000e+04
2.141400000000000000e+04
2.141900000000000000e+04
2.142600000000000000e+04
2.143800000000000000e+04
2.144100000000000000e+04
2.144300000000000000e+04
2.145300000000000000e+04
2.145300000000000000e+04
2.145500000000000000e+04
2.146300000000000000e+04
2.146300000000000000e+04
2.146900000000000000e+04
2.147000000000000000e+04
2.147200000000000000e+04
2.147300000000000000e+04
2.147300000000000000e+04
2.147300000000000000e+04
2.147300000000000000e+04
2.147500000000000000e+04
2.147600000000000000e+04
2.147700000000000000e+04
2.148200000000000000e+04
2.148200000000000000e+04
2.148200000000000000e+04
2.148300000000000000e+04
2.148300000000000000e+04
2.148300000000000000e+04
2.148400000000000000e+04
2.148700000000000000e+04
2.148700000000000000e+04
2.148700000000000000e+04
2.148900000000000000e+04
2.189400000000000000e+04
2.189400000000000000e+04
2.189400000000000000e+04
2.189500000000000000e+04
2.189600000000000000e+04
2.189600000000000000e+04
2.189600000000000000e+04
2.189700000000000000e+04
2.189700000000000000e+04
2.189900000000000000e+04
2.189900000000000000e+04
2.189900000000000000e+04
2.189900000000000000e+04
2.189900000000000000e+04
2.189900000000000000e+04
2.190100000000000000e+04
2.190100000000000000e+04
2.190100000000000000e+04
2.190300000000000000e+04
2.190300000000000000e+04
2.190300000000000000e+04
2.190400000000000000e+04
2.190500000000000000e+04
2.190600000000000000e+04
2.190700000000000000e+04
2.190700000000000000e+04
2.190800000000000000e+04
2.190800000000000000e+04
2.190900000000000000e+04
2.191000000000000000e+04
2.191000000000000000e+04
2.191000000000000000e+04
2.191000000000000000e+04
2.192300000000000000e+04
2.192300000000000000e+04
2.192300000000000000e+04
2.192300000000000000e+04
2.192400000000000000e+04
2.192500000000000000e+04
2.192500000000000000e+04
2.192500000000000000e+04
2.192500000000000000e+04
2.192500000000000000e+04
2.192600000000000000e+04
2.192600000000000000e+04
2.192600000000000000e+04
2.194300000000000000e+04
2.194300000000000000e+04
2.194300000000000000e+04
2.194300000000000000e+04
2.194300000000000000e+04
2.194300000000000000e+04
2.194300000000000000e+04
2.194400000000000000e+04
2.194400000000000000e+04
2.194500000000000000e+04
2.194500000000000000e+04
2.194500000000000000e+04
2.194600000000000000e+04
2.194700000000000000e+04
2.194700000000000000e+04
2.194700000000000000e+04
2.194800000000000000e+04
2.194800000000000000e+04
2.194800000000000000e+04
2.194800000000000000e+04
2.194800000000000000e+04
2.194800000000000000e+04
2.194900000000000000e+04
2.194900000000000000e+04
2.194900000000000000e+04
2.195000000000000000e+04
2.195000000000000000e+04
2.195000000000000000e+04
2.195100000000000000e+04
2.195100000000000000e+04
2.195100000000000000e+04
2.195100000000000000e+04
2.195100000000000000e+04
2.195100000000000000e+04
2.195100000000000000e+04
2.195100000000000000e+04
2.195100000000000000e+04
2.195200000000000000e+04
2.195200000000000000e+04
2.195200000000000000e+04
2.195200000000000000e+04
2.195200000000000000e+04
2.195300000000000000e+04
2.195300000000000000e+04
2.195300000000000000e+04
2.195300000000000000e+04
2.195300000000000000e+04
2.195300000000000000e+04
2.195500000000000000e+04
2.195500000000000000e+04
2.195700000000000000e+04
2.195800000000000000e+04
2.195800000000000000e+04
2.196300000000000000e+04
2.196300000000000000e+04
2.196300000000000000e+04
2.196400000000000000e+04
2.196900000000000000e+04
2.197000000000000000e+04
2.197000000000000000e+04
2.197700000000000000e+04
2.197900000000000000e+04
2.197900000000000000e+04
2.197900000000000000e+04
2.198200000000000000e+04
2.198200000000000000e+04
2.198900000000000000e+04
2.199900000000000000e+04
2.200700000000000000e+04
2.201300000000000000e+04
2.201700000000000000e+04
2.202100000000000000e+04
2.202500000000000000e+04
2.203200000000000000e+04
2.203600000000000000e+04
2.204500000000000000e+04
2.205300000000000000e+04
2.205600000000000000e+04
2.206100000000000000e+04
2.206100000000000000e+04
2.207200000000000000e+04
2.207200000000000000e+04
2.208300000000000000e+04
2.208900000000000000e+04
2.209100000000000000e+04
2.209500000000000000e+04
2.210200000000000000e+04
2.211000000000000000e+04
2.211300000000000000e+04
2.212000000000000000e+04
2.212000000000000000e+04
2.212600000000000000e+04
2.212900000000000000e+04
2.214400000000000000e+04
2.215000000000000000e+04
2.215500000000000000e+04
2.215500000000000000e+04
2.216400000000000000e+04
2.216800000000000000e+04
2.217100000000000000e+04
2.217500000000000000e+04
2.217700000000000000e+04
2.217700000000000000e+04
2.218300000000000000e+04
2.218600000000000000e+04
2.219400000000000000e+04
2.219500000000000000e+04
2.219500000000000000e+04
2.219800000000000000e+04
2.219800000000000000e+04
2.220100000000000000e+04
2.220500000000000000e+04
2.220800000000000000e+04
2.220900000000000000e+04
2.220900000000000000e+04
2.220900000000000000e+04
2.221200000000000000e+04
2.221200000000000000e+04
2.221400000000000000e+04
2.221600000000000000e+04
2.221700000000000000e+04
2.221700000000000000e+04
2.221800000000000000e+04
2.221800000000000000e+04
2.222600000000000000e+04
2.222600000000000000e+04
2.222700000000000000e+04
2.222800000000000000e+04
2.222800000000000000e+04
2.222900000000000000e+04
2.222900000000000000e+04
2.222900000000000000e+04
2.222900000000000000e+04
2.223200000000000000e+04
2.223200000000000000e+04
2.223300000000000000e+04
2.223300000000000000e+04
2.223300000000000000e+04
2.223400000000000000e+04
2.223700000000000000e+04
2.223700000000000000e+04
2.223700000000000000e+04
2.223700000000000000e+04
2.223700000000000000e+04
2.223700000000000000e+04
2.223700000000000000e+04
2.223700000000000000e+04
2.223700000000000000e+04
2.223700000000000000e+04
2.223700000000000000e+04
2.223700000000000000e+04
2.223700000000000000e+04
2.223700000000000000e+04
2.223700000000000000e+04
2.223700000000000000e+04
2.223700000000000000e+04
2.223700000000000000e+04
2.223700000000000000e+04
2.223700000000000000e+04
2.223700000000000000e+04
2.223700000000000000e+04
2.223700000000000000e+04
2.223900000000000000e+04
2.223900000000000000e+04
2.223900000000000000e+04
2.223900000000000000e+04
2.223900000000000000e+04
2.223900000000000000e+04
2.223900000000000000e+04
2.223900000000000000e+04
2.223900000000000000e+04
2.223900000000000000e+04
2.223900000000000000e+04
2.223900000000000000e+04
