0.000000000000000000e+00
0.000000000000000000e+00
0.000000000000000000e+00
0.000000000000000000e+00
0.000000000000000000e+00
0.000000000000000000e+00
0.000000000000000000e+00
0.000000000000000000e+00
0.000000000000000000e+00
0.000000000000000000e+00
0.000000000000000000e+00
0.000000000000000000e+00
0.000000000000000000e+00
0.000000000000000000e+00
0.000000000000000000e+00
0.000000000000000000e+00
0.000000000000000000e+00
0.000000000000000000e+00
0.000000000000000000e+00
0.000000000000000000e+00
0.000000000000000000e+00
0.000000000000000000e+00
0.000000000000000000e+00
0.000000000000000000e+00
0.000000000000000000e+00
0.000000000000000000e+00
0.000000000000000000e+00
0.000000000000000000e+00
0.000000000000000000e+00
0.000000000000000000e+00
0.000000000000000000e+00
0.000000000000000000e+00
0.000000000000000000e+00
0.000000000000000000e+00
0.000000000000000000e+00
0.000000000000000000e+00
0.000000000000000000e+00
0.000000000000000000e+00
0.000000000000000000e+00
0.000000000000000000e+00
0.000000000000000000e+00
0.000000000000000000e+00
0.000000000000000000e+00
0.000000000000000000e+00
0.000000000000000000e+00
0.000000000000000000e+00
0.000000000000000000e+00
0.000000000000000000e+00
0.000000000000000000e+00
2.000000000000000000e+00
2.000000000000000000e+00
3.000000000000000000e+00
1.000000000000000000e+01
1.000000000000000000e+01
1.100000000000000000e+01
1.100000000000000000e+01
1.200000000000000000e+01
1.200000000000000000e+01
1.500000000000000000e+01
1.900000000000000000e+01
2.400000000000000000e+01
2.700000000000000000e+01
2.900000000000000000e+01
3.200000000000000000e+01
4.300000000000000000e+01
6.100000000000000000e+01
7.400000000000000000e+01
8.100000000000000000e+01
9.700000000000000000e+01
1.070000000000000000e+02
1.150000000000000000e+02
1.230000000000000000e+02
1.320000000000000000e+02
1.390000000000000000e+02
1.570000000000000000e+02
1.830000000000000000e+02
1.940000000000000000e+02
2.100000000000000000e+02
2.640000000000000000e+02
2.680000000000000000e+02
2.750000000000000000e+02
3.000000000000000000e+02
3.300000000000000000e+02
3.540000000000000000e+02
3.970000000000000000e+02
4.410000000000000000e+02
4.650000000000000000e+02
4.930000000000000000e+02
5.200000000000000000e+02
5.640000000000000000e+02
5.980000000000000000e+02
6.090000000000000000e+02
7.030000000000000000e+02
8.070000000000000000e+02
8.660000000000000000e+02
9.500000000000000000e+02
1.014000000000000000e+03
1.053000000000000000e+03
1.110000000000000000e+03
1.167000000000000000e+03
1.229000000000000000e+03
1.470000000000000000e+03
1.594000000000000000e+03
1.681000000000000000e+03
1.802000000000000000e+03
1.886000000000000000e+03
2.081000000000000000e+03
2.266000000000000000e+03
2.437000000000000000e+03
2.556000000000000000e+03
2.831000000000000000e+03
2.964000000000000000e+03
3.148000000000000000e+03
3.372000000000000000e+03
3.577000000000000000e+03
3.826000000000000000e+03
4.088000000000000000e+03
4.263000000000000000e+03
4.481000000000000000e+03
4.919000000000000000e+03
5.187000000000000000e+03
5.579000000000000000e+03
5.915000000000000000e+03
6.263000000000000000e+03
6.660000000000000000e+03
7.136000000000000000e+03
7.768000000000000000e+03
8.387000000000000000e+03
8.731000000000000000e+03
9.592000000000000000e+03
9.982000000000000000e+03
1.053100000000000000e+04
1.099100000000000000e+04
1.163800000000000000e+04
1.224500000000000000e+04
1.272800000000000000e+04
1.335800000000000000e+04
1.364300000000000000e+04
1.394900000000000000e+04
1.464400000000000000e+04
1.528100000000000000e+04
1.616500000000000000e+04
1.692900000000000000e+04
1.784200000000000000e+04
1.845900000000000000e+04
1.907300000000000000e+04
1.988300000000000000e+04
2.068500000000000000e+04
2.149900000000000000e+04
2.247600000000000000e+04
2.351200000000000000e+04
2.438800000000000000e+04
2.549300000000000000e+04
2.638900000000000000e+04
2.748700000000000000e+04
2.850300000000000000e+04
2.942300000000000000e+04
3.067600000000000000e+04
3.152400000000000000e+04
3.212500000000000000e+04
3.321900000000000000e+04
3.422700000000000000e+04
3.552800000000000000e+04
3.681800000000000000e+04
3.807100000000000000e+04
3.929700000000000000e+04
4.050900000000000000e+04
4.154500000000000000e+04
4.298400000000000000e+04
4.411300000000000000e+04
4.556500000000000000e+04
4.720000000000000000e+04
4.818700000000000000e+04
4.925000000000000000e+04
5.086700000000000000e+04
5.221800000000000000e+04
5.415600000000000000e+04
5.610200000000000000e+04
5.813800000000000000e+04
5.958200000000000000e+04
6.099100000000000000e+04
6.235700000000000000e+04
6.413500000000000000e+04
6.525200000000000000e+04
6.645600000000000000e+04
6.828100000000000000e+04
6.942900000000000000e+04
7.118100000000000000e+04
7.232700000000000000e+04
7.353400000000000000e+04
7.523400000000000000e+04
7.678900000000000000e+04
7.879300000000000000e+04
8.015300000000000000e+04
8.184600000000000000e+04
8.336100000000000000e+04
8.514100000000000000e+04
8.642300000000000000e+04
8.789100000000000000e+04
8.905500000000000000e+04
8.999900000000000000e+04
9.163500000000000000e+04
9.332800000000000000e+04
9.507100000000000000e+04
9.645900000000000000e+04
9.795000000000000000e+04
9.914600000000000000e+04
1.003440000000000000e+05
1.012230000000000000e+05
1.030190000000000000e+05
1.050500000000000000e+05
1.060650000000000000e+05
1.074350000000000000e+05
1.084270000000000000e+05
1.091490000000000000e+05
1.101480000000000000e+05
1.109990000000000000e+05
1.120940000000000000e+05
1.131290000000000000e+05
1.144090000000000000e+05
1.153540000000000000e+05
1.159680000000000000e+05
1.165980000000000000e+05
1.172670000000000000e+05
1.179280000000000000e+05
1.187810000000000000e+05
1.195800000000000000e+05
1.202410000000000000e+05
1.207690000000000000e+05
1.216040000000000000e+05
1.223080000000000000e+05
1.233450000000000000e+05
1.242050000000000000e+05
1.251720000000000000e+05
1.259820000000000000e+05
1.267910000000000000e+05
1.276190000000000000e+05
1.282860000000000000e+05
1.288720000000000000e+05
1.294190000000000000e+05
1.300510000000000000e+05
1.304700000000000000e+05
1.306760000000000000e+05
1.309860000000000000e+05
1.314530000000000000e+05
1.319900000000000000e+05
1.326180000000000000e+05
1.332220000000000000e+05
1.335920000000000000e+05
1.339010000000000000e+05
1.342230000000000000e+05
1.346410000000000000e+05
1.353110000000000000e+05
1.357160000000000000e+05
1.362190000000000000e+05
1.365690000000000000e+05
1.368680000000000000e+05
1.371070000000000000e+05
1.374680000000000000e+05
1.377060000000000000e+05
1.379690000000000000e+05
1.382260000000000000e+05
1.384630000000000000e+05
1.385740000000000000e+05
1.386950000000000000e+05
1.389220000000000000e+05
1.391410000000000000e+05
1.393190000000000000e+05
1.395620000000000000e+05
1.397100000000000000e+05
1.397710000000000000e+05
1.398900000000000000e+05
1.400370000000000000e+05
1.402280000000000000e+05
1.404450000000000000e+05
1.406120000000000000e+05
1.407790000000000000e+05
1.408530000000000000e+05
1.409520000000000000e+05
1.411240000000000000e+05
1.413210000000000000e+05
1.414840000000000000e+05
1.416310000000000000e+05
1.417570000000000000e+05
1.418330000000000000e+05
1.418670000000000000e+05
1.419360000000000000e+05
1.420620000000000000e+05
1.422010000000000000e+05
1.423430000000000000e+05
1.424270000000000000e+05
1.424750000000000000e+05
1.425610000000000000e+05
1.426640000000000000e+05
1.427760000000000000e+05
1.428890000000000000e+05
1.430690000000000000e+05
1.431810000000000000e+05
1.432460000000000000e+05
1.433710000000000000e+05
1.434730000000000000e+05
1.435690000000000000e+05
1.437560000000000000e+05
1.438540000000000000e+05
1.439220000000000000e+05
1.439780000000000000e+05
1.440340000000000000e+05
1.441470000000000000e+05
1.442760000000000000e+05
1.443900000000000000e+05
1.444940000000000000e+05
1.445920000000000000e+05
1.446220000000000000e+05
1.447080000000000000e+05
1.448100000000000000e+05
1.449940000000000000e+05
1.451860000000000000e+05
1.453250000000000000e+05
1.454920000000000000e+05
1.455600000000000000e+05
1.456570000000000000e+05
1.458460000000000000e+05
1.460600000000000000e+05
1.463850000000000000e+05
1.466970000000000000e+05
1.470300000000000000e+05
1.471500000000000000e+05
1.473450000000000000e+05
1.477160000000000000e+05
1.482140000000000000e+05
1.486650000000000000e+05
1.491490000000000000e+05
1.497700000000000000e+05
1.500230000000000000e+05
1.503850000000000000e+05
1.510590000000000000e+05
1.520640000000000000e+05
1.531210000000000000e+05
1.535900000000000000e+05
1.543490000000000000e+05
1.548430000000000000e+05
1.555940000000000000e+05
1.568870000000000000e+05
1.583720000000000000e+05
1.601240000000000000e+05
1.609850000000000000e+05
1.620550000000000000e+05
1.626610000000000000e+05
1.636710000000000000e+05
1.652680000000000000e+05
1.669810000000000000e+05
1.688910000000000000e+05
1.711540000000000000e+05
1.727980000000000000e+05
1.738960000000000000e+05
1.752880000000000000e+05
1.767610000000000000e+05
1.788180000000000000e+05
1.810160000000000000e+05
1.835890000000000000e+05
1.856800000000000000e+05
1.871830000000000000e+05
1.887330000000000000e+05
1.910900000000000000e+05
1.937450000000000000e+05
1.963930000000000000e+05
1.982570000000000000e+05
1.999890000000000000e+05
2.010370000000000000e+05
2.028180000000000000e+05
2.052080000000000000e+05
2.080740000000000000e+05
2.107260000000000000e+05
2.133920000000000000e+05
2.153970000000000000e+05
2.168350000000000000e+05
2.182990000000000000e+05
2.204260000000000000e+05
2.224470000000000000e+05
2.242340000000000000e+05
2.259100000000000000e+05
2.271280000000000000e+05
2.279670000000000000e+05
2.291870000000000000e+05
2.307310000000000000e+05
2.325020000000000000e+05
2.338540000000000000e+05
2.350980000000000000e+05
2.360360000000000000e+05
2.367320000000000000e+05
2.371440000000000000e+05
2.377060000000000000e+05
2.384950000000000000e+05
2.395240000000000000e+05
2.406760000000000000e+05
2.417710000000000000e+05
2.422920000000000000e+05
2.431760000000000000e+05
2.443800000000000000e+05
2.457190000000000000e+05
2.468220000000000000e+05
2.478910000000000000e+05
2.485470000000000000e+05
2.490100000000000000e+05
2.497670000000000000e+05
2.505570000000000000e+05
2.513910000000000000e+05
2.523600000000000000e+05
2.532970000000000000e+05
2.539500000000000000e+05
2.542730000000000000e+05
2.547360000000000000e+05
2.556210000000000000e+05
2.564620000000000000e+05
2.572400000000000000e+05
2.583240000000000000e+05
2.590040000000000000e+05
2.593890000000000000e+05
2.600590000000000000e+05
2.609880000000000000e+05
2.620560000000000000e+05
2.629410000000000000e+05
2.638080000000000000e+05
2.644110000000000000e+05
2.646340000000000000e+05
2.652070000000000000e+05
2.660860000000000000e+05
2.670590000000000000e+05
2.678330000000000000e+05
2.687110000000000000e+05
2.693020000000000000e+05
2.696280000000000000e+05
2.703470000000000000e+05
2.714190000000000000e+05
2.724110000000000000e+05
2.733270000000000000e+05
2.739470000000000000e+05
2.744670000000000000e+05
2.749340000000000000e+05
2.753920000000000000e+05
2.768900000000000000e+05
2.779660000000000000e+05
2.792070000000000000e+05
2.806490000000000000e+05
2.815700000000000000e+05
2.820950000000000000e+05
2.830840000000000000e+05
2.841830000000000000e+05
2.852910000000000000e+05
2.861140000000000000e+05
2.873600000000000000e+05
2.873600000000000000e+05
2.890660000000000000e+05
2.903620000000000000e+05
2.916750000000000000e+05
2.930610000000000000e+05
2.943910000000000000e+05
2.958920000000000000e+05
2.971850000000000000e+05
2.976590000000000000e+05
2.987780000000000000e+05
3.002580000000000000e+05
3.018310000000000000e+05
3.018310000000000000e+05
3.037320000000000000e+05
3.065270000000000000e+05
3.065270000000000000e+05
3.089840000000000000e+05
3.089840000000000000e+05
3.105720000000000000e+05
3.141900000000000000e+05
3.141900000000000000e+05
3.175470000000000000e+05
3.175470000000000000e+05
3.186100000000000000e+05
3.202090000000000000e+05
3.225780000000000000e+05
3.248680000000000000e+05
3.272240000000000000e+05
3.297330000000000000e+05
3.325670000000000000e+05
3.348240000000000000e+05
3.348240000000000000e+05
3.374410000000000000e+05
3.402070000000000000e+05
3.430650000000000000e+05
3.460700000000000000e+05
3.496530000000000000e+05
3.496530000000000000e+05
3.553490000000000000e+05
3.585620000000000000e+05
3.615800000000000000e+05
3.645700000000000000e+05
3.667140000000000000e+05
3.684740000000000000e+05
3.712790000000000000e+05
3.747180000000000000e+05
3.780280000000000000e+05
3.804570000000000000e+05
3.834570000000000000e+05
3.857340000000000000e+05
3.871620000000000000e+05
3.871620000000000000e+05
3.929750000000000000e+05
3.929750000000000000e+05
4.000470000000000000e+05
4.000470000000000000e+05
4.053470000000000000e+05
4.069540000000000000e+05
4.091060000000000000e+05
4.116770000000000000e+05
4.145130000000000000e+05
4.171950000000000000e+05
4.171950000000000000e+05
4.209610000000000000e+05
4.220470000000000000e+05
4.228110000000000000e+05
4.244780000000000000e+05
4.267480000000000000e+05
4.291780000000000000e+05
4.313600000000000000e+05
4.330130000000000000e+05
4.339350000000000000e+05
4.355680000000000000e+05
4.376230000000000000e+05
4.396240000000000000e+05
4.412860000000000000e+05
4.428840000000000000e+05
4.440900000000000000e+05
4.449680000000000000e+05
4.463620000000000000e+05
4.482130000000000000e+05
4.496870000000000000e+05
4.512240000000000000e+05
4.512240000000000000e+05
4.535950000000000000e+05
4.542410000000000000e+05
4.554360000000000000e+05
4.568150000000000000e+05
4.568150000000000000e+05
4.595790000000000000e+05
4.595790000000000000e+05
4.617140000000000000e+05
4.621540000000000000e+05
4.631250000000000000e+05
4.631250000000000000e+05
4.653510000000000000e+05
4.663180000000000000e+05
4.673430000000000000e+05
4.679750000000000000e+05
4.684230000000000000e+05
4.684230000000000000e+05
4.700240000000000000e+05
4.709290000000000000e+05
4.719580000000000000e+05
4.719580000000000000e+05
4.735060000000000000e+05
4.738990000000000000e+05
4.745380000000000000e+05
4.752650000000000000e+05
4.760970000000000000e+05
4.767950000000000000e+05
4.767950000000000000e+05
4.772620000000000000e+05
4.776960000000000000e+05
4.786710000000000000e+05
4.786710000000000000e+05
4.802290000000000000e+05
4.802290000000000000e+05
4.816310000000000000e+05
4.816310000000000000e+05
4.824280000000000000e+05
4.824280000000000000e+05
4.837310000000000000e+05
4.844460000000000000e+05
4.844460000000000000e+05
4.851840000000000000e+05
4.863940000000000000e+05
4.866430000000000000e+05
4.871310000000000000e+05
4.877210000000000000e+05
4.884030000000000000e+05
4.889330000000000000e+05
4.889330000000000000e+05
4.898020000000000000e+05
4.900560000000000000e+05
4.904670000000000000e+05
4.908790000000000000e+05
4.913400000000000000e+05
4.917590000000000000e+05
4.917590000000000000e+05
4.925090000000000000e+05
4.926800000000000000e+05
4.926800000000000000e+05
4.931150000000000000e+05
4.935180000000000000e+05
4.939140000000000000e+05
4.942930000000000000e+05
4.946640000000000000e+05
4.950350000000000000e+05
4.950350000000000000e+05
4.956120000000000000e+05
4.960320000000000000e+05
4.960320000000000000e+05
4.967000000000000000e+05
4.969500000000000000e+05
4.971000000000000000e+05
4.973860000000000000e+05
4.976760000000000000e+05
4.979840000000000000e+05
4.983310000000000000e+05
4.985950000000000000e+05
4.987900000000000000e+05
4.988950000000000000e+05
4.992020000000000000e+05
4.996480000000000000e+05
5.000900000000000000e+05
5.004450000000000000e+05
5.008230000000000000e+05
5.008230000000000000e+05
5.011790000000000000e+05
5.016160000000000000e+05
5.020470000000000000e+05
5.025500000000000000e+05
5.025500000000000000e+05
5.030220000000000000e+05
5.034320000000000000e+05
5.037350000000000000e+05
5.041210000000000000e+05
5.046010000000000000e+05
5.051570000000000000e+05
5.051570000000000000e+05
5.061500000000000000e+05
5.061500000000000000e+05
5.066540000000000000e+05
5.071340000000000000e+05
5.071340000000000000e+05
5.081660000000000000e+05
5.087020000000000000e+05
5.092760000000000000e+05
5.097090000000000000e+05
5.099190000000000000e+05
5.099190000000000000e+05
5.104700000000000000e+05
5.118540000000000000e+05
5.118540000000000000e+05
5.124600000000000000e+05
5.135840000000000000e+05
5.135840000000000000e+05
5.138100000000000000e+05
5.138100000000000000e+05
5.146790000000000000e+05
5.153730000000000000e+05
5.172290000000000000e+05
5.172290000000000000e+05
5.179020000000000000e+05
5.182660000000000000e+05
5.188700000000000000e+05
5.196690000000000000e+05
5.215180000000000000e+05
5.225300000000000000e+05
5.225300000000000000e+05
5.234850000000000000e+05
5.242610000000000000e+05
5.251870000000000000e+05
5.263060000000000000e+05
5.273800000000000000e+05
5.273800000000000000e+05
5.284070000000000000e+05
5.290750000000000000e+05
5.303690000000000000e+05
5.314280000000000000e+05
5.314280000000000000e+05
5.337560000000000000e+05
5.351150000000000000e+05
5.351150000000000000e+05
5.364720000000000000e+05
5.364720000000000000e+05
5.375590000000000000e+05
5.386470000000000000e+05
5.397620000000000000e+05
5.408690000000000000e+05
5.428590000000000000e+05
5.433900000000000000e+05
5.446660000000000000e+05
5.461550000000000000e+05
5.461550000000000000e+05
5.478920000000000000e+05
5.496380000000000000e+05
5.515160000000000000e+05
5.531080000000000000e+05
5.531080000000000000e+05
5.549990000000000000e+05
5.567650000000000000e+05
5.585650000000000000e+05
5.606840000000000000e+05
5.638580000000000000e+05
5.647470000000000000e+05
5.647470000000000000e+05
5.689670000000000000e+05
5.689670000000000000e+05
5.708760000000000000e+05
5.752470000000000000e+05
5.752470000000000000e+05
5.766020000000000000e+05
5.778080000000000000e+05
5.806900000000000000e+05
5.856240000000000000e+05
5.917730000000000000e+05
5.997530000000000000e+05
5.997530000000000000e+05
6.110310000000000000e+05
6.223120000000000000e+05
6.223120000000000000e+05
6.315540000000000000e+05
6.418170000000000000e+05
6.528190000000000000e+05
6.718320000000000000e+05
6.771660000000000000e+05
6.860230000000000000e+05
6.972360000000000000e+05
7.112990000000000000e+05
7.112990000000000000e+05
7.254590000000000000e+05
7.254590000000000000e+05
7.490700000000000000e+05
7.543350000000000000e+05
7.633920000000000000e+05
7.742270000000000000e+05
7.950870000000000000e+05
8.046770000000000000e+05
8.046770000000000000e+05
8.046770000000000000e+05
8.205830000000000000e+05
8.282320000000000000e+05
8.351700000000000000e+05
8.417570000000000000e+05
8.417570000000000000e+05
8.471800000000000000e+05
8.522800000000000000e+05
8.557050000000000000e+05
8.595300000000000000e+05
8.636750000000000000e+05
8.670710000000000000e+05
8.670710000000000000e+05
8.717490000000000000e+05
8.717490000000000000e+05
8.749060000000000000e+05
8.749060000000000000e+05
8.789220000000000000e+05
8.789220000000000000e+05
8.808910000000000000e+05
8.826490000000000000e+05
8.833820000000000000e+05
8.850040000000000000e+05
8.861080000000000000e+05
8.870890000000000000e+05
8.870890000000000000e+05
8.881750000000000000e+05
8.890440000000000000e+05
8.895110000000000000e+05
8.904200000000000000e+05
8.911120000000000000e+05
8.918510000000000000e+05
8.918510000000000000e+05
8.925370000000000000e+05
8.930480000000000000e+05
8.932230000000000000e+05
8.933950000000000000e+05
8.935120000000000000e+05
8.937750000000000000e+05
8.942000000000000000e+05
8.942000000000000000e+05
8.945510000000000000e+05
8.950980000000000000e+05
8.950980000000000000e+05
8.954240000000000000e+05
8.963150000000000000e+05
8.967440000000000000e+05
8.970980000000000000e+05
8.973510000000000000e+05
8.974890000000000000e+05
8.974890000000000000e+05
8.979700000000000000e+05
8.984640000000000000e+05
8.989410000000000000e+05
8.995240000000000000e+05
8.995240000000000000e+05
8.996970000000000000e+05
8.999990000000000000e+05
8.999990000000000000e+05
9.002600000000000000e+05
9.005570000000000000e+05
9.008450000000000000e+05
9.011080000000000000e+05
9.013670000000000000e+05
9.015870000000000000e+05
9.017520000000000000e+05
9.019430000000000000e+05
9.019430000000000000e+05
9.023160000000000000e+05
9.024480000000000000e+05
9.024970000000000000e+05
9.024970000000000000e+05
9.027490000000000000e+05
9.027490000000000000e+05
9.030620000000000000e+05
9.030620000000000000e+05
9.033060000000000000e+05
9.033060000000000000e+05
9.034770000000000000e+05
9.035840000000000000e+05
9.036770000000000000e+05
9.037760000000000000e+05
9.037760000000000000e+05
9.038880000000000000e+05
9.039080000000000000e+05
9.039080000000000000e+05
9.040290000000000000e+05
9.041260000000000000e+05
9.042120000000000000e+05
9.042940000000000000e+05
9.042940000000000000e+05
9.044460000000000000e+05
9.044790000000000000e+05
9.046570000000000000e+05
9.047580000000000000e+05
9.047580000000000000e+05
9.048830000000000000e+05
9.049740000000000000e+05
9.050740000000000000e+05
9.050740000000000000e+05
9.050970000000000000e+05
9.051500000000000000e+05
9.052120000000000000e+05
9.053550000000000000e+05
9.054280000000000000e+05
9.054530000000000000e+05
9.054530000000000000e+05
9.055300000000000000e+05
9.058200000000000000e+05
9.058200000000000000e+05
9.059940000000000000e+05
9.061460000000000000e+05
9.061460000000000000e+05
9.063330000000000000e+05
9.064620000000000000e+05
9.064620000000000000e+05
9.067430000000000000e+05
9.070130000000000000e+05
9.072240000000000000e+05
9.072240000000000000e+05
9.073070000000000000e+05
9.077670000000000000e+05
9.077670000000000000e+05
9.079580000000000000e+05
9.083830000000000000e+05
9.085250000000000000e+05
9.086590000000000000e+05
9.088620000000000000e+05
9.088620000000000000e+05
9.093720000000000000e+05
9.093720000000000000e+05
9.099190000000000000e+05
9.099190000000000000e+05
9.101340000000000000e+05
9.105160000000000000e+05
9.108320000000000000e+05
9.111880000000000000e+05
9.116350000000000000e+05
9.116350000000000000e+05
9.122720000000000000e+05
9.124730000000000000e+05
9.128690000000000000e+05
9.133620000000000000e+05
9.138740000000000000e+05
9.142520000000000000e+05
9.148270000000000000e+05
9.148270000000000000e+05
9.155000000000000000e+05
9.160920000000000000e+05
9.160920000000000000e+05
9.175370000000000000e+05
9.185510000000000000e+05
9.197370000000000000e+05
9.205950000000000000e+05
9.211040000000000000e+05
9.211040000000000000e+05
9.221210000000000000e+05
9.250960000000000000e+05
9.267180000000000000e+05
9.284500000000000000e+05
9.284500000000000000e+05
9.295440000000000000e+05
9.319550000000000000e+05
9.319550000000000000e+05
9.367020000000000000e+05
9.396120000000000000e+05
9.396120000000000000e+05
9.423070000000000000e+05
9.442860000000000000e+05
9.486550000000000000e+05
9.486550000000000000e+05
9.566290000000000000e+05
9.607790000000000000e+05
9.607790000000000000e+05
9.682120000000000000e+05
9.696520000000000000e+05
9.696520000000000000e+05
9.740050000000000000e+05
9.856300000000000000e+05
9.916800000000000000e+05
9.976150000000000000e+05
1.001213000000000000e+06
1.003400000000000000e+06
1.007919000000000000e+06
1.014252000000000000e+06
1.020678000000000000e+06
1.026692000000000000e+06
1.032023000000000000e+06
1.035593000000000000e+06
1.037500000000000000e+06
1.037500000000000000e+06
1.047198000000000000e+06
1.047198000000000000e+06
1.056378000000000000e+06
1.060484000000000000e+06
1.062772000000000000e+06
1.064405000000000000e+06
1.067338000000000000e+06
1.070521000000000000e+06
1.073593000000000000e+06
1.076815000000000000e+06
1.076815000000000000e+06
1.079371000000000000e+06
1.081206000000000000e+06
1.084013000000000000e+06
1.086347000000000000e+06
1.088291000000000000e+06
1.088291000000000000e+06
1.089997000000000000e+06
1.092520000000000000e+06
1.093218000000000000e+06
1.094285000000000000e+06
1.095623000000000000e+06
1.095623000000000000e+06
1.096844000000000000e+06
1.098027000000000000e+06
1.099718000000000000e+06
1.100112000000000000e+06
1.100112000000000000e+06
1.101652000000000000e+06
1.101652000000000000e+06
1.103008000000000000e+06
1.103556000000000000e+06
1.103889000000000000e+06
1.104102000000000000e+06
1.104102000000000000e+06
1.104421000000000000e+06
1.105236000000000000e+06
1.105236000000000000e+06
1.105543000000000000e+06
1.105812000000000000e+06
1.106142000000000000e+06
1.106142000000000000e+06
1.106319000000000000e+06
1.106538000000000000e+06
1.106900000000000000e+06
1.106900000000000000e+06
1.107049000000000000e+06
1.107139000000000000e+06
1.107201000000000000e+06
1.107456000000000000e+06
1.107456000000000000e+06
1.107689000000000000e+06
1.107689000000000000e+06
1.107782000000000000e+06
1.107908000000000000e+06
1.107963000000000000e+06
1.107963000000000000e+06
1.108055000000000000e+06
1.108195000000000000e+06
1.108262000000000000e+06
1.108316000000000000e+06
1.108347000000000000e+06
1.108415000000000000e+06
1.108472000000000000e+06
1.108472000000000000e+06
1.108595000000000000e+06
1.108595000000000000e+06
1.108648000000000000e+06
1.108702000000000000e+06
1.108702000000000000e+06
1.108768000000000000e+06
1.108818000000000000e+06
1.108865000000000000e+06
1.108903000000000000e+06
1.108948000000000000e+06
1.108948000000000000e+06
1.109037000000000000e+06
1.109037000000000000e+06
1.109123000000000000e+06
1.109171000000000000e+06
1.109171000000000000e+06
1.109171000000000000e+06
1.109238000000000000e+06
1.109238000000000000e+06
1.109277000000000000e+06
1.109309000000000000e+06
1.109309000000000000e+06
1.109385000000000000e+06
1.109385000000000000e+06
1.109447000000000000e+06
1.109447000000000000e+06
1.109491000000000000e+06
1.109491000000000000e+06
1.109512000000000000e+06
1.109529000000000000e+06
1.109581000000000000e+06
1.109601000000000000e+06
1.109652000000000000e+06
1.109652000000000000e+06
1.109730000000000000e+06
1.109730000000000000e+06
1.109763000000000000e+06
1.109822000000000000e+06
1.109822000000000000e+06
1.109838000000000000e+06
1.109889000000000000e+06
1.110014000000000000e+06
1.110014000000000000e+06
1.110064000000000000e+06
1.110064000000000000e+06
1.110190000000000000e+06
1.110190000000000000e+06
1.110256000000000000e+06
1.110413000000000000e+06
1.110413000000000000e+06
1.110505000000000000e+06
1.110608000000000000e+06
1.110701000000000000e+06
1.110766000000000000e+06
1.111086000000000000e+06
1.111086000000000000e+06
1.111357000000000000e+06
1.111646000000000000e+06
1.112309000000000000e+06
1.112501000000000000e+06
