0.000000000000000000e+00
0.000000000000000000e+00
0.000000000000000000e+00
0.000000000000000000e+00
0.000000000000000000e+00
0.000000000000000000e+00
0.000000000000000000e+00
0.000000000000000000e+00
0.000000000000000000e+00
0.000000000000000000e+00
0.000000000000000000e+00
0.000000000000000000e+00
0.000000000000000000e+00
0.000000000000000000e+00
0.000000000000000000e+00
0.000000000000000000e+00
0.000000000000000000e+00
0.000000000000000000e+00
0.000000000000000000e+00
0.000000000000000000e+00
0.000000000000000000e+00
0.000000000000000000e+00
0.000000000000000000e+00
0.000000000000000000e+00
0.000000000000000000e+00
0.000000000000000000e+00
0.000000000000000000e+00
0.000000000000000000e+00
0.000000000000000000e+00
0.000000000000000000e+00
0.000000000000000000e+00
0.000000000000000000e+00
0.000000000000000000e+00
0.000000000000000000e+00
0.000000000000000000e+00
0.000000000000000000e+00
0.000000000000000000e+00
0.000000000000000000e+00
0.000000000000000000e+00
0.000000000000000000e+00
0.000000000000000000e+00
0.000000000000000000e+00
0.000000000000000000e+00
0.000000000000000000e+00
0.000000000000000000e+00
0.000000000000000000e+00
0.000000000000000000e+00
0.000000000000000000e+00
0.000000000000000000e+00
0.000000000000000000e+00
0.000000000000000000e+00
0.000000000000000000e+00
0.000000000000000000e+00
0.000000000000000000e+00
0.000000000000000000e+00
0.000000000000000000e+00
0.000000000000000000e+00
0.000000000000000000e+00
0.000000000000000000e+00
0.000000000000000000e+00
0.000000000000000000e+00
0.000000000000000000e+00
0.000000000000000000e+00
0.000000000000000000e+00
0.000000000000000000e+00
0.000000000000000000e+00
0.000000000000000000e+00
0.000000000000000000e+00
0.000000000000000000e+00
0.000000000000000000e+00
1.000000000000000000e+00
0.000000000000000000e+00
0.000000000000000000e+00
0.000000000000000000e+00
1.000000000000000000e+00
0.000000000000000000e+00
0.000000000000000000e+00
0.000000000000000000e+00
0.000000000000000000e+00
0.000000000000000000e+00
0.000000000000000000e+00
0.000000000000000000e+00
0.000000000000000000e+00
4.000000000000000000e+00
1.000000000000000000e+00
7.000000000000000000e+00
1.200000000000000000e+01
5.000000000000000000e+00
0.000000000000000000e+00
0.000000000000000000e+00
6.000000000000000000e+00
7.000000000000000000e+00
0.000000000000000000e+00
1.000000000000000000e+01
0.000000000000000000e+00
2.600000000000000000e+01
1.800000000000000000e+01
1.200000000000000000e+01
7.000000000000000000e+00
1.500000000000000000e+01
2.000000000000000000e+00
2.500000000000000000e+01
7.000000000000000000e+00
8.000000000000000000e+00
1.300000000000000000e+01
1.100000000000000000e+01
2.100000000000000000e+01
1.800000000000000000e+01
2.100000000000000000e+01
1.500000000000000000e+01
2.600000000000000000e+01
1.400000000000000000e+01
2.600000000000000000e+01
1.700000000000000000e+01
7.800000000000000000e+01
3.900000000000000000e+01
2.000000000000000000e+01
1.000000000000000000e+01
3.000000000000000000e+01
2.000000000000000000e+01
8.000000000000000000e+00
1.400000000000000000e+01
3.400000000000000000e+01
2.000000000000000000e+01
1.800000000000000000e+01
3.000000000000000000e+01
1.200000000000000000e+01
4.900000000000000000e+01
1.100000000000000000e+01
1.400000000000000000e+02
7.900000000000000000e+01
1.690000000000000000e+02
1.610000000000000000e+02
2.090000000000000000e+02
1.510000000000000000e+02
8.100000000000000000e+01
1.630000000000000000e+02
1.840000000000000000e+02
7.300000000000000000e+01
3.100000000000000000e+01
7.100000000000000000e+01
1.110000000000000000e+02
5.900000000000000000e+01
3.370000000000000000e+02
3.450000000000000000e+02
3.170000000000000000e+02
3.220000000000000000e+02
2.500000000000000000e+02
0.000000000000000000e+00
6.680000000000000000e+02
4.160000000000000000e+02
3.680000000000000000e+02
4.030000000000000000e+02
4.430000000000000000e+02
4.950000000000000000e+02
5.430000000000000000e+02
3.980000000000000000e+02
4.220000000000000000e+02
3.590000000000000000e+02
4.110000000000000000e+02
4.120000000000000000e+02
4.240000000000000000e+02
5.940000000000000000e+02
4.080000000000000000e+02
5.060000000000000000e+02
3.950000000000000000e+02
2.620000000000000000e+02
4.690000000000000000e+02
4.850000000000000000e+02
4.710000000000000000e+02
5.640000000000000000e+02
4.150000000000000000e+02
5.100000000000000000e+02
4.510000000000000000e+02
5.250000000000000000e+02
5.380000000000000000e+02
6.220000000000000000e+02
9.030000000000000000e+02
3.180000000000000000e+02
3.530000000000000000e+02
3.220000000000000000e+02
4.150000000000000000e+02
4.310000000000000000e+02
3.090000000000000000e+02
5.840000000000000000e+02
3.370000000000000000e+02
2.180000000000000000e+02
3.090000000000000000e+02
4.930000000000000000e+02
5.350000000000000000e+02
7.990000000000000000e+02
2.770000000000000000e+02
3.860000000000000000e+02
1.880000000000000000e+02
3.540000000000000000e+02
8.800000000000000000e+02
1.047000000000000000e+03
9.360000000000000000e+02
7.660000000000000000e+02
7.650000000000000000e+02
9.040000000000000000e+02
1.015000000000000000e+03
9.300000000000000000e+02
1.077000000000000000e+03
8.900000000000000000e+02
1.003000000000000000e+03
9.150000000000000000e+02
8.530000000000000000e+02
9.800000000000000000e+02
1.152000000000000000e+03
1.342000000000000000e+03
1.146000000000000000e+03
1.030000000000000000e+03
1.746000000000000000e+03
1.509000000000000000e+03
1.654000000000000000e+03
1.825000000000000000e+03
1.522000000000000000e+03
2.124000000000000000e+03
2.393000000000000000e+03
1.835000000000000000e+03
1.748000000000000000e+03
1.911000000000000000e+03
1.716000000000000000e+03
1.950000000000000000e+03
1.810000000000000000e+03
1.960000000000000000e+03
1.722000000000000000e+03
1.923000000000000000e+03
1.661000000000000000e+03
1.948000000000000000e+03
2.118000000000000000e+03
2.267000000000000000e+03
1.757000000000000000e+03
1.556000000000000000e+03
1.490000000000000000e+03
9.120000000000000000e+02
1.018000000000000000e+03
8.150000000000000000e+02
6.850000000000000000e+02
7.410000000000000000e+02
5.750000000000000000e+02
5.850000000000000000e+02
6.230000000000000000e+02
6.130000000000000000e+02
7.030000000000000000e+02
5.450000000000000000e+02
7.670000000000000000e+02
5.380000000000000000e+02
3.850000000000000000e+02
5.330000000000000000e+02
5.710000000000000000e+02
6.340000000000000000e+02
6.360000000000000000e+02
4.890000000000000000e+02
4.510000000000000000e+02
4.420000000000000000e+02
4.600000000000000000e+02
5.350000000000000000e+02
7.260000000000000000e+02
5.440000000000000000e+02
5.350000000000000000e+02
4.390000000000000000e+02
3.170000000000000000e+02
4.200000000000000000e+02
5.600000000000000000e+02
5.590000000000000000e+02
8.570000000000000000e+02
3.970000000000000000e+02
3.060000000000000000e+02
2.810000000000000000e+02
4.740000000000000000e+02
5.690000000000000000e+02
8.040000000000000000e+02
6.200000000000000000e+02
6.830000000000000000e+02
4.340000000000000000e+02
5.910000000000000000e+02
5.700000000000000000e+02
5.410000000000000000e+02
5.340000000000000000e+02
4.560000000000000000e+02
4.190000000000000000e+02
3.250000000000000000e+02
3.450000000000000000e+02
2.070000000000000000e+02
4.710000000000000000e+02
3.160000000000000000e+02
5.440000000000000000e+02
5.130000000000000000e+02
3.260000000000000000e+02
2.410000000000000000e+02
4.150000000000000000e+02
3.180000000000000000e+02
5.190000000000000000e+02
4.190000000000000000e+02
3.680000000000000000e+02
3.230000000000000000e+02
3.090000000000000000e+02
3.170000000000000000e+02
3.350000000000000000e+02
5.440000000000000000e+02
3.580000000000000000e+02
3.380000000000000000e+02
1.510000000000000000e+02
1.580000000000000000e+02
2.100000000000000000e+02
2.870000000000000000e+02
3.740000000000000000e+02
5.110000000000000000e+02
3.300000000000000000e+02
2.300000000000000000e+02
1.920000000000000000e+02
2.300000000000000000e+02
7.930000000000000000e+02
1.178000000000000000e+03
3.420000000000000000e+02
3.750000000000000000e+02
2.060000000000000000e+02
2.030000000000000000e+02
1.820000000000000000e+02
2.490000000000000000e+02
2.600000000000000000e+02
2.260000000000000000e+02
1.700000000000000000e+02
2.060000000000000000e+02
1.290000000000000000e+02
2.180000000000000000e+02
2.810000000000000000e+02
2.300000000000000000e+02
2.050000000000000000e+02
3.850000000000000000e+02
2.750000000000000000e+02
1.540000000000000000e+02
3.390000000000000000e+02
2.320000000000000000e+02
5.120000000000000000e+02
3.350000000000000000e+02
3.670000000000000000e+02
2.150000000000000000e+02
2.530000000000000000e+02
3.980000000000000000e+02
2.900000000000000000e+02
6.690000000000000000e+02
5.180000000000000000e+02
4.130000000000000000e+02
5.030000000000000000e+02
2.340000000000000000e+02
4.240000000000000000e+02
8.320000000000000000e+02
6.830000000000000000e+02
1.080000000000000000e+03
6.160000000000000000e+02
8.220000000000000000e+02
3.830000000000000000e+02
7.220000000000000000e+02
8.630000000000000000e+02
9.990000000000000000e+02
1.065000000000000000e+03
5.430000000000000000e+02
6.690000000000000000e+02
4.890000000000000000e+02
7.900000000000000000e+02
1.310000000000000000e+03
1.041000000000000000e+03
1.166000000000000000e+03
1.006000000000000000e+03
1.145000000000000000e+03
5.440000000000000000e+02
1.030000000000000000e+03
1.086000000000000000e+03
1.822000000000000000e+03
1.345000000000000000e+03
1.541000000000000000e+03
1.236000000000000000e+03
7.230000000000000000e+02
1.104000000000000000e+03
1.438000000000000000e+03
1.574000000000000000e+03
1.562000000000000000e+03
1.546000000000000000e+03
9.080000000000000000e+02
6.860000000000000000e+02
1.375000000000000000e+03
1.557000000000000000e+03
1.738000000000000000e+03
1.619000000000000000e+03
1.629000000000000000e+03
1.324000000000000000e+03
4.930000000000000000e+02
1.282000000000000000e+03
1.098000000000000000e+03
1.183000000000000000e+03
1.196000000000000000e+03
1.299000000000000000e+03
8.840000000000000000e+02
4.380000000000000000e+02
9.630000000000000000e+02
2.527000000000000000e+03
1.187000000000000000e+03
1.249000000000000000e+03
8.690000000000000000e+02
6.030000000000000000e+02
4.790000000000000000e+02
6.200000000000000000e+02
7.180000000000000000e+02
7.290000000000000000e+02
6.060000000000000000e+02
1.026000000000000000e+03
6.960000000000000000e+02
8.090000000000000000e+02
7.640000000000000000e+02
8.420000000000000000e+02
1.058000000000000000e+03
1.316000000000000000e+03
1.250000000000000000e+03
7.450000000000000000e+02
6.020000000000000000e+02
8.150000000000000000e+02
9.580000000000000000e+02
1.057000000000000000e+03
2.199000000000000000e+03
8.940000000000000000e+02
7.200000000000000000e+02
6.500000000000000000e+02
5.850000000000000000e+02
1.088000000000000000e+03
1.209000000000000000e+03
1.069000000000000000e+03
1.046000000000000000e+03
8.180000000000000000e+02
5.820000000000000000e+02
8.860000000000000000e+02
1.467000000000000000e+03
1.106000000000000000e+03
9.620000000000000000e+02
8.360000000000000000e+02
7.880000000000000000e+02
4.500000000000000000e+02
4.850000000000000000e+02
1.304000000000000000e+03
1.025000000000000000e+03
1.224000000000000000e+03
9.850000000000000000e+02
7.860000000000000000e+02
7.390000000000000000e+02
8.760000000000000000e+02
1.224000000000000000e+03
9.500000000000000000e+02
8.990000000000000000e+02
9.600000000000000000e+02
0.000000000000000000e+00
1.740000000000000000e+03
9.990000000000000000e+02
1.142000000000000000e+03
1.227000000000000000e+03
1.501000000000000000e+03
1.015000000000000000e+03
8.020000000000000000e+02
7.520000000000000000e+02
1.040000000000000000e+03
1.288000000000000000e+03
1.142000000000000000e+03
0.000000000000000000e+00
1.277000000000000000e+03
2.400000000000000000e+03
0.000000000000000000e+00
1.903000000000000000e+03
0.000000000000000000e+00
1.245000000000000000e+03
2.140000000000000000e+03
0.000000000000000000e+00
2.370000000000000000e+03
0.000000000000000000e+00
1.114000000000000000e+03
1.418000000000000000e+03
2.047000000000000000e+03
1.495000000000000000e+03
1.461000000000000000e+03
1.315000000000000000e+03
2.402000000000000000e+03
1.713000000000000000e+03
0.000000000000000000e+00
1.666000000000000000e+03
1.480000000000000000e+03
1.162000000000000000e+03
1.634000000000000000e+03
2.665000000000000000e+03
0.000000000000000000e+00
3.160000000000000000e+03
1.474000000000000000e+03
1.462000000000000000e+03
1.703000000000000000e+03
1.516000000000000000e+03
1.388000000000000000e+03
2.560000000000000000e+03
2.307000000000000000e+03
1.882000000000000000e+03
1.698000000000000000e+03
2.198000000000000000e+03
1.861000000000000000e+03
1.600000000000000000e+03
0.000000000000000000e+00
4.521000000000000000e+03
0.000000000000000000e+00
3.964000000000000000e+03
0.000000000000000000e+00
4.362000000000000000e+03
1.999000000000000000e+03
2.363000000000000000e+03
2.456000000000000000e+03
3.664000000000000000e+03
2.514000000000000000e+03
0.000000000000000000e+00
4.474000000000000000e+03
1.968000000000000000e+03
1.855000000000000000e+03
3.650000000000000000e+03
2.270000000000000000e+03
2.036000000000000000e+03
2.402000000000000000e+03
1.715000000000000000e+03
1.537000000000000000e+03
2.006000000000000000e+03
2.276000000000000000e+03
2.075000000000000000e+03
2.505000000000000000e+03
2.100000000000000000e+03
1.408000000000000000e+03
1.388000000000000000e+03
2.051000000000000000e+03
1.760000000000000000e+03
1.486000000000000000e+03
2.052000000000000000e+03
0.000000000000000000e+00
3.057000000000000000e+03
1.767000000000000000e+03
1.445000000000000000e+03
1.496000000000000000e+03
0.000000000000000000e+00
3.150000000000000000e+03
0.000000000000000000e+00
2.579000000000000000e+03
1.575000000000000000e+03
1.803000000000000000e+03
0.000000000000000000e+00
2.805000000000000000e+03
1.561000000000000000e+03
1.681000000000000000e+03
1.054000000000000000e+03
1.033000000000000000e+03
0.000000000000000000e+00
2.714000000000000000e+03
1.113000000000000000e+03
1.344000000000000000e+03
0.000000000000000000e+00
2.079000000000000000e+03
6.450000000000000000e+02
1.191000000000000000e+03
1.065000000000000000e+03
9.970000000000000000e+02
-4.118300000000000000e+05
0.000000000000000000e+00
0.000000000000000000e+00
0.000000000000000000e+00
0.000000000000000000e+00
0.000000000000000000e+00
0.000000000000000000e+00
0.000000000000000000e+00
0.000000000000000000e+00
0.000000000000000000e+00
0.000000000000000000e+00
0.000000000000000000e+00
0.000000000000000000e+00
0.000000000000000000e+00
0.000000000000000000e+00
0.000000000000000000e+00
0.000000000000000000e+00
0.000000000000000000e+00
0.000000000000000000e+00
0.000000000000000000e+00
0.000000000000000000e+00
0.000000000000000000e+00
0.000000000000000000e+00
0.000000000000000000e+00
0.000000000000000000e+00
0.000000000000000000e+00
0.000000000000000000e+00
0.000000000000000000e+00
0.000000000000000000e+00
0.000000000000000000e+00
0.000000000000000000e+00
0.000000000000000000e+00
0.000000000000000000e+00
0.000000000000000000e+00
0.000000000000000000e+00
0.000000000000000000e+00
0.000000000000000000e+00
0.000000000000000000e+00
0.000000000000000000e+00
0.000000000000000000e+00
0.000000000000000000e+00
0.000000000000000000e+00
0.000000000000000000e+00
0.000000000000000000e+00
0.000000000000000000e+00
0.000000000000000000e+00
0.000000000000000000e+00
0.000000000000000000e+00
0.000000000000000000e+00
0.000000000000000000e+00
0.000000000000000000e+00
0.000000000000000000e+00
0.000000000000000000e+00
0.000000000000000000e+00
0.000000000000000000e+00
0.000000000000000000e+00
0.000000000000000000e+00
0.000000000000000000e+00
0.000000000000000000e+00
0.000000000000000000e+00
0.000000000000000000e+00
0.000000000000000000e+00
0.000000000000000000e+00
0.000000000000000000e+00
0.000000000000000000e+00
0.000000000000000000e+00
0.000000000000000000e+00
0.000000000000000000e+00
0.000000000000000000e+00
0.000000000000000000e+00
0.000000000000000000e+00
0.000000000000000000e+00
0.000000000000000000e+00
0.000000000000000000e+00
0.000000000000000000e+00
0.000000000000000000e+00
0.000000000000000000e+00
0.000000000000000000e+00
0.000000000000000000e+00
0.000000000000000000e+00
0.000000000000000000e+00
0.000000000000000000e+00
0.000000000000000000e+00
0.000000000000000000e+00
0.000000000000000000e+00
0.000000000000000000e+00
0.000000000000000000e+00
0.000000000000000000e+00
0.000000000000000000e+00
0.000000000000000000e+00
0.000000000000000000e+00
0.000000000000000000e+00
0.000000000000000000e+00
0.000000000000000000e+00
0.000000000000000000e+00
0.000000000000000000e+00
0.000000000000000000e+00
0.000000000000000000e+00
0.000000000000000000e+00
0.000000000000000000e+00
0.000000000000000000e+00
0.000000000000000000e+00
0.000000000000000000e+00
0.000000000000000000e+00
0.000000000000000000e+00
0.000000000000000000e+00
0.000000000000000000e+00
0.000000000000000000e+00
0.000000000000000000e+00
0.000000000000000000e+00
0.000000000000000000e+00
0.000000000000000000e+00
0.000000000000000000e+00
0.000000000000000000e+00
0.000000000000000000e+00
0.000000000000000000e+00
0.000000000000000000e+00
0.000000000000000000e+00
0.000000000000000000e+00
0.000000000000000000e+00
0.000000000000000000e+00
0.000000000000000000e+00
0.000000000000000000e+00
0.000000000000000000e+00
0.000000000000000000e+00
0.000000000000000000e+00
0.000000000000000000e+00
0.000000000000000000e+00
0.000000000000000000e+00
0.000000000000000000e+00
0.000000000000000000e+00
0.000000000000000000e+00
0.000000000000000000e+00
0.000000000000000000e+00
0.000000000000000000e+00
0.000000000000000000e+00
0.000000000000000000e+00
0.000000000000000000e+00
0.000000000000000000e+00
0.000000000000000000e+00
0.000000000000000000e+00
0.000000000000000000e+00
0.000000000000000000e+00
0.000000000000000000e+00
0.000000000000000000e+00
0.000000000000000000e+00
0.000000000000000000e+00
0.000000000000000000e+00
0.000000000000000000e+00
0.000000000000000000e+00
0.000000000000000000e+00
0.000000000000000000e+00
0.000000000000000000e+00
0.000000000000000000e+00
0.000000000000000000e+00
0.000000000000000000e+00
0.000000000000000000e+00
0.000000000000000000e+00
0.000000000000000000e+00
0.000000000000000000e+00
0.000000000000000000e+00
0.000000000000000000e+00
0.000000000000000000e+00
0.000000000000000000e+00
0.000000000000000000e+00
0.000000000000000000e+00
0.000000000000000000e+00
0.000000000000000000e+00
0.000000000000000000e+00
0.000000000000000000e+00
0.000000000000000000e+00
0.000000000000000000e+00
0.000000000000000000e+00
0.000000000000000000e+00
0.000000000000000000e+00
0.000000000000000000e+00
0.000000000000000000e+00
0.000000000000000000e+00
0.000000000000000000e+00
0.000000000000000000e+00
0.000000000000000000e+00
0.000000000000000000e+00
0.000000000000000000e+00
0.000000000000000000e+00
0.000000000000000000e+00
0.000000000000000000e+00
0.000000000000000000e+00
0.000000000000000000e+00
0.000000000000000000e+00
0.000000000000000000e+00
0.000000000000000000e+00
0.000000000000000000e+00
0.000000000000000000e+00
0.000000000000000000e+00
0.000000000000000000e+00
0.000000000000000000e+00
0.000000000000000000e+00
0.000000000000000000e+00
0.000000000000000000e+00
0.000000000000000000e+00
0.000000000000000000e+00
0.000000000000000000e+00
0.000000000000000000e+00
0.000000000000000000e+00
0.000000000000000000e+00
0.000000000000000000e+00
0.000000000000000000e+00
0.000000000000000000e+00
0.000000000000000000e+00
0.000000000000000000e+00
0.000000000000000000e+00
0.000000000000000000e+00
0.000000000000000000e+00
0.000000000000000000e+00
0.000000000000000000e+00
0.000000000000000000e+00
0.000000000000000000e+00
0.000000000000000000e+00
0.000000000000000000e+00
0.000000000000000000e+00
0.000000000000000000e+00
0.000000000000000000e+00
0.000000000000000000e+00
0.000000000000000000e+00
0.000000000000000000e+00
0.000000000000000000e+00
0.000000000000000000e+00
0.000000000000000000e+00
0.000000000000000000e+00
0.000000000000000000e+00
0.000000000000000000e+00
0.000000000000000000e+00
0.000000000000000000e+00
0.000000000000000000e+00
0.000000000000000000e+00
0.000000000000000000e+00
0.000000000000000000e+00
0.000000000000000000e+00
0.000000000000000000e+00
0.000000000000000000e+00
0.000000000000000000e+00
0.000000000000000000e+00
0.000000000000000000e+00
0.000000000000000000e+00
0.000000000000000000e+00
0.000000000000000000e+00
0.000000000000000000e+00
0.000000000000000000e+00
0.000000000000000000e+00
0.000000000000000000e+00
0.000000000000000000e+00
0.000000000000000000e+00
0.000000000000000000e+00
0.000000000000000000e+00
0.000000000000000000e+00
0.000000000000000000e+00
0.000000000000000000e+00
0.000000000000000000e+00
0.000000000000000000e+00
0.000000000000000000e+00
0.000000000000000000e+00
0.000000000000000000e+00
0.000000000000000000e+00
0.000000000000000000e+00
0.000000000000000000e+00
0.000000000000000000e+00
0.000000000000000000e+00
0.000000000000000000e+00
0.000000000000000000e+00
0.000000000000000000e+00
0.000000000000000000e+00
0.000000000000000000e+00
0.000000000000000000e+00
0.000000000000000000e+00
0.000000000000000000e+00
0.000000000000000000e+00
0.000000000000000000e+00
0.000000000000000000e+00
0.000000000000000000e+00
0.000000000000000000e+00
0.000000000000000000e+00
0.000000000000000000e+00
0.000000000000000000e+00
0.000000000000000000e+00
0.000000000000000000e+00
0.000000000000000000e+00
0.000000000000000000e+00
0.000000000000000000e+00
0.000000000000000000e+00
0.000000000000000000e+00
0.000000000000000000e+00
0.000000000000000000e+00
0.000000000000000000e+00
0.000000000000000000e+00
0.000000000000000000e+00
0.000000000000000000e+00
0.000000000000000000e+00
0.000000000000000000e+00
0.000000000000000000e+00
0.000000000000000000e+00
0.000000000000000000e+00
0.000000000000000000e+00
0.000000000000000000e+00
0.000000000000000000e+00
0.000000000000000000e+00
0.000000000000000000e+00
0.000000000000000000e+00
0.000000000000000000e+00
0.000000000000000000e+00
0.000000000000000000e+00
0.000000000000000000e+00
0.000000000000000000e+00
0.000000000000000000e+00
0.000000000000000000e+00
0.000000000000000000e+00
0.000000000000000000e+00
0.000000000000000000e+00
0.000000000000000000e+00
0.000000000000000000e+00
0.000000000000000000e+00
0.000000000000000000e+00
0.000000000000000000e+00
0.000000000000000000e+00
0.000000000000000000e+00
0.000000000000000000e+00
0.000000000000000000e+00
0.000000000000000000e+00
0.000000000000000000e+00
0.000000000000000000e+00
0.000000000000000000e+00
0.000000000000000000e+00
0.000000000000000000e+00
0.000000000000000000e+00
0.000000000000000000e+00
0.000000000000000000e+00
0.000000000000000000e+00
0.000000000000000000e+00
0.000000000000000000e+00
0.000000000000000000e+00
0.000000000000000000e+00
0.000000000000000000e+00
0.000000000000000000e+00
0.000000000000000000e+00
0.000000000000000000e+00
0.000000000000000000e+00
0.000000000000000000e+00
0.000000000000000000e+00
0.000000000000000000e+00
0.000000000000000000e+00
0.000000000000000000e+00
0.000000000000000000e+00
0.000000000000000000e+00
0.000000000000000000e+00
0.000000000000000000e+00
0.000000000000000000e+00
0.000000000000000000e+00
0.000000000000000000e+00
0.000000000000000000e+00
0.000000000000000000e+00
0.000000000000000000e+00
0.000000000000000000e+00
0.000000000000000000e+00
0.000000000000000000e+00
0.000000000000000000e+00
0.000000000000000000e+00
0.000000000000000000e+00
0.000000000000000000e+00
0.000000000000000000e+00
0.000000000000000000e+00
0.000000000000000000e+00
0.000000000000000000e+00
0.000000000000000000e+00
0.000000000000000000e+00
0.000000000000000000e+00
0.000000000000000000e+00
0.000000000000000000e+00
0.000000000000000000e+00
0.000000000000000000e+00
0.000000000000000000e+00
0.000000000000000000e+00
0.000000000000000000e+00
0.000000000000000000e+00
0.000000000000000000e+00
0.000000000000000000e+00
0.000000000000000000e+00
0.000000000000000000e+00
0.000000000000000000e+00
0.000000000000000000e+00
0.000000000000000000e+00
0.000000000000000000e+00
0.000000000000000000e+00
0.000000000000000000e+00
0.000000000000000000e+00
0.000000000000000000e+00
0.000000000000000000e+00
0.000000000000000000e+00
0.000000000000000000e+00
0.000000000000000000e+00
0.000000000000000000e+00
0.000000000000000000e+00
0.000000000000000000e+00
0.000000000000000000e+00
0.000000000000000000e+00
0.000000000000000000e+00
0.000000000000000000e+00
0.000000000000000000e+00
0.000000000000000000e+00
0.000000000000000000e+00
0.000000000000000000e+00
0.000000000000000000e+00
0.000000000000000000e+00
0.000000000000000000e+00
0.000000000000000000e+00
0.000000000000000000e+00
0.000000000000000000e+00
0.000000000000000000e+00
0.000000000000000000e+00
0.000000000000000000e+00
0.000000000000000000e+00
0.000000000000000000e+00
0.000000000000000000e+00
0.000000000000000000e+00
0.000000000000000000e+00
0.000000000000000000e+00
0.000000000000000000e+00
0.000000000000000000e+00
0.000000000000000000e+00
0.000000000000000000e+00
0.000000000000000000e+00
0.000000000000000000e+00
0.000000000000000000e+00
0.000000000000000000e+00
0.000000000000000000e+00
0.000000000000000000e+00
0.000000000000000000e+00
0.000000000000000000e+00
0.000000000000000000e+00
0.000000000000000000e+00
0.000000000000000000e+00
0.000000000000000000e+00
0.000000000000000000e+00
0.000000000000000000e+00
0.000000000000000000e+00
0.000000000000000000e+00
0.000000000000000000e+00
0.000000000000000000e+00
0.000000000000000000e+00
0.000000000000000000e+00
0.000000000000000000e+00
0.000000000000000000e+00
0.000000000000000000e+00
0.000000000000000000e+00
0.000000000000000000e+00
0.000000000000000000e+00
0.000000000000000000e+00
0.000000000000000000e+00
0.000000000000000000e+00
0.000000000000000000e+00
0.000000000000000000e+00
0.000000000000000000e+00
0.000000000000000000e+00
0.000000000000000000e+00
0.000000000000000000e+00
0.000000000000000000e+00
0.000000000000000000e+00
0.000000000000000000e+00
0.000000000000000000e+00
0.000000000000000000e+00
0.000000000000000000e+00
0.000000000000000000e+00
0.000000000000000000e+00
0.000000000000000000e+00
0.000000000000000000e+00
0.000000000000000000e+00
0.000000000000000000e+00
0.000000000000000000e+00
0.000000000000000000e+00
0.000000000000000000e+00
0.000000000000000000e+00
0.000000000000000000e+00
0.000000000000000000e+00
0.000000000000000000e+00
0.000000000000000000e+00
0.000000000000000000e+00
0.000000000000000000e+00
0.000000000000000000e+00
0.000000000000000000e+00
0.000000000000000000e+00
0.000000000000000000e+00
0.000000000000000000e+00
0.000000000000000000e+00
0.000000000000000000e+00
0.000000000000000000e+00
0.000000000000000000e+00
0.000000000000000000e+00
0.000000000000000000e+00
0.000000000000000000e+00
0.000000000000000000e+00
0.000000000000000000e+00
0.000000000000000000e+00
0.000000000000000000e+00
0.000000000000000000e+00
0.000000000000000000e+00
0.000000000000000000e+00
0.000000000000000000e+00
0.000000000000000000e+00
0.000000000000000000e+00
0.000000000000000000e+00
0.000000000000000000e+00
0.000000000000000000e+00
0.000000000000000000e+00
0.000000000000000000e+00
0.000000000000000000e+00
0.000000000000000000e+00
0.000000000000000000e+00
0.000000000000000000e+00
0.000000000000000000e+00
0.000000000000000000e+00
0.000000000000000000e+00
0.000000000000000000e+00
0.000000000000000000e+00
0.000000000000000000e+00
0.000000000000000000e+00
0.000000000000000000e+00
0.000000000000000000e+00
0.000000000000000000e+00
0.000000000000000000e+00
0.000000000000000000e+00
0.000000000000000000e+00
0.000000000000000000e+00
0.000000000000000000e+00
0.000000000000000000e+00
0.000000000000000000e+00
0.000000000000000000e+00
