0.000000000000000000e+00
0.000000000000000000e+00
0.000000000000000000e+00
0.000000000000000000e+00
0.000000000000000000e+00
0.000000000000000000e+00
0.000000000000000000e+00
0.000000000000000000e+00
0.000000000000000000e+00
0.000000000000000000e+00
0.000000000000000000e+00
0.000000000000000000e+00
0.000000000000000000e+00
0.000000000000000000e+00
0.000000000000000000e+00
0.000000000000000000e+00
0.000000000000000000e+00
0.000000000000000000e+00
0.000000000000000000e+00
0.000000000000000000e+00
0.000000000000000000e+00
0.000000000000000000e+00
0.000000000000000000e+00
0.000000000000000000e+00
0.000000000000000000e+00
0.000000000000000000e+00
0.000000000000000000e+00
0.000000000000000000e+00
0.000000000000000000e+00
0.000000000000000000e+00
0.000000000000000000e+00
0.000000000000000000e+00
0.000000000000000000e+00
0.000000000000000000e+00
0.000000000000000000e+00
0.000000000000000000e+00
0.000000000000000000e+00
0.000000000000000000e+00
0.000000000000000000e+00
0.000000000000000000e+00
0.000000000000000000e+00
0.000000000000000000e+00
1.000000000000000000e+00
0.000000000000000000e+00
0.000000000000000000e+00
0.000000000000000000e+00
0.000000000000000000e+00
0.000000000000000000e+00
0.000000000000000000e+00
0.000000000000000000e+00
0.000000000000000000e+00
0.000000000000000000e+00
0.000000000000000000e+00
0.000000000000000000e+00
0.000000000000000000e+00
2.000000000000000000e+00
0.000000000000000000e+00
1.000000000000000000e+00
0.000000000000000000e+00
0.000000000000000000e+00
4.000000000000000000e+00
0.000000000000000000e+00
0.000000000000000000e+00
1.200000000000000000e+01
3.000000000000000000e+00
4.000000000000000000e+00
3.000000000000000000e+00
0.000000000000000000e+00
5.000000000000000000e+00
2.000000000000000000e+00
6.000000000000000000e+00
3.000000000000000000e+00
4.000000000000000000e+00
4.000000000000000000e+00
0.000000000000000000e+00
6.000000000000000000e+00
2.000000000000000000e+00
0.000000000000000000e+00
5.000000000000000000e+00
9.000000000000000000e+00
1.000000000000000000e+00
3.000000000000000000e+00
0.000000000000000000e+00
0.000000000000000000e+00
5.000000000000000000e+00
1.000000000000000000e+00
0.000000000000000000e+00
1.300000000000000000e+01
3.000000000000000000e+00
1.000000000000000000e+00
5.000000000000000000e+00
5.000000000000000000e+00
2.700000000000000000e+01
0.000000000000000000e+00
3.000000000000000000e+00
2.000000000000000000e+00
0.000000000000000000e+00
0.000000000000000000e+00
5.000000000000000000e+00
0.000000000000000000e+00
4.200000000000000000e+01
5.000000000000000000e+00
3.000000000000000000e+00
0.000000000000000000e+00
6.000000000000000000e+00
0.000000000000000000e+00
1.400000000000000000e+01
3.000000000000000000e+00
1.100000000000000000e+01
0.000000000000000000e+00
0.000000000000000000e+00
0.000000000000000000e+00
2.000000000000000000e+00
0.000000000000000000e+00
1.000000000000000000e+01
1.000000000000000000e+00
0.000000000000000000e+00
4.000000000000000000e+00
0.000000000000000000e+00
0.000000000000000000e+00
4.120000000000000000e+02
0.000000000000000000e+00
4.000000000000000000e+00
2.100000000000000000e+01
0.000000000000000000e+00
1.000000000000000000e+00
3.000000000000000000e+00
7.000000000000000000e+00
6.000000000000000000e+00
3.000000000000000000e+00
4.000000000000000000e+00
3.000000000000000000e+00
4.000000000000000000e+00
5.000000000000000000e+00
7.000000000000000000e+00
3.700000000000000000e+01
0.000000000000000000e+00
0.000000000000000000e+00
1.100000000000000000e+01
1.600000000000000000e+01
3.700000000000000000e+01
1.300000000000000000e+01
8.000000000000000000e+00
1.500000000000000000e+01
0.000000000000000000e+00
7.000000000000000000e+00
1.400000000000000000e+01
1.800000000000000000e+01
3.700000000000000000e+01
1.600000000000000000e+01
4.600000000000000000e+01
6.200000000000000000e+01
9.000000000000000000e+00
2.100000000000000000e+01
5.000000000000000000e+00
4.100000000000000000e+01
0.000000000000000000e+00
9.000000000000000000e+00
0.000000000000000000e+00
1.700000000000000000e+01
1.300000000000000000e+01
4.000000000000000000e+01
1.900000000000000000e+01
5.000000000000000000e+01
1.200000000000000000e+01
7.000000000000000000e+00
0.000000000000000000e+00
3.700000000000000000e+01
2.000000000000000000e+01
0.000000000000000000e+00
3.400000000000000000e+01
0.000000000000000000e+00
1.800000000000000000e+01
3.000000000000000000e+00
2.900000000000000000e+01
3.000000000000000000e+00
3.000000000000000000e+01
0.000000000000000000e+00
0.000000000000000000e+00
3.000000000000000000e+01
4.700000000000000000e+01
1.500000000000000000e+01
3.000000000000000000e+01
1.200000000000000000e+01
4.700000000000000000e+01
5.000000000000000000e+00
2.100000000000000000e+01
1.700000000000000000e+01
1.000000000000000000e+00
4.300000000000000000e+01
0.000000000000000000e+00
8.000000000000000000e+00
0.000000000000000000e+00
3.400000000000000000e+01
4.200000000000000000e+01
0.000000000000000000e+00
4.300000000000000000e+01
9.400000000000000000e+01
6.800000000000000000e+01
1.000000000000000000e+00
8.400000000000000000e+01
1.630000000000000000e+02
8.700000000000000000e+01
3.000000000000000000e+01
8.900000000000000000e+01
5.500000000000000000e+01
9.900000000000000000e+01
7.400000000000000000e+01
8.500000000000000000e+01
4.300000000000000000e+01
7.600000000000000000e+01
1.120000000000000000e+02
1.640000000000000000e+02
1.420000000000000000e+02
2.790000000000000000e+02
7.900000000000000000e+01
1.900000000000000000e+01
2.320000000000000000e+02
1.780000000000000000e+02
1.270000000000000000e+02
2.240000000000000000e+02
2.090000000000000000e+02
1.180000000000000000e+02
1.770000000000000000e+02
2.070000000000000000e+02
1.430000000000000000e+02
2.540000000000000000e+02
2.760000000000000000e+02
2.710000000000000000e+02
2.910000000000000000e+02
2.920000000000000000e+02
3.020000000000000000e+02
2.880000000000000000e+02
0.000000000000000000e+00
6.240000000000000000e+02
3.980000000000000000e+02
4.310000000000000000e+02
4.510000000000000000e+02
4.180000000000000000e+02
5.830000000000000000e+02
5.220000000000000000e+02
7.010000000000000000e+02
6.070000000000000000e+02
4.600000000000000000e+02
3.710000000000000000e+02
6.490000000000000000e+02
5.850000000000000000e+02
6.660000000000000000e+02
6.560000000000000000e+02
6.550000000000000000e+02
5.870000000000000000e+02
4.340000000000000000e+02
4.550000000000000000e+02
5.380000000000000000e+02
6.360000000000000000e+02
5.200000000000000000e+02
5.230000000000000000e+02
4.610000000000000000e+02
2.470000000000000000e+02
6.300000000000000000e+02
6.400000000000000000e+02
6.470000000000000000e+02
3.120000000000000000e+02
7.820000000000000000e+02
4.400000000000000000e+02
6.400000000000000000e+02
5.830000000000000000e+02
8.300000000000000000e+02
4.740000000000000000e+02
7.290000000000000000e+02
8.650000000000000000e+02
7.930000000000000000e+02
6.430000000000000000e+02
9.720000000000000000e+02
9.390000000000000000e+02
1.003000000000000000e+03
1.026000000000000000e+03
1.365000000000000000e+03
7.420000000000000000e+02
1.252000000000000000e+03
9.900000000000000000e+02
1.336000000000000000e+03
1.229000000000000000e+03
1.272000000000000000e+03
1.280000000000000000e+03
9.810000000000000000e+02
0.000000000000000000e+00
1.147000000000000000e+03
7.880000000000000000e+02
0.000000000000000000e+00
7.820000000000000000e+02
0.000000000000000000e+00
5.126000000000000000e+03
1.632000000000000000e+03
1.509000000000000000e+03
8.370000000000000000e+02
1.987000000000000000e+03
8.450000000000000000e+02
1.878000000000000000e+03
8.470000000000000000e+02
1.132000000000000000e+03
1.330000000000000000e+02
8.760000000000000000e+02
1.281000000000000000e+03
1.450000000000000000e+03
1.532000000000000000e+03
1.412000000000000000e+03
1.476000000000000000e+03
6.810000000000000000e+02
9.160000000000000000e+02
1.856000000000000000e+03
9.420000000000000000e+02
1.824000000000000000e+03
6.260000000000000000e+03
0.000000000000000000e+00
0.000000000000000000e+00
1.108000000000000000e+03
1.877000000000000000e+03
0.000000000000000000e+00
4.210000000000000000e+03
0.000000000000000000e+00
2.871000000000000000e+03
9.420000000000000000e+02
1.695000000000000000e+03
1.910000000000000000e+03
9.370000000000000000e+02
2.750000000000000000e+03
1.723000000000000000e+03
1.150000000000000000e+03
0.000000000000000000e+00
2.505000000000000000e+03
0.000000000000000000e+00
3.823000000000000000e+03
1.798000000000000000e+03
1.615000000000000000e+03
1.176000000000000000e+03
1.019000000000000000e+03
1.168000000000000000e+03
1.636000000000000000e+03
1.833000000000000000e+03
1.877000000000000000e+03
1.577000000000000000e+03
1.239000000000000000e+03
9.870000000000000000e+02
1.499000000000000000e+03
0.000000000000000000e+00
3.041000000000000000e+03
1.768000000000000000e+03
1.599000000000000000e+03
1.229000000000000000e+03
9.700000000000000000e+02
1.016000000000000000e+03
1.257000000000000000e+03
1.730000000000000000e+03
1.670000000000000000e+03
1.477000000000000000e+03
1.141000000000000000e+03
1.016000000000000000e+03
1.873000000000000000e+03
0.000000000000000000e+00
3.334000000000000000e+03
1.958000000000000000e+03
1.570000000000000000e+03
1.476000000000000000e+03
1.118000000000000000e+03
1.620000000000000000e+03
3.185000000000000000e+03
2.341000000000000000e+03
1.381000000000000000e+03
2.413000000000000000e+03
6.070000000000000000e+02
1.318000000000000000e+03
2.430000000000000000e+03
2.900000000000000000e+03
3.075000000000000000e+03
2.405000000000000000e+03
0.000000000000000000e+00
5.175000000000000000e+03
2.772000000000000000e+03
3.500000000000000000e+03
2.106000000000000000e+03
6.707000000000000000e+03
5.386000000000000000e+03
5.356000000000000000e+03
3.480000000000000000e+03
2.219000000000000000e+03
4.500000000000000000e+03
2.302000000000000000e+03
2.278000000000000000e+03
1.263500000000000000e+04
5.800000000000000000e+03
3.627000000000000000e+03
2.274000000000000000e+03
5.115000000000000000e+03
4.281000000000000000e+03
4.504000000000000000e+03
3.177000000000000000e+03
4.129000000000000000e+03
2.949000000000000000e+03
2.592000000000000000e+03
3.453000000000000000e+03
3.856000000000000000e+03
3.455000000000000000e+03
3.085000000000000000e+03
2.680000000000000000e+03
1.967000000000000000e+03
2.169000000000000000e+03
2.517000000000000000e+03
3.268000000000000000e+03
3.065000000000000000e+03
3.048000000000000000e+03
2.443000000000000000e+03
2.036000000000000000e+03
4.017000000000000000e+03
8.290000000000000000e+02
2.361000000000000000e+03
3.828000000000000000e+03
2.888000000000000000e+03
2.800000000000000000e+03
2.142000000000000000e+03
1.685000000000000000e+03
2.642000000000000000e+03
2.424000000000000000e+03
2.700000000000000000e+03
0.000000000000000000e+00
4.464000000000000000e+03
1.660000000000000000e+03
1.471000000000000000e+03
2.648000000000000000e+03
3.478000000000000000e+03
3.424000000000000000e+03
0.000000000000000000e+00
6.395000000000000000e+03
0.000000000000000000e+00
4.048000000000000000e+03
3.146000000000000000e+03
3.303000000000000000e+03
3.336000000000000000e+03
0.000000000000000000e+00
6.296000000000000000e+03
3.441000000000000000e+03
9.880000000000000000e+02
4.064000000000000000e+03
3.438000000000000000e+03
3.473000000000000000e+03
0.000000000000000000e+00
3.923000000000000000e+03
5.615000000000000000e+03
1.465000000000000000e+03
3.449000000000000000e+03
3.599000000000000000e+03
3.625000000000000000e+03
0.000000000000000000e+00
5.750000000000000000e+03
2.950000000000000000e+03
1.439000000000000000e+03
3.821000000000000000e+03
3.823000000000000000e+03
3.532000000000000000e+03
0.000000000000000000e+00
6.004000000000000000e+03
2.698000000000000000e+03
1.250000000000000000e+03
2.643000000000000000e+03
3.364000000000000000e+03
3.538000000000000000e+03
0.000000000000000000e+00
0.000000000000000000e+00
7.473000000000000000e+03
9.810000000000000000e+02
2.269000000000000000e+03
3.099000000000000000e+03
3.486000000000000000e+03
0.000000000000000000e+00
5.158000000000000000e+03
2.193000000000000000e+03
9.860000000000000000e+02
1.965000000000000000e+03
0.000000000000000000e+00
4.928000000000000000e+03
0.000000000000000000e+00
3.674000000000000000e+03
1.890000000000000000e+03
1.012000000000000000e+03
1.574000000000000000e+03
2.076000000000000000e+03
1.506000000000000000e+03
0.000000000000000000e+00
3.001000000000000000e+03
1.318000000000000000e+03
6.350000000000000000e+02
1.174000000000000000e+03
1.472000000000000000e+03
1.329000000000000000e+03
0.000000000000000000e+00
1.920000000000000000e+03
6.940000000000000000e+02
2.440000000000000000e+02
7.410000000000000000e+02
1.007000000000000000e+03
1.011000000000000000e+03
0.000000000000000000e+00
1.024000000000000000e+03
5.650000000000000000e+02
0.000000000000000000e+00
0.000000000000000000e+00
1.533000000000000000e+03
0.000000000000000000e+00
0.000000000000000000e+00
1.047000000000000000e+03
0.000000000000000000e+00
0.000000000000000000e+00
0.000000000000000000e+00
0.000000000000000000e+00
0.000000000000000000e+00
0.000000000000000000e+00
2.748000000000000000e+03
2.960000000000000000e+02
0.000000000000000000e+00
4.670000000000000000e+02
2.760000000000000000e+02
3.170000000000000000e+02
0.000000000000000000e+00
5.380000000000000000e+02
1.420000000000000000e+02
1.080000000000000000e+02
2.390000000000000000e+02
2.120000000000000000e+02
1.620000000000000000e+02
0.000000000000000000e+00
4.100000000000000000e+02
1.320000000000000000e+02
6.900000000000000000e+01
1.710000000000000000e+02
1.370000000000000000e+02
2.270000000000000000e+02
0.000000000000000000e+00
3.500000000000000000e+02
7.900000000000000000e+01
4.300000000000000000e+01
1.690000000000000000e+02
1.140000000000000000e+02
1.650000000000000000e+02
0.000000000000000000e+00
2.690000000000000000e+02
0.000000000000000000e+00
1.780000000000000000e+02
0.000000000000000000e+00
0.000000000000000000e+00
4.480000000000000000e+02
0.000000000000000000e+00
2.860000000000000000e+02
1.620000000000000000e+02
6.400000000000000000e+01
1.820000000000000000e+02
1.580000000000000000e+02
1.480000000000000000e+02
0.000000000000000000e+00
3.400000000000000000e+02
2.020000000000000000e+02
0.000000000000000000e+00
-5.376530000000000000e+05
0.000000000000000000e+00
0.000000000000000000e+00
0.000000000000000000e+00
0.000000000000000000e+00
0.000000000000000000e+00
0.000000000000000000e+00
0.000000000000000000e+00
0.000000000000000000e+00
0.000000000000000000e+00
0.000000000000000000e+00
0.000000000000000000e+00
0.000000000000000000e+00
0.000000000000000000e+00
0.000000000000000000e+00
0.000000000000000000e+00
0.000000000000000000e+00
0.000000000000000000e+00
0.000000000000000000e+00
0.000000000000000000e+00
0.000000000000000000e+00
0.000000000000000000e+00
0.000000000000000000e+00
0.000000000000000000e+00
0.000000000000000000e+00
0.000000000000000000e+00
0.000000000000000000e+00
0.000000000000000000e+00
0.000000000000000000e+00
0.000000000000000000e+00
0.000000000000000000e+00
0.000000000000000000e+00
0.000000000000000000e+00
0.000000000000000000e+00
0.000000000000000000e+00
0.000000000000000000e+00
0.000000000000000000e+00
0.000000000000000000e+00
0.000000000000000000e+00
0.000000000000000000e+00
0.000000000000000000e+00
0.000000000000000000e+00
0.000000000000000000e+00
0.000000000000000000e+00
0.000000000000000000e+00
0.000000000000000000e+00
0.000000000000000000e+00
0.000000000000000000e+00
0.000000000000000000e+00
0.000000000000000000e+00
0.000000000000000000e+00
0.000000000000000000e+00
0.000000000000000000e+00
0.000000000000000000e+00
0.000000000000000000e+00
0.000000000000000000e+00
0.000000000000000000e+00
0.000000000000000000e+00
0.000000000000000000e+00
0.000000000000000000e+00
0.000000000000000000e+00
0.000000000000000000e+00
0.000000000000000000e+00
0.000000000000000000e+00
0.000000000000000000e+00
0.000000000000000000e+00
0.000000000000000000e+00
0.000000000000000000e+00
0.000000000000000000e+00
0.000000000000000000e+00
0.000000000000000000e+00
0.000000000000000000e+00
0.000000000000000000e+00
0.000000000000000000e+00
0.000000000000000000e+00
0.000000000000000000e+00
0.000000000000000000e+00
0.000000000000000000e+00
0.000000000000000000e+00
0.000000000000000000e+00
0.000000000000000000e+00
0.000000000000000000e+00
0.000000000000000000e+00
0.000000000000000000e+00
0.000000000000000000e+00
0.000000000000000000e+00
0.000000000000000000e+00
0.000000000000000000e+00
0.000000000000000000e+00
0.000000000000000000e+00
0.000000000000000000e+00
0.000000000000000000e+00
0.000000000000000000e+00
0.000000000000000000e+00
0.000000000000000000e+00
0.000000000000000000e+00
0.000000000000000000e+00
0.000000000000000000e+00
0.000000000000000000e+00
0.000000000000000000e+00
0.000000000000000000e+00
0.000000000000000000e+00
0.000000000000000000e+00
0.000000000000000000e+00
0.000000000000000000e+00
0.000000000000000000e+00
0.000000000000000000e+00
0.000000000000000000e+00
0.000000000000000000e+00
0.000000000000000000e+00
0.000000000000000000e+00
0.000000000000000000e+00
0.000000000000000000e+00
0.000000000000000000e+00
0.000000000000000000e+00
0.000000000000000000e+00
0.000000000000000000e+00
0.000000000000000000e+00
0.000000000000000000e+00
0.000000000000000000e+00
0.000000000000000000e+00
0.000000000000000000e+00
0.000000000000000000e+00
0.000000000000000000e+00
0.000000000000000000e+00
0.000000000000000000e+00
0.000000000000000000e+00
0.000000000000000000e+00
0.000000000000000000e+00
0.000000000000000000e+00
0.000000000000000000e+00
0.000000000000000000e+00
0.000000000000000000e+00
0.000000000000000000e+00
0.000000000000000000e+00
0.000000000000000000e+00
0.000000000000000000e+00
0.000000000000000000e+00
0.000000000000000000e+00
0.000000000000000000e+00
0.000000000000000000e+00
0.000000000000000000e+00
0.000000000000000000e+00
0.000000000000000000e+00
0.000000000000000000e+00
0.000000000000000000e+00
0.000000000000000000e+00
0.000000000000000000e+00
0.000000000000000000e+00
0.000000000000000000e+00
0.000000000000000000e+00
0.000000000000000000e+00
0.000000000000000000e+00
0.000000000000000000e+00
0.000000000000000000e+00
0.000000000000000000e+00
0.000000000000000000e+00
0.000000000000000000e+00
0.000000000000000000e+00
0.000000000000000000e+00
0.000000000000000000e+00
0.000000000000000000e+00
0.000000000000000000e+00
0.000000000000000000e+00
0.000000000000000000e+00
0.000000000000000000e+00
0.000000000000000000e+00
0.000000000000000000e+00
0.000000000000000000e+00
0.000000000000000000e+00
0.000000000000000000e+00
0.000000000000000000e+00
0.000000000000000000e+00
0.000000000000000000e+00
0.000000000000000000e+00
0.000000000000000000e+00
0.000000000000000000e+00
0.000000000000000000e+00
0.000000000000000000e+00
0.000000000000000000e+00
0.000000000000000000e+00
0.000000000000000000e+00
0.000000000000000000e+00
0.000000000000000000e+00
0.000000000000000000e+00
0.000000000000000000e+00
0.000000000000000000e+00
0.000000000000000000e+00
0.000000000000000000e+00
0.000000000000000000e+00
0.000000000000000000e+00
0.000000000000000000e+00
0.000000000000000000e+00
0.000000000000000000e+00
0.000000000000000000e+00
0.000000000000000000e+00
0.000000000000000000e+00
0.000000000000000000e+00
0.000000000000000000e+00
0.000000000000000000e+00
0.000000000000000000e+00
0.000000000000000000e+00
0.000000000000000000e+00
0.000000000000000000e+00
0.000000000000000000e+00
0.000000000000000000e+00
0.000000000000000000e+00
0.000000000000000000e+00
0.000000000000000000e+00
0.000000000000000000e+00
0.000000000000000000e+00
0.000000000000000000e+00
0.000000000000000000e+00
0.000000000000000000e+00
0.000000000000000000e+00
0.000000000000000000e+00
0.000000000000000000e+00
0.000000000000000000e+00
0.000000000000000000e+00
0.000000000000000000e+00
0.000000000000000000e+00
0.000000000000000000e+00
0.000000000000000000e+00
0.000000000000000000e+00
0.000000000000000000e+00
0.000000000000000000e+00
0.000000000000000000e+00
0.000000000000000000e+00
0.000000000000000000e+00
0.000000000000000000e+00
0.000000000000000000e+00
0.000000000000000000e+00
0.000000000000000000e+00
0.000000000000000000e+00
0.000000000000000000e+00
0.000000000000000000e+00
0.000000000000000000e+00
0.000000000000000000e+00
0.000000000000000000e+00
0.000000000000000000e+00
0.000000000000000000e+00
0.000000000000000000e+00
0.000000000000000000e+00
0.000000000000000000e+00
0.000000000000000000e+00
0.000000000000000000e+00
0.000000000000000000e+00
0.000000000000000000e+00
0.000000000000000000e+00
0.000000000000000000e+00
0.000000000000000000e+00
0.000000000000000000e+00
0.000000000000000000e+00
0.000000000000000000e+00
0.000000000000000000e+00
0.000000000000000000e+00
0.000000000000000000e+00
0.000000000000000000e+00
0.000000000000000000e+00
0.000000000000000000e+00
0.000000000000000000e+00
0.000000000000000000e+00
0.000000000000000000e+00
0.000000000000000000e+00
0.000000000000000000e+00
0.000000000000000000e+00
0.000000000000000000e+00
0.000000000000000000e+00
0.000000000000000000e+00
0.000000000000000000e+00
0.000000000000000000e+00
0.000000000000000000e+00
0.000000000000000000e+00
0.000000000000000000e+00
0.000000000000000000e+00
0.000000000000000000e+00
0.000000000000000000e+00
0.000000000000000000e+00
0.000000000000000000e+00
0.000000000000000000e+00
0.000000000000000000e+00
0.000000000000000000e+00
0.000000000000000000e+00
0.000000000000000000e+00
0.000000000000000000e+00
0.000000000000000000e+00
0.000000000000000000e+00
0.000000000000000000e+00
0.000000000000000000e+00
0.000000000000000000e+00
0.000000000000000000e+00
0.000000000000000000e+00
0.000000000000000000e+00
0.000000000000000000e+00
0.000000000000000000e+00
0.000000000000000000e+00
0.000000000000000000e+00
0.000000000000000000e+00
0.000000000000000000e+00
0.000000000000000000e+00
0.000000000000000000e+00
0.000000000000000000e+00
0.000000000000000000e+00
0.000000000000000000e+00
0.000000000000000000e+00
0.000000000000000000e+00
0.000000000000000000e+00
0.000000000000000000e+00
0.000000000000000000e+00
0.000000000000000000e+00
