0.000000000000000000e+00
0.000000000000000000e+00
0.000000000000000000e+00
0.000000000000000000e+00
0.000000000000000000e+00
0.000000000000000000e+00
0.000000000000000000e+00
0.000000000000000000e+00
0.000000000000000000e+00
0.000000000000000000e+00
0.000000000000000000e+00
0.000000000000000000e+00
0.000000000000000000e+00
0.000000000000000000e+00
0.000000000000000000e+00
0.000000000000000000e+00
0.000000000000000000e+00
0.000000000000000000e+00
0.000000000000000000e+00
0.000000000000000000e+00
0.000000000000000000e+00
0.000000000000000000e+00
0.000000000000000000e+00
0.000000000000000000e+00
0.000000000000000000e+00
0.000000000000000000e+00
0.000000000000000000e+00
0.000000000000000000e+00
0.000000000000000000e+00
0.000000000000000000e+00
1.000000000000000000e+00
0.000000000000000000e+00
0.000000000000000000e+00
0.000000000000000000e+00
0.000000000000000000e+00
1.000000000000000000e+00
0.000000000000000000e+00
0.000000000000000000e+00
2.000000000000000000e+00
6.000000000000000000e+00
3.000000000000000000e+00
0.000000000000000000e+00
0.000000000000000000e+00
3.000000000000000000e+00
6.000000000000000000e+00
0.000000000000000000e+00
1.000000000000000000e+01
0.000000000000000000e+00
9.000000000000000000e+00
2.000000000000000000e+01
0.000000000000000000e+00
1.600000000000000000e+01
1.600000000000000000e+01
1.700000000000000000e+01
0.000000000000000000e+00
1.000000000000000000e+01
1.300000000000000000e+01
2.400000000000000000e+01
6.000000000000000000e+00
2.400000000000000000e+01
6.100000000000000000e+01
1.900000000000000000e+01
5.100000000000000000e+01
1.500000000000000000e+01
3.500000000000000000e+01
2.300000000000000000e+01
2.100000000000000000e+01
2.600000000000000000e+01
8.000000000000000000e+00
2.400000000000000000e+01
9.000000000000000000e+00
1.500000000000000000e+01
1.400000000000000000e+01
1.200000000000000000e+01
7.000000000000000000e+00
1.400000000000000000e+01
7.000000000000000000e+00
2.800000000000000000e+01
6.000000000000000000e+00
2.700000000000000000e+01
1.000000000000000000e+01
1.100000000000000000e+01
2.000000000000000000e+00
9.000000000000000000e+00
1.700000000000000000e+01
5.000000000000000000e+00
5.000000000000000000e+00
4.000000000000000000e+00
1.000000000000000000e+00
4.000000000000000000e+00
0.000000000000000000e+00
5.000000000000000000e+00
6.000000000000000000e+00
8.000000000000000000e+00
8.000000000000000000e+00
3.000000000000000000e+00
3.000000000000000000e+00
7.000000000000000000e+00
4.000000000000000000e+00
4.000000000000000000e+00
4.000000000000000000e+00
4.000000000000000000e+00
4.000000000000000000e+00
3.000000000000000000e+00
1.000000000000000000e+00
9.000000000000000000e+00
3.400000000000000000e+01
1.200000000000000000e+01
1.300000000000000000e+01
3.600000000000000000e+01
1.400000000000000000e+01
1.100000000000000000e+01
8.000000000000000000e+00
8.000000000000000000e+00
5.000000000000000000e+00
1.100000000000000000e+01
9.000000000000000000e+00
2.000000000000000000e+01
2.300000000000000000e+01
7.000000000000000000e+00
6.300000000000000000e+01
6.200000000000000000e+01
1.100000000000000000e+01
1.700000000000000000e+01
5.000000000000000000e+00
2.100000000000000000e+01
2.100000000000000000e+01
7.000000000000000000e+00
4.000000000000000000e+00
1.900000000000000000e+01
2.900000000000000000e+01
1.300000000000000000e+01
9.000000000000000000e+00
1.400000000000000000e+01
5.000000000000000000e+01
6.000000000000000000e+00
8.000000000000000000e+00
1.100000000000000000e+01
1.900000000000000000e+01
1.800000000000000000e+01
2.000000000000000000e+01
1.400000000000000000e+01
2.000000000000000000e+01
2.000000000000000000e+01
4.000000000000000000e+00
1.800000000000000000e+01
9.000000000000000000e+00
1.600000000000000000e+01
6.000000000000000000e+00
1.500000000000000000e+01
2.600000000000000000e+01
5.100000000000000000e+01
1.600000000000000000e+01
1.900000000000000000e+01
2.200000000000000000e+01
1.800000000000000000e+01
3.500000000000000000e+01
2.200000000000000000e+01
2.100000000000000000e+01
5.000000000000000000e+00
3.300000000000000000e+01
1.000000000000000000e+01
8.000000000000000000e+00
3.400000000000000000e+01
2.500000000000000000e+01
1.800000000000000000e+01
1.200000000000000000e+01
2.200000000000000000e+01
3.900000000000000000e+01
6.500000000000000000e+01
7.100000000000000000e+01
8.600000000000000000e+01
1.660000000000000000e+02
8.500000000000000000e+01
3.200000000000000000e+01
9.100000000000000000e+01
5.700000000000000000e+01
1.010000000000000000e+02
7.500000000000000000e+01
8.400000000000000000e+01
4.600000000000000000e+01
7.500000000000000000e+01
1.240000000000000000e+02
1.560000000000000000e+02
1.470000000000000000e+02
1.750000000000000000e+02
1.680000000000000000e+02
1.320000000000000000e+02
1.410000000000000000e+02
1.820000000000000000e+02
1.290000000000000000e+02
2.210000000000000000e+02
1.750000000000000000e+02
1.550000000000000000e+02
1.770000000000000000e+02
0.000000000000000000e+00
3.550000000000000000e+02
2.550000000000000000e+02
2.790000000000000000e+02
2.720000000000000000e+02
2.940000000000000000e+02
2.950000000000000000e+02
3.090000000000000000e+02
2.920000000000000000e+02
2.980000000000000000e+02
3.340000000000000000e+02
3.970000000000000000e+02
4.390000000000000000e+02
4.560000000000000000e+02
4.210000000000000000e+02
5.890000000000000000e+02
6.050000000000000000e+02
6.280000000000000000e+02
6.110000000000000000e+02
5.070000000000000000e+02
4.570000000000000000e+02
5.320000000000000000e+02
5.610000000000000000e+02
6.890000000000000000e+02
6.760000000000000000e+02
6.620000000000000000e+02
5.950000000000000000e+02
4.380000000000000000e+02
4.690000000000000000e+02
5.980000000000000000e+02
5.880000000000000000e+02
5.270000000000000000e+02
5.210000000000000000e+02
4.150000000000000000e+02
4.000000000000000000e+02
4.980000000000000000e+02
5.530000000000000000e+02
5.600000000000000000e+02
5.460000000000000000e+02
6.860000000000000000e+02
6.410000000000000000e+02
1.091000000000000000e+03
4.800000000000000000e+01
6.340000000000000000e+02
6.850000000000000000e+02
7.500000000000000000e+02
7.790000000000000000e+02
1.006000000000000000e+03
6.840000000000000000e+02
8.650000000000000000e+02
9.400000000000000000e+02
1.027000000000000000e+03
1.143000000000000000e+03
1.280000000000000000e+03
1.012000000000000000e+03
1.018000000000000000e+03
1.105000000000000000e+03
1.257000000000000000e+03
1.248000000000000000e+03
1.291000000000000000e+03
1.321000000000000000e+03
9.880000000000000000e+02
1.175000000000000000e+03
1.261000000000000000e+03
1.459000000000000000e+03
1.367000000000000000e+03
1.426000000000000000e+03
1.388000000000000000e+03
1.010000000000000000e+03
1.056000000000000000e+03
1.245000000000000000e+03
1.377000000000000000e+03
1.499000000000000000e+03
1.368000000000000000e+03
1.171000000000000000e+03
1.002000000000000000e+03
6.580000000000000000e+02
1.392000000000000000e+03
1.241000000000000000e+03
1.450000000000000000e+03
1.452000000000000000e+03
1.427000000000000000e+03
1.484000000000000000e+03
7.960000000000000000e+02
1.809000000000000000e+03
1.850000000000000000e+03
1.933000000000000000e+03
1.751000000000000000e+03
1.699000000000000000e+03
1.389000000000000000e+03
1.080000000000000000e+03
1.512000000000000000e+03
1.888000000000000000e+03
2.089000000000000000e+03
2.142000000000000000e+03
1.769000000000000000e+03
1.139000000000000000e+03
1.119000000000000000e+03
1.552000000000000000e+03
1.922000000000000000e+03
1.874000000000000000e+03
1.904000000000000000e+03
1.660000000000000000e+03
1.163000000000000000e+03
1.016000000000000000e+03
1.507000000000000000e+03
2.084000000000000000e+03
1.909000000000000000e+03
1.709000000000000000e+03
1.628000000000000000e+03
1.193000000000000000e+03
1.041000000000000000e+03
1.188000000000000000e+03
1.636000000000000000e+03
1.859000000000000000e+03
1.782000000000000000e+03
1.696000000000000000e+03
1.266000000000000000e+03
1.000000000000000000e+03
1.511000000000000000e+03
1.842000000000000000e+03
1.520000000000000000e+03
1.478000000000000000e+03
0.000000000000000000e+00
2.817000000000000000e+03
9.840000000000000000e+02
1.039000000000000000e+03
1.274000000000000000e+03
1.778000000000000000e+03
1.518000000000000000e+03
1.540000000000000000e+03
1.275000000000000000e+03
1.093000000000000000e+03
1.264000000000000000e+03
2.056000000000000000e+03
2.116000000000000000e+03
1.895000000000000000e+03
1.626000000000000000e+03
1.534000000000000000e+03
1.182000000000000000e+03
1.693000000000000000e+03
2.246000000000000000e+03
2.708000000000000000e+03
2.136000000000000000e+03
1.403000000000000000e+03
1.754000000000000000e+03
1.594000000000000000e+03
2.298000000000000000e+03
2.878000000000000000e+03
3.507000000000000000e+03
2.385000000000000000e+03
2.520000000000000000e+03
2.870000000000000000e+03
2.861000000000000000e+03
3.620000000000000000e+03
4.166000000000000000e+03
4.774000000000000000e+03
5.440000000000000000e+03
5.414000000000000000e+03
3.743000000000000000e+03
3.095000000000000000e+03
4.557000000000000000e+03
4.988000000000000000e+03
5.196000000000000000e+03
6.154000000000000000e+03
5.872000000000000000e+03
3.654000000000000000e+03
3.144000000000000000e+03
4.359000000000000000e+03
4.332000000000000000e+03
4.594000000000000000e+03
3.220000000000000000e+03
4.126000000000000000e+03
3.010000000000000000e+03
2.652000000000000000e+03
3.505000000000000000e+03
3.906000000000000000e+03
3.497000000000000000e+03
3.125000000000000000e+03
2.631000000000000000e+03
2.139000000000000000e+03
2.020000000000000000e+03
2.770000000000000000e+03
3.320000000000000000e+03
3.107000000000000000e+03
3.071000000000000000e+03
2.496000000000000000e+03
2.081000000000000000e+03
2.063000000000000000e+03
2.886000000000000000e+03
3.157000000000000000e+03
3.136000000000000000e+03
2.934000000000000000e+03
2.906000000000000000e+03
2.130000000000000000e+03
1.739000000000000000e+03
2.733000000000000000e+03
2.479000000000000000e+03
2.730000000000000000e+03
2.255000000000000000e+03
2.306000000000000000e+03
1.702000000000000000e+03
1.541000000000000000e+03
2.723000000000000000e+03
3.513000000000000000e+03
3.469000000000000000e+03
3.373000000000000000e+03
3.100000000000000000e+03
2.258000000000000000e+03
1.888000000000000000e+03
3.098000000000000000e+03
3.463000000000000000e+03
3.369000000000000000e+03
3.202000000000000000e+03
3.158000000000000000e+03
2.376000000000000000e+03
2.283000000000000000e+03
3.939000000000000000e+03
3.581000000000000000e+03
3.502000000000000000e+03
2.930000000000000000e+03
3.523000000000000000e+03
3.086000000000000000e+03
1.505000000000000000e+03
3.480000000000000000e+03
3.544000000000000000e+03
3.757000000000000000e+03
3.588000000000000000e+03
2.253000000000000000e+03
2.993000000000000000e+03
1.446000000000000000e+03
3.851000000000000000e+03
3.856000000000000000e+03
3.560000000000000000e+03
3.100000000000000000e+03
2.957000000000000000e+03
2.724000000000000000e+03
1.277000000000000000e+03
2.668000000000000000e+03
3.393000000000000000e+03
3.562000000000000000e+03
2.963000000000000000e+03
2.188000000000000000e+03
2.388000000000000000e+03
1.001000000000000000e+03
2.296000000000000000e+03
3.120000000000000000e+03
3.510000000000000000e+03
2.500000000000000000e+03
2.705000000000000000e+03
2.213000000000000000e+03
1.008000000000000000e+03
1.985000000000000000e+03
2.460000000000000000e+03
2.501000000000000000e+03
2.008000000000000000e+03
1.695000000000000000e+03
1.900000000000000000e+03
9.950000000000000000e+02
1.608000000000000000e+03
2.082000000000000000e+03
1.512000000000000000e+03
1.504000000000000000e+03
1.511000000000000000e+03
1.324000000000000000e+03
6.420000000000000000e+02
1.182000000000000000e+03
1.478000000000000000e+03
1.336000000000000000e+03
1.001000000000000000e+03
9.300000000000000000e+02
7.000000000000000000e+02
2.490000000000000000e+02
7.480000000000000000e+02
1.012000000000000000e+03
1.017000000000000000e+03
6.000000000000000000e+02
4.350000000000000000e+02
5.700000000000000000e+02
3.020000000000000000e+02
5.440000000000000000e+02
7.030000000000000000e+02
5.800000000000000000e+02
0.000000000000000000e+00
4.780000000000000000e+02
3.070000000000000000e+02
2.010000000000000000e+02
6.000000000000000000e+02
4.890000000000000000e+02
3.940000000000000000e+02
4.500000000000000000e+02
3.310000000000000000e+02
3.000000000000000000e+02
1.500000000000000000e+02
3.230000000000000000e+02
2.800000000000000000e+02
3.190000000000000000e+02
2.980000000000000000e+02
2.440000000000000000e+02
1.450000000000000000e+02
1.110000000000000000e+02
2.420000000000000000e+02
2.140000000000000000e+02
1.650000000000000000e+02
2.230000000000000000e+02
1.910000000000000000e+02
1.340000000000000000e+02
7.100000000000000000e+01
1.730000000000000000e+02
1.390000000000000000e+02
0.000000000000000000e+00
4.350000000000000000e+02
0.000000000000000000e+00
0.000000000000000000e+00
2.740000000000000000e+02
1.700000000000000000e+02
1.150000000000000000e+02
1.650000000000000000e+02
1.680000000000000000e+02
1.040000000000000000e+02
1.340000000000000000e+02
4.600000000000000000e+01
1.470000000000000000e+02
1.670000000000000000e+02
1.370000000000000000e+02
1.630000000000000000e+02
1.260000000000000000e+02
1.630000000000000000e+02
6.600000000000000000e+01
1.850000000000000000e+02
1.610000000000000000e+02
1.500000000000000000e+02
2.100000000000000000e+02
1.370000000000000000e+02
2.070000000000000000e+02
1.010000000000000000e+02
2.940000000000000000e+02
4.010000000000000000e+02
4.000000000000000000e+02
4.040000000000000000e+02
3.270000000000000000e+02
3.140000000000000000e+02
1.500000000000000000e+02
4.940000000000000000e+02
5.170000000000000000e+02
4.550000000000000000e+02
5.770000000000000000e+02
4.880000000000000000e+02
4.500000000000000000e+02
2.150000000000000000e+02
6.320000000000000000e+02
5.390000000000000000e+02
5.430000000000000000e+02
7.440000000000000000e+02
8.430000000000000000e+02
8.440000000000000000e+02
3.410000000000000000e+02
1.502000000000000000e+03
1.224000000000000000e+03
1.104000000000000000e+03
9.230000000000000000e+02
9.840000000000000000e+02
1.147000000000000000e+03
5.970000000000000000e+02
1.230000000000000000e+03
1.542000000000000000e+03
1.148000000000000000e+03
1.461000000000000000e+03
1.593000000000000000e+03
1.552000000000000000e+03
7.510000000000000000e+02
1.558000000000000000e+03
2.591000000000000000e+03
1.817000000000000000e+03
1.632000000000000000e+03
1.498000000000000000e+03
1.515000000000000000e+03
7.060000000000000000e+02
1.178000000000000000e+03
1.689000000000000000e+03
1.993000000000000000e+03
1.019000000000000000e+03
1.386000000000000000e+03
1.173000000000000000e+03
6.240000000000000000e+02
1.149000000000000000e+03
1.593000000000000000e+03
1.332000000000000000e+03
1.124000000000000000e+03
1.320000000000000000e+03
1.153000000000000000e+03
7.750000000000000000e+02
1.040000000000000000e+03
1.022000000000000000e+03
1.121000000000000000e+03
1.112000000000000000e+03
1.015000000000000000e+03
8.640000000000000000e+02
6.410000000000000000e+02
1.148000000000000000e+03
1.008000000000000000e+03
9.000000000000000000e+02
8.150000000000000000e+02
8.010000000000000000e+02
7.850000000000000000e+02
4.840000000000000000e+02
7.060000000000000000e+02
8.440000000000000000e+02
6.470000000000000000e+02
8.570000000000000000e+02
6.260000000000000000e+02
6.160000000000000000e+02
3.020000000000000000e+02
6.520000000000000000e+02
7.180000000000000000e+02
6.020000000000000000e+02
6.030000000000000000e+02
5.800000000000000000e+02
5.000000000000000000e+02
2.050000000000000000e+02
5.430000000000000000e+02
6.260000000000000000e+02
6.210000000000000000e+02
5.130000000000000000e+02
7.020000000000000000e+02
5.290000000000000000e+02
2.240000000000000000e+02
7.280000000000000000e+02
7.960000000000000000e+02
5.190000000000000000e+02
6.400000000000000000e+02
6.800000000000000000e+02
6.190000000000000000e+02
2.020000000000000000e+02
5.680000000000000000e+02
6.920000000000000000e+02
6.290000000000000000e+02
5.100000000000000000e+02
5.740000000000000000e+02
5.540000000000000000e+02
3.000000000000000000e+02
4.600000000000000000e+02
7.780000000000000000e+02
7.000000000000000000e+02
5.380000000000000000e+02
6.270000000000000000e+02
5.070000000000000000e+02
2.350000000000000000e+02
5.270000000000000000e+02
7.510000000000000000e+02
6.630000000000000000e+02
6.800000000000000000e+02
6.640000000000000000e+02
6.850000000000000000e+02
2.010000000000000000e+02
8.220000000000000000e+02
7.020000000000000000e+02
6.420000000000000000e+02
7.130000000000000000e+02
7.010000000000000000e+02
8.240000000000000000e+02
2.400000000000000000e+02
9.090000000000000000e+02
1.004000000000000000e+03
9.140000000000000000e+02
9.590000000000000000e+02
1.133000000000000000e+03
9.470000000000000000e+02
2.310000000000000000e+02
1.102000000000000000e+03
1.106000000000000000e+03
1.018000000000000000e+03
1.175000000000000000e+03
1.100000000000000000e+03
9.370000000000000000e+02
0.000000000000000000e+00
1.038000000000000000e+03
1.827000000000000000e+03
1.510000000000000000e+03
1.474000000000000000e+03
1.515000000000000000e+03
1.319000000000000000e+03
5.180000000000000000e+02
2.051000000000000000e+03
1.892000000000000000e+03
1.452000000000000000e+03
1.765000000000000000e+03
1.382000000000000000e+03
1.654000000000000000e+03
8.240000000000000000e+02
1.707000000000000000e+03
1.994000000000000000e+03
1.836000000000000000e+03
1.563000000000000000e+03
1.790000000000000000e+03
1.539000000000000000e+03
7.870000000000000000e+02
1.474000000000000000e+03
1.941000000000000000e+03
1.912000000000000000e+03
1.606000000000000000e+03
1.690000000000000000e+03
1.479000000000000000e+03
8.060000000000000000e+02
1.806000000000000000e+03
1.922000000000000000e+03
1.646000000000000000e+03
2.119000000000000000e+03
2.017000000000000000e+03
1.311000000000000000e+03
1.100000000000000000e+03
2.280000000000000000e+03
3.153000000000000000e+03
4.537000000000000000e+03
4.290000000000000000e+03
3.358000000000000000e+03
1.445000000000000000e+03
2.994000000000000000e+03
5.087000000000000000e+03
5.818000000000000000e+03
7.247000000000000000e+03
7.974000000000000000e+03
7.547000000000000000e+03
4.780000000000000000e+03
6.653000000000000000e+03
6.665000000000000000e+03
7.246000000000000000e+03
7.057000000000000000e+03
6.811000000000000000e+03
6.019000000000000000e+03
5.539000000000000000e+03
6.109000000000000000e+03
7.592000000000000000e+03
6.643000000000000000e+03
7.110000000000000000e+03
5.628000000000000000e+03
5.596000000000000000e+03
6.381000000000000000e+03
1.665000000000000000e+03
7.250000000000000000e+03
8.639000000000000000e+03
9.199000000000000000e+03
8.116000000000000000e+03
7.726000000000000000e+03
7.105000000000000000e+03
6.279000000000000000e+03
7.314000000000000000e+03
1.076000000000000000e+04
9.446000000000000000e+03
8.427000000000000000e+03
8.472000000000000000e+03
