5.474963060619102180e+02
3.655681133713759436e+02
1.047229276860535947e+02
4.428115755268754015e+02
6.485581472718155283e+02
6.084050237728268939e+02
5.164352745969240459e+02
4.161859320804559275e+02
2.421295341988967493e+02
-2.735250713334835382e+00
3.598408583689916895e+02
5.988016953086364538e+02
6.006184529536142236e+02
5.592042590440435106e+02
5.177243152584112522e+02
4.100791638307542826e+02
2.385019425126215538e+02
6.802943248890164796e+02
1.003286541734924867e+03
1.092690565277663154e+03
1.141038919503288980e+03
1.190022365250095390e+03
1.172003389430005200e+03
1.087645649317183143e+03
1.612683302405305312e+03
2.013414813896817122e+03
2.173589503677019820e+03
2.284378480762906293e+03
2.386242424920988014e+03
2.410472402476540992e+03
2.356843191165220560e+03
2.900402452421898488e+03
3.306979850694970992e+03
3.460084001831443402e+03
3.550878641362140570e+03
3.620050344813786523e+03
3.599343992384502599e+03
3.489205591004768849e+03
3.965556059531245864e+03
4.295280466161123513e+03
4.363101101472029768e+03
4.361526377912885437e+03
4.332688570683942999e+03
4.209847339965206629e+03
3.994999440303934080e+03
4.365619040056978520e+03
4.590113960093202877e+03
4.554667016896302812e+03
4.453155223399401621e+03
4.328960566170867423e+03
4.116449925716220605e+03
3.818565079831402272e+03
4.113547641051649407e+03
4.270384549226928357e+03
4.175643492679768315e+03
4.023391072270094355e+03
3.857007360299591710e+03
3.610674229715738875e+03
3.286978084029377897e+03
3.563651420785733080e+03
