0.000000000000000000e+00
0.000000000000000000e+00
0.000000000000000000e+00
0.000000000000000000e+00
0.000000000000000000e+00
0.000000000000000000e+00
0.000000000000000000e+00
0.000000000000000000e+00
0.000000000000000000e+00
0.000000000000000000e+00
0.000000000000000000e+00
0.000000000000000000e+00
0.000000000000000000e+00
0.000000000000000000e+00
0.000000000000000000e+00
0.000000000000000000e+00
0.000000000000000000e+00
0.000000000000000000e+00
0.000000000000000000e+00
0.000000000000000000e+00
0.000000000000000000e+00
0.000000000000000000e+00
0.000000000000000000e+00
0.000000000000000000e+00
0.000000000000000000e+00
0.000000000000000000e+00
0.000000000000000000e+00
0.000000000000000000e+00
0.000000000000000000e+00
0.000000000000000000e+00
0.000000000000000000e+00
0.000000000000000000e+00
0.000000000000000000e+00
0.000000000000000000e+00
0.000000000000000000e+00
0.000000000000000000e+00
0.000000000000000000e+00
0.000000000000000000e+00
0.000000000000000000e+00
0.000000000000000000e+00
0.000000000000000000e+00
0.000000000000000000e+00
0.000000000000000000e+00
0.000000000000000000e+00
0.000000000000000000e+00
0.000000000000000000e+00
0.000000000000000000e+00
0.000000000000000000e+00
0.000000000000000000e+00
0.000000000000000000e+00
0.000000000000000000e+00
0.000000000000000000e+00
0.000000000000000000e+00
0.000000000000000000e+00
0.000000000000000000e+00
0.000000000000000000e+00
0.000000000000000000e+00
0.000000000000000000e+00
0.000000000000000000e+00
0.000000000000000000e+00
0.000000000000000000e+00
0.000000000000000000e+00
0.000000000000000000e+00
0.000000000000000000e+00
0.000000000000000000e+00
0.000000000000000000e+00
1.000000000000000000e+00
1.000000000000000000e+00
1.000000000000000000e+00
1.000000000000000000e+00
2.000000000000000000e+00
4.000000000000000000e+00
4.000000000000000000e+00
5.000000000000000000e+00
6.000000000000000000e+00
6.000000000000000000e+00
7.000000000000000000e+00
7.000000000000000000e+00
7.000000000000000000e+00
7.000000000000000000e+00
7.000000000000000000e+00
7.000000000000000000e+00
8.000000000000000000e+00
8.000000000000000000e+00
9.000000000000000000e+00
9.000000000000000000e+00
9.000000000000000000e+00
9.000000000000000000e+00
1.000000000000000000e+01
1.000000000000000000e+01
1.200000000000000000e+01
1.200000000000000000e+01
1.200000000000000000e+01
1.200000000000000000e+01
1.400000000000000000e+01
1.500000000000000000e+01
1.500000000000000000e+01
1.500000000000000000e+01
1.500000000000000000e+01
1.700000000000000000e+01
1.700000000000000000e+01
1.700000000000000000e+01
1.700000000000000000e+01
1.700000000000000000e+01
1.700000000000000000e+01
1.700000000000000000e+01
1.700000000000000000e+01
1.800000000000000000e+01
1.800000000000000000e+01
1.900000000000000000e+01
1.900000000000000000e+01
1.900000000000000000e+01
1.900000000000000000e+01
1.900000000000000000e+01
1.900000000000000000e+01
1.900000000000000000e+01
2.000000000000000000e+01
2.000000000000000000e+01
2.000000000000000000e+01
2.000000000000000000e+01
2.000000000000000000e+01
2.000000000000000000e+01
2.200000000000000000e+01
2.200000000000000000e+01
2.200000000000000000e+01
2.200000000000000000e+01
2.200000000000000000e+01
2.200000000000000000e+01
2.200000000000000000e+01
2.200000000000000000e+01
2.200000000000000000e+01
2.300000000000000000e+01
2.300000000000000000e+01
2.300000000000000000e+01
2.300000000000000000e+01
2.300000000000000000e+01
2.300000000000000000e+01
2.300000000000000000e+01
2.300000000000000000e+01
2.300000000000000000e+01
2.300000000000000000e+01
2.300000000000000000e+01
2.300000000000000000e+01
2.300000000000000000e+01
2.300000000000000000e+01
2.300000000000000000e+01
2.400000000000000000e+01
2.400000000000000000e+01
2.400000000000000000e+01
2.400000000000000000e+01
2.500000000000000000e+01
2.500000000000000000e+01
2.500000000000000000e+01
2.500000000000000000e+01
2.600000000000000000e+01
2.600000000000000000e+01
2.600000000000000000e+01
2.600000000000000000e+01
2.700000000000000000e+01
2.700000000000000000e+01
2.700000000000000000e+01
2.800000000000000000e+01
2.800000000000000000e+01
2.800000000000000000e+01
2.800000000000000000e+01
2.800000000000000000e+01
2.900000000000000000e+01
2.900000000000000000e+01
2.900000000000000000e+01
2.900000000000000000e+01
2.900000000000000000e+01
3.000000000000000000e+01
3.100000000000000000e+01
3.100000000000000000e+01
3.100000000000000000e+01
3.100000000000000000e+01
3.200000000000000000e+01
3.200000000000000000e+01
3.300000000000000000e+01
3.300000000000000000e+01
3.300000000000000000e+01
3.300000000000000000e+01
3.400000000000000000e+01
3.400000000000000000e+01
3.400000000000000000e+01
3.400000000000000000e+01
3.400000000000000000e+01
3.500000000000000000e+01
3.500000000000000000e+01
3.500000000000000000e+01
3.500000000000000000e+01
3.500000000000000000e+01
3.500000000000000000e+01
3.600000000000000000e+01
3.600000000000000000e+01
3.700000000000000000e+01
3.700000000000000000e+01
3.700000000000000000e+01
3.700000000000000000e+01
3.700000000000000000e+01
3.700000000000000000e+01
3.700000000000000000e+01
3.700000000000000000e+01
3.700000000000000000e+01
3.700000000000000000e+01
3.800000000000000000e+01
3.800000000000000000e+01
3.800000000000000000e+01
4.000000000000000000e+01
4.000000000000000000e+01
4.000000000000000000e+01
4.100000000000000000e+01
4.200000000000000000e+01
4.200000000000000000e+01
4.200000000000000000e+01
4.200000000000000000e+01
4.300000000000000000e+01
4.300000000000000000e+01
4.300000000000000000e+01
4.300000000000000000e+01
4.400000000000000000e+01
4.400000000000000000e+01
4.400000000000000000e+01
4.400000000000000000e+01
4.400000000000000000e+01
4.400000000000000000e+01
4.500000000000000000e+01
4.500000000000000000e+01
4.500000000000000000e+01
4.500000000000000000e+01
4.500000000000000000e+01
4.500000000000000000e+01
4.500000000000000000e+01
4.500000000000000000e+01
4.500000000000000000e+01
4.500000000000000000e+01
4.500000000000000000e+01
4.500000000000000000e+01
4.500000000000000000e+01
4.600000000000000000e+01
4.600000000000000000e+01
4.600000000000000000e+01
4.600000000000000000e+01
4.600000000000000000e+01
4.600000000000000000e+01
4.700000000000000000e+01
4.700000000000000000e+01
4.700000000000000000e+01
4.700000000000000000e+01
4.700000000000000000e+01
4.700000000000000000e+01
4.800000000000000000e+01
4.800000000000000000e+01
4.800000000000000000e+01
4.800000000000000000e+01
4.800000000000000000e+01
4.800000000000000000e+01
4.800000000000000000e+01
4.900000000000000000e+01
4.900000000000000000e+01
4.900000000000000000e+01
4.900000000000000000e+01
5.000000000000000000e+01
5.000000000000000000e+01
5.100000000000000000e+01
5.100000000000000000e+01
5.100000000000000000e+01
5.100000000000000000e+01
5.100000000000000000e+01
5.100000000000000000e+01
5.100000000000000000e+01
5.100000000000000000e+01
5.200000000000000000e+01
5.300000000000000000e+01
5.300000000000000000e+01
5.300000000000000000e+01
5.300000000000000000e+01
5.300000000000000000e+01
5.400000000000000000e+01
5.400000000000000000e+01
5.500000000000000000e+01
5.700000000000000000e+01
5.800000000000000000e+01
5.800000000000000000e+01
5.900000000000000000e+01
6.000000000000000000e+01
6.100000000000000000e+01
6.100000000000000000e+01
6.100000000000000000e+01
6.100000000000000000e+01
6.100000000000000000e+01
6.200000000000000000e+01
6.200000000000000000e+01
6.200000000000000000e+01
6.300000000000000000e+01
6.300000000000000000e+01
6.400000000000000000e+01
6.400000000000000000e+01
6.500000000000000000e+01
6.700000000000000000e+01
6.800000000000000000e+01
6.800000000000000000e+01
6.900000000000000000e+01
6.900000000000000000e+01
6.900000000000000000e+01
7.100000000000000000e+01
7.100000000000000000e+01
7.200000000000000000e+01
7.300000000000000000e+01
7.400000000000000000e+01
7.400000000000000000e+01
7.500000000000000000e+01
7.600000000000000000e+01
7.700000000000000000e+01
7.800000000000000000e+01
8.000000000000000000e+01
8.000000000000000000e+01
8.000000000000000000e+01
8.100000000000000000e+01
8.200000000000000000e+01
8.300000000000000000e+01
8.600000000000000000e+01
8.700000000000000000e+01
9.000000000000000000e+01
9.000000000000000000e+01
9.100000000000000000e+01
9.200000000000000000e+01
9.500000000000000000e+01
9.800000000000000000e+01
1.020000000000000000e+02
1.050000000000000000e+02
1.090000000000000000e+02
1.140000000000000000e+02
1.190000000000000000e+02
1.190000000000000000e+02
1.200000000000000000e+02
1.280000000000000000e+02
1.350000000000000000e+02
1.430000000000000000e+02
1.470000000000000000e+02
1.580000000000000000e+02
1.600000000000000000e+02
1.680000000000000000e+02
1.740000000000000000e+02
1.810000000000000000e+02
1.930000000000000000e+02
2.010000000000000000e+02
2.040000000000000000e+02
2.110000000000000000e+02
2.170000000000000000e+02
2.210000000000000000e+02
2.310000000000000000e+02
2.400000000000000000e+02
2.480000000000000000e+02
2.560000000000000000e+02
2.620000000000000000e+02
2.690000000000000000e+02
2.750000000000000000e+02
2.800000000000000000e+02
2.910000000000000000e+02
2.980000000000000000e+02
3.110000000000000000e+02
3.190000000000000000e+02
3.300000000000000000e+02
3.360000000000000000e+02
3.470000000000000000e+02
3.640000000000000000e+02
3.670000000000000000e+02
3.760000000000000000e+02
3.900000000000000000e+02
4.010000000000000000e+02
4.070000000000000000e+02
4.150000000000000000e+02
4.250000000000000000e+02
4.310000000000000000e+02
4.360000000000000000e+02
4.440000000000000000e+02
4.530000000000000000e+02
4.640000000000000000e+02
4.760000000000000000e+02
4.780000000000000000e+02
4.810000000000000000e+02
4.900000000000000000e+02
4.970000000000000000e+02
5.060000000000000000e+02
5.160000000000000000e+02
5.240000000000000000e+02
5.270000000000000000e+02
5.330000000000000000e+02
5.350000000000000000e+02
5.410000000000000000e+02
5.460000000000000000e+02
5.530000000000000000e+02
5.580000000000000000e+02
5.630000000000000000e+02
5.690000000000000000e+02
5.740000000000000000e+02
5.830000000000000000e+02
5.880000000000000000e+02
5.910000000000000000e+02
5.950000000000000000e+02
6.010000000000000000e+02
6.030000000000000000e+02
6.080000000000000000e+02
6.110000000000000000e+02
6.170000000000000000e+02
6.240000000000000000e+02
6.310000000000000000e+02
6.370000000000000000e+02
6.450000000000000000e+02
6.510000000000000000e+02
6.580000000000000000e+02
6.660000000000000000e+02
6.780000000000000000e+02
6.830000000000000000e+02
6.890000000000000000e+02
6.980000000000000000e+02
7.120000000000000000e+02
7.170000000000000000e+02
7.250000000000000000e+02
7.400000000000000000e+02
7.490000000000000000e+02
7.600000000000000000e+02
7.760000000000000000e+02
7.920000000000000000e+02
8.110000000000000000e+02
8.270000000000000000e+02
8.430000000000000000e+02
8.560000000000000000e+02
8.750000000000000000e+02
9.010000000000000000e+02
9.150000000000000000e+02
9.280000000000000000e+02
9.530000000000000000e+02
9.740000000000000000e+02
1.009000000000000000e+03
1.041000000000000000e+03
1.071000000000000000e+03
1.101000000000000000e+03
1.146000000000000000e+03
1.191000000000000000e+03
1.231000000000000000e+03
1.275000000000000000e+03
1.363000000000000000e+03
1.414000000000000000e+03
1.462000000000000000e+03
1.533000000000000000e+03
1.595000000000000000e+03
1.647000000000000000e+03
1.726000000000000000e+03
1.788000000000000000e+03
1.848000000000000000e+03
1.908000000000000000e+03
1.971000000000000000e+03
2.022000000000000000e+03
2.083000000000000000e+03
2.160000000000000000e+03
2.227000000000000000e+03
2.283000000000000000e+03
2.326000000000000000e+03
2.391000000000000000e+03
2.452000000000000000e+03
2.497000000000000000e+03
2.563000000000000000e+03
2.616000000000000000e+03
2.669000000000000000e+03
2.724000000000000000e+03
2.796000000000000000e+03
2.861000000000000000e+03
2.918000000000000000e+03
2.972000000000000000e+03
3.032000000000000000e+03
3.082000000000000000e+03
3.122000000000000000e+03
3.171000000000000000e+03
3.208000000000000000e+03
3.252000000000000000e+03
3.318000000000000000e+03
3.369000000000000000e+03
3.419000000000000000e+03
3.459000000000000000e+03
3.521000000000000000e+03
3.578000000000000000e+03
3.638000000000000000e+03
3.691000000000000000e+03
3.760000000000000000e+03
3.811000000000000000e+03
3.871000000000000000e+03
3.922000000000000000e+03
3.973000000000000000e+03
4.022000000000000000e+03
4.066000000000000000e+03
4.118000000000000000e+03
4.176000000000000000e+03
4.213000000000000000e+03
4.276000000000000000e+03
4.342000000000000000e+03
4.394000000000000000e+03
4.460000000000000000e+03
4.516000000000000000e+03
4.583000000000000000e+03
4.640000000000000000e+03
4.692000000000000000e+03
4.749000000000000000e+03
4.816000000000000000e+03
4.862000000000000000e+03
4.906000000000000000e+03
4.956000000000000000e+03
4.995000000000000000e+03
5.036000000000000000e+03
5.089000000000000000e+03
5.120000000000000000e+03
5.152000000000000000e+03
5.207000000000000000e+03
5.241000000000000000e+03
5.271000000000000000e+03
5.316000000000000000e+03
5.350000000000000000e+03
5.374000000000000000e+03
5.413000000000000000e+03
5.447000000000000000e+03
5.474000000000000000e+03
5.494000000000000000e+03
5.524000000000000000e+03
5.558000000000000000e+03
5.593000000000000000e+03
5.619000000000000000e+03
5.642000000000000000e+03
5.663000000000000000e+03
5.689000000000000000e+03
5.711000000000000000e+03
5.735000000000000000e+03
5.758000000000000000e+03
5.772000000000000000e+03
5.790000000000000000e+03
5.807000000000000000e+03
5.815000000000000000e+03
5.833000000000000000e+03
5.849000000000000000e+03
5.854000000000000000e+03
5.865000000000000000e+03
5.871000000000000000e+03
5.879000000000000000e+03
5.883000000000000000e+03
5.889000000000000000e+03
5.896000000000000000e+03
5.905000000000000000e+03
5.913000000000000000e+03
5.919000000000000000e+03
5.927000000000000000e+03
5.931000000000000000e+03
5.936000000000000000e+03
5.941000000000000000e+03
5.950000000000000000e+03
5.953000000000000000e+03
5.959000000000000000e+03
5.964000000000000000e+03
5.966000000000000000e+03
5.972000000000000000e+03
5.976000000000000000e+03
5.979000000000000000e+03
5.982000000000000000e+03
5.986000000000000000e+03
5.986000000000000000e+03
5.986000000000000000e+03
