0.000000000000000000e+00
0.000000000000000000e+00
0.000000000000000000e+00
0.000000000000000000e+00
0.000000000000000000e+00
0.000000000000000000e+00
0.000000000000000000e+00
0.000000000000000000e+00
0.000000000000000000e+00
0.000000000000000000e+00
0.000000000000000000e+00
0.000000000000000000e+00
0.000000000000000000e+00
0.000000000000000000e+00
0.000000000000000000e+00
0.000000000000000000e+00
0.000000000000000000e+00
0.000000000000000000e+00
0.000000000000000000e+00
0.000000000000000000e+00
0.000000000000000000e+00
0.000000000000000000e+00
0.000000000000000000e+00
0.000000000000000000e+00
0.000000000000000000e+00
0.000000000000000000e+00
0.000000000000000000e+00
0.000000000000000000e+00
0.000000000000000000e+00
0.000000000000000000e+00
0.000000000000000000e+00
0.000000000000000000e+00
0.000000000000000000e+00
0.000000000000000000e+00
0.000000000000000000e+00
0.000000000000000000e+00
0.000000000000000000e+00
0.000000000000000000e+00
0.000000000000000000e+00
0.000000000000000000e+00
0.000000000000000000e+00
0.000000000000000000e+00
0.000000000000000000e+00
0.000000000000000000e+00
0.000000000000000000e+00
0.000000000000000000e+00
0.000000000000000000e+00
0.000000000000000000e+00
0.000000000000000000e+00
0.000000000000000000e+00
0.000000000000000000e+00
0.000000000000000000e+00
0.000000000000000000e+00
0.000000000000000000e+00
0.000000000000000000e+00
0.000000000000000000e+00
0.000000000000000000e+00
0.000000000000000000e+00
0.000000000000000000e+00
0.000000000000000000e+00
0.000000000000000000e+00
0.000000000000000000e+00
0.000000000000000000e+00
0.000000000000000000e+00
0.000000000000000000e+00
0.000000000000000000e+00
0.000000000000000000e+00
0.000000000000000000e+00
0.000000000000000000e+00
4.100000000000000000e+01
6.200000000000000000e+01
6.800000000000000000e+01
8.600000000000000000e+01
9.300000000000000000e+01
1.040000000000000000e+02
1.230000000000000000e+02
1.500000000000000000e+02
1.920000000000000000e+02
2.060000000000000000e+02
2.140000000000000000e+02
2.240000000000000000e+02
2.310000000000000000e+02
2.480000000000000000e+02
2.600000000000000000e+02
2.720000000000000000e+02
2.860000000000000000e+02
2.940000000000000000e+02
2.980000000000000000e+02
2.980000000000000000e+02
3.130000000000000000e+02
3.240000000000000000e+02
3.370000000000000000e+02
3.540000000000000000e+02
3.690000000000000000e+02
3.700000000000000000e+02
3.750000000000000000e+02
3.860000000000000000e+02
3.940000000000000000e+02
4.120000000000000000e+02
4.170000000000000000e+02
4.350000000000000000e+02
4.400000000000000000e+02
4.420000000000000000e+02
4.470000000000000000e+02
4.680000000000000000e+02
4.860000000000000000e+02
4.920000000000000000e+02
5.060000000000000000e+02
5.130000000000000000e+02
5.170000000000000000e+02
5.230000000000000000e+02
5.320000000000000000e+02
5.450000000000000000e+02
5.470000000000000000e+02
5.530000000000000000e+02
5.580000000000000000e+02
5.640000000000000000e+02
5.690000000000000000e+02
5.790000000000000000e+02
5.880000000000000000e+02
5.940000000000000000e+02
6.030000000000000000e+02
6.160000000000000000e+02
6.180000000000000000e+02
6.290000000000000000e+02
6.380000000000000000e+02
6.500000000000000000e+02
6.540000000000000000e+02
6.800000000000000000e+02
6.820000000000000000e+02
6.850000000000000000e+02
6.890000000000000000e+02
6.910000000000000000e+02
6.980000000000000000e+02
7.090000000000000000e+02
7.210000000000000000e+02
7.260000000000000000e+02
7.300000000000000000e+02
7.380000000000000000e+02
7.540000000000000000e+02
7.580000000000000000e+02
7.720000000000000000e+02
7.800000000000000000e+02
7.840000000000000000e+02
7.880000000000000000e+02
7.920000000000000000e+02
8.010000000000000000e+02
8.100000000000000000e+02
8.140000000000000000e+02
8.140000000000000000e+02
8.150000000000000000e+02
8.140000000000000000e+02
8.150000000000000000e+02
8.150000000000000000e+02
8.150000000000000000e+02
8.180000000000000000e+02
8.180000000000000000e+02
8.180000000000000000e+02
8.180000000000000000e+02
8.220000000000000000e+02
8.240000000000000000e+02
8.250000000000000000e+02
8.280000000000000000e+02
8.370000000000000000e+02
8.400000000000000000e+02
8.490000000000000000e+02
8.580000000000000000e+02
8.650000000000000000e+02
8.710000000000000000e+02
8.780000000000000000e+02
8.860000000000000000e+02
8.960000000000000000e+02
8.960000000000000000e+02
9.030000000000000000e+02
9.050000000000000000e+02
9.090000000000000000e+02
9.160000000000000000e+02
9.170000000000000000e+02
9.210000000000000000e+02
9.220000000000000000e+02
9.270000000000000000e+02
9.290000000000000000e+02
9.340000000000000000e+02
9.400000000000000000e+02
9.460000000000000000e+02
9.470000000000000000e+02
9.480000000000000000e+02
9.510000000000000000e+02
9.580000000000000000e+02
9.670000000000000000e+02
9.780000000000000000e+02
9.940000000000000000e+02
1.004000000000000000e+03
1.011000000000000000e+03
1.023000000000000000e+03
1.048000000000000000e+03
1.065000000000000000e+03
1.079000000000000000e+03
1.095000000000000000e+03
1.112000000000000000e+03
1.125000000000000000e+03
1.146000000000000000e+03
1.157000000000000000e+03
1.163000000000000000e+03
1.180000000000000000e+03
1.182000000000000000e+03
1.194000000000000000e+03
1.200000000000000000e+03
1.205000000000000000e+03
1.219000000000000000e+03
1.228000000000000000e+03
1.242000000000000000e+03
1.249000000000000000e+03
1.264000000000000000e+03
1.276000000000000000e+03
1.295000000000000000e+03
1.309000000000000000e+03
1.322000000000000000e+03
1.333000000000000000e+03
1.352000000000000000e+03
1.364000000000000000e+03
1.378000000000000000e+03
1.409000000000000000e+03
1.419000000000000000e+03
1.433000000000000000e+03
1.437000000000000000e+03
1.446000000000000000e+03
1.459000000000000000e+03
1.459000000000000000e+03
1.466000000000000000e+03
1.476000000000000000e+03
1.478000000000000000e+03
1.484000000000000000e+03
1.490000000000000000e+03
1.502000000000000000e+03
1.513000000000000000e+03
1.528000000000000000e+03
1.545000000000000000e+03
1.559000000000000000e+03
1.582000000000000000e+03
1.603000000000000000e+03
1.612000000000000000e+03
1.621000000000000000e+03
1.634000000000000000e+03
1.645000000000000000e+03
1.661000000000000000e+03
1.679000000000000000e+03
1.710000000000000000e+03
1.716000000000000000e+03
1.728000000000000000e+03
1.755000000000000000e+03
1.771000000000000000e+03
1.791000000000000000e+03
1.809000000000000000e+03
1.824000000000000000e+03
1.831000000000000000e+03
1.844000000000000000e+03
1.862000000000000000e+03
1.878000000000000000e+03
1.890000000000000000e+03
1.904000000000000000e+03
1.917000000000000000e+03
1.930000000000000000e+03
1.942000000000000000e+03
1.950000000000000000e+03
1.987000000000000000e+03
2.007000000000000000e+03
2.025000000000000000e+03
2.042000000000000000e+03
2.052000000000000000e+03
2.105000000000000000e+03
2.121000000000000000e+03
2.142000000000000000e+03
2.172000000000000000e+03
2.204000000000000000e+03
2.241000000000000000e+03
2.301000000000000000e+03
2.351000000000000000e+03
2.411000000000000000e+03
2.455000000000000000e+03
2.481000000000000000e+03
2.504000000000000000e+03
2.532000000000000000e+03
2.560000000000000000e+03
2.601000000000000000e+03
2.658000000000000000e+03
2.727000000000000000e+03
2.770000000000000000e+03
2.814000000000000000e+03
2.853000000000000000e+03
2.903000000000000000e+03
2.943000000000000000e+03
2.993000000000000000e+03
3.034000000000000000e+03
3.078000000000000000e+03
3.103000000000000000e+03
3.135000000000000000e+03
3.175000000000000000e+03
3.233000000000000000e+03
3.284000000000000000e+03
3.348000000000000000e+03
3.404000000000000000e+03
3.479000000000000000e+03
3.547000000000000000e+03
3.621000000000000000e+03
3.679000000000000000e+03
3.764000000000000000e+03
3.827000000000000000e+03
3.923000000000000000e+03
4.021000000000000000e+03
4.107000000000000000e+03
4.185000000000000000e+03
4.267000000000000000e+03
4.357000000000000000e+03
4.483000000000000000e+03
4.584000000000000000e+03
4.707000000000000000e+03
4.826000000000000000e+03
4.946000000000000000e+03
5.062000000000000000e+03
5.240000000000000000e+03
5.415000000000000000e+03
5.564000000000000000e+03
5.747000000000000000e+03
5.941000000000000000e+03
6.155000000000000000e+03
6.358000000000000000e+03
6.593000000000000000e+03
6.895000000000000000e+03
7.142000000000000000e+03
7.406000000000000000e+03
7.699000000000000000e+03
8.002000000000000000e+03
8.327000000000000000e+03
8.688000000000000000e+03
9.127000000000000000e+03
9.574000000000000000e+03
1.004000000000000000e+04
1.047900000000000000e+04
1.084700000000000000e+04
1.136600000000000000e+04
1.196600000000000000e+04
1.250600000000000000e+04
1.299600000000000000e+04
1.346800000000000000e+04
1.399000000000000000e+04
1.459200000000000000e+04
1.512500000000000000e+04
1.553900000000000000e+04
1.591900000000000000e+04
1.654000000000000000e+04
1.709800000000000000e+04
1.767700000000000000e+04
1.837200000000000000e+04
1.901300000000000000e+04
1.955500000000000000e+04
2.009900000000000000e+04
2.073300000000000000e+04
2.168500000000000000e+04
2.242300000000000000e+04
2.313600000000000000e+04
2.391000000000000000e+04
2.461800000000000000e+04
2.541000000000000000e+04
2.611800000000000000e+04
2.692700000000000000e+04
2.771500000000000000e+04
2.854700000000000000e+04
2.927000000000000000e+04
3.014300000000000000e+04
3.086100000000000000e+04
3.159800000000000000e+04
3.230600000000000000e+04
3.314600000000000000e+04
3.391400000000000000e+04
3.468300000000000000e+04
3.553500000000000000e+04
3.617800000000000000e+04
3.682000000000000000e+04
3.741100000000000000e+04
3.796700000000000000e+04
3.846900000000000000e+04
3.897600000000000000e+04
3.967700000000000000e+04
4.027200000000000000e+04
4.076900000000000000e+04
4.142600000000000000e+04
4.196600000000000000e+04
4.250500000000000000e+04
4.288900000000000000e+04
4.348600000000000000e+04
4.406000000000000000e+04
4.448100000000000000e+04
4.497600000000000000e+04
4.539800000000000000e+04
4.588100000000000000e+04
4.626500000000000000e+04
4.684500000000000000e+04
4.751200000000000000e+04
4.803500000000000000e+04
4.849600000000000000e+04
4.901200000000000000e+04
4.946600000000000000e+04
5.003900000000000000e+04
5.062400000000000000e+04
5.136500000000000000e+04
5.197800000000000000e+04
5.261200000000000000e+04
5.341900000000000000e+04
5.417500000000000000e+04
5.486100000000000000e+04
5.563800000000000000e+04
5.639900000000000000e+04
5.713400000000000000e+04
5.777300000000000000e+04
5.862700000000000000e+04
5.953900000000000000e+04
6.051700000000000000e+04
6.160900000000000000e+04
6.258400000000000000e+04
6.347500000000000000e+04
6.449200000000000000e+04
6.551500000000000000e+04
6.666800000000000000e+04
6.773000000000000000e+04
6.898300000000000000e+04
7.037200000000000000e+04
7.158800000000000000e+04
7.291900000000000000e+04
7.433900000000000000e+04
7.603000000000000000e+04
7.756700000000000000e+04
7.941000000000000000e+04
8.143800000000000000e+04
8.338000000000000000e+04
8.520000000000000000e+04
8.703900000000000000e+04
8.903500000000000000e+04
8.903500000000000000e+04
9.404200000000000000e+04
9.656300000000000000e+04
9.883700000000000000e+04
1.012410000000000000e+05
1.042410000000000000e+05
1.044340000000000000e+05
1.102770000000000000e+05
1.131250000000000000e+05
1.165330000000000000e+05
1.193880000000000000e+05
1.226370000000000000e+05
1.261190000000000000e+05
1.293360000000000000e+05
1.329170000000000000e+05
1.363040000000000000e+05
1.395900000000000000e+05
1.425490000000000000e+05
1.454640000000000000e+05
1.485610000000000000e+05
1.516690000000000000e+05
1.544890000000000000e+05
1.575600000000000000e+05
1.606320000000000000e+05
1.624070000000000000e+05
1.649650000000000000e+05
1.678230000000000000e+05
1.707500000000000000e+05
1.737690000000000000e+05
1.767830000000000000e+05
1.794800000000000000e+05
1.817190000000000000e+05
1.845060000000000000e+05
1.871530000000000000e+05
1.897390000000000000e+05
1.921140000000000000e+05
1.949640000000000000e+05
1.970850000000000000e+05
1.989220000000000000e+05
2.013670000000000000e+05
2.040510000000000000e+05
2.066700000000000000e+05
2.093380000000000000e+05
2.120510000000000000e+05
2.145780000000000000e+05
2.165890000000000000e+05
2.192770000000000000e+05
2.220030000000000000e+05
2.247870000000000000e+05
2.275310000000000000e+05
2.306410000000000000e+05
2.336290000000000000e+05
2.362920000000000000e+05
2.393090000000000000e+05
2.426610000000000000e+05
2.463210000000000000e+05
2.500490000000000000e+05
2.535730000000000000e+05
2.570300000000000000e+05
2.599590000000000000e+05
2.637330000000000000e+05
2.677760000000000000e+05
2.714810000000000000e+05
2.751380000000000000e+05
2.793870000000000000e+05
2.833970000000000000e+05
2.864720000000000000e+05
2.897540000000000000e+05
2.933320000000000000e+05
2.968550000000000000e+05
3.001190000000000000e+05
3.038800000000000000e+05
3.071890000000000000e+05
3.099650000000000000e+05
3.133880000000000000e+05
3.170160000000000000e+05
3.203470000000000000e+05
3.234940000000000000e+05
3.268710000000000000e+05
3.296620000000000000e+05
3.321120000000000000e+05
3.349710000000000000e+05
3.377480000000000000e+05
3.403520000000000000e+05
3.424940000000000000e+05
3.448030000000000000e+05
3.468570000000000000e+05
3.484890000000000000e+05
3.502910000000000000e+05
3.521180000000000000e+05
3.539020000000000000e+05
3.554200000000000000e+05
3.569290000000000000e+05
3.583050000000000000e+05
3.592750000000000000e+05
3.604380000000000000e+05
3.616700000000000000e+05
3.626820000000000000e+05
3.635440000000000000e+05
3.644310000000000000e+05
3.652190000000000000e+05
3.658520000000000000e+05
3.666900000000000000e+05
3.674570000000000000e+05
3.679670000000000000e+05
3.684580000000000000e+05
3.691010000000000000e+05
3.696520000000000000e+05
3.702130000000000000e+05
3.707110000000000000e+05
3.711160000000000000e+05
3.714630000000000000e+05
3.718220000000000000e+05
3.721810000000000000e+05
3.724480000000000000e+05
3.727210000000000000e+05
3.730070000000000000e+05
3.732900000000000000e+05
3.734810000000000000e+05
3.736360000000000000e+05
3.738390000000000000e+05
3.740440000000000000e+05
3.742030000000000000e+05
0.000000000000000000e+00
0.000000000000000000e+00
0.000000000000000000e+00
0.000000000000000000e+00
0.000000000000000000e+00
0.000000000000000000e+00
0.000000000000000000e+00
0.000000000000000000e+00
0.000000000000000000e+00
0.000000000000000000e+00
0.000000000000000000e+00
0.000000000000000000e+00
0.000000000000000000e+00
0.000000000000000000e+00
0.000000000000000000e+00
0.000000000000000000e+00
0.000000000000000000e+00
0.000000000000000000e+00
0.000000000000000000e+00
0.000000000000000000e+00
0.000000000000000000e+00
0.000000000000000000e+00
0.000000000000000000e+00
0.000000000000000000e+00
0.000000000000000000e+00
0.000000000000000000e+00
0.000000000000000000e+00
0.000000000000000000e+00
0.000000000000000000e+00
0.000000000000000000e+00
0.000000000000000000e+00
0.000000000000000000e+00
0.000000000000000000e+00
0.000000000000000000e+00
0.000000000000000000e+00
0.000000000000000000e+00
0.000000000000000000e+00
0.000000000000000000e+00
0.000000000000000000e+00
0.000000000000000000e+00
0.000000000000000000e+00
0.000000000000000000e+00
0.000000000000000000e+00
0.000000000000000000e+00
0.000000000000000000e+00
0.000000000000000000e+00
0.000000000000000000e+00
0.000000000000000000e+00
0.000000000000000000e+00
0.000000000000000000e+00
0.000000000000000000e+00
0.000000000000000000e+00
0.000000000000000000e+00
0.000000000000000000e+00
0.000000000000000000e+00
0.000000000000000000e+00
0.000000000000000000e+00
0.000000000000000000e+00
0.000000000000000000e+00
0.000000000000000000e+00
0.000000000000000000e+00
0.000000000000000000e+00
0.000000000000000000e+00
0.000000000000000000e+00
0.000000000000000000e+00
0.000000000000000000e+00
0.000000000000000000e+00
0.000000000000000000e+00
0.000000000000000000e+00
0.000000000000000000e+00
0.000000000000000000e+00
0.000000000000000000e+00
0.000000000000000000e+00
0.000000000000000000e+00
0.000000000000000000e+00
0.000000000000000000e+00
0.000000000000000000e+00
0.000000000000000000e+00
0.000000000000000000e+00
0.000000000000000000e+00
0.000000000000000000e+00
0.000000000000000000e+00
0.000000000000000000e+00
0.000000000000000000e+00
0.000000000000000000e+00
0.000000000000000000e+00
0.000000000000000000e+00
0.000000000000000000e+00
0.000000000000000000e+00
0.000000000000000000e+00
0.000000000000000000e+00
0.000000000000000000e+00
0.000000000000000000e+00
0.000000000000000000e+00
0.000000000000000000e+00
0.000000000000000000e+00
0.000000000000000000e+00
0.000000000000000000e+00
0.000000000000000000e+00
0.000000000000000000e+00
0.000000000000000000e+00
0.000000000000000000e+00
0.000000000000000000e+00
0.000000000000000000e+00
0.000000000000000000e+00
0.000000000000000000e+00
0.000000000000000000e+00
0.000000000000000000e+00
0.000000000000000000e+00
0.000000000000000000e+00
0.000000000000000000e+00
0.000000000000000000e+00
0.000000000000000000e+00
0.000000000000000000e+00
0.000000000000000000e+00
0.000000000000000000e+00
0.000000000000000000e+00
0.000000000000000000e+00
0.000000000000000000e+00
0.000000000000000000e+00
0.000000000000000000e+00
0.000000000000000000e+00
0.000000000000000000e+00
0.000000000000000000e+00
0.000000000000000000e+00
0.000000000000000000e+00
0.000000000000000000e+00
0.000000000000000000e+00
0.000000000000000000e+00
0.000000000000000000e+00
0.000000000000000000e+00
0.000000000000000000e+00
0.000000000000000000e+00
0.000000000000000000e+00
0.000000000000000000e+00
0.000000000000000000e+00
0.000000000000000000e+00
0.000000000000000000e+00
0.000000000000000000e+00
0.000000000000000000e+00
0.000000000000000000e+00
0.000000000000000000e+00
0.000000000000000000e+00
0.000000000000000000e+00
0.000000000000000000e+00
0.000000000000000000e+00
0.000000000000000000e+00
0.000000000000000000e+00
0.000000000000000000e+00
0.000000000000000000e+00
0.000000000000000000e+00
0.000000000000000000e+00
0.000000000000000000e+00
0.000000000000000000e+00
0.000000000000000000e+00
0.000000000000000000e+00
0.000000000000000000e+00
0.000000000000000000e+00
0.000000000000000000e+00
0.000000000000000000e+00
0.000000000000000000e+00
0.000000000000000000e+00
0.000000000000000000e+00
0.000000000000000000e+00
0.000000000000000000e+00
0.000000000000000000e+00
0.000000000000000000e+00
0.000000000000000000e+00
0.000000000000000000e+00
0.000000000000000000e+00
0.000000000000000000e+00
0.000000000000000000e+00
0.000000000000000000e+00
0.000000000000000000e+00
0.000000000000000000e+00
0.000000000000000000e+00
0.000000000000000000e+00
0.000000000000000000e+00
0.000000000000000000e+00
0.000000000000000000e+00
0.000000000000000000e+00
0.000000000000000000e+00
0.000000000000000000e+00
0.000000000000000000e+00
0.000000000000000000e+00
0.000000000000000000e+00
0.000000000000000000e+00
0.000000000000000000e+00
0.000000000000000000e+00
0.000000000000000000e+00
0.000000000000000000e+00
0.000000000000000000e+00
0.000000000000000000e+00
0.000000000000000000e+00
0.000000000000000000e+00
0.000000000000000000e+00
0.000000000000000000e+00
0.000000000000000000e+00
0.000000000000000000e+00
0.000000000000000000e+00
0.000000000000000000e+00
0.000000000000000000e+00
0.000000000000000000e+00
0.000000000000000000e+00
0.000000000000000000e+00
0.000000000000000000e+00
0.000000000000000000e+00
0.000000000000000000e+00
0.000000000000000000e+00
0.000000000000000000e+00
0.000000000000000000e+00
0.000000000000000000e+00
0.000000000000000000e+00
0.000000000000000000e+00
0.000000000000000000e+00
0.000000000000000000e+00
0.000000000000000000e+00
0.000000000000000000e+00
0.000000000000000000e+00
0.000000000000000000e+00
0.000000000000000000e+00
0.000000000000000000e+00
0.000000000000000000e+00
0.000000000000000000e+00
0.000000000000000000e+00
0.000000000000000000e+00
0.000000000000000000e+00
0.000000000000000000e+00
0.000000000000000000e+00
0.000000000000000000e+00
0.000000000000000000e+00
0.000000000000000000e+00
0.000000000000000000e+00
0.000000000000000000e+00
0.000000000000000000e+00
0.000000000000000000e+00
0.000000000000000000e+00
0.000000000000000000e+00
0.000000000000000000e+00
0.000000000000000000e+00
0.000000000000000000e+00
0.000000000000000000e+00
0.000000000000000000e+00
0.000000000000000000e+00
0.000000000000000000e+00
0.000000000000000000e+00
0.000000000000000000e+00
0.000000000000000000e+00
0.000000000000000000e+00
0.000000000000000000e+00
0.000000000000000000e+00
0.000000000000000000e+00
0.000000000000000000e+00
0.000000000000000000e+00
0.000000000000000000e+00
0.000000000000000000e+00
0.000000000000000000e+00
0.000000000000000000e+00
0.000000000000000000e+00
0.000000000000000000e+00
0.000000000000000000e+00
0.000000000000000000e+00
0.000000000000000000e+00
0.000000000000000000e+00
0.000000000000000000e+00
0.000000000000000000e+00
0.000000000000000000e+00
0.000000000000000000e+00
0.000000000000000000e+00
0.000000000000000000e+00
0.000000000000000000e+00
0.000000000000000000e+00
0.000000000000000000e+00
0.000000000000000000e+00
0.000000000000000000e+00
0.000000000000000000e+00
0.000000000000000000e+00
0.000000000000000000e+00
0.000000000000000000e+00
0.000000000000000000e+00
0.000000000000000000e+00
0.000000000000000000e+00
0.000000000000000000e+00
0.000000000000000000e+00
0.000000000000000000e+00
0.000000000000000000e+00
0.000000000000000000e+00
0.000000000000000000e+00
0.000000000000000000e+00
0.000000000000000000e+00
0.000000000000000000e+00
0.000000000000000000e+00
0.000000000000000000e+00
0.000000000000000000e+00
0.000000000000000000e+00
0.000000000000000000e+00
0.000000000000000000e+00
0.000000000000000000e+00
0.000000000000000000e+00
0.000000000000000000e+00
0.000000000000000000e+00
0.000000000000000000e+00
0.000000000000000000e+00
0.000000000000000000e+00
0.000000000000000000e+00
0.000000000000000000e+00
0.000000000000000000e+00
0.000000000000000000e+00
0.000000000000000000e+00
0.000000000000000000e+00
0.000000000000000000e+00
0.000000000000000000e+00
0.000000000000000000e+00
0.000000000000000000e+00
0.000000000000000000e+00
0.000000000000000000e+00
0.000000000000000000e+00
0.000000000000000000e+00
0.000000000000000000e+00
0.000000000000000000e+00
0.000000000000000000e+00
0.000000000000000000e+00
0.000000000000000000e+00
0.000000000000000000e+00
0.000000000000000000e+00
0.000000000000000000e+00
0.000000000000000000e+00
0.000000000000000000e+00
0.000000000000000000e+00
0.000000000000000000e+00
0.000000000000000000e+00
0.000000000000000000e+00
0.000000000000000000e+00
0.000000000000000000e+00
0.000000000000000000e+00
0.000000000000000000e+00
0.000000000000000000e+00
0.000000000000000000e+00
0.000000000000000000e+00
0.000000000000000000e+00
0.000000000000000000e+00
0.000000000000000000e+00
0.000000000000000000e+00
0.000000000000000000e+00
0.000000000000000000e+00
0.000000000000000000e+00
0.000000000000000000e+00
0.000000000000000000e+00
0.000000000000000000e+00
0.000000000000000000e+00
0.000000000000000000e+00
0.000000000000000000e+00
0.000000000000000000e+00
0.000000000000000000e+00
0.000000000000000000e+00
0.000000000000000000e+00
0.000000000000000000e+00
0.000000000000000000e+00
0.000000000000000000e+00
0.000000000000000000e+00
0.000000000000000000e+00
0.000000000000000000e+00
0.000000000000000000e+00
0.000000000000000000e+00
0.000000000000000000e+00
0.000000000000000000e+00
0.000000000000000000e+00
0.000000000000000000e+00
0.000000000000000000e+00
0.000000000000000000e+00
0.000000000000000000e+00
0.000000000000000000e+00
0.000000000000000000e+00
0.000000000000000000e+00
0.000000000000000000e+00
0.000000000000000000e+00
0.000000000000000000e+00
0.000000000000000000e+00
0.000000000000000000e+00
0.000000000000000000e+00
0.000000000000000000e+00
0.000000000000000000e+00
0.000000000000000000e+00
0.000000000000000000e+00
0.000000000000000000e+00
0.000000000000000000e+00
0.000000000000000000e+00
0.000000000000000000e+00
0.000000000000000000e+00
0.000000000000000000e+00
0.000000000000000000e+00
0.000000000000000000e+00
0.000000000000000000e+00
0.000000000000000000e+00
0.000000000000000000e+00
0.000000000000000000e+00
0.000000000000000000e+00
0.000000000000000000e+00
0.000000000000000000e+00
0.000000000000000000e+00
0.000000000000000000e+00
0.000000000000000000e+00
0.000000000000000000e+00
0.000000000000000000e+00
0.000000000000000000e+00
0.000000000000000000e+00
0.000000000000000000e+00
0.000000000000000000e+00
0.000000000000000000e+00
0.000000000000000000e+00
0.000000000000000000e+00
0.000000000000000000e+00
0.000000000000000000e+00
0.000000000000000000e+00
0.000000000000000000e+00
0.000000000000000000e+00
0.000000000000000000e+00
0.000000000000000000e+00
0.000000000000000000e+00
0.000000000000000000e+00
0.000000000000000000e+00
0.000000000000000000e+00
0.000000000000000000e+00
0.000000000000000000e+00
0.000000000000000000e+00
0.000000000000000000e+00
0.000000000000000000e+00
0.000000000000000000e+00
0.000000000000000000e+00
0.000000000000000000e+00
0.000000000000000000e+00
0.000000000000000000e+00
0.000000000000000000e+00
0.000000000000000000e+00
0.000000000000000000e+00
0.000000000000000000e+00
0.000000000000000000e+00
0.000000000000000000e+00
0.000000000000000000e+00
0.000000000000000000e+00
0.000000000000000000e+00
0.000000000000000000e+00
0.000000000000000000e+00
0.000000000000000000e+00
0.000000000000000000e+00
0.000000000000000000e+00
0.000000000000000000e+00
0.000000000000000000e+00
0.000000000000000000e+00
0.000000000000000000e+00
0.000000000000000000e+00
0.000000000000000000e+00
0.000000000000000000e+00
0.000000000000000000e+00
0.000000000000000000e+00
0.000000000000000000e+00
0.000000000000000000e+00
0.000000000000000000e+00
0.000000000000000000e+00
0.000000000000000000e+00
0.000000000000000000e+00
0.000000000000000000e+00
0.000000000000000000e+00
0.000000000000000000e+00
0.000000000000000000e+00
0.000000000000000000e+00
0.000000000000000000e+00
0.000000000000000000e+00
0.000000000000000000e+00
0.000000000000000000e+00
0.000000000000000000e+00
0.000000000000000000e+00
0.000000000000000000e+00
0.000000000000000000e+00
0.000000000000000000e+00
0.000000000000000000e+00
0.000000000000000000e+00
0.000000000000000000e+00
0.000000000000000000e+00
0.000000000000000000e+00
0.000000000000000000e+00
0.000000000000000000e+00
0.000000000000000000e+00
0.000000000000000000e+00
0.000000000000000000e+00
0.000000000000000000e+00
0.000000000000000000e+00
0.000000000000000000e+00
0.000000000000000000e+00
0.000000000000000000e+00
0.000000000000000000e+00
0.000000000000000000e+00
0.000000000000000000e+00
0.000000000000000000e+00
0.000000000000000000e+00
0.000000000000000000e+00
0.000000000000000000e+00
0.000000000000000000e+00
0.000000000000000000e+00
0.000000000000000000e+00
0.000000000000000000e+00
0.000000000000000000e+00
0.000000000000000000e+00
0.000000000000000000e+00
0.000000000000000000e+00
0.000000000000000000e+00
0.000000000000000000e+00
0.000000000000000000e+00
0.000000000000000000e+00
0.000000000000000000e+00
0.000000000000000000e+00
0.000000000000000000e+00
0.000000000000000000e+00
0.000000000000000000e+00
0.000000000000000000e+00
0.000000000000000000e+00
0.000000000000000000e+00
0.000000000000000000e+00
0.000000000000000000e+00
0.000000000000000000e+00
0.000000000000000000e+00
0.000000000000000000e+00
0.000000000000000000e+00
0.000000000000000000e+00
0.000000000000000000e+00
0.000000000000000000e+00
0.000000000000000000e+00
0.000000000000000000e+00
0.000000000000000000e+00
0.000000000000000000e+00
0.000000000000000000e+00
0.000000000000000000e+00
0.000000000000000000e+00
0.000000000000000000e+00
0.000000000000000000e+00
0.000000000000000000e+00
0.000000000000000000e+00
0.000000000000000000e+00
0.000000000000000000e+00
0.000000000000000000e+00
0.000000000000000000e+00
0.000000000000000000e+00
0.000000000000000000e+00
0.000000000000000000e+00
0.000000000000000000e+00
0.000000000000000000e+00
0.000000000000000000e+00
0.000000000000000000e+00
0.000000000000000000e+00
0.000000000000000000e+00
0.000000000000000000e+00
0.000000000000000000e+00
0.000000000000000000e+00
0.000000000000000000e+00
0.000000000000000000e+00
0.000000000000000000e+00
0.000000000000000000e+00
0.000000000000000000e+00
0.000000000000000000e+00
0.000000000000000000e+00
0.000000000000000000e+00
0.000000000000000000e+00
0.000000000000000000e+00
0.000000000000000000e+00
0.000000000000000000e+00
0.000000000000000000e+00
0.000000000000000000e+00
0.000000000000000000e+00
0.000000000000000000e+00
