0.000000000000000000e+00
0.000000000000000000e+00
0.000000000000000000e+00
0.000000000000000000e+00
0.000000000000000000e+00
0.000000000000000000e+00
0.000000000000000000e+00
0.000000000000000000e+00
0.000000000000000000e+00
0.000000000000000000e+00
0.000000000000000000e+00
0.000000000000000000e+00
0.000000000000000000e+00
0.000000000000000000e+00
0.000000000000000000e+00
0.000000000000000000e+00
0.000000000000000000e+00
0.000000000000000000e+00
0.000000000000000000e+00
0.000000000000000000e+00
0.000000000000000000e+00
0.000000000000000000e+00
0.000000000000000000e+00
0.000000000000000000e+00
0.000000000000000000e+00
0.000000000000000000e+00
0.000000000000000000e+00
0.000000000000000000e+00
0.000000000000000000e+00
0.000000000000000000e+00
0.000000000000000000e+00
0.000000000000000000e+00
0.000000000000000000e+00
0.000000000000000000e+00
0.000000000000000000e+00
0.000000000000000000e+00
0.000000000000000000e+00
0.000000000000000000e+00
0.000000000000000000e+00
0.000000000000000000e+00
0.000000000000000000e+00
0.000000000000000000e+00
0.000000000000000000e+00
0.000000000000000000e+00
0.000000000000000000e+00
0.000000000000000000e+00
0.000000000000000000e+00
0.000000000000000000e+00
0.000000000000000000e+00
0.000000000000000000e+00
0.000000000000000000e+00
4.000000000000000000e+00
6.000000000000000000e+00
8.000000000000000000e+00
2.900000000000000000e+01
5.000000000000000000e+01
7.900000000000000000e+01
9.400000000000000000e+01
1.100000000000000000e+02
1.350000000000000000e+02
1.580000000000000000e+02
1.620000000000000000e+02
1.890000000000000000e+02
2.170000000000000000e+02
2.380000000000000000e+02
2.740000000000000000e+02
3.030000000000000000e+02
3.090000000000000000e+02
3.200000000000000000e+02
3.380000000000000000e+02
3.500000000000000000e+02
3.690000000000000000e+02
3.860000000000000000e+02
4.000000000000000000e+02
4.060000000000000000e+02
4.150000000000000000e+02
4.240000000000000000e+02
4.560000000000000000e+02
4.730000000000000000e+02
4.940000000000000000e+02
5.010000000000000000e+02
4.800000000000000000e+02
4.830000000000000000e+02
4.920000000000000000e+02
4.930000000000000000e+02
5.020000000000000000e+02
5.080000000000000000e+02
5.170000000000000000e+02
5.280000000000000000e+02
5.350000000000000000e+02
5.430000000000000000e+02
5.490000000000000000e+02
5.570000000000000000e+02
5.630000000000000000e+02
5.960000000000000000e+02
6.060000000000000000e+02
6.200000000000000000e+02
6.250000000000000000e+02
6.300000000000000000e+02
6.430000000000000000e+02
6.480000000000000000e+02
6.520000000000000000e+02
6.550000000000000000e+02
6.570000000000000000e+02
6.700000000000000000e+02
6.730000000000000000e+02
6.840000000000000000e+02
6.940000000000000000e+02
7.020000000000000000e+02
7.070000000000000000e+02
7.110000000000000000e+02
7.170000000000000000e+02
7.190000000000000000e+02
7.240000000000000000e+02
7.320000000000000000e+02
7.330000000000000000e+02
7.340000000000000000e+02
7.370000000000000000e+02
7.380000000000000000e+02
7.460000000000000000e+02
7.490000000000000000e+02
7.530000000000000000e+02
7.640000000000000000e+02
7.690000000000000000e+02
7.870000000000000000e+02
7.890000000000000000e+02
8.030000000000000000e+02
8.110000000000000000e+02
8.160000000000000000e+02
8.210000000000000000e+02
8.230000000000000000e+02
8.250000000000000000e+02
8.260000000000000000e+02
8.280000000000000000e+02
8.320000000000000000e+02
8.340000000000000000e+02
8.450000000000000000e+02
8.450000000000000000e+02
8.450000000000000000e+02
8.460000000000000000e+02
8.470000000000000000e+02
8.470000000000000000e+02
8.470000000000000000e+02
8.470000000000000000e+02
8.480000000000000000e+02
8.480000000000000000e+02
8.490000000000000000e+02
8.490000000000000000e+02
8.500000000000000000e+02
8.530000000000000000e+02
8.590000000000000000e+02
8.760000000000000000e+02
8.820000000000000000e+02
8.850000000000000000e+02
9.020000000000000000e+02
9.070000000000000000e+02
9.190000000000000000e+02
9.240000000000000000e+02
9.290000000000000000e+02
9.320000000000000000e+02
9.360000000000000000e+02
9.430000000000000000e+02
9.470000000000000000e+02
9.520000000000000000e+02
9.550000000000000000e+02
9.560000000000000000e+02
9.600000000000000000e+02
9.650000000000000000e+02
9.740000000000000000e+02
9.770000000000000000e+02
9.850000000000000000e+02
9.860000000000000000e+02
9.870000000000000000e+02
9.890000000000000000e+02
9.970000000000000000e+02
1.009000000000000000e+03
1.026000000000000000e+03
1.037000000000000000e+03
1.044000000000000000e+03
1.054000000000000000e+03
1.064000000000000000e+03
1.096000000000000000e+03
1.117000000000000000e+03
1.141000000000000000e+03
1.166000000000000000e+03
1.174000000000000000e+03
1.192000000000000000e+03
1.202000000000000000e+03
1.218000000000000000e+03
1.237000000000000000e+03
1.243000000000000000e+03
1.264000000000000000e+03
1.278000000000000000e+03
1.286000000000000000e+03
1.291000000000000000e+03
1.300000000000000000e+03
1.309000000000000000e+03
1.318000000000000000e+03
1.325000000000000000e+03
1.335000000000000000e+03
1.353000000000000000e+03
1.364000000000000000e+03
1.385000000000000000e+03
1.393000000000000000e+03
1.409000000000000000e+03
1.421000000000000000e+03
1.434000000000000000e+03
1.440000000000000000e+03
1.457000000000000000e+03
1.485000000000000000e+03
1.493000000000000000e+03
1.506000000000000000e+03
1.516000000000000000e+03
1.521000000000000000e+03
1.527000000000000000e+03
1.533000000000000000e+03
1.536000000000000000e+03
1.543000000000000000e+03
1.551000000000000000e+03
1.556000000000000000e+03
1.570000000000000000e+03
1.585000000000000000e+03
1.595000000000000000e+03
1.611000000000000000e+03
1.626000000000000000e+03
1.636000000000000000e+03
1.653000000000000000e+03
1.669000000000000000e+03
1.679000000000000000e+03
1.693000000000000000e+03
1.712000000000000000e+03
1.741000000000000000e+03
1.759000000000000000e+03
1.773000000000000000e+03
1.780000000000000000e+03
1.808000000000000000e+03
1.812000000000000000e+03
1.827000000000000000e+03
1.856000000000000000e+03
1.876000000000000000e+03
1.890000000000000000e+03
1.904000000000000000e+03
1.917000000000000000e+03
1.927000000000000000e+03
1.934000000000000000e+03
1.946000000000000000e+03
1.959000000000000000e+03
1.967000000000000000e+03
1.998000000000000000e+03
2.008000000000000000e+03
2.010000000000000000e+03
2.033000000000000000e+03
2.046000000000000000e+03
2.061000000000000000e+03
2.097000000000000000e+03
2.122000000000000000e+03
2.145000000000000000e+03
2.155000000000000000e+03
2.177000000000000000e+03
2.206000000000000000e+03
2.226000000000000000e+03
2.251000000000000000e+03
2.268000000000000000e+03
2.294000000000000000e+03
2.313000000000000000e+03
2.337000000000000000e+03
2.388000000000000000e+03
2.417000000000000000e+03
2.450000000000000000e+03
2.501000000000000000e+03
2.531000000000000000e+03
2.560000000000000000e+03
2.623000000000000000e+03
2.663000000000000000e+03
2.701000000000000000e+03
2.759000000000000000e+03
2.807000000000000000e+03
2.851000000000000000e+03
2.872000000000000000e+03
2.916000000000000000e+03
2.981000000000000000e+03
3.044000000000000000e+03
3.082000000000000000e+03
3.124000000000000000e+03
3.149000000000000000e+03
3.165000000000000000e+03
3.196000000000000000e+03
3.245000000000000000e+03
3.309000000000000000e+03
3.370000000000000000e+03
3.441000000000000000e+03
3.514000000000000000e+03
3.560000000000000000e+03
3.620000000000000000e+03
3.700000000000000000e+03
3.795000000000000000e+03
3.883000000000000000e+03
3.957000000000000000e+03
4.030000000000000000e+03
4.104000000000000000e+03
4.208000000000000000e+03
4.296000000000000000e+03
4.377000000000000000e+03
4.477000000000000000e+03
4.564000000000000000e+03
4.699000000000000000e+03
4.763000000000000000e+03
4.870000000000000000e+03
4.988000000000000000e+03
5.117000000000000000e+03
5.303000000000000000e+03
5.511000000000000000e+03
5.716000000000000000e+03
5.857000000000000000e+03
6.024000000000000000e+03
6.225000000000000000e+03
6.455000000000000000e+03
6.731000000000000000e+03
6.965000000000000000e+03
7.303000000000000000e+03
7.505000000000000000e+03
7.806000000000000000e+03
8.104000000000000000e+03
8.487000000000000000e+03
8.849000000000000000e+03
9.180000000000000000e+03
9.708000000000000000e+03
1.002900000000000000e+04
1.041800000000000000e+04
1.089300000000000000e+04
1.143600000000000000e+04
1.195000000000000000e+04
1.255700000000000000e+04
1.304800000000000000e+04
1.347700000000000000e+04
1.400100000000000000e+04
1.471000000000000000e+04
1.545700000000000000e+04
1.584800000000000000e+04
1.621800000000000000e+04
1.672800000000000000e+04
1.730600000000000000e+04
1.796200000000000000e+04
1.848000000000000000e+04
1.911900000000000000e+04
1.975300000000000000e+04
2.027500000000000000e+04
2.082300000000000000e+04
2.142600000000000000e+04
2.210400000000000000e+04
2.304800000000000000e+04
2.380700000000000000e+04
2.433900000000000000e+04
2.497400000000000000e+04
2.618600000000000000e+04
2.690100000000000000e+04
2.784600000000000000e+04
2.847500000000000000e+04
2.998900000000000000e+04
3.094600000000000000e+04
3.166900000000000000e+04
3.237800000000000000e+04
3.286300000000000000e+04
3.344600000000000000e+04
3.429400000000000000e+04
3.499200000000000000e+04
3.617000000000000000e+04
3.696700000000000000e+04
3.763300000000000000e+04
3.804100000000000000e+04
3.868000000000000000e+04
3.932800000000000000e+04
3.988700000000000000e+04
4.052900000000000000e+04
4.118100000000000000e+04
4.173800000000000000e+04
4.212800000000000000e+04
4.266700000000000000e+04
4.321500000000000000e+04
4.380400000000000000e+04
4.430300000000000000e+04
4.481200000000000000e+04
4.531100000000000000e+04
4.565000000000000000e+04
4.615300000000000000e+04
4.677800000000000000e+04
4.725400000000000000e+04
4.782800000000000000e+04
4.845900000000000000e+04
4.890900000000000000e+04
4.936000000000000000e+04
4.972500000000000000e+04
5.020800000000000000e+04
5.075200000000000000e+04
5.137700000000000000e+04
5.216300000000000000e+04
5.281500000000000000e+04
5.331000000000000000e+04
5.397300000000000000e+04
5.487400000000000000e+04
5.569500000000000000e+04
5.654200000000000000e+04
5.736200000000000000e+04
5.799400000000000000e+04
5.858900000000000000e+04
5.917100000000000000e+04
6.007400000000000000e+04
6.094500000000000000e+04
6.192900000000000000e+04
6.301000000000000000e+04
6.383700000000000000e+04
6.470000000000000000e+04
6.552700000000000000e+04
6.648400000000000000e+04
6.771700000000000000e+04
6.907400000000000000e+04
7.013300000000000000e+04
7.169100000000000000e+04
7.286200000000000000e+04
7.377000000000000000e+04
7.513800000000000000e+04
7.681600000000000000e+04
7.840100000000000000e+04
7.992300000000000000e+04
8.153700000000000000e+04
8.423000000000000000e+04
8.600700000000000000e+04
8.781200000000000000e+04
8.945800000000000000e+04
9.234300000000000000e+04
9.527800000000000000e+04
9.740600000000000000e+04
9.958400000000000000e+04
1.024610000000000000e+05
1.055490000000000000e+05
1.081880000000000000e+05
1.115680000000000000e+05
1.139040000000000000e+05
1.177570000000000000e+05
1.199580000000000000e+05
1.230630000000000000e+05
1.269870000000000000e+05
1.306570000000000000e+05
1.379460000000000000e+05
1.413800000000000000e+05
1.446420000000000000e+05
1.471730000000000000e+05
1.494300000000000000e+05
1.520890000000000000e+05
1.564990000000000000e+05
1.595690000000000000e+05
1.624000000000000000e+05
1.647440000000000000e+05
1.670330000000000000e+05
1.693270000000000000e+05
1.726010000000000000e+05
1.758910000000000000e+05
1.795370000000000000e+05
1.823260000000000000e+05
1.848650000000000000e+05
1.873490000000000000e+05
1.900960000000000000e+05
1.930270000000000000e+05
1.957340000000000000e+05
1.984280000000000000e+05
2.009080000000000000e+05
2.024920000000000000e+05
2.041200000000000000e+05
2.069460000000000000e+05
2.098670000000000000e+05
2.134490000000000000e+05
2.161460000000000000e+05
2.188000000000000000e+05
2.206830000000000000e+05
2.228700000000000000e+05
2.258470000000000000e+05
2.281020000000000000e+05
2.319010000000000000e+05
2.352060000000000000e+05
2.380790000000000000e+05
2.405120000000000000e+05
2.429060000000000000e+05
2.460260000000000000e+05
2.493650000000000000e+05
2.539410000000000000e+05
2.585400000000000000e+05
2.620090000000000000e+05
2.650980000000000000e+05
2.678880000000000000e+05
2.718590000000000000e+05
2.764350000000000000e+05
2.803720000000000000e+05
2.821980000000000000e+05
2.881720000000000000e+05
2.914880000000000000e+05
2.945030000000000000e+05
2.980060000000000000e+05
3.015240000000000000e+05
3.044110000000000000e+05
3.084900000000000000e+05
3.127030000000000000e+05
3.165350000000000000e+05
3.187830000000000000e+05
3.229780000000000000e+05
3.264050000000000000e+05
3.300270000000000000e+05
3.334840000000000000e+05
3.364700000000000000e+05
3.385130000000000000e+05
3.408180000000000000e+05
3.436150000000000000e+05
3.465150000000000000e+05
3.486620000000000000e+05
3.513780000000000000e+05
3.533770000000000000e+05
3.548650000000000000e+05
3.563820000000000000e+05
3.584610000000000000e+05
3.602470000000000000e+05
3.619940000000000000e+05
3.635800000000000000e+05
3.648590000000000000e+05
3.658660000000000000e+05
3.669150000000000000e+05
3.681780000000000000e+05
3.693500000000000000e+05
3.706000000000000000e+05
3.714170000000000000e+05
3.721780000000000000e+05
3.727090000000000000e+05
3.732860000000000000e+05
3.740190000000000000e+05
3.746650000000000000e+05
3.752980000000000000e+05
3.759020000000000000e+05
3.762810000000000000e+05
3.765790000000000000e+05
3.768760000000000000e+05
3.772970000000000000e+05
3.777040000000000000e+05
3.780410000000000000e+05
3.784800000000000000e+05
3.787330000000000000e+05
3.788750000000000000e+05
3.790720000000000000e+05
3.793760000000000000e+05
3.796130000000000000e+05
3.799110000000000000e+05
3.801510000000000000e+05
3.803110000000000000e+05
3.804310000000000000e+05
3.805840000000000000e+05
3.807930000000000000e+05
3.809760000000000000e+05
3.811870000000000000e+05
3.813640000000000000e+05
3.815170000000000000e+05
3.815690000000000000e+05
3.817150000000000000e+05
3.818530000000000000e+05
3.819940000000000000e+05
3.821550000000000000e+05
3.822950000000000000e+05
3.823600000000000000e+05
3.825060000000000000e+05
3.826070000000000000e+05
3.827210000000000000e+05
3.828730000000000000e+05
3.829970000000000000e+05
3.831010000000000000e+05
3.832120000000000000e+05
3.832920000000000000e+05
3.833870000000000000e+05
3.835050000000000000e+05
3.836450000000000000e+05
3.837580000000000000e+05
3.839030000000000000e+05
3.840260000000000000e+05
3.840940000000000000e+05
3.841810000000000000e+05
3.842870000000000000e+05
3.843920000000000000e+05
3.844580000000000000e+05
3.845310000000000000e+05
3.846220000000000000e+05
3.846920000000000000e+05
3.847780000000000000e+05
3.849340000000000000e+05
3.850780000000000000e+05
3.852640000000000000e+05
3.854230000000000000e+05
3.855570000000000000e+05
3.856600000000000000e+05
3.857800000000000000e+05
3.859260000000000000e+05
3.860820000000000000e+05
3.862580000000000000e+05
3.864100000000000000e+05
3.865620000000000000e+05
3.867010000000000000e+05
3.868730000000000000e+05
3.870280000000000000e+05
3.871560000000000000e+05
3.872990000000000000e+05
3.874490000000000000e+05
3.875550000000000000e+05
3.876270000000000000e+05
3.877440000000000000e+05
3.879220000000000000e+05
3.880680000000000000e+05
3.881910000000000000e+05
3.883130000000000000e+05
3.884240000000000000e+05
3.885020000000000000e+05
3.885720000000000000e+05
3.887000000000000000e+05
3.888220000000000000e+05
3.889280000000000000e+05
3.890250000000000000e+05
3.891240000000000000e+05
3.891850000000000000e+05
3.892600000000000000e+05
3.893630000000000000e+05
3.895050000000000000e+05
3.896610000000000000e+05
3.898170000000000000e+05
3.899350000000000000e+05
3.900380000000000000e+05
3.901150000000000000e+05
3.902340000000000000e+05
3.903940000000000000e+05
3.905750000000000000e+05
3.907620000000000000e+05
3.909150000000000000e+05
3.910440000000000000e+05
3.911670000000000000e+05
3.913580000000000000e+05
3.915220000000000000e+05
3.917000000000000000e+05
3.918900000000000000e+05
3.920290000000000000e+05
3.921480000000000000e+05
3.923190000000000000e+05
3.925850000000000000e+05
3.928790000000000000e+05
3.931390000000000000e+05
3.934540000000000000e+05
3.937180000000000000e+05
3.938990000000000000e+05
3.940530000000000000e+05
3.942480000000000000e+05
3.944430000000000000e+05
3.946790000000000000e+05
3.949140000000000000e+05
3.950990000000000000e+05
3.952680000000000000e+05
3.954100000000000000e+05
3.956100000000000000e+05
3.958050000000000000e+05
3.959640000000000000e+05
3.961750000000000000e+05
3.964020000000000000e+05
3.965450000000000000e+05
3.966770000000000000e+05
3.968880000000000000e+05
3.971430000000000000e+05
3.973180000000000000e+05
3.975490000000000000e+05
3.977120000000000000e+05
3.978410000000000000e+05
3.979900000000000000e+05
3.982130000000000000e+05
3.984360000000000000e+05
3.986760000000000000e+05
3.988900000000000000e+05
3.991810000000000000e+05
3.993480000000000000e+05
3.995040000000000000e+05
3.996950000000000000e+05
3.999660000000000000e+05
4.002750000000000000e+05
4.005420000000000000e+05
4.008210000000000000e+05
4.009250000000000000e+05
4.011030000000000000e+05
4.013400000000000000e+05
4.016400000000000000e+05
4.018970000000000000e+05
4.021490000000000000e+05
4.023830000000000000e+05
4.025090000000000000e+05
4.025090000000000000e+05
4.029780000000000000e+05
4.032930000000000000e+05
4.035820000000000000e+05
4.038990000000000000e+05
4.042550000000000000e+05
4.044600000000000000e+05
4.048210000000000000e+05
4.052360000000000000e+05
4.056810000000000000e+05
4.061270000000000000e+05
4.067390000000000000e+05
4.070990000000000000e+05
4.073810000000000000e+05
4.079810000000000000e+05
4.088940000000000000e+05
4.103110000000000000e+05
4.116580000000000000e+05
4.133830000000000000e+05
4.142940000000000000e+05
4.152490000000000000e+05
4.169700000000000000e+05
4.201080000000000000e+05
4.254360000000000000e+05
4.309580000000000000e+05
4.370620000000000000e+05
4.434360000000000000e+05
4.494220000000000000e+05
4.561790000000000000e+05
4.633570000000000000e+05
4.731800000000000000e+05
4.838200000000000000e+05
4.906260000000000000e+05
5.002670000000000000e+05
5.128410000000000000e+05
5.208220000000000000e+05
5.314520000000000000e+05
5.431660000000000000e+05
5.561630000000000000e+05
5.690370000000000000e+05
5.800660000000000000e+05
5.889950000000000000e+05
5.990400000000000000e+05
6.097850000000000000e+05
6.214530000000000000e+05
6.310190000000000000e+05
6.446310000000000000e+05
6.538530000000000000e+05
6.614410000000000000e+05
6.684250000000000000e+05
6.798780000000000000e+05
6.904960000000000000e+05
7.005110000000000000e+05
7.108740000000000000e+05
7.199480000000000000e+05
7.260420000000000000e+05
7.330100000000000000e+05
7.414540000000000000e+05
7.495540000000000000e+05
7.583660000000000000e+05
7.659600000000000000e+05
7.727570000000000000e+05
7.774900000000000000e+05
7.825560000000000000e+05
7.886760000000000000e+05
7.953160000000000000e+05
8.008330000000000000e+05
8.080120000000000000e+05
8.123670000000000000e+05
8.157040000000000000e+05
8.193790000000000000e+05
8.237840000000000000e+05
8.278140000000000000e+05
8.319500000000000000e+05
8.353460000000000000e+05
8.383410000000000000e+05
8.405110000000000000e+05
8.424620000000000000e+05
8.444000000000000000e+05
8.468680000000000000e+05
8.490500000000000000e+05
8.512410000000000000e+05
8.531700000000000000e+05
8.543750000000000000e+05
8.558830000000000000e+05
8.576350000000000000e+05
8.591650000000000000e+05
8.606630000000000000e+05
8.621530000000000000e+05
8.633650000000000000e+05
8.643760000000000000e+05
8.656440000000000000e+05
8.672820000000000000e+05
8.689520000000000000e+05
8.710810000000000000e+05
8.729380000000000000e+05
8.744040000000000000e+05
8.753130000000000000e+05
8.764000000000000000e+05
8.777630000000000000e+05
8.796180000000000000e+05
8.811520000000000000e+05
8.823790000000000000e+05
8.833540000000000000e+05
8.840810000000000000e+05
8.847420000000000000e+05
8.859800000000000000e+05
8.870280000000000000e+05
8.879350000000000000e+05
8.886390000000000000e+05
8.891320000000000000e+05
8.895130000000000000e+05
8.901400000000000000e+05
8.909800000000000000e+05
8.918000000000000000e+05
8.924540000000000000e+05
8.930090000000000000e+05
8.935750000000000000e+05
8.939090000000000000e+05
8.942670000000000000e+05
8.946300000000000000e+05
8.949840000000000000e+05
8.952400000000000000e+05
8.954510000000000000e+05
8.955920000000000000e+05
8.957750000000000000e+05
8.957750000000000000e+05
8.957750000000000000e+05
8.957750000000000000e+05
8.957750000000000000e+05
8.957750000000000000e+05
8.957750000000000000e+05
8.957750000000000000e+05
8.957750000000000000e+05
8.957750000000000000e+05
8.957750000000000000e+05
8.957750000000000000e+05
8.978670000000000000e+05
8.978670000000000000e+05
8.978670000000000000e+05
8.978670000000000000e+05
8.997230000000000000e+05
8.997230000000000000e+05
8.997230000000000000e+05
8.997230000000000000e+05
8.997230000000000000e+05
8.997230000000000000e+05
8.997230000000000000e+05
9.025400000000000000e+05
9.025400000000000000e+05
9.025400000000000000e+05
9.025400000000000000e+05
9.025400000000000000e+05
9.025400000000000000e+05
9.025400000000000000e+05
9.080780000000000000e+05
9.080780000000000000e+05
9.080780000000000000e+05
9.080780000000000000e+05
9.080780000000000000e+05
9.080780000000000000e+05
9.080780000000000000e+05
9.163880000000000000e+05
9.163880000000000000e+05
9.163880000000000000e+05
9.163880000000000000e+05
9.163880000000000000e+05
9.163880000000000000e+05
9.163880000000000000e+05
9.257770000000000000e+05
9.257770000000000000e+05
9.257770000000000000e+05
9.257770000000000000e+05
9.257770000000000000e+05
9.257770000000000000e+05
9.257770000000000000e+05
9.349610000000000000e+05
9.349610000000000000e+05
9.349610000000000000e+05
9.349610000000000000e+05
9.349610000000000000e+05
9.349610000000000000e+05
9.438770000000000000e+05
9.438770000000000000e+05
9.438770000000000000e+05
9.438770000000000000e+05
9.438770000000000000e+05
9.438770000000000000e+05
9.438770000000000000e+05
9.519480000000000000e+05
9.519480000000000000e+05
9.519480000000000000e+05
9.519480000000000000e+05
9.519480000000000000e+05
9.519480000000000000e+05
9.519480000000000000e+05
9.576290000000000000e+05
9.576290000000000000e+05
9.576290000000000000e+05
9.576290000000000000e+05
9.576290000000000000e+05
9.576290000000000000e+05
9.576290000000000000e+05
9.576290000000000000e+05
9.622510000000000000e+05
9.622510000000000000e+05
9.622510000000000000e+05
9.622510000000000000e+05
9.622510000000000000e+05
9.622510000000000000e+05
9.653700000000000000e+05
9.653700000000000000e+05
9.653700000000000000e+05
9.653700000000000000e+05
9.653700000000000000e+05
9.653700000000000000e+05
9.653700000000000000e+05
9.653700000000000000e+05
9.678080000000000000e+05
9.678080000000000000e+05
9.678080000000000000e+05
9.678080000000000000e+05
9.678080000000000000e+05
9.678080000000000000e+05
9.678080000000000000e+05
9.698030000000000000e+05
9.698030000000000000e+05
9.698030000000000000e+05
9.698030000000000000e+05
9.698030000000000000e+05
9.698030000000000000e+05
9.717280000000000000e+05
9.717280000000000000e+05
9.717280000000000000e+05
9.717280000000000000e+05
9.717280000000000000e+05
9.717280000000000000e+05
9.717280000000000000e+05
9.717280000000000000e+05
9.734200000000000000e+05
9.734200000000000000e+05
9.734200000000000000e+05
9.734200000000000000e+05
9.734200000000000000e+05
9.734200000000000000e+05
9.752640000000000000e+05
9.752640000000000000e+05
9.752640000000000000e+05
9.752640000000000000e+05
9.752640000000000000e+05
9.752640000000000000e+05
9.752640000000000000e+05
9.773050000000000000e+05
9.773050000000000000e+05
9.773050000000000000e+05
9.773050000000000000e+05
9.773050000000000000e+05
9.773050000000000000e+05
9.773050000000000000e+05
9.791600000000000000e+05
9.791600000000000000e+05
9.791600000000000000e+05
9.791600000000000000e+05
9.791600000000000000e+05
9.791600000000000000e+05
9.791600000000000000e+05
9.811860000000000000e+05
9.811860000000000000e+05
9.811860000000000000e+05
9.811860000000000000e+05
9.811860000000000000e+05
9.811860000000000000e+05
9.811860000000000000e+05
9.828460000000000000e+05
9.828460000000000000e+05
9.828460000000000000e+05
9.828460000000000000e+05
9.828460000000000000e+05
9.828460000000000000e+05
9.828460000000000000e+05
9.841520000000000000e+05
9.841520000000000000e+05
9.841520000000000000e+05
9.841520000000000000e+05
9.841520000000000000e+05
9.841520000000000000e+05
9.841520000000000000e+05
9.854220000000000000e+05
9.854220000000000000e+05
9.854220000000000000e+05
9.854220000000000000e+05
9.854220000000000000e+05
9.854220000000000000e+05
9.854220000000000000e+05
9.864460000000000000e+05
9.864460000000000000e+05
9.864460000000000000e+05
9.864460000000000000e+05
9.864460000000000000e+05
9.864460000000000000e+05
9.864460000000000000e+05
9.864460000000000000e+05
9.875630000000000000e+05
9.875630000000000000e+05
9.875630000000000000e+05
9.875630000000000000e+05
9.875630000000000000e+05
9.875630000000000000e+05
9.885270000000000000e+05
9.885270000000000000e+05
9.885270000000000000e+05
9.885270000000000000e+05
9.885270000000000000e+05
9.885270000000000000e+05
9.885270000000000000e+05
9.896290000000000000e+05
9.896290000000000000e+05
9.896290000000000000e+05
9.896290000000000000e+05
9.896290000000000000e+05
9.896290000000000000e+05
9.896290000000000000e+05
9.905600000000000000e+05
9.905600000000000000e+05
9.905600000000000000e+05
9.905600000000000000e+05
9.905600000000000000e+05
9.905600000000000000e+05
9.905600000000000000e+05
9.912190000000000000e+05
9.912190000000000000e+05
9.912190000000000000e+05
9.912190000000000000e+05
9.912190000000000000e+05
9.912190000000000000e+05
9.912190000000000000e+05
9.920350000000000000e+05
9.920350000000000000e+05
9.920350000000000000e+05
9.920350000000000000e+05
9.920350000000000000e+05
9.920350000000000000e+05
9.920350000000000000e+05
9.928870000000000000e+05
9.928870000000000000e+05
9.928870000000000000e+05
9.928870000000000000e+05
9.928870000000000000e+05
9.928870000000000000e+05
9.928870000000000000e+05
9.938750000000000000e+05
9.938750000000000000e+05
9.938750000000000000e+05
9.938750000000000000e+05
9.938750000000000000e+05
9.938750000000000000e+05
9.938750000000000000e+05
9.954020000000000000e+05
9.954020000000000000e+05
9.954020000000000000e+05
9.954020000000000000e+05
9.954020000000000000e+05
9.954020000000000000e+05
9.954020000000000000e+05
9.980470000000000000e+05
9.980470000000000000e+05
9.980470000000000000e+05
9.980470000000000000e+05
9.980470000000000000e+05
9.980470000000000000e+05
9.980470000000000000e+05
1.002988000000000000e+06
1.002988000000000000e+06
1.002988000000000000e+06
1.002988000000000000e+06
1.002988000000000000e+06
1.002988000000000000e+06
1.002988000000000000e+06
1.011988000000000000e+06
1.011988000000000000e+06
1.011988000000000000e+06
1.011988000000000000e+06
1.011988000000000000e+06
1.011988000000000000e+06
1.011988000000000000e+06
1.020161000000000000e+06
1.020161000000000000e+06
1.020161000000000000e+06
1.020161000000000000e+06
1.020161000000000000e+06
1.020161000000000000e+06
1.020161000000000000e+06
1.025810000000000000e+06
1.025810000000000000e+06
1.025810000000000000e+06
1.025810000000000000e+06
1.025810000000000000e+06
1.025810000000000000e+06
1.025810000000000000e+06
