-6.135812139087813648e+02
-6.448022849957465041e+02
-6.568633493512890027e+02
-8.505506016126189479e+02
-1.035685567754556359e+03
-9.166505042088933806e+02
-5.970846792061697670e+02
-9.240297060680680943e+02
-9.399258250538573520e+02
-9.345134009099415380e+02
-1.109040531926894573e+03
-1.273834188694147315e+03
-1.133809664667921879e+03
-7.931502400108367965e+02
-1.099435741132836256e+03
-1.095622407284292194e+03
-1.071928832461711863e+03
-1.230029350599246527e+03
-1.380612711127907914e+03
-1.228881199541316164e+03
-8.792224093892348264e+02
-1.179332576240371282e+03
-1.172194029498773943e+03
-1.147961586959203032e+03
-1.308159227309876997e+03
-1.463244766696241186e+03
-1.318117488789284835e+03
-9.768006518079682792e+02
-1.286577431356268789e+03
-1.289982445453275886e+03
-1.276703232328432023e+03
-1.447792531172529152e+03
-1.613248591477112768e+03
-1.477537960147140893e+03
-1.144292185418960344e+03
-1.460456543122194944e+03
-1.468292523642356628e+03
-1.457288100275859279e+03
-1.628376348490942746e+03
-1.791519439178249968e+03
-1.651232337066720447e+03
-1.311277613859635721e+03
-1.618809541613270085e+03
-1.616369352605771383e+03
-1.593785917657988421e+03
-1.752382720002756969e+03
-1.902548522197725788e+03
-1.749246486883733724e+03
-1.396693632344206890e+03
-1.692489286853417525e+03
-1.679594937881500755e+03
-1.648220233156403992e+03
-1.800016494961622811e+03
-1.945635593139422781e+03
-1.790229334880982378e+03
-1.438121585929624871e+03
-1.736932046231199138e+03
-1.729554251744066278e+03
-1.706042645578906559e+03
-1.867810073012911289e+03
