7.374674042731819100e+03
7.376616362570805904e+03
7.378181313259683520e+03
7.378249640711118445e+03
7.378333208442906653e+03
7.378238361962794443e+03
7.377063965805216867e+03
7.375182267998832685e+03
7.375143524175931816e+03
7.374963199148060994e+03
7.373557628721814581e+03
7.372467300978248204e+03
7.371519544007980585e+03
7.369826101823236058e+03
7.367763763558425126e+03
7.367878982021328738e+03
7.368175296748592700e+03
7.367549435292190537e+03
7.367515236866457599e+03
7.367867164703768140e+03
7.367678863300761805e+03
7.367284896017063147e+03
7.369186566227232106e+03
7.371340602084457714e+03
7.372596542328892610e+03
7.374421930832637372e+03
7.376567050698381536e+03
7.378064620478243341e+03
7.379212557219738301e+03
7.382480682493384847e+03
7.385800128855290495e+03
7.388001266607042453e+03
7.390539246449148777e+03
7.393158882499101310e+03
7.394894297748459394e+03
7.396051441959197291e+03
7.399114368995206860e+03
7.402034047036058837e+03
7.403665542137577177e+03
7.405492695276169798e+03
7.407292045047423926e+03
7.408131448091075072e+03
7.408351538619243911e+03
7.410470945853577177e+03
7.412474074112881681e+03
7.413247315876327775e+03
7.414302845520413030e+03
7.415441770377870853e+03
7.415752111902063916e+03
7.415589774698425572e+03
7.417483433862690617e+03
7.419422151975280940e+03
7.420291597537724556e+03
7.421598008897717591e+03
7.423131671737168290e+03
7.423965369744659256e+03
7.424435948953722800e+03
7.427049905375981325e+03
7.429771783624421005e+03
7.431461232580908472e+03
