0.000000000000000000e+00
0.000000000000000000e+00
0.000000000000000000e+00
0.000000000000000000e+00
0.000000000000000000e+00
0.000000000000000000e+00
0.000000000000000000e+00
0.000000000000000000e+00
0.000000000000000000e+00
0.000000000000000000e+00
0.000000000000000000e+00
0.000000000000000000e+00
0.000000000000000000e+00
0.000000000000000000e+00
0.000000000000000000e+00
0.000000000000000000e+00
0.000000000000000000e+00
0.000000000000000000e+00
0.000000000000000000e+00
0.000000000000000000e+00
0.000000000000000000e+00
0.000000000000000000e+00
0.000000000000000000e+00
0.000000000000000000e+00
0.000000000000000000e+00
0.000000000000000000e+00
0.000000000000000000e+00
0.000000000000000000e+00
0.000000000000000000e+00
0.000000000000000000e+00
0.000000000000000000e+00
0.000000000000000000e+00
0.000000000000000000e+00
0.000000000000000000e+00
0.000000000000000000e+00
0.000000000000000000e+00
0.000000000000000000e+00
0.000000000000000000e+00
0.000000000000000000e+00
0.000000000000000000e+00
0.000000000000000000e+00
0.000000000000000000e+00
0.000000000000000000e+00
0.000000000000000000e+00
0.000000000000000000e+00
0.000000000000000000e+00
0.000000000000000000e+00
0.000000000000000000e+00
0.000000000000000000e+00
0.000000000000000000e+00
0.000000000000000000e+00
0.000000000000000000e+00
0.000000000000000000e+00
0.000000000000000000e+00
0.000000000000000000e+00
0.000000000000000000e+00
0.000000000000000000e+00
0.000000000000000000e+00
0.000000000000000000e+00
0.000000000000000000e+00
0.000000000000000000e+00
0.000000000000000000e+00
0.000000000000000000e+00
0.000000000000000000e+00
0.000000000000000000e+00
0.000000000000000000e+00
0.000000000000000000e+00
0.000000000000000000e+00
0.000000000000000000e+00
0.000000000000000000e+00
0.000000000000000000e+00
0.000000000000000000e+00
0.000000000000000000e+00
0.000000000000000000e+00
0.000000000000000000e+00
0.000000000000000000e+00
0.000000000000000000e+00
0.000000000000000000e+00
0.000000000000000000e+00
0.000000000000000000e+00
0.000000000000000000e+00
0.000000000000000000e+00
0.000000000000000000e+00
0.000000000000000000e+00
0.000000000000000000e+00
0.000000000000000000e+00
0.000000000000000000e+00
0.000000000000000000e+00
0.000000000000000000e+00
0.000000000000000000e+00
0.000000000000000000e+00
0.000000000000000000e+00
0.000000000000000000e+00
0.000000000000000000e+00
0.000000000000000000e+00
0.000000000000000000e+00
0.000000000000000000e+00
0.000000000000000000e+00
0.000000000000000000e+00
0.000000000000000000e+00
0.000000000000000000e+00
0.000000000000000000e+00
0.000000000000000000e+00
0.000000000000000000e+00
0.000000000000000000e+00
0.000000000000000000e+00
0.000000000000000000e+00
0.000000000000000000e+00
0.000000000000000000e+00
0.000000000000000000e+00
0.000000000000000000e+00
0.000000000000000000e+00
0.000000000000000000e+00
3.000000000000000000e+00
3.000000000000000000e+00
3.000000000000000000e+00
3.000000000000000000e+00
3.000000000000000000e+00
3.000000000000000000e+00
8.000000000000000000e+00
8.000000000000000000e+00
1.800000000000000000e+01
1.800000000000000000e+01
2.100000000000000000e+01
2.100000000000000000e+01
2.100000000000000000e+01
2.400000000000000000e+01
2.400000000000000000e+01
2.400000000000000000e+01
2.600000000000000000e+01
2.600000000000000000e+01
2.600000000000000000e+01
2.700000000000000000e+01
2.700000000000000000e+01
5.500000000000000000e+01
5.500000000000000000e+01
6.700000000000000000e+01
6.700000000000000000e+01
6.700000000000000000e+01
6.700000000000000000e+01
9.700000000000000000e+01
9.700000000000000000e+01
9.700000000000000000e+01
1.140000000000000000e+02
1.140000000000000000e+02
1.140000000000000000e+02
1.270000000000000000e+02
1.270000000000000000e+02
1.290000000000000000e+02
1.290000000000000000e+02
1.590000000000000000e+02
1.590000000000000000e+02
1.590000000000000000e+02
1.590000000000000000e+02
1.590000000000000000e+02
1.610000000000000000e+02
1.610000000000000000e+02
1.610000000000000000e+02
1.610000000000000000e+02
1.610000000000000000e+02
2.000000000000000000e+02
2.000000000000000000e+02
2.000000000000000000e+02
2.410000000000000000e+02
2.410000000000000000e+02
2.660000000000000000e+02
2.660000000000000000e+02
2.660000000000000000e+02
2.720000000000000000e+02
2.720000000000000000e+02
2.720000000000000000e+02
2.960000000000000000e+02
2.960000000000000000e+02
2.960000000000000000e+02
3.020000000000000000e+02
3.020000000000000000e+02
3.110000000000000000e+02
3.110000000000000000e+02
3.110000000000000000e+02
3.130000000000000000e+02
3.130000000000000000e+02
3.190000000000000000e+02
3.190000000000000000e+02
3.240000000000000000e+02
3.240000000000000000e+02
3.240000000000000000e+02
3.280000000000000000e+02
3.280000000000000000e+02
3.280000000000000000e+02
3.300000000000000000e+02
3.300000000000000000e+02
3.300000000000000000e+02
3.300000000000000000e+02
3.300000000000000000e+02
3.300000000000000000e+02
3.400000000000000000e+02
3.400000000000000000e+02
3.400000000000000000e+02
3.530000000000000000e+02
3.690000000000000000e+02
3.690000000000000000e+02
3.690000000000000000e+02
3.790000000000000000e+02
3.790000000000000000e+02
3.790000000000000000e+02
3.790000000000000000e+02
3.790000000000000000e+02
3.790000000000000000e+02
3.790000000000000000e+02
3.930000000000000000e+02
3.930000000000000000e+02
3.960000000000000000e+02
3.960000000000000000e+02
3.960000000000000000e+02
3.960000000000000000e+02
3.960000000000000000e+02
3.990000000000000000e+02
3.990000000000000000e+02
3.990000000000000000e+02
3.990000000000000000e+02
3.990000000000000000e+02
3.990000000000000000e+02
3.990000000000000000e+02
4.100000000000000000e+02
4.100000000000000000e+02
4.100000000000000000e+02
4.100000000000000000e+02
4.100000000000000000e+02
4.100000000000000000e+02
4.100000000000000000e+02
4.150000000000000000e+02
4.150000000000000000e+02
4.150000000000000000e+02
4.150000000000000000e+02
4.150000000000000000e+02
4.150000000000000000e+02
4.270000000000000000e+02
4.460000000000000000e+02
4.460000000000000000e+02
4.490000000000000000e+02
4.490000000000000000e+02
4.500000000000000000e+02
4.500000000000000000e+02
4.500000000000000000e+02
4.530000000000000000e+02
4.530000000000000000e+02
4.530000000000000000e+02
4.530000000000000000e+02
4.580000000000000000e+02
4.580000000000000000e+02
4.580000000000000000e+02
4.640000000000000000e+02
4.640000000000000000e+02
4.660000000000000000e+02
4.660000000000000000e+02
4.660000000000000000e+02
4.660000000000000000e+02
4.660000000000000000e+02
4.680000000000000000e+02
4.680000000000000000e+02
4.750000000000000000e+02
4.750000000000000000e+02
4.750000000000000000e+02
4.750000000000000000e+02
4.750000000000000000e+02
4.840000000000000000e+02
4.840000000000000000e+02
4.840000000000000000e+02
4.850000000000000000e+02
4.850000000000000000e+02
4.850000000000000000e+02
4.850000000000000000e+02
4.940000000000000000e+02
4.940000000000000000e+02
4.940000000000000000e+02
4.940000000000000000e+02
4.940000000000000000e+02
4.940000000000000000e+02
4.940000000000000000e+02
4.940000000000000000e+02
4.940000000000000000e+02
4.940000000000000000e+02
4.980000000000000000e+02
4.980000000000000000e+02
4.980000000000000000e+02
4.980000000000000000e+02
4.980000000000000000e+02
5.170000000000000000e+02
5.250000000000000000e+02
5.250000000000000000e+02
5.320000000000000000e+02
5.320000000000000000e+02
5.320000000000000000e+02
5.410000000000000000e+02
5.410000000000000000e+02
5.420000000000000000e+02
5.420000000000000000e+02
5.490000000000000000e+02
5.490000000000000000e+02
5.490000000000000000e+02
5.580000000000000000e+02
5.580000000000000000e+02
5.630000000000000000e+02
5.630000000000000000e+02
5.720000000000000000e+02
5.720000000000000000e+02
5.720000000000000000e+02
5.790000000000000000e+02
5.790000000000000000e+02
5.850000000000000000e+02
5.850000000000000000e+02
5.860000000000000000e+02
5.860000000000000000e+02
5.860000000000000000e+02
5.860000000000000000e+02
5.860000000000000000e+02
5.900000000000000000e+02
5.900000000000000000e+02
6.000000000000000000e+02
6.000000000000000000e+02
6.000000000000000000e+02
6.050000000000000000e+02
6.050000000000000000e+02
6.050000000000000000e+02
6.050000000000000000e+02
6.060000000000000000e+02
6.060000000000000000e+02
6.060000000000000000e+02
6.060000000000000000e+02
6.060000000000000000e+02
6.100000000000000000e+02
6.100000000000000000e+02
6.100000000000000000e+02
6.110000000000000000e+02
6.110000000000000000e+02
6.150000000000000000e+02
6.150000000000000000e+02
6.260000000000000000e+02
6.260000000000000000e+02
6.260000000000000000e+02
6.260000000000000000e+02
6.260000000000000000e+02
7.000000000000000000e+02
7.000000000000000000e+02
7.050000000000000000e+02
7.050000000000000000e+02
7.320000000000000000e+02
7.320000000000000000e+02
7.320000000000000000e+02
7.590000000000000000e+02
7.590000000000000000e+02
8.020000000000000000e+02
8.020000000000000000e+02
8.600000000000000000e+02
8.600000000000000000e+02
8.760000000000000000e+02
8.890000000000000000e+02
9.490000000000000000e+02
1.010000000000000000e+03
1.028000000000000000e+03
1.069000000000000000e+03
1.075000000000000000e+03
1.113000000000000000e+03
1.144000000000000000e+03
1.210000000000000000e+03
1.210000000000000000e+03
1.298000000000000000e+03
1.315000000000000000e+03
1.340000000000000000e+03
1.424000000000000000e+03
1.441000000000000000e+03
1.496000000000000000e+03
1.538000000000000000e+03
1.637000000000000000e+03
1.678000000000000000e+03
1.731000000000000000e+03
1.834000000000000000e+03
1.932000000000000000e+03
2.060000000000000000e+03
2.152000000000000000e+03
2.246000000000000000e+03
2.334000000000000000e+03
2.334000000000000000e+03
2.347000000000000000e+03
2.518000000000000000e+03
2.581000000000000000e+03
2.601000000000000000e+03
2.730000000000000000e+03
2.776000000000000000e+03
2.777000000000000000e+03
2.911000000000000000e+03
2.935000000000000000e+03
3.000000000000000000e+03
3.030000000000000000e+03
3.059000000000000000e+03
3.059000000000000000e+03
3.117000000000000000e+03
3.130000000000000000e+03
3.175000000000000000e+03
3.190000000000000000e+03
3.203000000000000000e+03
3.255000000000000000e+03
3.304000000000000000e+03
3.314000000000000000e+03
3.331000000000000000e+03
3.359000000000000000e+03
3.369000000000000000e+03
3.369000000000000000e+03
3.389000000000000000e+03
3.410000000000000000e+03
3.410000000000000000e+03
3.427000000000000000e+03
3.427000000000000000e+03
3.427000000000000000e+03
3.434000000000000000e+03
3.436000000000000000e+03
3.438000000000000000e+03
3.444000000000000000e+03
3.448000000000000000e+03
3.453000000000000000e+03
3.459000000000000000e+03
3.465000000000000000e+03
3.471000000000000000e+03
3.473000000000000000e+03
3.473000000000000000e+03
3.473000000000000000e+03
3.483000000000000000e+03
3.491000000000000000e+03
3.492000000000000000e+03
3.494000000000000000e+03
3.510000000000000000e+03
3.510000000000000000e+03
3.525000000000000000e+03
3.525000000000000000e+03
3.525000000000000000e+03
3.536000000000000000e+03
3.538000000000000000e+03
3.538000000000000000e+03
3.538000000000000000e+03
3.539000000000000000e+03
3.542000000000000000e+03
3.568000000000000000e+03
3.568000000000000000e+03
3.568000000000000000e+03
3.577000000000000000e+03
3.577000000000000000e+03
3.577000000000000000e+03
3.582000000000000000e+03
3.582000000000000000e+03
3.589000000000000000e+03
3.589000000000000000e+03
3.589000000000000000e+03
3.595000000000000000e+03
3.595000000000000000e+03
3.626000000000000000e+03
3.645000000000000000e+03
3.645000000000000000e+03
3.645000000000000000e+03
3.650000000000000000e+03
3.650000000000000000e+03
3.650000000000000000e+03
3.650000000000000000e+03
3.664000000000000000e+03
3.674000000000000000e+03
3.674000000000000000e+03
3.674000000000000000e+03
3.675000000000000000e+03
3.675000000000000000e+03
3.676000000000000000e+03
3.681000000000000000e+03
3.681000000000000000e+03
3.682000000000000000e+03
3.682000000000000000e+03
3.682000000000000000e+03
3.688000000000000000e+03
3.688000000000000000e+03
3.688000000000000000e+03
3.688000000000000000e+03
3.688000000000000000e+03
3.699000000000000000e+03
3.699000000000000000e+03
3.699000000000000000e+03
3.708000000000000000e+03
3.708000000000000000e+03
3.708000000000000000e+03
3.710000000000000000e+03
3.710000000000000000e+03
3.713000000000000000e+03
3.713000000000000000e+03
3.713000000000000000e+03
3.716000000000000000e+03
3.716000000000000000e+03
3.716000000000000000e+03
3.719000000000000000e+03
3.719000000000000000e+03
3.719000000000000000e+03
3.719000000000000000e+03
3.726000000000000000e+03
3.726000000000000000e+03
3.730000000000000000e+03
3.730000000000000000e+03
3.736000000000000000e+03
3.736000000000000000e+03
3.736000000000000000e+03
3.736000000000000000e+03
3.736000000000000000e+03
3.736000000000000000e+03
3.736000000000000000e+03
3.736000000000000000e+03
3.738000000000000000e+03
3.738000000000000000e+03
3.745000000000000000e+03
3.745000000000000000e+03
3.745000000000000000e+03
3.745000000000000000e+03
3.745000000000000000e+03
3.745000000000000000e+03
3.745000000000000000e+03
3.745000000000000000e+03
3.745000000000000000e+03
3.745000000000000000e+03
3.745000000000000000e+03
3.745000000000000000e+03
3.745000000000000000e+03
3.745000000000000000e+03
3.765000000000000000e+03
3.765000000000000000e+03
3.766000000000000000e+03
3.766000000000000000e+03
3.766000000000000000e+03
3.766000000000000000e+03
3.766000000000000000e+03
3.772000000000000000e+03
3.774000000000000000e+03
3.784000000000000000e+03
3.786000000000000000e+03
3.790000000000000000e+03
3.798000000000000000e+03
3.798000000000000000e+03
3.798000000000000000e+03
3.812000000000000000e+03
3.819000000000000000e+03
3.819000000000000000e+03
3.837000000000000000e+03
3.837000000000000000e+03
3.837000000000000000e+03
3.837000000000000000e+03
3.849000000000000000e+03
3.849000000000000000e+03
3.849000000000000000e+03
3.862000000000000000e+03
3.864000000000000000e+03
3.864000000000000000e+03
3.864000000000000000e+03
3.864000000000000000e+03
3.864000000000000000e+03
3.865000000000000000e+03
3.869000000000000000e+03
3.869000000000000000e+03
3.869000000000000000e+03
3.873000000000000000e+03
0.000000000000000000e+00
0.000000000000000000e+00
0.000000000000000000e+00
0.000000000000000000e+00
0.000000000000000000e+00
0.000000000000000000e+00
0.000000000000000000e+00
0.000000000000000000e+00
0.000000000000000000e+00
0.000000000000000000e+00
0.000000000000000000e+00
0.000000000000000000e+00
0.000000000000000000e+00
0.000000000000000000e+00
0.000000000000000000e+00
0.000000000000000000e+00
0.000000000000000000e+00
0.000000000000000000e+00
0.000000000000000000e+00
0.000000000000000000e+00
0.000000000000000000e+00
0.000000000000000000e+00
0.000000000000000000e+00
0.000000000000000000e+00
0.000000000000000000e+00
0.000000000000000000e+00
0.000000000000000000e+00
0.000000000000000000e+00
0.000000000000000000e+00
0.000000000000000000e+00
0.000000000000000000e+00
0.000000000000000000e+00
0.000000000000000000e+00
0.000000000000000000e+00
0.000000000000000000e+00
0.000000000000000000e+00
0.000000000000000000e+00
0.000000000000000000e+00
0.000000000000000000e+00
0.000000000000000000e+00
0.000000000000000000e+00
0.000000000000000000e+00
0.000000000000000000e+00
0.000000000000000000e+00
0.000000000000000000e+00
0.000000000000000000e+00
0.000000000000000000e+00
0.000000000000000000e+00
0.000000000000000000e+00
0.000000000000000000e+00
0.000000000000000000e+00
0.000000000000000000e+00
0.000000000000000000e+00
0.000000000000000000e+00
0.000000000000000000e+00
0.000000000000000000e+00
0.000000000000000000e+00
0.000000000000000000e+00
0.000000000000000000e+00
0.000000000000000000e+00
0.000000000000000000e+00
0.000000000000000000e+00
0.000000000000000000e+00
0.000000000000000000e+00
0.000000000000000000e+00
0.000000000000000000e+00
0.000000000000000000e+00
0.000000000000000000e+00
0.000000000000000000e+00
0.000000000000000000e+00
0.000000000000000000e+00
0.000000000000000000e+00
0.000000000000000000e+00
0.000000000000000000e+00
0.000000000000000000e+00
0.000000000000000000e+00
0.000000000000000000e+00
0.000000000000000000e+00
0.000000000000000000e+00
0.000000000000000000e+00
0.000000000000000000e+00
0.000000000000000000e+00
0.000000000000000000e+00
0.000000000000000000e+00
0.000000000000000000e+00
0.000000000000000000e+00
0.000000000000000000e+00
0.000000000000000000e+00
0.000000000000000000e+00
0.000000000000000000e+00
0.000000000000000000e+00
0.000000000000000000e+00
0.000000000000000000e+00
0.000000000000000000e+00
0.000000000000000000e+00
0.000000000000000000e+00
0.000000000000000000e+00
0.000000000000000000e+00
0.000000000000000000e+00
0.000000000000000000e+00
0.000000000000000000e+00
0.000000000000000000e+00
0.000000000000000000e+00
0.000000000000000000e+00
0.000000000000000000e+00
0.000000000000000000e+00
0.000000000000000000e+00
0.000000000000000000e+00
0.000000000000000000e+00
0.000000000000000000e+00
0.000000000000000000e+00
0.000000000000000000e+00
0.000000000000000000e+00
0.000000000000000000e+00
0.000000000000000000e+00
0.000000000000000000e+00
0.000000000000000000e+00
0.000000000000000000e+00
0.000000000000000000e+00
0.000000000000000000e+00
0.000000000000000000e+00
0.000000000000000000e+00
0.000000000000000000e+00
0.000000000000000000e+00
0.000000000000000000e+00
0.000000000000000000e+00
0.000000000000000000e+00
0.000000000000000000e+00
0.000000000000000000e+00
0.000000000000000000e+00
0.000000000000000000e+00
0.000000000000000000e+00
0.000000000000000000e+00
0.000000000000000000e+00
0.000000000000000000e+00
0.000000000000000000e+00
0.000000000000000000e+00
0.000000000000000000e+00
0.000000000000000000e+00
0.000000000000000000e+00
