-1.048767091069342086e+03
-1.111332137798765871e+03
-1.131935902479543302e+03
-1.152967476768343204e+03
-1.177242895749974423e+03
-1.198903263477937799e+03
-1.217397740640743905e+03
-1.246833468151985016e+03
-1.309398514881522033e+03
-1.330002279562278090e+03
-1.351033853851070489e+03
-1.375309272832726720e+03
-1.396969640560688731e+03
-1.415464117723542131e+03
-1.444899845234751638e+03
-1.507464891964273875e+03
-1.528068656645016290e+03
-1.549100230933856892e+03
-1.573375649915465374e+03
-1.595036017643446712e+03
-1.613530494806258275e+03
-1.642966222317510301e+03
-1.705531269047022306e+03
-1.726135033727729251e+03
-1.747166608016558712e+03
-1.771442026998180609e+03
-1.793102394726133298e+03
-1.811596871888998066e+03
-1.841032599400262143e+03
-1.903597646129707755e+03
-1.924201410810482685e+03
-1.945232985099311691e+03
-1.969508404080929722e+03
-1.991168771808887641e+03
-2.009663248971745361e+03
-2.039098976483021033e+03
-2.101664023212460052e+03
-2.122267787893199056e+03
-2.143299362182042842e+03
-2.167574781163678836e+03
-2.189235148891671088e+03
-2.207729626054505843e+03
-2.237165353565784244e+03
-2.299730400295211439e+03
-2.320334164975914973e+03
-2.341365739264803778e+03
-2.365641158246427949e+03
-2.387301525974390188e+03
-2.405796003137225398e+03
-2.435231730648539269e+03
-2.497796777377964190e+03
-2.518400542058702285e+03
-2.539432116347527881e+03
-2.563707535329142956e+03
-2.585367903057116109e+03
-2.603862380219937677e+03
-2.633298107731196978e+03
-2.695863154460715577e+03
-2.716466919141437302e+03
-2.737498493430287454e+03
