0.000000000000000000e+00
0.000000000000000000e+00
0.000000000000000000e+00
0.000000000000000000e+00
0.000000000000000000e+00
0.000000000000000000e+00
0.000000000000000000e+00
0.000000000000000000e+00
0.000000000000000000e+00
0.000000000000000000e+00
0.000000000000000000e+00
0.000000000000000000e+00
0.000000000000000000e+00
0.000000000000000000e+00
0.000000000000000000e+00
0.000000000000000000e+00
0.000000000000000000e+00
0.000000000000000000e+00
0.000000000000000000e+00
0.000000000000000000e+00
0.000000000000000000e+00
0.000000000000000000e+00
0.000000000000000000e+00
0.000000000000000000e+00
0.000000000000000000e+00
0.000000000000000000e+00
0.000000000000000000e+00
0.000000000000000000e+00
0.000000000000000000e+00
0.000000000000000000e+00
0.000000000000000000e+00
0.000000000000000000e+00
0.000000000000000000e+00
0.000000000000000000e+00
0.000000000000000000e+00
0.000000000000000000e+00
0.000000000000000000e+00
0.000000000000000000e+00
0.000000000000000000e+00
0.000000000000000000e+00
0.000000000000000000e+00
0.000000000000000000e+00
0.000000000000000000e+00
0.000000000000000000e+00
0.000000000000000000e+00
0.000000000000000000e+00
0.000000000000000000e+00
0.000000000000000000e+00
0.000000000000000000e+00
0.000000000000000000e+00
0.000000000000000000e+00
0.000000000000000000e+00
0.000000000000000000e+00
0.000000000000000000e+00
0.000000000000000000e+00
0.000000000000000000e+00
0.000000000000000000e+00
0.000000000000000000e+00
0.000000000000000000e+00
0.000000000000000000e+00
0.000000000000000000e+00
0.000000000000000000e+00
0.000000000000000000e+00
0.000000000000000000e+00
0.000000000000000000e+00
0.000000000000000000e+00
0.000000000000000000e+00
0.000000000000000000e+00
0.000000000000000000e+00
0.000000000000000000e+00
0.000000000000000000e+00
0.000000000000000000e+00
1.000000000000000000e+00
1.000000000000000000e+00
1.000000000000000000e+00
1.000000000000000000e+00
1.000000000000000000e+00
1.000000000000000000e+00
1.000000000000000000e+00
1.000000000000000000e+00
1.000000000000000000e+00
1.000000000000000000e+00
1.000000000000000000e+00
1.000000000000000000e+00
1.000000000000000000e+00
1.000000000000000000e+00
1.000000000000000000e+00
1.000000000000000000e+00
1.000000000000000000e+00
1.000000000000000000e+00
1.000000000000000000e+00
1.000000000000000000e+00
1.000000000000000000e+00
1.000000000000000000e+00
1.000000000000000000e+00
1.000000000000000000e+00
1.000000000000000000e+00
1.000000000000000000e+00
1.000000000000000000e+00
1.000000000000000000e+00
1.000000000000000000e+00
1.000000000000000000e+00
1.000000000000000000e+00
1.000000000000000000e+00
1.000000000000000000e+00
1.000000000000000000e+00
1.000000000000000000e+00
1.000000000000000000e+00
1.000000000000000000e+00
1.000000000000000000e+00
1.000000000000000000e+00
1.000000000000000000e+00
1.000000000000000000e+00
1.000000000000000000e+00
1.000000000000000000e+00
1.000000000000000000e+00
1.000000000000000000e+00
1.000000000000000000e+00
1.000000000000000000e+00
1.000000000000000000e+00
1.000000000000000000e+00
1.000000000000000000e+00
1.000000000000000000e+00
1.000000000000000000e+00
1.000000000000000000e+00
1.000000000000000000e+00
1.000000000000000000e+00
1.000000000000000000e+00
1.000000000000000000e+00
1.000000000000000000e+00
1.000000000000000000e+00
1.000000000000000000e+00
1.000000000000000000e+00
1.000000000000000000e+00
1.000000000000000000e+00
1.000000000000000000e+00
1.000000000000000000e+00
1.000000000000000000e+00
2.000000000000000000e+00
2.000000000000000000e+00
2.000000000000000000e+00
2.000000000000000000e+00
3.000000000000000000e+00
3.000000000000000000e+00
3.000000000000000000e+00
5.000000000000000000e+00
6.000000000000000000e+00
6.000000000000000000e+00
7.000000000000000000e+00
8.000000000000000000e+00
8.000000000000000000e+00
8.000000000000000000e+00
8.000000000000000000e+00
9.000000000000000000e+00
1.000000000000000000e+01
1.000000000000000000e+01
1.000000000000000000e+01
1.100000000000000000e+01
1.100000000000000000e+01
1.300000000000000000e+01
1.300000000000000000e+01
1.300000000000000000e+01
1.300000000000000000e+01
1.300000000000000000e+01
1.400000000000000000e+01
1.400000000000000000e+01
1.400000000000000000e+01
1.500000000000000000e+01
1.700000000000000000e+01
1.700000000000000000e+01
1.800000000000000000e+01
1.800000000000000000e+01
1.800000000000000000e+01
1.800000000000000000e+01
1.800000000000000000e+01
1.800000000000000000e+01
1.800000000000000000e+01
1.900000000000000000e+01
2.000000000000000000e+01
2.100000000000000000e+01
2.100000000000000000e+01
2.100000000000000000e+01
2.100000000000000000e+01
2.300000000000000000e+01
2.300000000000000000e+01
2.300000000000000000e+01
2.300000000000000000e+01
2.400000000000000000e+01
2.400000000000000000e+01
2.600000000000000000e+01
2.600000000000000000e+01
2.600000000000000000e+01
2.600000000000000000e+01
2.700000000000000000e+01
2.700000000000000000e+01
2.700000000000000000e+01
2.700000000000000000e+01
2.900000000000000000e+01
2.900000000000000000e+01
2.900000000000000000e+01
2.900000000000000000e+01
3.000000000000000000e+01
3.900000000000000000e+01
3.900000000000000000e+01
4.000000000000000000e+01
4.100000000000000000e+01
4.200000000000000000e+01
4.700000000000000000e+01
4.800000000000000000e+01
5.400000000000000000e+01
5.400000000000000000e+01
5.500000000000000000e+01
5.600000000000000000e+01
5.700000000000000000e+01
5.800000000000000000e+01
6.000000000000000000e+01
6.100000000000000000e+01
6.200000000000000000e+01
6.600000000000000000e+01
6.600000000000000000e+01
6.700000000000000000e+01
6.700000000000000000e+01
7.100000000000000000e+01
7.200000000000000000e+01
7.200000000000000000e+01
7.300000000000000000e+01
7.500000000000000000e+01
7.600000000000000000e+01
8.500000000000000000e+01
9.100000000000000000e+01
9.100000000000000000e+01
9.200000000000000000e+01
9.300000000000000000e+01
9.300000000000000000e+01
9.300000000000000000e+01
9.300000000000000000e+01
9.500000000000000000e+01
9.500000000000000000e+01
9.500000000000000000e+01
9.500000000000000000e+01
9.600000000000000000e+01
9.700000000000000000e+01
9.700000000000000000e+01
9.700000000000000000e+01
1.000000000000000000e+02
1.010000000000000000e+02
1.020000000000000000e+02
1.020000000000000000e+02
1.020000000000000000e+02
1.020000000000000000e+02
1.020000000000000000e+02
1.040000000000000000e+02
1.040000000000000000e+02
1.050000000000000000e+02
1.050000000000000000e+02
1.060000000000000000e+02
1.060000000000000000e+02
1.060000000000000000e+02
1.060000000000000000e+02
1.060000000000000000e+02
1.060000000000000000e+02
1.060000000000000000e+02
1.070000000000000000e+02
1.070000000000000000e+02
1.070000000000000000e+02
1.070000000000000000e+02
1.080000000000000000e+02
1.090000000000000000e+02
1.090000000000000000e+02
1.090000000000000000e+02
1.090000000000000000e+02
1.090000000000000000e+02
1.090000000000000000e+02
1.090000000000000000e+02
1.090000000000000000e+02
1.090000000000000000e+02
1.090000000000000000e+02
1.090000000000000000e+02
1.100000000000000000e+02
1.110000000000000000e+02
1.110000000000000000e+02
1.110000000000000000e+02
1.110000000000000000e+02
1.110000000000000000e+02
1.110000000000000000e+02
1.110000000000000000e+02
1.110000000000000000e+02
1.120000000000000000e+02
1.120000000000000000e+02
1.120000000000000000e+02
1.130000000000000000e+02
1.130000000000000000e+02
1.130000000000000000e+02
1.130000000000000000e+02
1.130000000000000000e+02
1.140000000000000000e+02
1.140000000000000000e+02
1.140000000000000000e+02
1.140000000000000000e+02
1.150000000000000000e+02
1.160000000000000000e+02
1.160000000000000000e+02
1.160000000000000000e+02
1.160000000000000000e+02
1.160000000000000000e+02
1.160000000000000000e+02
1.160000000000000000e+02
1.170000000000000000e+02
1.170000000000000000e+02
1.170000000000000000e+02
1.170000000000000000e+02
1.170000000000000000e+02
1.170000000000000000e+02
1.170000000000000000e+02
1.170000000000000000e+02
1.170000000000000000e+02
1.170000000000000000e+02
1.170000000000000000e+02
1.170000000000000000e+02
1.170000000000000000e+02
1.170000000000000000e+02
1.170000000000000000e+02
1.170000000000000000e+02
1.170000000000000000e+02
1.170000000000000000e+02
1.170000000000000000e+02
1.170000000000000000e+02
1.170000000000000000e+02
1.170000000000000000e+02
1.170000000000000000e+02
1.170000000000000000e+02
1.170000000000000000e+02
1.180000000000000000e+02
1.180000000000000000e+02
1.180000000000000000e+02
1.180000000000000000e+02
1.180000000000000000e+02
1.180000000000000000e+02
1.190000000000000000e+02
1.190000000000000000e+02
1.190000000000000000e+02
1.200000000000000000e+02
1.200000000000000000e+02
1.210000000000000000e+02
1.220000000000000000e+02
1.230000000000000000e+02
1.230000000000000000e+02
1.230000000000000000e+02
1.240000000000000000e+02
1.250000000000000000e+02
1.260000000000000000e+02
1.300000000000000000e+02
1.310000000000000000e+02
1.320000000000000000e+02
1.330000000000000000e+02
1.380000000000000000e+02
1.380000000000000000e+02
1.390000000000000000e+02
1.390000000000000000e+02
1.390000000000000000e+02
1.410000000000000000e+02
1.410000000000000000e+02
1.450000000000000000e+02
1.460000000000000000e+02
1.460000000000000000e+02
1.460000000000000000e+02
1.480000000000000000e+02
1.480000000000000000e+02
1.490000000000000000e+02
1.490000000000000000e+02
1.500000000000000000e+02
1.520000000000000000e+02
1.540000000000000000e+02
1.540000000000000000e+02
1.540000000000000000e+02
1.540000000000000000e+02
1.560000000000000000e+02
1.560000000000000000e+02
1.560000000000000000e+02
1.580000000000000000e+02
1.580000000000000000e+02
1.600000000000000000e+02
1.610000000000000000e+02
1.620000000000000000e+02
1.630000000000000000e+02
1.640000000000000000e+02
1.660000000000000000e+02
1.660000000000000000e+02
1.660000000000000000e+02
1.660000000000000000e+02
1.670000000000000000e+02
1.670000000000000000e+02
1.680000000000000000e+02
1.680000000000000000e+02
1.680000000000000000e+02
1.680000000000000000e+02
1.680000000000000000e+02
1.690000000000000000e+02
1.700000000000000000e+02
1.700000000000000000e+02
1.700000000000000000e+02
1.700000000000000000e+02
1.700000000000000000e+02
1.720000000000000000e+02
1.730000000000000000e+02
1.730000000000000000e+02
1.730000000000000000e+02
1.750000000000000000e+02
1.750000000000000000e+02
1.750000000000000000e+02
1.750000000000000000e+02
1.750000000000000000e+02
1.750000000000000000e+02
1.750000000000000000e+02
1.760000000000000000e+02
1.760000000000000000e+02
1.760000000000000000e+02
1.760000000000000000e+02
1.760000000000000000e+02
1.760000000000000000e+02
1.760000000000000000e+02
1.760000000000000000e+02
1.760000000000000000e+02
1.760000000000000000e+02
1.760000000000000000e+02
1.770000000000000000e+02
1.770000000000000000e+02
1.770000000000000000e+02
1.770000000000000000e+02
1.770000000000000000e+02
1.770000000000000000e+02
1.770000000000000000e+02
1.770000000000000000e+02
1.770000000000000000e+02
1.770000000000000000e+02
1.770000000000000000e+02
1.770000000000000000e+02
1.770000000000000000e+02
1.770000000000000000e+02
1.770000000000000000e+02
1.780000000000000000e+02
1.780000000000000000e+02
1.780000000000000000e+02
1.780000000000000000e+02
1.790000000000000000e+02
1.820000000000000000e+02
1.820000000000000000e+02
1.840000000000000000e+02
1.840000000000000000e+02
1.850000000000000000e+02
1.870000000000000000e+02
1.870000000000000000e+02
1.870000000000000000e+02
1.870000000000000000e+02
1.880000000000000000e+02
1.890000000000000000e+02
1.910000000000000000e+02
1.930000000000000000e+02
1.950000000000000000e+02
1.980000000000000000e+02
2.010000000000000000e+02
2.010000000000000000e+02
2.010000000000000000e+02
2.010000000000000000e+02
2.040000000000000000e+02
2.040000000000000000e+02
2.070000000000000000e+02
2.070000000000000000e+02
2.120000000000000000e+02
2.120000000000000000e+02
2.130000000000000000e+02
2.140000000000000000e+02
2.140000000000000000e+02
2.150000000000000000e+02
2.180000000000000000e+02
2.200000000000000000e+02
2.200000000000000000e+02
2.210000000000000000e+02
2.230000000000000000e+02
2.240000000000000000e+02
2.280000000000000000e+02
2.300000000000000000e+02
2.380000000000000000e+02
2.390000000000000000e+02
2.400000000000000000e+02
2.430000000000000000e+02
2.450000000000000000e+02
2.490000000000000000e+02
2.560000000000000000e+02
2.610000000000000000e+02
2.680000000000000000e+02
2.750000000000000000e+02
2.820000000000000000e+02
2.880000000000000000e+02
2.920000000000000000e+02
3.020000000000000000e+02
3.130000000000000000e+02
3.160000000000000000e+02
3.250000000000000000e+02
3.320000000000000000e+02
3.390000000000000000e+02
3.500000000000000000e+02
3.550000000000000000e+02
3.630000000000000000e+02
3.730000000000000000e+02
3.840000000000000000e+02
3.900000000000000000e+02
3.930000000000000000e+02
4.040000000000000000e+02
4.120000000000000000e+02
4.180000000000000000e+02
4.270000000000000000e+02
4.360000000000000000e+02
4.430000000000000000e+02
4.540000000000000000e+02
4.600000000000000000e+02
4.670000000000000000e+02
4.770000000000000000e+02
4.820000000000000000e+02
4.900000000000000000e+02
4.940000000000000000e+02
4.990000000000000000e+02
5.070000000000000000e+02
5.120000000000000000e+02
5.160000000000000000e+02
5.220000000000000000e+02
5.310000000000000000e+02
5.390000000000000000e+02
5.410000000000000000e+02
5.450000000000000000e+02
5.480000000000000000e+02
5.520000000000000000e+02
5.590000000000000000e+02
5.630000000000000000e+02
5.680000000000000000e+02
5.750000000000000000e+02
5.820000000000000000e+02
5.870000000000000000e+02
5.940000000000000000e+02
5.970000000000000000e+02
6.020000000000000000e+02
6.070000000000000000e+02
6.070000000000000000e+02
6.110000000000000000e+02
6.140000000000000000e+02
6.200000000000000000e+02
6.250000000000000000e+02
6.260000000000000000e+02
6.270000000000000000e+02
6.280000000000000000e+02
6.310000000000000000e+02
6.340000000000000000e+02
6.380000000000000000e+02
6.400000000000000000e+02
6.430000000000000000e+02
6.450000000000000000e+02
6.490000000000000000e+02
6.510000000000000000e+02
6.520000000000000000e+02
6.540000000000000000e+02
6.570000000000000000e+02
6.580000000000000000e+02
6.590000000000000000e+02
6.620000000000000000e+02
6.650000000000000000e+02
6.670000000000000000e+02
6.690000000000000000e+02
6.710000000000000000e+02
6.720000000000000000e+02
6.760000000000000000e+02
6.800000000000000000e+02
6.830000000000000000e+02
6.850000000000000000e+02
6.890000000000000000e+02
6.920000000000000000e+02
6.960000000000000000e+02
6.960000000000000000e+02
6.970000000000000000e+02
6.990000000000000000e+02
7.000000000000000000e+02
7.040000000000000000e+02
7.050000000000000000e+02
7.070000000000000000e+02
7.090000000000000000e+02
7.140000000000000000e+02
7.150000000000000000e+02
7.180000000000000000e+02
7.210000000000000000e+02
7.250000000000000000e+02
7.300000000000000000e+02
7.330000000000000000e+02
7.350000000000000000e+02
7.380000000000000000e+02
7.400000000000000000e+02
7.430000000000000000e+02
7.460000000000000000e+02
7.520000000000000000e+02
7.560000000000000000e+02
7.610000000000000000e+02
7.640000000000000000e+02
7.660000000000000000e+02
7.730000000000000000e+02
7.800000000000000000e+02
7.880000000000000000e+02
7.960000000000000000e+02
8.030000000000000000e+02
8.030000000000000000e+02
8.140000000000000000e+02
8.190000000000000000e+02
8.250000000000000000e+02
8.280000000000000000e+02
8.410000000000000000e+02
8.450000000000000000e+02
8.450000000000000000e+02
8.610000000000000000e+02
8.700000000000000000e+02
8.790000000000000000e+02
8.840000000000000000e+02
8.840000000000000000e+02
9.010000000000000000e+02
9.080000000000000000e+02
9.190000000000000000e+02
9.190000000000000000e+02
9.190000000000000000e+02
9.440000000000000000e+02
9.530000000000000000e+02
9.600000000000000000e+02
9.600000000000000000e+02
9.680000000000000000e+02
9.740000000000000000e+02
9.940000000000000000e+02
1.000000000000000000e+03
1.007000000000000000e+03
1.014000000000000000e+03
1.022000000000000000e+03
1.029000000000000000e+03
1.040000000000000000e+03
1.044000000000000000e+03
1.048000000000000000e+03
1.054000000000000000e+03
1.058000000000000000e+03
1.058000000000000000e+03
1.064000000000000000e+03
1.069000000000000000e+03
1.074000000000000000e+03
1.082000000000000000e+03
1.082000000000000000e+03
1.090000000000000000e+03
1.092000000000000000e+03
1.092000000000000000e+03
1.094000000000000000e+03
1.098000000000000000e+03
1.101000000000000000e+03
1.107000000000000000e+03
1.112000000000000000e+03
1.114000000000000000e+03
1.117000000000000000e+03
1.122000000000000000e+03
1.126000000000000000e+03
1.126000000000000000e+03
1.133000000000000000e+03
1.133000000000000000e+03
1.136000000000000000e+03
1.139000000000000000e+03
1.139000000000000000e+03
1.140000000000000000e+03
1.143000000000000000e+03
1.143000000000000000e+03
1.146000000000000000e+03
1.149000000000000000e+03
1.152000000000000000e+03
1.152000000000000000e+03
1.158000000000000000e+03
1.158000000000000000e+03
1.162000000000000000e+03
1.164000000000000000e+03
1.166000000000000000e+03
1.166000000000000000e+03
1.167000000000000000e+03
1.169000000000000000e+03
1.169000000000000000e+03
1.170000000000000000e+03
1.170000000000000000e+03
1.171000000000000000e+03
1.174000000000000000e+03
1.174000000000000000e+03
1.175000000000000000e+03
1.176000000000000000e+03
1.176000000000000000e+03
1.176000000000000000e+03
1.177000000000000000e+03
1.177000000000000000e+03
1.179000000000000000e+03
1.179000000000000000e+03
1.179000000000000000e+03
1.180000000000000000e+03
1.183000000000000000e+03
1.185000000000000000e+03
1.185000000000000000e+03
1.186000000000000000e+03
1.186000000000000000e+03
1.186000000000000000e+03
1.186000000000000000e+03
1.186000000000000000e+03
1.186000000000000000e+03
1.187000000000000000e+03
1.188000000000000000e+03
1.189000000000000000e+03
1.189000000000000000e+03
1.189000000000000000e+03
1.190000000000000000e+03
1.190000000000000000e+03
1.190000000000000000e+03
1.192000000000000000e+03
1.193000000000000000e+03
1.195000000000000000e+03
1.196000000000000000e+03
1.196000000000000000e+03
1.198000000000000000e+03
1.198000000000000000e+03
1.199000000000000000e+03
1.201000000000000000e+03
1.203000000000000000e+03
1.208000000000000000e+03
1.212000000000000000e+03
1.213000000000000000e+03
1.216000000000000000e+03
1.221000000000000000e+03
1.222000000000000000e+03
1.228000000000000000e+03
1.231000000000000000e+03
1.237000000000000000e+03
1.239000000000000000e+03
1.242000000000000000e+03
1.247000000000000000e+03
1.252000000000000000e+03
1.256000000000000000e+03
1.257000000000000000e+03
1.260000000000000000e+03
1.260000000000000000e+03
1.263000000000000000e+03
1.267000000000000000e+03
1.271000000000000000e+03
1.274000000000000000e+03
1.274000000000000000e+03
1.279000000000000000e+03
1.283000000000000000e+03
1.285000000000000000e+03
1.288000000000000000e+03
1.291000000000000000e+03
1.294000000000000000e+03
1.298000000000000000e+03
1.298000000000000000e+03
1.299000000000000000e+03
1.303000000000000000e+03
1.303000000000000000e+03
1.304000000000000000e+03
1.307000000000000000e+03
1.309000000000000000e+03
1.309000000000000000e+03
1.310000000000000000e+03
1.314000000000000000e+03
1.314000000000000000e+03
1.314000000000000000e+03
1.315000000000000000e+03
1.315000000000000000e+03
1.316000000000000000e+03
1.316000000000000000e+03
1.317000000000000000e+03
1.317000000000000000e+03
1.317000000000000000e+03
1.317000000000000000e+03
1.317000000000000000e+03
1.318000000000000000e+03
1.318000000000000000e+03
1.319000000000000000e+03
1.319000000000000000e+03
1.319000000000000000e+03
1.319000000000000000e+03
1.320000000000000000e+03
1.321000000000000000e+03
1.321000000000000000e+03
1.321000000000000000e+03
1.322000000000000000e+03
1.322000000000000000e+03
1.322000000000000000e+03
1.323000000000000000e+03
1.323000000000000000e+03
1.323000000000000000e+03
1.324000000000000000e+03
1.324000000000000000e+03
1.324000000000000000e+03
1.324000000000000000e+03
1.324000000000000000e+03
1.324000000000000000e+03
1.324000000000000000e+03
1.324000000000000000e+03
1.324000000000000000e+03
1.324000000000000000e+03
1.324000000000000000e+03
1.325000000000000000e+03
1.325000000000000000e+03
1.325000000000000000e+03
1.325000000000000000e+03
1.325000000000000000e+03
1.325000000000000000e+03
1.325000000000000000e+03
1.325000000000000000e+03
1.325000000000000000e+03
1.325000000000000000e+03
1.325000000000000000e+03
1.325000000000000000e+03
1.325000000000000000e+03
1.325000000000000000e+03
1.325000000000000000e+03
1.325000000000000000e+03
1.325000000000000000e+03
1.325000000000000000e+03
1.327000000000000000e+03
1.327000000000000000e+03
1.327000000000000000e+03
1.327000000000000000e+03
1.327000000000000000e+03
1.327000000000000000e+03
1.327000000000000000e+03
1.328000000000000000e+03
1.328000000000000000e+03
1.328000000000000000e+03
1.328000000000000000e+03
1.328000000000000000e+03
1.328000000000000000e+03
1.328000000000000000e+03
1.328000000000000000e+03
1.328000000000000000e+03
1.328000000000000000e+03
1.328000000000000000e+03
1.328000000000000000e+03
1.328000000000000000e+03
1.328000000000000000e+03
1.337000000000000000e+03
1.337000000000000000e+03
1.337000000000000000e+03
1.337000000000000000e+03
1.337000000000000000e+03
1.337000000000000000e+03
1.337000000000000000e+03
1.339000000000000000e+03
1.339000000000000000e+03
1.339000000000000000e+03
1.339000000000000000e+03
1.339000000000000000e+03
1.339000000000000000e+03
1.339000000000000000e+03
1.341000000000000000e+03
1.341000000000000000e+03
1.341000000000000000e+03
1.341000000000000000e+03
1.341000000000000000e+03
1.341000000000000000e+03
1.341000000000000000e+03
1.350000000000000000e+03
1.350000000000000000e+03
1.350000000000000000e+03
1.350000000000000000e+03
1.350000000000000000e+03
1.350000000000000000e+03
1.350000000000000000e+03
1.352000000000000000e+03
1.352000000000000000e+03
1.352000000000000000e+03
1.352000000000000000e+03
1.352000000000000000e+03
1.352000000000000000e+03
1.352000000000000000e+03
1.355000000000000000e+03
1.355000000000000000e+03
1.355000000000000000e+03
1.355000000000000000e+03
1.355000000000000000e+03
1.355000000000000000e+03
1.355000000000000000e+03
1.359000000000000000e+03
1.359000000000000000e+03
1.359000000000000000e+03
1.359000000000000000e+03
1.359000000000000000e+03
1.359000000000000000e+03
1.359000000000000000e+03
1.369000000000000000e+03
1.369000000000000000e+03
1.369000000000000000e+03
1.369000000000000000e+03
1.369000000000000000e+03
1.369000000000000000e+03
1.369000000000000000e+03
1.376000000000000000e+03
1.376000000000000000e+03
1.376000000000000000e+03
1.376000000000000000e+03
1.376000000000000000e+03
1.376000000000000000e+03
1.376000000000000000e+03
1.377000000000000000e+03
1.377000000000000000e+03
1.377000000000000000e+03
1.377000000000000000e+03
1.377000000000000000e+03
1.377000000000000000e+03
1.377000000000000000e+03
1.379000000000000000e+03
1.379000000000000000e+03
1.379000000000000000e+03
1.379000000000000000e+03
1.379000000000000000e+03
1.379000000000000000e+03
1.379000000000000000e+03
1.380000000000000000e+03
1.380000000000000000e+03
1.380000000000000000e+03
1.380000000000000000e+03
1.380000000000000000e+03
1.380000000000000000e+03
1.380000000000000000e+03
1.380000000000000000e+03
1.380000000000000000e+03
1.380000000000000000e+03
1.380000000000000000e+03
1.380000000000000000e+03
1.380000000000000000e+03
1.380000000000000000e+03
1.380000000000000000e+03
1.380000000000000000e+03
1.380000000000000000e+03
1.380000000000000000e+03
1.380000000000000000e+03
1.380000000000000000e+03
1.380000000000000000e+03
1.382000000000000000e+03
1.382000000000000000e+03
1.382000000000000000e+03
1.382000000000000000e+03
1.382000000000000000e+03
1.382000000000000000e+03
1.382000000000000000e+03
1.383000000000000000e+03
1.383000000000000000e+03
1.383000000000000000e+03
1.383000000000000000e+03
1.383000000000000000e+03
1.383000000000000000e+03
1.383000000000000000e+03
1.383000000000000000e+03
1.383000000000000000e+03
1.383000000000000000e+03
1.383000000000000000e+03
1.383000000000000000e+03
1.383000000000000000e+03
1.383000000000000000e+03
1.383000000000000000e+03
1.384000000000000000e+03
1.384000000000000000e+03
1.384000000000000000e+03
1.384000000000000000e+03
1.384000000000000000e+03
1.384000000000000000e+03
1.384000000000000000e+03
1.384000000000000000e+03
1.384000000000000000e+03
1.384000000000000000e+03
1.384000000000000000e+03
1.384000000000000000e+03
1.384000000000000000e+03
1.385000000000000000e+03
1.385000000000000000e+03
1.385000000000000000e+03
1.385000000000000000e+03
1.385000000000000000e+03
1.385000000000000000e+03
1.385000000000000000e+03
1.385000000000000000e+03
1.385000000000000000e+03
1.385000000000000000e+03
1.385000000000000000e+03
1.385000000000000000e+03
1.385000000000000000e+03
1.385000000000000000e+03
1.385000000000000000e+03
1.385000000000000000e+03
1.385000000000000000e+03
1.385000000000000000e+03
1.385000000000000000e+03
1.385000000000000000e+03
1.385000000000000000e+03
1.385000000000000000e+03
1.385000000000000000e+03
1.385000000000000000e+03
1.385000000000000000e+03
1.385000000000000000e+03
1.385000000000000000e+03
1.385000000000000000e+03
1.386000000000000000e+03
1.386000000000000000e+03
1.386000000000000000e+03
1.386000000000000000e+03
1.386000000000000000e+03
1.386000000000000000e+03
1.386000000000000000e+03
1.390000000000000000e+03
1.390000000000000000e+03
1.390000000000000000e+03
1.390000000000000000e+03
1.390000000000000000e+03
1.390000000000000000e+03
1.390000000000000000e+03
1.392000000000000000e+03
1.392000000000000000e+03
1.392000000000000000e+03
1.392000000000000000e+03
1.392000000000000000e+03
1.392000000000000000e+03
1.392000000000000000e+03
1.392000000000000000e+03
1.392000000000000000e+03
1.392000000000000000e+03
1.392000000000000000e+03
1.392000000000000000e+03
1.392000000000000000e+03
1.392000000000000000e+03
1.392000000000000000e+03
1.392000000000000000e+03
1.392000000000000000e+03
1.392000000000000000e+03
1.392000000000000000e+03
1.392000000000000000e+03
1.392000000000000000e+03
1.392000000000000000e+03
1.392000000000000000e+03
1.392000000000000000e+03
1.392000000000000000e+03
1.392000000000000000e+03
1.392000000000000000e+03
1.392000000000000000e+03
1.392000000000000000e+03
1.393000000000000000e+03
1.393000000000000000e+03
1.393000000000000000e+03
1.393000000000000000e+03
1.393000000000000000e+03
1.393000000000000000e+03
1.393000000000000000e+03
1.393000000000000000e+03
1.393000000000000000e+03
1.393000000000000000e+03
1.393000000000000000e+03
1.393000000000000000e+03
1.393000000000000000e+03
1.393000000000000000e+03
1.393000000000000000e+03
1.393000000000000000e+03
1.393000000000000000e+03
1.393000000000000000e+03
1.393000000000000000e+03
1.393000000000000000e+03
1.393000000000000000e+03
1.393000000000000000e+03
1.393000000000000000e+03
1.393000000000000000e+03
1.393000000000000000e+03
1.393000000000000000e+03
1.393000000000000000e+03
1.393000000000000000e+03
1.393000000000000000e+03
1.393000000000000000e+03
1.393000000000000000e+03
1.393000000000000000e+03
1.398000000000000000e+03
1.398000000000000000e+03
