-4.616387075789647270e+02
-5.316404136391447537e+02
-5.900804188032459479e+02
-9.038767929701652974e+02
-9.796480941809149954e+02
-1.057249973846737930e+03
-1.132726586258788529e+03
-1.213588959880323955e+03
-1.283590665940518647e+03
-1.342030671104575958e+03
-1.655827045271444149e+03
-1.731598346482139277e+03
-1.809200226148110005e+03
-1.884676838559818634e+03
-1.965539212181208995e+03
-2.035540918241563531e+03
-2.093980923405862541e+03
-2.407777297572276893e+03
-2.483548598783191210e+03
-2.561150478449225830e+03
-2.636627090860828957e+03
-2.717489464482558560e+03
-2.787491170542768032e+03
-2.845931175706720296e+03
-3.159727549873611679e+03
-3.235498851084559192e+03
-3.313100730750580169e+03
-3.388577343162320631e+03
-3.469439716783910626e+03
-3.539441422843962755e+03
-3.597881428007987324e+03
-3.911677802174844601e+03
-3.987449103385610670e+03
-4.065050983051706226e+03
-4.140527595463350735e+03
-4.221389969085279517e+03
-4.291391675145177032e+03
-4.349831680309346666e+03
-4.663628054476198486e+03
-4.739399355687040952e+03
-4.817001235352811818e+03
-4.892477847764627768e+03
-4.973340221386154553e+03
-5.043341927446212139e+03
-5.101781932610130752e+03
-5.415578306777532816e+03
-5.491349607988256139e+03
-5.568951487653928780e+03
-5.644428100065914805e+03
-5.725290473687504345e+03
-5.795292179747846603e+03
-5.853732184911470540e+03
-6.167528559078821672e+03
-6.243299860289461321e+03
-6.320901739955519588e+03
-6.396378352367139996e+03
-6.477240725988873237e+03
-6.547242432048900810e+03
-6.605682437212757577e+03
-6.919478811380120533e+03
