3.294417597166828637e+04
3.327111976949900418e+04
3.359930353409907548e+04
3.391801246022896521e+04
3.423920485350066883e+04
3.449167370457532525e+04
3.473103270819448517e+04
3.501852809240502393e+04
3.526510584450991155e+04
3.551547327480058448e+04
3.575971940999439539e+04
3.601049590446511866e+04
3.619716941538127867e+04
3.637580153194536979e+04
3.660795768353958556e+04
3.680477459067698510e+04
3.701102509722350806e+04
3.721674469754662277e+04
3.743442119890116010e+04
3.759315815583043150e+04
3.774866780539372849e+04
3.796209452522877109e+04
3.814409794585672353e+04
3.833893410567374667e+04
3.853609850727164303e+04
3.874753206774723367e+04
3.890180017148653860e+04
3.905410015648422996e+04
3.926509789917727176e+04
3.944502232170177012e+04
3.963775595939358027e+04
3.983248525896020146e+04
4.004091147795617144e+04
4.019143234000277153e+04
4.033914979063074861e+04
4.054470459841193951e+04
4.071836676695832284e+04
4.090412009382824908e+04
4.109130479445225501e+04
4.129181935068232269e+04
4.143429205932544573e+04
4.157407796846698329e+04
4.177208230068908597e+04
4.193883968424357590e+04
4.211858787429214863e+04
4.230090020915968489e+04
4.249787825961095950e+04
4.263831540840151138e+04
4.277768726631958270e+04
4.297697019329536852e+04
4.314671736216380668e+04
4.333113110844948096e+04
4.351969581643913989e+04
4.372437274990774313e+04
4.387376746276587801e+04
4.402312554558295233e+04
4.423315778352621419e+04
4.441412393407333002e+04
4.460991361007166415e+04
4.480968824033393321e+04
