0.000000000000000000e+00
0.000000000000000000e+00
0.000000000000000000e+00
0.000000000000000000e+00
0.000000000000000000e+00
0.000000000000000000e+00
0.000000000000000000e+00
0.000000000000000000e+00
0.000000000000000000e+00
0.000000000000000000e+00
0.000000000000000000e+00
0.000000000000000000e+00
0.000000000000000000e+00
0.000000000000000000e+00
0.000000000000000000e+00
0.000000000000000000e+00
0.000000000000000000e+00
0.000000000000000000e+00
0.000000000000000000e+00
0.000000000000000000e+00
0.000000000000000000e+00
0.000000000000000000e+00
0.000000000000000000e+00
0.000000000000000000e+00
0.000000000000000000e+00
0.000000000000000000e+00
0.000000000000000000e+00
0.000000000000000000e+00
0.000000000000000000e+00
0.000000000000000000e+00
0.000000000000000000e+00
0.000000000000000000e+00
0.000000000000000000e+00
0.000000000000000000e+00
0.000000000000000000e+00
0.000000000000000000e+00
0.000000000000000000e+00
0.000000000000000000e+00
0.000000000000000000e+00
0.000000000000000000e+00
0.000000000000000000e+00
0.000000000000000000e+00
0.000000000000000000e+00
0.000000000000000000e+00
1.000000000000000000e+00
1.000000000000000000e+00
5.000000000000000000e+00
9.000000000000000000e+00
9.000000000000000000e+00
1.300000000000000000e+01
2.200000000000000000e+01
2.300000000000000000e+01
2.600000000000000000e+01
2.700000000000000000e+01
3.500000000000000000e+01
4.100000000000000000e+01
5.000000000000000000e+01
6.900000000000000000e+01
8.900000000000000000e+01
1.170000000000000000e+02
1.340000000000000000e+02
1.580000000000000000e+02
1.770000000000000000e+02
2.010000000000000000e+02
2.310000000000000000e+02
2.630000000000000000e+02
2.950000000000000000e+02
3.140000000000000000e+02
3.300000000000000000e+02
3.470000000000000000e+02
3.750000000000000000e+02
3.960000000000000000e+02
4.160000000000000000e+02
4.350000000000000000e+02
4.540000000000000000e+02
4.670000000000000000e+02
4.830000000000000000e+02
5.020000000000000000e+02
5.390000000000000000e+02
5.580000000000000000e+02
5.770000000000000000e+02
5.950000000000000000e+02
6.120000000000000000e+02
6.180000000000000000e+02
6.260000000000000000e+02
6.420000000000000000e+02
6.490000000000000000e+02
6.550000000000000000e+02
6.600000000000000000e+02
6.620000000000000000e+02
6.690000000000000000e+02
6.810000000000000000e+02
6.860000000000000000e+02
6.870000000000000000e+02
6.930000000000000000e+02
6.950000000000000000e+02
6.970000000000000000e+02
7.050000000000000000e+02
7.130000000000000000e+02
7.190000000000000000e+02
7.250000000000000000e+02
7.330000000000000000e+02
7.390000000000000000e+02
7.420000000000000000e+02
7.550000000000000000e+02
7.610000000000000000e+02
7.650000000000000000e+02
7.730000000000000000e+02
7.800000000000000000e+02
7.920000000000000000e+02
8.010000000000000000e+02
8.040000000000000000e+02
8.150000000000000000e+02
8.300000000000000000e+02
8.430000000000000000e+02
8.530000000000000000e+02
8.630000000000000000e+02
8.660000000000000000e+02
8.820000000000000000e+02
8.970000000000000000e+02
9.030000000000000000e+02
9.110000000000000000e+02
9.180000000000000000e+02
9.300000000000000000e+02
9.510000000000000000e+02
9.560000000000000000e+02
9.840000000000000000e+02
1.000000000000000000e+03
1.022000000000000000e+03
1.047000000000000000e+03
1.056000000000000000e+03
1.084000000000000000e+03
1.105000000000000000e+03
1.157000000000000000e+03
1.194000000000000000e+03
1.228000000000000000e+03
1.263000000000000000e+03
1.318000000000000000e+03
1.342000000000000000e+03
1.375000000000000000e+03
1.461000000000000000e+03
1.538000000000000000e+03
1.612000000000000000e+03
1.662000000000000000e+03
1.715000000000000000e+03
1.744000000000000000e+03
1.796000000000000000e+03
1.871000000000000000e+03
1.939000000000000000e+03
2.058000000000000000e+03
2.127000000000000000e+03
2.213000000000000000e+03
2.277000000000000000e+03
2.368000000000000000e+03
2.515000000000000000e+03
2.684000000000000000e+03
2.836000000000000000e+03
2.979000000000000000e+03
3.130000000000000000e+03
3.269000000000000000e+03
3.459000000000000000e+03
3.753000000000000000e+03
4.023000000000000000e+03
4.311000000000000000e+03
4.621000000000000000e+03
4.996000000000000000e+03
5.241000000000000000e+03
5.486000000000000000e+03
5.836000000000000000e+03
6.485000000000000000e+03
6.845000000000000000e+03
7.231000000000000000e+03
7.596000000000000000e+03
8.036000000000000000e+03
8.482000000000000000e+03
8.986000000000000000e+03
9.546000000000000000e+03
9.969000000000000000e+03
1.055100000000000000e+04
1.111400000000000000e+04
1.153400000000000000e+04
1.181100000000000000e+04
1.236100000000000000e+04
1.312900000000000000e+04
1.366900000000000000e+04
1.460000000000000000e+04
1.522900000000000000e+04
1.584100000000000000e+04
1.634400000000000000e+04
1.680000000000000000e+04
1.729000000000000000e+04
1.782000000000000000e+04
1.818700000000000000e+04
1.897500000000000000e+04
1.940200000000000000e+04
1.983700000000000000e+04
2.041700000000000000e+04
2.107000000000000000e+04
2.208100000000000000e+04
2.280200000000000000e+04
2.328600000000000000e+04
2.387200000000000000e+04
2.450800000000000000e+04
2.505700000000000000e+04
2.612900000000000000e+04
2.693100000000000000e+04
2.773700000000000000e+04
2.846500000000000000e+04
2.908400000000000000e+04
2.964300000000000000e+04
3.040900000000000000e+04
3.107500000000000000e+04
3.213400000000000000e+04
3.308400000000000000e+04
3.382000000000000000e+04
3.446300000000000000e+04
3.530500000000000000e+04
3.630700000000000000e+04
3.729200000000000000e+04
3.848500000000000000e+04
3.969900000000000000e+04
3.969900000000000000e+04
4.128700000000000000e+04
4.218400000000000000e+04
4.330500000000000000e+04
4.445800000000000000e+04
4.568000000000000000e+04
4.692000000000000000e+04
4.692000000000000000e+04
4.878000000000000000e+04
4.989700000000000000e+04
5.122400000000000000e+04
5.254900000000000000e+04
5.396900000000000000e+04
5.545400000000000000e+04
5.545400000000000000e+04
5.736100000000000000e+04
5.813700000000000000e+04
5.951600000000000000e+04
6.081800000000000000e+04
6.237400000000000000e+04
6.371200000000000000e+04
6.371200000000000000e+04
6.560200000000000000e+04
6.668900000000000000e+04
6.805900000000000000e+04
6.945900000000000000e+04
7.081600000000000000e+04
7.204900000000000000e+04
7.204900000000000000e+04
7.371400000000000000e+04
7.460400000000000000e+04
7.576000000000000000e+04
7.682800000000000000e+04
7.782900000000000000e+04
7.918200000000000000e+04
7.918200000000000000e+04
8.112900000000000000e+04
8.214200000000000000e+04
8.349700000000000000e+04
8.482800000000000000e+04
8.605300000000000000e+04
8.743900000000000000e+04
8.743900000000000000e+04
8.922300000000000000e+04
9.023800000000000000e+04
9.178000000000000000e+04
9.315200000000000000e+04
9.434800000000000000e+04
9.551400000000000000e+04
9.551400000000000000e+04
9.707500000000000000e+04
9.792200000000000000e+04
9.942500000000000000e+04
1.006160000000000000e+05
1.018260000000000000e+05
1.030880000000000000e+05
1.030880000000000000e+05
1.044600000000000000e+05
1.053220000000000000e+05
1.065530000000000000e+05
1.075700000000000000e+05
1.088660000000000000e+05
1.099710000000000000e+05
1.099710000000000000e+05
1.112570000000000000e+05
1.121200000000000000e+05
1.132610000000000000e+05
1.143670000000000000e+05
1.154170000000000000e+05
1.163630000000000000e+05
1.163630000000000000e+05
1.175870000000000000e+05
1.185660000000000000e+05
1.197680000000000000e+05
1.209390000000000000e+05
1.221230000000000000e+05
1.232230000000000000e+05
1.232230000000000000e+05
1.245920000000000000e+05
1.255900000000000000e+05
1.270120000000000000e+05
1.282310000000000000e+05
1.294180000000000000e+05
1.294180000000000000e+05
1.294180000000000000e+05
1.322950000000000000e+05
1.331900000000000000e+05
1.345200000000000000e+05
1.357420000000000000e+05
1.370930000000000000e+05
1.370930000000000000e+05
1.370930000000000000e+05
1.396380000000000000e+05
1.401720000000000000e+05
1.413400000000000000e+05
1.425050000000000000e+05
1.436850000000000000e+05
1.436850000000000000e+05
1.436850000000000000e+05
1.464210000000000000e+05
1.474300000000000000e+05
1.486880000000000000e+05
1.498150000000000000e+05
1.509470000000000000e+05
1.509470000000000000e+05
1.509470000000000000e+05
1.531690000000000000e+05
1.540960000000000000e+05
1.552630000000000000e+05
1.563880000000000000e+05
1.574720000000000000e+05
1.574720000000000000e+05
1.574720000000000000e+05
1.598930000000000000e+05
1.608040000000000000e+05
1.619420000000000000e+05
1.629900000000000000e+05
1.629900000000000000e+05
1.629900000000000000e+05
1.629900000000000000e+05
1.657620000000000000e+05
1.667990000000000000e+05
1.681140000000000000e+05
1.693210000000000000e+05
1.693210000000000000e+05
1.693210000000000000e+05
1.693210000000000000e+05
1.724360000000000000e+05
1.735910000000000000e+05
1.750380000000000000e+05
1.764070000000000000e+05
1.776140000000000000e+05
1.776140000000000000e+05
1.776140000000000000e+05
1.800610000000000000e+05
1.810930000000000000e+05
1.821560000000000000e+05
1.832420000000000000e+05
1.841870000000000000e+05
1.841870000000000000e+05
1.841870000000000000e+05
1.860160000000000000e+05
1.868770000000000000e+05
1.877120000000000000e+05
1.884770000000000000e+05
1.893080000000000000e+05
1.893080000000000000e+05
1.893080000000000000e+05
1.907450000000000000e+05
1.913450000000000000e+05
1.920660000000000000e+05
1.926370000000000000e+05
1.932760000000000000e+05
1.932760000000000000e+05
1.932760000000000000e+05
1.945690000000000000e+05
1.950090000000000000e+05
1.955370000000000000e+05
1.959920000000000000e+05
1.964380000000000000e+05
1.964380000000000000e+05
1.964380000000000000e+05
1.974350000000000000e+05
1.978520000000000000e+05
1.983380000000000000e+05
1.987560000000000000e+05
1.991870000000000000e+05
1.991870000000000000e+05
1.991870000000000000e+05
2.000240000000000000e+05
2.004540000000000000e+05
2.008880000000000000e+05
2.012410000000000000e+05
2.016780000000000000e+05
2.016780000000000000e+05
2.016780000000000000e+05
2.026740000000000000e+05
2.030970000000000000e+05
2.034960000000000000e+05
2.039140000000000000e+05
2.043410000000000000e+05
2.043410000000000000e+05
2.043410000000000000e+05
2.050860000000000000e+05
2.055140000000000000e+05
2.058900000000000000e+05
2.062930000000000000e+05
2.066400000000000000e+05
2.066400000000000000e+05
2.066400000000000000e+05
2.066400000000000000e+05
2.078320000000000000e+05
2.078320000000000000e+05
2.078320000000000000e+05
2.090930000000000000e+05
2.090930000000000000e+05
2.090930000000000000e+05
2.090930000000000000e+05
2.104470000000000000e+05
2.104470000000000000e+05
2.104470000000000000e+05
2.119030000000000000e+05
2.119030000000000000e+05
2.119030000000000000e+05
2.119030000000000000e+05
2.134380000000000000e+05
2.134380000000000000e+05
2.134380000000000000e+05
2.151780000000000000e+05
2.151780000000000000e+05
2.151780000000000000e+05
2.151780000000000000e+05
2.167640000000000000e+05
2.167640000000000000e+05
2.167640000000000000e+05
2.167640000000000000e+05
2.167640000000000000e+05
2.167640000000000000e+05
2.167640000000000000e+05
2.198460000000000000e+05
2.198460000000000000e+05
2.198460000000000000e+05
2.225440000000000000e+05
2.225440000000000000e+05
2.225440000000000000e+05
2.225440000000000000e+05
2.253430000000000000e+05
2.253430000000000000e+05
2.275330000000000000e+05
2.285770000000000000e+05
2.285770000000000000e+05
2.285770000000000000e+05
2.308370000000000000e+05
2.319670000000000000e+05
2.334980000000000000e+05
2.352740000000000000e+05
2.369300000000000000e+05
2.387600000000000000e+05
2.387600000000000000e+05
2.412400000000000000e+05
2.431670000000000000e+05
2.456010000000000000e+05
2.483820000000000000e+05
2.509910000000000000e+05
2.509910000000000000e+05
2.509910000000000000e+05
2.566760000000000000e+05
2.579800000000000000e+05
2.605350000000000000e+05
2.630940000000000000e+05
2.654860000000000000e+05
2.654860000000000000e+05
2.654860000000000000e+05
2.714780000000000000e+05
2.737140000000000000e+05
2.768870000000000000e+05
2.799260000000000000e+05
2.827410000000000000e+05
2.827410000000000000e+05
2.827410000000000000e+05
2.886260000000000000e+05
2.909200000000000000e+05
2.938200000000000000e+05
2.966320000000000000e+05
2.992190000000000000e+05
2.992190000000000000e+05
2.992190000000000000e+05
3.045290000000000000e+05
3.068990000000000000e+05
3.094860000000000000e+05
3.119220000000000000e+05
3.141020000000000000e+05
3.141020000000000000e+05
3.141020000000000000e+05
3.189860000000000000e+05
3.212790000000000000e+05
3.235980000000000000e+05
3.257790000000000000e+05
3.279790000000000000e+05
3.279790000000000000e+05
3.279790000000000000e+05
3.319200000000000000e+05
3.338200000000000000e+05
3.360070000000000000e+05
3.380480000000000000e+05
3.399000000000000000e+05
3.399000000000000000e+05
3.399000000000000000e+05
3.436040000000000000e+05
3.453120000000000000e+05
3.471570000000000000e+05
3.490260000000000000e+05
3.506300000000000000e+05
3.506300000000000000e+05
3.506300000000000000e+05
3.540950000000000000e+05
3.556200000000000000e+05
3.575230000000000000e+05
3.592660000000000000e+05
3.610050000000000000e+05
3.610050000000000000e+05
3.610050000000000000e+05
3.643040000000000000e+05
3.661610000000000000e+05
3.679380000000000000e+05
3.695400000000000000e+05
3.712060000000000000e+05
3.712060000000000000e+05
3.712060000000000000e+05
3.743240000000000000e+05
3.758120000000000000e+05
3.770910000000000000e+05
3.789380000000000000e+05
3.804820000000000000e+05
3.804820000000000000e+05
3.804820000000000000e+05
3.804820000000000000e+05
3.850690000000000000e+05
3.867220000000000000e+05
3.882980000000000000e+05
3.897980000000000000e+05
3.897980000000000000e+05
3.897980000000000000e+05
3.927810000000000000e+05
3.941350000000000000e+05
3.956670000000000000e+05
3.974690000000000000e+05
3.986080000000000000e+05
3.986080000000000000e+05
3.986080000000000000e+05
3.986080000000000000e+05
4.020440000000000000e+05
4.035110000000000000e+05
4.052060000000000000e+05
4.068140000000000000e+05
4.068140000000000000e+05
4.068140000000000000e+05
4.068140000000000000e+05
4.111230000000000000e+05
4.129180000000000000e+05
4.147450000000000000e+05
4.166770000000000000e+05
4.166770000000000000e+05
4.166770000000000000e+05
4.204620000000000000e+05
4.223440000000000000e+05
4.244720000000000000e+05
4.264740000000000000e+05
4.282950000000000000e+05
4.282950000000000000e+05
4.282950000000000000e+05
4.321490000000000000e+05
4.340810000000000000e+05
4.362760000000000000e+05
4.385870000000000000e+05
4.406470000000000000e+05
4.406470000000000000e+05
4.406470000000000000e+05
4.454420000000000000e+05
4.476720000000000000e+05
4.502910000000000000e+05
4.529970000000000000e+05
4.557840000000000000e+05
4.557840000000000000e+05
4.557840000000000000e+05
4.611450000000000000e+05
4.637260000000000000e+05
4.665740000000000000e+05
4.695650000000000000e+05
4.723150000000000000e+05
4.723150000000000000e+05
4.723150000000000000e+05
4.781440000000000000e+05
4.811000000000000000e+05
4.839840000000000000e+05
4.869590000000000000e+05
4.897840000000000000e+05
4.897840000000000000e+05
4.897840000000000000e+05
4.897840000000000000e+05
4.967360000000000000e+05
4.994610000000000000e+05
5.023620000000000000e+05
5.051630000000000000e+05
5.051630000000000000e+05
5.051630000000000000e+05
5.106530000000000000e+05
5.133840000000000000e+05
5.159310000000000000e+05
5.186320000000000000e+05
5.211820000000000000e+05
5.211820000000000000e+05
5.211820000000000000e+05
5.259990000000000000e+05
5.280770000000000000e+05
5.301130000000000000e+05
5.321850000000000000e+05
5.338730000000000000e+05
5.338730000000000000e+05
5.338730000000000000e+05
5.379160000000000000e+05
5.394220000000000000e+05
5.410360000000000000e+05
5.426530000000000000e+05
5.440210000000000000e+05
5.440210000000000000e+05
5.440210000000000000e+05
5.465950000000000000e+05
5.479140000000000000e+05
5.490840000000000000e+05
5.501340000000000000e+05
5.511440000000000000e+05
5.511440000000000000e+05
5.511440000000000000e+05
5.529530000000000000e+05
5.536610000000000000e+05
5.546040000000000000e+05
5.546040000000000000e+05
5.559700000000000000e+05
5.559700000000000000e+05
5.559700000000000000e+05
5.571650000000000000e+05
5.579220000000000000e+05
5.586540000000000000e+05
5.592500000000000000e+05
5.596980000000000000e+05
5.596980000000000000e+05
5.596980000000000000e+05
5.605630000000000000e+05
5.610540000000000000e+05
5.614320000000000000e+05
5.618290000000000000e+05
5.623160000000000000e+05
5.623160000000000000e+05
5.623160000000000000e+05
5.629660000000000000e+05
5.632900000000000000e+05
5.632900000000000000e+05
5.639240000000000000e+05
5.641590000000000000e+05
5.641590000000000000e+05
5.641590000000000000e+05
5.646620000000000000e+05
5.649010000000000000e+05
5.650960000000000000e+05
5.653470000000000000e+05
5.655480000000000000e+05
5.655480000000000000e+05
5.655480000000000000e+05
5.659520000000000000e+05
5.661190000000000000e+05
5.662960000000000000e+05
5.664290000000000000e+05
5.665600000000000000e+05
5.665600000000000000e+05
5.665600000000000000e+05
5.665600000000000000e+05
5.668390000000000000e+05
5.669590000000000000e+05
5.672630000000000000e+05
5.673830000000000000e+05
5.673830000000000000e+05
5.673830000000000000e+05
5.676140000000000000e+05
5.677060000000000000e+05
5.677060000000000000e+05
5.679060000000000000e+05
5.679950000000000000e+05
5.679950000000000000e+05
5.679950000000000000e+05
5.679950000000000000e+05
5.683050000000000000e+05
5.683730000000000000e+05
5.684280000000000000e+05
5.685380000000000000e+05
5.685380000000000000e+05
5.685380000000000000e+05
5.685380000000000000e+05
5.688600000000000000e+05
5.688600000000000000e+05
5.688600000000000000e+05
5.688600000000000000e+05
5.688600000000000000e+05
5.688600000000000000e+05
5.688600000000000000e+05
5.705560000000000000e+05
5.705560000000000000e+05
5.705560000000000000e+05
5.705560000000000000e+05
5.705560000000000000e+05
5.705560000000000000e+05
5.705560000000000000e+05
5.758710000000000000e+05
5.784130000000000000e+05
5.813940000000000000e+05
5.845470000000000000e+05
5.845470000000000000e+05
5.845470000000000000e+05
5.917450000000000000e+05
5.957950000000000000e+05
5.999650000000000000e+05
6.046580000000000000e+05
6.098820000000000000e+05
6.098820000000000000e+05
6.098820000000000000e+05
6.205870000000000000e+05
6.259520000000000000e+05
6.313110000000000000e+05
6.373270000000000000e+05
6.434960000000000000e+05
6.434960000000000000e+05
6.434960000000000000e+05
6.434960000000000000e+05
6.616840000000000000e+05
6.682090000000000000e+05
6.751780000000000000e+05
6.824800000000000000e+05
6.824800000000000000e+05
6.824800000000000000e+05
6.948650000000000000e+05
7.014710000000000000e+05
7.085600000000000000e+05
7.157490000000000000e+05
7.219710000000000000e+05
7.219710000000000000e+05
7.219710000000000000e+05
7.337080000000000000e+05
7.398440000000000000e+05
7.459490000000000000e+05
7.516050000000000000e+05
7.570930000000000000e+05
7.570930000000000000e+05
7.570930000000000000e+05
7.665200000000000000e+05
7.710270000000000000e+05
7.753180000000000000e+05
7.793230000000000000e+05
7.834370000000000000e+05
7.834370000000000000e+05
7.834370000000000000e+05
7.904440000000000000e+05
7.938350000000000000e+05
7.970300000000000000e+05
7.998260000000000000e+05
8.024720000000000000e+05
8.024720000000000000e+05
8.024720000000000000e+05
8.069280000000000000e+05
8.091310000000000000e+05
8.110400000000000000e+05
8.128120000000000000e+05
8.145830000000000000e+05
8.145830000000000000e+05
8.145830000000000000e+05
8.175380000000000000e+05
8.189960000000000000e+05
8.204450000000000000e+05
8.218130000000000000e+05
8.229350000000000000e+05
8.229350000000000000e+05
8.229350000000000000e+05
8.251580000000000000e+05
8.262510000000000000e+05
8.273460000000000000e+05
8.284420000000000000e+05
8.294000000000000000e+05
8.294000000000000000e+05
8.294000000000000000e+05
8.311520000000000000e+05
8.320540000000000000e+05
8.329660000000000000e+05
8.339090000000000000e+05
8.347260000000000000e+05
8.347260000000000000e+05
8.347260000000000000e+05
8.347260000000000000e+05
8.347260000000000000e+05
8.378280000000000000e+05
8.385370000000000000e+05
8.393680000000000000e+05
8.393680000000000000e+05
8.393680000000000000e+05
8.393680000000000000e+05
8.413430000000000000e+05
8.413430000000000000e+05
8.413430000000000000e+05
8.413430000000000000e+05
8.413430000000000000e+05
8.413430000000000000e+05
8.413430000000000000e+05
8.448920000000000000e+05
8.448920000000000000e+05
8.448920000000000000e+05
8.448920000000000000e+05
8.448920000000000000e+05
8.448920000000000000e+05
8.448920000000000000e+05
8.448920000000000000e+05
8.477840000000000000e+05
8.477840000000000000e+05
8.477840000000000000e+05
8.477840000000000000e+05
8.477840000000000000e+05
8.477840000000000000e+05
8.477840000000000000e+05
8.520740000000000000e+05
8.520740000000000000e+05
8.520740000000000000e+05
8.520740000000000000e+05
8.520740000000000000e+05
8.520740000000000000e+05
8.520740000000000000e+05
8.572900000000000000e+05
8.572900000000000000e+05
8.572900000000000000e+05
8.572900000000000000e+05
8.572900000000000000e+05
8.572900000000000000e+05
8.661640000000000000e+05
8.661640000000000000e+05
8.661640000000000000e+05
8.661640000000000000e+05
8.661640000000000000e+05
8.661640000000000000e+05
8.661640000000000000e+05
8.661640000000000000e+05
8.775330000000000000e+05
8.775330000000000000e+05
8.775330000000000000e+05
8.775330000000000000e+05
8.775330000000000000e+05
8.775330000000000000e+05
8.910380000000000000e+05
8.910380000000000000e+05
8.910380000000000000e+05
8.910380000000000000e+05
8.910380000000000000e+05
8.910380000000000000e+05
8.910380000000000000e+05
8.910380000000000000e+05
9.049340000000000000e+05
9.049340000000000000e+05
9.049340000000000000e+05
9.049340000000000000e+05
9.049340000000000000e+05
9.049340000000000000e+05
9.049340000000000000e+05
9.049340000000000000e+05
9.049340000000000000e+05
9.049340000000000000e+05
9.049340000000000000e+05
9.049340000000000000e+05
9.049340000000000000e+05
9.049340000000000000e+05
9.049340000000000000e+05
9.049340000000000000e+05
9.049340000000000000e+05
9.049340000000000000e+05
9.049340000000000000e+05
9.049340000000000000e+05
9.049340000000000000e+05
9.049340000000000000e+05
9.049340000000000000e+05
9.049340000000000000e+05
9.049340000000000000e+05
9.049340000000000000e+05
9.049340000000000000e+05
9.049340000000000000e+05
9.049340000000000000e+05
9.049340000000000000e+05
9.049340000000000000e+05
9.049340000000000000e+05
9.049340000000000000e+05
9.049340000000000000e+05
9.049340000000000000e+05
9.049340000000000000e+05
9.049340000000000000e+05
9.049340000000000000e+05
9.049340000000000000e+05
9.049340000000000000e+05
9.049340000000000000e+05
9.049340000000000000e+05
9.049340000000000000e+05
9.049340000000000000e+05
9.049340000000000000e+05
9.049340000000000000e+05
9.049340000000000000e+05
9.049340000000000000e+05
9.049340000000000000e+05
9.603400000000000000e+05
9.603400000000000000e+05
9.603400000000000000e+05
9.892130000000000000e+05
9.892130000000000000e+05
9.892130000000000000e+05
1.028375000000000000e+06
1.028375000000000000e+06
1.028375000000000000e+06
1.028375000000000000e+06
1.028375000000000000e+06
1.028375000000000000e+06
1.028375000000000000e+06
1.044385000000000000e+06
1.044385000000000000e+06
1.044385000000000000e+06
1.044385000000000000e+06
1.044385000000000000e+06
1.044385000000000000e+06
1.044385000000000000e+06
1.057695000000000000e+06
1.057695000000000000e+06
1.057695000000000000e+06
1.057695000000000000e+06
1.057695000000000000e+06
1.057695000000000000e+06
1.057695000000000000e+06
1.069162000000000000e+06
1.069162000000000000e+06
1.069162000000000000e+06
1.069162000000000000e+06
1.069162000000000000e+06
1.069162000000000000e+06
1.069162000000000000e+06
1.079825000000000000e+06
1.079825000000000000e+06
1.079825000000000000e+06
1.079825000000000000e+06
1.079825000000000000e+06
1.079825000000000000e+06
1.079825000000000000e+06
1.088716000000000000e+06
1.088716000000000000e+06
1.088716000000000000e+06
1.088716000000000000e+06
1.088716000000000000e+06
1.088716000000000000e+06
1.088716000000000000e+06
1.097629000000000000e+06
1.097629000000000000e+06
1.097629000000000000e+06
1.097629000000000000e+06
1.097629000000000000e+06
1.097629000000000000e+06
1.098379000000000000e+06
1.105792000000000000e+06
1.105792000000000000e+06
1.105792000000000000e+06
1.105792000000000000e+06
1.105792000000000000e+06
1.105792000000000000e+06
1.105792000000000000e+06
1.111969000000000000e+06
1.111969000000000000e+06
1.111969000000000000e+06
1.111969000000000000e+06
1.111969000000000000e+06
1.111969000000000000e+06
1.111969000000000000e+06
1.117989000000000000e+06
1.117989000000000000e+06
1.117989000000000000e+06
1.117989000000000000e+06
1.117989000000000000e+06
1.117989000000000000e+06
1.117989000000000000e+06
1.117989000000000000e+06
1.123001000000000000e+06
1.123001000000000000e+06
1.123001000000000000e+06
1.123001000000000000e+06
1.123001000000000000e+06
1.123001000000000000e+06
