0.000000000000000000e+00
0.000000000000000000e+00
0.000000000000000000e+00
0.000000000000000000e+00
0.000000000000000000e+00
0.000000000000000000e+00
0.000000000000000000e+00
0.000000000000000000e+00
0.000000000000000000e+00
0.000000000000000000e+00
0.000000000000000000e+00
0.000000000000000000e+00
0.000000000000000000e+00
0.000000000000000000e+00
0.000000000000000000e+00
0.000000000000000000e+00
0.000000000000000000e+00
0.000000000000000000e+00
0.000000000000000000e+00
0.000000000000000000e+00
0.000000000000000000e+00
0.000000000000000000e+00
0.000000000000000000e+00
0.000000000000000000e+00
0.000000000000000000e+00
0.000000000000000000e+00
0.000000000000000000e+00
0.000000000000000000e+00
0.000000000000000000e+00
0.000000000000000000e+00
0.000000000000000000e+00
0.000000000000000000e+00
0.000000000000000000e+00
0.000000000000000000e+00
0.000000000000000000e+00
0.000000000000000000e+00
0.000000000000000000e+00
0.000000000000000000e+00
0.000000000000000000e+00
0.000000000000000000e+00
0.000000000000000000e+00
0.000000000000000000e+00
0.000000000000000000e+00
0.000000000000000000e+00
0.000000000000000000e+00
0.000000000000000000e+00
0.000000000000000000e+00
0.000000000000000000e+00
0.000000000000000000e+00
0.000000000000000000e+00
0.000000000000000000e+00
0.000000000000000000e+00
0.000000000000000000e+00
0.000000000000000000e+00
0.000000000000000000e+00
0.000000000000000000e+00
0.000000000000000000e+00
0.000000000000000000e+00
0.000000000000000000e+00
0.000000000000000000e+00
0.000000000000000000e+00
0.000000000000000000e+00
0.000000000000000000e+00
0.000000000000000000e+00
0.000000000000000000e+00
0.000000000000000000e+00
0.000000000000000000e+00
0.000000000000000000e+00
0.000000000000000000e+00
0.000000000000000000e+00
0.000000000000000000e+00
0.000000000000000000e+00
0.000000000000000000e+00
0.000000000000000000e+00
0.000000000000000000e+00
0.000000000000000000e+00
0.000000000000000000e+00
0.000000000000000000e+00
2.000000000000000000e+00
2.000000000000000000e+00
2.000000000000000000e+00
2.000000000000000000e+00
2.000000000000000000e+00
2.000000000000000000e+00
2.000000000000000000e+00
2.000000000000000000e+00
5.000000000000000000e+00
5.000000000000000000e+00
7.000000000000000000e+00
7.000000000000000000e+00
7.000000000000000000e+00
7.000000000000000000e+00
9.000000000000000000e+00
9.000000000000000000e+00
1.000000000000000000e+01
1.000000000000000000e+01
1.600000000000000000e+01
1.600000000000000000e+01
2.700000000000000000e+01
2.700000000000000000e+01
3.100000000000000000e+01
3.700000000000000000e+01
4.300000000000000000e+01
4.900000000000000000e+01
4.900000000000000000e+01
5.000000000000000000e+01
6.200000000000000000e+01
6.700000000000000000e+01
6.800000000000000000e+01
7.200000000000000000e+01
7.400000000000000000e+01
7.600000000000000000e+01
7.900000000000000000e+01
8.400000000000000000e+01
8.900000000000000000e+01
9.600000000000000000e+01
9.700000000000000000e+01
1.010000000000000000e+02
1.040000000000000000e+02
1.080000000000000000e+02
1.080000000000000000e+02
1.160000000000000000e+02
1.200000000000000000e+02
1.220000000000000000e+02
1.230000000000000000e+02
1.240000000000000000e+02
1.260000000000000000e+02
1.260000000000000000e+02
1.300000000000000000e+02
1.300000000000000000e+02
1.380000000000000000e+02
1.380000000000000000e+02
1.430000000000000000e+02
1.450000000000000000e+02
1.480000000000000000e+02
1.510000000000000000e+02
1.560000000000000000e+02
1.560000000000000000e+02
1.590000000000000000e+02
1.590000000000000000e+02
1.650000000000000000e+02
1.650000000000000000e+02
1.650000000000000000e+02
1.670000000000000000e+02
1.670000000000000000e+02
1.750000000000000000e+02
1.790000000000000000e+02
1.850000000000000000e+02
1.870000000000000000e+02
1.920000000000000000e+02
1.960000000000000000e+02
2.000000000000000000e+02
2.000000000000000000e+02
2.040000000000000000e+02
2.080000000000000000e+02
2.110000000000000000e+02
2.150000000000000000e+02
2.160000000000000000e+02
2.180000000000000000e+02
2.210000000000000000e+02
2.220000000000000000e+02
2.220000000000000000e+02
2.230000000000000000e+02
2.370000000000000000e+02
2.400000000000000000e+02
2.410000000000000000e+02
2.450000000000000000e+02
2.450000000000000000e+02
2.500000000000000000e+02
2.540000000000000000e+02
2.560000000000000000e+02
2.600000000000000000e+02
2.610000000000000000e+02
2.610000000000000000e+02
2.610000000000000000e+02
2.660000000000000000e+02
2.700000000000000000e+02
2.710000000000000000e+02
2.730000000000000000e+02
2.760000000000000000e+02
2.780000000000000000e+02
2.800000000000000000e+02
2.800000000000000000e+02
2.800000000000000000e+02
2.860000000000000000e+02
2.880000000000000000e+02
2.900000000000000000e+02
2.920000000000000000e+02
2.930000000000000000e+02
2.940000000000000000e+02
2.950000000000000000e+02
2.960000000000000000e+02
2.970000000000000000e+02
2.980000000000000000e+02
3.020000000000000000e+02
3.020000000000000000e+02
3.050000000000000000e+02
3.080000000000000000e+02
3.090000000000000000e+02
3.110000000000000000e+02
3.120000000000000000e+02
3.120000000000000000e+02
3.130000000000000000e+02
3.180000000000000000e+02
3.210000000000000000e+02
3.220000000000000000e+02
3.240000000000000000e+02
3.290000000000000000e+02
3.310000000000000000e+02
3.310000000000000000e+02
3.330000000000000000e+02
3.330000000000000000e+02
3.370000000000000000e+02
3.380000000000000000e+02
3.410000000000000000e+02
3.410000000000000000e+02
3.410000000000000000e+02
3.450000000000000000e+02
3.490000000000000000e+02
3.490000000000000000e+02
3.510000000000000000e+02
3.520000000000000000e+02
3.540000000000000000e+02
3.570000000000000000e+02
3.580000000000000000e+02
3.590000000000000000e+02
3.590000000000000000e+02
3.710000000000000000e+02
3.850000000000000000e+02
3.880000000000000000e+02
4.600000000000000000e+02
5.530000000000000000e+02
6.250000000000000000e+02
6.250000000000000000e+02
6.760000000000000000e+02
6.990000000000000000e+02
7.900000000000000000e+02
8.320000000000000000e+02
9.080000000000000000e+02
9.440000000000000000e+02
1.130000000000000000e+03
1.188000000000000000e+03
1.260000000000000000e+03
1.445000000000000000e+03
1.951000000000000000e+03
2.085000000000000000e+03
2.381000000000000000e+03
2.381000000000000000e+03
2.681000000000000000e+03
2.862000000000000000e+03
3.073000000000000000e+03
3.391000000000000000e+03
3.755000000000000000e+03
4.156000000000000000e+03
4.378000000000000000e+03
4.795000000000000000e+03
5.195000000000000000e+03
5.548000000000000000e+03
5.782000000000000000e+03
6.084000000000000000e+03
6.366000000000000000e+03
6.738000000000000000e+03
7.050000000000000000e+03
9.742000000000000000e+03
1.026000000000000000e+04
1.176900000000000000e+04
1.386600000000000000e+04
1.470600000000000000e+04
1.547700000000000000e+04
1.637000000000000000e+04
1.707600000000000000e+04
1.756800000000000000e+04
1.887400000000000000e+04
1.886500000000000000e+04
2.114400000000000000e+04
2.244500000000000000e+04
2.370800000000000000e+04
2.492000000000000000e+04
2.600700000000000000e+04
2.737300000000000000e+04
2.863600000000000000e+04
3.000700000000000000e+04
3.133000000000000000e+04
3.277400000000000000e+04
3.418900000000000000e+04
3.795400000000000000e+04
3.906300000000000000e+04
4.077800000000000000e+04
4.217800000000000000e+04
4.327700000000000000e+04
4.466600000000000000e+04
4.575600000000000000e+04
4.666100000000000000e+04
4.741100000000000000e+04
4.853200000000000000e+04
4.956300000000000000e+04
5.033600000000000000e+04
5.136200000000000000e+04
5.235100000000000000e+04
5.329900000000000000e+04
5.427400000000000000e+04
5.476400000000000000e+04
5.563300000000000000e+04
5.660100000000000000e+04
5.767900000000000000e+04
5.875800000000000000e+04
5.988800000000000000e+04
6.096500000000000000e+04
6.336600000000000000e+04
6.464500000000000000e+04
6.597200000000000000e+04
6.758800000000000000e+04
6.891000000000000000e+04
7.015600000000000000e+04
7.134300000000000000e+04
7.260100000000000000e+04
7.374800000000000000e+04
7.497300000000000000e+04
7.638200000000000000e+04
7.763600000000000000e+04
7.924000000000000000e+04
8.072600000000000000e+04
8.171500000000000000e+04
8.281300000000000000e+04
8.433800000000000000e+04
8.540600000000000000e+04
8.679500000000000000e+04
8.813100000000000000e+04
8.941800000000000000e+04
9.045300000000000000e+04
9.153700000000000000e+04
9.291600000000000000e+04
9.411800000000000000e+04
9.538700000000000000e+04
9.668500000000000000e+04
9.781900000000000000e+04
9.932500000000000000e+04
9.992700000000000000e+04
1.009400000000000000e+05
1.021630000000000000e+05
1.032230000000000000e+05
1.043510000000000000e+05
1.052790000000000000e+05
1.061210000000000000e+05
1.070690000000000000e+05
1.077770000000000000e+05
1.086600000000000000e+05
1.095480000000000000e+05
1.102000000000000000e+05
1.108050000000000000e+05
1.114010000000000000e+05
1.120480000000000000e+05
1.128760000000000000e+05
1.135500000000000000e+05
1.140490000000000000e+05
1.146090000000000000e+05
1.150610000000000000e+05
1.156210000000000000e+05
1.161000000000000000e+05
1.166100000000000000e+05
1.170810000000000000e+05
1.176630000000000000e+05
1.182000000000000000e+05
1.186570000000000000e+05
1.193140000000000000e+05
1.199730000000000000e+05
1.205430000000000000e+05
1.211240000000000000e+05
1.215580000000000000e+05
1.221160000000000000e+05
1.227810000000000000e+05
1.231700000000000000e+05
1.235560000000000000e+05
1.240640000000000000e+05
1.244410000000000000e+05
1.250720000000000000e+05
1.253240000000000000e+05
1.253240000000000000e+05
1.263840000000000000e+05
1.268690000000000000e+05
1.272290000000000000e+05
1.272290000000000000e+05
1.272290000000000000e+05
1.279750000000000000e+05
1.284370000000000000e+05
1.286920000000000000e+05
1.289810000000000000e+05
1.292870000000000000e+05
1.301030000000000000e+05
1.303310000000000000e+05
1.304650000000000000e+05
1.308590000000000000e+05
1.309440000000000000e+05
1.311710000000000000e+05
1.312090000000000000e+05
1.312490000000000000e+05
1.312820000000000000e+05
1.313180000000000000e+05
1.313580000000000000e+05
1.314050000000000000e+05
1.314170000000000000e+05
1.314350000000000000e+05
1.314540000000000000e+05
1.314800000000000000e+05
1.314870000000000000e+05
1.315340000000000000e+05
1.315390000000000000e+05
1.315710000000000000e+05
1.315710000000000000e+05
1.316580000000000000e+05
1.316720000000000000e+05
1.316790000000000000e+05
1.317020000000000000e+05
1.317070000000000000e+05
1.317220000000000000e+05
1.317280000000000000e+05
1.317360000000000000e+05
1.317390000000000000e+05
1.317390000000000000e+05
1.317440000000000000e+05
1.317510000000000000e+05
1.317540000000000000e+05
1.317540000000000000e+05
1.317540000000000000e+05
1.317540000000000000e+05
1.317630000000000000e+05
1.317650000000000000e+05
1.317720000000000000e+05
1.317740000000000000e+05
1.317810000000000000e+05
1.317880000000000000e+05
1.317890000000000000e+05
1.317900000000000000e+05
1.317930000000000000e+05
1.318000000000000000e+05
1.318020000000000000e+05
1.318020000000000000e+05
1.318100000000000000e+05
1.318130000000000000e+05
1.318150000000000000e+05
1.318190000000000000e+05
1.318290000000000000e+05
1.318340000000000000e+05
1.318450000000000000e+05
1.318460000000000000e+05
1.318530000000000000e+05
1.318690000000000000e+05
1.318690000000000000e+05
1.318740000000000000e+05
1.318790000000000000e+05
1.318840000000000000e+05
1.318890000000000000e+05
1.318950000000000000e+05
1.319030000000000000e+05
1.319030000000000000e+05
1.319080000000000000e+05
1.319140000000000000e+05
1.319210000000000000e+05
1.319250000000000000e+05
1.319300000000000000e+05
1.319320000000000000e+05
1.319450000000000000e+05
1.319550000000000000e+05
1.319580000000000000e+05
1.319660000000000000e+05
1.319720000000000000e+05
1.319810000000000000e+05
1.319890000000000000e+05
1.319970000000000000e+05
1.319990000000000000e+05
1.319990000000000000e+05
1.320000000000000000e+05
1.320040000000000000e+05
1.320130000000000000e+05
1.320450000000000000e+05
1.320500000000000000e+05
1.320640000000000000e+05
1.320690000000000000e+05
1.320720000000000000e+05
1.321000000000000000e+05
1.321150000000000000e+05
1.321230000000000000e+05
1.321350000000000000e+05
1.321360000000000000e+05
1.321480000000000000e+05
1.321690000000000000e+05
1.321770000000000000e+05
1.321940000000000000e+05
1.322180000000000000e+05
1.322290000000000000e+05
1.322640000000000000e+05
1.322690000000000000e+05
1.322790000000000000e+05
1.322970000000000000e+05
1.323180000000000000e+05
1.323190000000000000e+05
1.323600000000000000e+05
1.323880000000000000e+05
1.324080000000000000e+05
1.324150000000000000e+05
1.324490000000000000e+05
1.324520000000000000e+05
1.325250000000000000e+05
1.326150000000000000e+05
1.326550000000000000e+05
1.326900000000000000e+05
1.327650000000000000e+05
1.328300000000000000e+05
1.329280000000000000e+05
1.329690000000000000e+05
1.331040000000000000e+05
1.332160000000000000e+05
1.333460000000000000e+05
1.334520000000000000e+05
1.335270000000000000e+05
1.336060000000000000e+05
1.337530000000000000e+05
1.338930000000000000e+05
1.340930000000000000e+05
1.345890000000000000e+05
1.347790000000000000e+05
1.350500000000000000e+05
1.354130000000000000e+05
1.357030000000000000e+05
1.359920000000000000e+05
1.364430000000000000e+05
1.369920000000000000e+05
1.374150000000000000e+05
1.380260000000000000e+05
1.387150000000000000e+05
1.394730000000000000e+05
1.403870000000000000e+05
1.412550000000000000e+05
1.423090000000000000e+05
1.434600000000000000e+05
1.448090000000000000e+05
1.463580000000000000e+05
1.480600000000000000e+05
1.497670000000000000e+05
1.514420000000000000e+05
1.536090000000000000e+05
1.559590000000000000e+05
1.589690000000000000e+05
1.618590000000000000e+05
1.646700000000000000e+05
1.671710000000000000e+05
1.707790000000000000e+05
1.739260000000000000e+05
1.770210000000000000e+05
1.812490000000000000e+05
1.854020000000000000e+05
1.897290000000000000e+05
1.944100000000000000e+05
1.979940000000000000e+05
2.022350000000000000e+05
2.056770000000000000e+05
2.095120000000000000e+05
2.132270000000000000e+05
2.171420000000000000e+05
2.208870000000000000e+05
2.258490000000000000e+05
0.000000000000000000e+00
0.000000000000000000e+00
0.000000000000000000e+00
0.000000000000000000e+00
0.000000000000000000e+00
0.000000000000000000e+00
0.000000000000000000e+00
0.000000000000000000e+00
0.000000000000000000e+00
0.000000000000000000e+00
0.000000000000000000e+00
0.000000000000000000e+00
0.000000000000000000e+00
0.000000000000000000e+00
0.000000000000000000e+00
0.000000000000000000e+00
0.000000000000000000e+00
0.000000000000000000e+00
0.000000000000000000e+00
0.000000000000000000e+00
0.000000000000000000e+00
0.000000000000000000e+00
0.000000000000000000e+00
0.000000000000000000e+00
0.000000000000000000e+00
0.000000000000000000e+00
0.000000000000000000e+00
0.000000000000000000e+00
0.000000000000000000e+00
0.000000000000000000e+00
0.000000000000000000e+00
0.000000000000000000e+00
0.000000000000000000e+00
0.000000000000000000e+00
0.000000000000000000e+00
0.000000000000000000e+00
0.000000000000000000e+00
0.000000000000000000e+00
0.000000000000000000e+00
0.000000000000000000e+00
0.000000000000000000e+00
0.000000000000000000e+00
0.000000000000000000e+00
0.000000000000000000e+00
0.000000000000000000e+00
0.000000000000000000e+00
0.000000000000000000e+00
0.000000000000000000e+00
0.000000000000000000e+00
0.000000000000000000e+00
0.000000000000000000e+00
0.000000000000000000e+00
0.000000000000000000e+00
0.000000000000000000e+00
0.000000000000000000e+00
0.000000000000000000e+00
0.000000000000000000e+00
0.000000000000000000e+00
0.000000000000000000e+00
0.000000000000000000e+00
0.000000000000000000e+00
0.000000000000000000e+00
0.000000000000000000e+00
0.000000000000000000e+00
0.000000000000000000e+00
0.000000000000000000e+00
0.000000000000000000e+00
0.000000000000000000e+00
0.000000000000000000e+00
0.000000000000000000e+00
0.000000000000000000e+00
0.000000000000000000e+00
0.000000000000000000e+00
0.000000000000000000e+00
0.000000000000000000e+00
0.000000000000000000e+00
0.000000000000000000e+00
0.000000000000000000e+00
0.000000000000000000e+00
0.000000000000000000e+00
0.000000000000000000e+00
0.000000000000000000e+00
0.000000000000000000e+00
0.000000000000000000e+00
0.000000000000000000e+00
0.000000000000000000e+00
0.000000000000000000e+00
0.000000000000000000e+00
0.000000000000000000e+00
0.000000000000000000e+00
0.000000000000000000e+00
0.000000000000000000e+00
0.000000000000000000e+00
0.000000000000000000e+00
0.000000000000000000e+00
0.000000000000000000e+00
0.000000000000000000e+00
0.000000000000000000e+00
0.000000000000000000e+00
0.000000000000000000e+00
0.000000000000000000e+00
0.000000000000000000e+00
0.000000000000000000e+00
0.000000000000000000e+00
0.000000000000000000e+00
0.000000000000000000e+00
0.000000000000000000e+00
0.000000000000000000e+00
0.000000000000000000e+00
0.000000000000000000e+00
0.000000000000000000e+00
0.000000000000000000e+00
0.000000000000000000e+00
0.000000000000000000e+00
0.000000000000000000e+00
0.000000000000000000e+00
0.000000000000000000e+00
0.000000000000000000e+00
0.000000000000000000e+00
0.000000000000000000e+00
0.000000000000000000e+00
0.000000000000000000e+00
0.000000000000000000e+00
0.000000000000000000e+00
0.000000000000000000e+00
0.000000000000000000e+00
0.000000000000000000e+00
0.000000000000000000e+00
0.000000000000000000e+00
0.000000000000000000e+00
0.000000000000000000e+00
0.000000000000000000e+00
0.000000000000000000e+00
0.000000000000000000e+00
0.000000000000000000e+00
0.000000000000000000e+00
0.000000000000000000e+00
0.000000000000000000e+00
0.000000000000000000e+00
0.000000000000000000e+00
0.000000000000000000e+00
0.000000000000000000e+00
0.000000000000000000e+00
0.000000000000000000e+00
0.000000000000000000e+00
0.000000000000000000e+00
0.000000000000000000e+00
0.000000000000000000e+00
0.000000000000000000e+00
0.000000000000000000e+00
0.000000000000000000e+00
0.000000000000000000e+00
0.000000000000000000e+00
0.000000000000000000e+00
0.000000000000000000e+00
0.000000000000000000e+00
0.000000000000000000e+00
0.000000000000000000e+00
0.000000000000000000e+00
0.000000000000000000e+00
0.000000000000000000e+00
0.000000000000000000e+00
0.000000000000000000e+00
0.000000000000000000e+00
0.000000000000000000e+00
0.000000000000000000e+00
0.000000000000000000e+00
0.000000000000000000e+00
0.000000000000000000e+00
0.000000000000000000e+00
0.000000000000000000e+00
0.000000000000000000e+00
0.000000000000000000e+00
0.000000000000000000e+00
0.000000000000000000e+00
0.000000000000000000e+00
0.000000000000000000e+00
0.000000000000000000e+00
0.000000000000000000e+00
0.000000000000000000e+00
0.000000000000000000e+00
0.000000000000000000e+00
0.000000000000000000e+00
0.000000000000000000e+00
0.000000000000000000e+00
0.000000000000000000e+00
0.000000000000000000e+00
0.000000000000000000e+00
0.000000000000000000e+00
0.000000000000000000e+00
0.000000000000000000e+00
0.000000000000000000e+00
0.000000000000000000e+00
0.000000000000000000e+00
0.000000000000000000e+00
0.000000000000000000e+00
0.000000000000000000e+00
0.000000000000000000e+00
0.000000000000000000e+00
0.000000000000000000e+00
0.000000000000000000e+00
0.000000000000000000e+00
0.000000000000000000e+00
0.000000000000000000e+00
0.000000000000000000e+00
0.000000000000000000e+00
0.000000000000000000e+00
0.000000000000000000e+00
0.000000000000000000e+00
0.000000000000000000e+00
0.000000000000000000e+00
0.000000000000000000e+00
0.000000000000000000e+00
0.000000000000000000e+00
0.000000000000000000e+00
0.000000000000000000e+00
0.000000000000000000e+00
0.000000000000000000e+00
0.000000000000000000e+00
0.000000000000000000e+00
0.000000000000000000e+00
0.000000000000000000e+00
0.000000000000000000e+00
0.000000000000000000e+00
0.000000000000000000e+00
0.000000000000000000e+00
0.000000000000000000e+00
0.000000000000000000e+00
0.000000000000000000e+00
0.000000000000000000e+00
0.000000000000000000e+00
0.000000000000000000e+00
0.000000000000000000e+00
0.000000000000000000e+00
0.000000000000000000e+00
0.000000000000000000e+00
0.000000000000000000e+00
0.000000000000000000e+00
0.000000000000000000e+00
0.000000000000000000e+00
0.000000000000000000e+00
0.000000000000000000e+00
0.000000000000000000e+00
0.000000000000000000e+00
0.000000000000000000e+00
0.000000000000000000e+00
0.000000000000000000e+00
0.000000000000000000e+00
0.000000000000000000e+00
0.000000000000000000e+00
0.000000000000000000e+00
0.000000000000000000e+00
0.000000000000000000e+00
0.000000000000000000e+00
0.000000000000000000e+00
0.000000000000000000e+00
0.000000000000000000e+00
0.000000000000000000e+00
0.000000000000000000e+00
0.000000000000000000e+00
0.000000000000000000e+00
0.000000000000000000e+00
0.000000000000000000e+00
0.000000000000000000e+00
0.000000000000000000e+00
0.000000000000000000e+00
0.000000000000000000e+00
0.000000000000000000e+00
0.000000000000000000e+00
0.000000000000000000e+00
0.000000000000000000e+00
0.000000000000000000e+00
0.000000000000000000e+00
0.000000000000000000e+00
0.000000000000000000e+00
0.000000000000000000e+00
0.000000000000000000e+00
0.000000000000000000e+00
0.000000000000000000e+00
0.000000000000000000e+00
0.000000000000000000e+00
0.000000000000000000e+00
0.000000000000000000e+00
0.000000000000000000e+00
0.000000000000000000e+00
0.000000000000000000e+00
0.000000000000000000e+00
0.000000000000000000e+00
0.000000000000000000e+00
0.000000000000000000e+00
0.000000000000000000e+00
0.000000000000000000e+00
0.000000000000000000e+00
0.000000000000000000e+00
0.000000000000000000e+00
0.000000000000000000e+00
0.000000000000000000e+00
0.000000000000000000e+00
0.000000000000000000e+00
0.000000000000000000e+00
0.000000000000000000e+00
0.000000000000000000e+00
0.000000000000000000e+00
0.000000000000000000e+00
0.000000000000000000e+00
0.000000000000000000e+00
0.000000000000000000e+00
0.000000000000000000e+00
0.000000000000000000e+00
0.000000000000000000e+00
0.000000000000000000e+00
0.000000000000000000e+00
0.000000000000000000e+00
0.000000000000000000e+00
0.000000000000000000e+00
0.000000000000000000e+00
0.000000000000000000e+00
0.000000000000000000e+00
0.000000000000000000e+00
0.000000000000000000e+00
0.000000000000000000e+00
0.000000000000000000e+00
0.000000000000000000e+00
0.000000000000000000e+00
0.000000000000000000e+00
0.000000000000000000e+00
0.000000000000000000e+00
0.000000000000000000e+00
0.000000000000000000e+00
0.000000000000000000e+00
0.000000000000000000e+00
0.000000000000000000e+00
0.000000000000000000e+00
0.000000000000000000e+00
0.000000000000000000e+00
0.000000000000000000e+00
0.000000000000000000e+00
0.000000000000000000e+00
0.000000000000000000e+00
0.000000000000000000e+00
0.000000000000000000e+00
0.000000000000000000e+00
0.000000000000000000e+00
0.000000000000000000e+00
0.000000000000000000e+00
0.000000000000000000e+00
0.000000000000000000e+00
0.000000000000000000e+00
0.000000000000000000e+00
0.000000000000000000e+00
0.000000000000000000e+00
0.000000000000000000e+00
0.000000000000000000e+00
0.000000000000000000e+00
0.000000000000000000e+00
0.000000000000000000e+00
0.000000000000000000e+00
0.000000000000000000e+00
0.000000000000000000e+00
0.000000000000000000e+00
0.000000000000000000e+00
0.000000000000000000e+00
0.000000000000000000e+00
0.000000000000000000e+00
0.000000000000000000e+00
0.000000000000000000e+00
0.000000000000000000e+00
0.000000000000000000e+00
0.000000000000000000e+00
0.000000000000000000e+00
0.000000000000000000e+00
0.000000000000000000e+00
0.000000000000000000e+00
0.000000000000000000e+00
0.000000000000000000e+00
0.000000000000000000e+00
0.000000000000000000e+00
0.000000000000000000e+00
0.000000000000000000e+00
0.000000000000000000e+00
0.000000000000000000e+00
0.000000000000000000e+00
0.000000000000000000e+00
0.000000000000000000e+00
0.000000000000000000e+00
0.000000000000000000e+00
0.000000000000000000e+00
0.000000000000000000e+00
0.000000000000000000e+00
0.000000000000000000e+00
0.000000000000000000e+00
0.000000000000000000e+00
0.000000000000000000e+00
0.000000000000000000e+00
0.000000000000000000e+00
0.000000000000000000e+00
0.000000000000000000e+00
0.000000000000000000e+00
0.000000000000000000e+00
0.000000000000000000e+00
0.000000000000000000e+00
0.000000000000000000e+00
0.000000000000000000e+00
0.000000000000000000e+00
0.000000000000000000e+00
0.000000000000000000e+00
0.000000000000000000e+00
0.000000000000000000e+00
0.000000000000000000e+00
0.000000000000000000e+00
0.000000000000000000e+00
0.000000000000000000e+00
0.000000000000000000e+00
0.000000000000000000e+00
0.000000000000000000e+00
0.000000000000000000e+00
0.000000000000000000e+00
0.000000000000000000e+00
0.000000000000000000e+00
0.000000000000000000e+00
0.000000000000000000e+00
0.000000000000000000e+00
0.000000000000000000e+00
0.000000000000000000e+00
0.000000000000000000e+00
0.000000000000000000e+00
0.000000000000000000e+00
0.000000000000000000e+00
0.000000000000000000e+00
0.000000000000000000e+00
0.000000000000000000e+00
0.000000000000000000e+00
0.000000000000000000e+00
0.000000000000000000e+00
0.000000000000000000e+00
0.000000000000000000e+00
0.000000000000000000e+00
0.000000000000000000e+00
0.000000000000000000e+00
0.000000000000000000e+00
0.000000000000000000e+00
0.000000000000000000e+00
0.000000000000000000e+00
0.000000000000000000e+00
0.000000000000000000e+00
0.000000000000000000e+00
0.000000000000000000e+00
0.000000000000000000e+00
0.000000000000000000e+00
0.000000000000000000e+00
0.000000000000000000e+00
0.000000000000000000e+00
0.000000000000000000e+00
0.000000000000000000e+00
0.000000000000000000e+00
0.000000000000000000e+00
0.000000000000000000e+00
0.000000000000000000e+00
0.000000000000000000e+00
0.000000000000000000e+00
0.000000000000000000e+00
0.000000000000000000e+00
0.000000000000000000e+00
0.000000000000000000e+00
0.000000000000000000e+00
0.000000000000000000e+00
0.000000000000000000e+00
0.000000000000000000e+00
0.000000000000000000e+00
0.000000000000000000e+00
0.000000000000000000e+00
0.000000000000000000e+00
0.000000000000000000e+00
0.000000000000000000e+00
0.000000000000000000e+00
0.000000000000000000e+00
0.000000000000000000e+00
0.000000000000000000e+00
0.000000000000000000e+00
0.000000000000000000e+00
0.000000000000000000e+00
0.000000000000000000e+00
0.000000000000000000e+00
0.000000000000000000e+00
0.000000000000000000e+00
0.000000000000000000e+00
0.000000000000000000e+00
0.000000000000000000e+00
0.000000000000000000e+00
0.000000000000000000e+00
0.000000000000000000e+00
0.000000000000000000e+00
0.000000000000000000e+00
0.000000000000000000e+00
0.000000000000000000e+00
0.000000000000000000e+00
0.000000000000000000e+00
0.000000000000000000e+00
0.000000000000000000e+00
0.000000000000000000e+00
0.000000000000000000e+00
0.000000000000000000e+00
0.000000000000000000e+00
0.000000000000000000e+00
0.000000000000000000e+00
0.000000000000000000e+00
0.000000000000000000e+00
0.000000000000000000e+00
0.000000000000000000e+00
0.000000000000000000e+00
0.000000000000000000e+00
0.000000000000000000e+00
0.000000000000000000e+00
0.000000000000000000e+00
0.000000000000000000e+00
0.000000000000000000e+00
0.000000000000000000e+00
0.000000000000000000e+00
0.000000000000000000e+00
0.000000000000000000e+00
0.000000000000000000e+00
0.000000000000000000e+00
0.000000000000000000e+00
0.000000000000000000e+00
0.000000000000000000e+00
