0.000000000000000000e+00
0.000000000000000000e+00
0.000000000000000000e+00
0.000000000000000000e+00
0.000000000000000000e+00
0.000000000000000000e+00
0.000000000000000000e+00
0.000000000000000000e+00
0.000000000000000000e+00
0.000000000000000000e+00
0.000000000000000000e+00
0.000000000000000000e+00
0.000000000000000000e+00
0.000000000000000000e+00
0.000000000000000000e+00
0.000000000000000000e+00
0.000000000000000000e+00
0.000000000000000000e+00
0.000000000000000000e+00
0.000000000000000000e+00
0.000000000000000000e+00
0.000000000000000000e+00
0.000000000000000000e+00
0.000000000000000000e+00
0.000000000000000000e+00
0.000000000000000000e+00
0.000000000000000000e+00
0.000000000000000000e+00
0.000000000000000000e+00
0.000000000000000000e+00
0.000000000000000000e+00
0.000000000000000000e+00
0.000000000000000000e+00
0.000000000000000000e+00
0.000000000000000000e+00
0.000000000000000000e+00
0.000000000000000000e+00
0.000000000000000000e+00
0.000000000000000000e+00
0.000000000000000000e+00
0.000000000000000000e+00
0.000000000000000000e+00
0.000000000000000000e+00
0.000000000000000000e+00
0.000000000000000000e+00
0.000000000000000000e+00
0.000000000000000000e+00
0.000000000000000000e+00
0.000000000000000000e+00
0.000000000000000000e+00
0.000000000000000000e+00
0.000000000000000000e+00
0.000000000000000000e+00
0.000000000000000000e+00
0.000000000000000000e+00
0.000000000000000000e+00
0.000000000000000000e+00
0.000000000000000000e+00
0.000000000000000000e+00
0.000000000000000000e+00
0.000000000000000000e+00
0.000000000000000000e+00
0.000000000000000000e+00
0.000000000000000000e+00
0.000000000000000000e+00
0.000000000000000000e+00
0.000000000000000000e+00
0.000000000000000000e+00
0.000000000000000000e+00
0.000000000000000000e+00
0.000000000000000000e+00
0.000000000000000000e+00
0.000000000000000000e+00
0.000000000000000000e+00
0.000000000000000000e+00
0.000000000000000000e+00
0.000000000000000000e+00
0.000000000000000000e+00
2.000000000000000000e+00
0.000000000000000000e+00
0.000000000000000000e+00
0.000000000000000000e+00
0.000000000000000000e+00
0.000000000000000000e+00
0.000000000000000000e+00
0.000000000000000000e+00
3.000000000000000000e+00
0.000000000000000000e+00
2.000000000000000000e+00
0.000000000000000000e+00
0.000000000000000000e+00
0.000000000000000000e+00
2.000000000000000000e+00
0.000000000000000000e+00
1.000000000000000000e+00
0.000000000000000000e+00
6.000000000000000000e+00
0.000000000000000000e+00
1.100000000000000000e+01
0.000000000000000000e+00
4.000000000000000000e+00
6.000000000000000000e+00
6.000000000000000000e+00
6.000000000000000000e+00
0.000000000000000000e+00
1.000000000000000000e+00
1.200000000000000000e+01
5.000000000000000000e+00
1.000000000000000000e+00
4.000000000000000000e+00
2.000000000000000000e+00
2.000000000000000000e+00
3.000000000000000000e+00
5.000000000000000000e+00
5.000000000000000000e+00
7.000000000000000000e+00
1.000000000000000000e+00
4.000000000000000000e+00
3.000000000000000000e+00
4.000000000000000000e+00
0.000000000000000000e+00
8.000000000000000000e+00
4.000000000000000000e+00
2.000000000000000000e+00
1.000000000000000000e+00
1.000000000000000000e+00
2.000000000000000000e+00
0.000000000000000000e+00
4.000000000000000000e+00
0.000000000000000000e+00
8.000000000000000000e+00
0.000000000000000000e+00
5.000000000000000000e+00
2.000000000000000000e+00
3.000000000000000000e+00
3.000000000000000000e+00
5.000000000000000000e+00
0.000000000000000000e+00
3.000000000000000000e+00
0.000000000000000000e+00
6.000000000000000000e+00
0.000000000000000000e+00
0.000000000000000000e+00
2.000000000000000000e+00
0.000000000000000000e+00
8.000000000000000000e+00
4.000000000000000000e+00
6.000000000000000000e+00
2.000000000000000000e+00
5.000000000000000000e+00
4.000000000000000000e+00
4.000000000000000000e+00
0.000000000000000000e+00
4.000000000000000000e+00
4.000000000000000000e+00
3.000000000000000000e+00
4.000000000000000000e+00
1.000000000000000000e+00
2.000000000000000000e+00
3.000000000000000000e+00
1.000000000000000000e+00
0.000000000000000000e+00
1.000000000000000000e+00
1.400000000000000000e+01
3.000000000000000000e+00
1.000000000000000000e+00
4.000000000000000000e+00
0.000000000000000000e+00
5.000000000000000000e+00
4.000000000000000000e+00
2.000000000000000000e+00
4.000000000000000000e+00
1.000000000000000000e+00
0.000000000000000000e+00
0.000000000000000000e+00
5.000000000000000000e+00
4.000000000000000000e+00
1.000000000000000000e+00
2.000000000000000000e+00
3.000000000000000000e+00
2.000000000000000000e+00
2.000000000000000000e+00
0.000000000000000000e+00
0.000000000000000000e+00
6.000000000000000000e+00
2.000000000000000000e+00
2.000000000000000000e+00
2.000000000000000000e+00
1.000000000000000000e+00
1.000000000000000000e+00
1.000000000000000000e+00
1.000000000000000000e+00
1.000000000000000000e+00
1.000000000000000000e+00
4.000000000000000000e+00
0.000000000000000000e+00
3.000000000000000000e+00
3.000000000000000000e+00
1.000000000000000000e+00
2.000000000000000000e+00
1.000000000000000000e+00
0.000000000000000000e+00
1.000000000000000000e+00
5.000000000000000000e+00
3.000000000000000000e+00
1.000000000000000000e+00
2.000000000000000000e+00
5.000000000000000000e+00
2.000000000000000000e+00
0.000000000000000000e+00
2.000000000000000000e+00
0.000000000000000000e+00
4.000000000000000000e+00
1.000000000000000000e+00
3.000000000000000000e+00
0.000000000000000000e+00
0.000000000000000000e+00
4.000000000000000000e+00
4.000000000000000000e+00
0.000000000000000000e+00
2.000000000000000000e+00
1.000000000000000000e+00
2.000000000000000000e+00
3.000000000000000000e+00
1.000000000000000000e+00
1.000000000000000000e+00
0.000000000000000000e+00
1.200000000000000000e+01
1.400000000000000000e+01
3.000000000000000000e+00
7.200000000000000000e+01
9.300000000000000000e+01
7.200000000000000000e+01
0.000000000000000000e+00
5.100000000000000000e+01
2.300000000000000000e+01
9.100000000000000000e+01
4.200000000000000000e+01
7.600000000000000000e+01
3.600000000000000000e+01
1.860000000000000000e+02
5.800000000000000000e+01
7.200000000000000000e+01
1.850000000000000000e+02
5.060000000000000000e+02
1.340000000000000000e+02
2.960000000000000000e+02
0.000000000000000000e+00
3.000000000000000000e+02
1.810000000000000000e+02
2.110000000000000000e+02
3.180000000000000000e+02
3.640000000000000000e+02
4.010000000000000000e+02
2.220000000000000000e+02
4.170000000000000000e+02
4.000000000000000000e+02
3.530000000000000000e+02
2.340000000000000000e+02
3.020000000000000000e+02
2.820000000000000000e+02
3.720000000000000000e+02
3.120000000000000000e+02
2.692000000000000000e+03
5.180000000000000000e+02
1.509000000000000000e+03
2.097000000000000000e+03
8.400000000000000000e+02
7.710000000000000000e+02
8.930000000000000000e+02
7.060000000000000000e+02
4.920000000000000000e+02
1.306000000000000000e+03
-9.000000000000000000e+00
2.279000000000000000e+03
1.301000000000000000e+03
1.263000000000000000e+03
1.212000000000000000e+03
1.087000000000000000e+03
1.366000000000000000e+03
1.263000000000000000e+03
1.371000000000000000e+03
1.323000000000000000e+03
1.444000000000000000e+03
1.415000000000000000e+03
3.765000000000000000e+03
1.109000000000000000e+03
1.715000000000000000e+03
1.400000000000000000e+03
1.099000000000000000e+03
1.389000000000000000e+03
1.090000000000000000e+03
9.050000000000000000e+02
7.500000000000000000e+02
1.121000000000000000e+03
1.031000000000000000e+03
7.730000000000000000e+02
1.026000000000000000e+03
9.890000000000000000e+02
9.480000000000000000e+02
9.750000000000000000e+02
4.900000000000000000e+02
8.690000000000000000e+02
9.680000000000000000e+02
1.078000000000000000e+03
1.079000000000000000e+03
1.130000000000000000e+03
1.077000000000000000e+03
2.401000000000000000e+03
1.279000000000000000e+03
1.327000000000000000e+03
1.616000000000000000e+03
1.322000000000000000e+03
1.246000000000000000e+03
1.187000000000000000e+03
1.258000000000000000e+03
1.147000000000000000e+03
1.225000000000000000e+03
1.409000000000000000e+03
1.254000000000000000e+03
1.604000000000000000e+03
1.486000000000000000e+03
9.890000000000000000e+02
1.098000000000000000e+03
1.525000000000000000e+03
1.068000000000000000e+03
1.389000000000000000e+03
1.336000000000000000e+03
1.287000000000000000e+03
1.035000000000000000e+03
1.084000000000000000e+03
1.379000000000000000e+03
1.202000000000000000e+03
1.269000000000000000e+03
1.298000000000000000e+03
1.134000000000000000e+03
1.506000000000000000e+03
6.020000000000000000e+02
1.013000000000000000e+03
1.223000000000000000e+03
1.060000000000000000e+03
1.128000000000000000e+03
9.280000000000000000e+02
8.420000000000000000e+02
9.480000000000000000e+02
7.080000000000000000e+02
8.830000000000000000e+02
8.880000000000000000e+02
6.520000000000000000e+02
6.050000000000000000e+02
5.960000000000000000e+02
6.470000000000000000e+02
8.280000000000000000e+02
6.740000000000000000e+02
4.990000000000000000e+02
5.600000000000000000e+02
4.520000000000000000e+02
5.600000000000000000e+02
4.790000000000000000e+02
5.100000000000000000e+02
4.710000000000000000e+02
5.820000000000000000e+02
5.370000000000000000e+02
4.570000000000000000e+02
6.570000000000000000e+02
6.590000000000000000e+02
5.700000000000000000e+02
5.810000000000000000e+02
4.340000000000000000e+02
5.580000000000000000e+02
6.650000000000000000e+02
3.890000000000000000e+02
3.860000000000000000e+02
5.080000000000000000e+02
3.770000000000000000e+02
6.310000000000000000e+02
2.520000000000000000e+02
0.000000000000000000e+00
1.060000000000000000e+03
4.850000000000000000e+02
3.600000000000000000e+02
0.000000000000000000e+00
0.000000000000000000e+00
7.460000000000000000e+02
4.620000000000000000e+02
2.550000000000000000e+02
2.890000000000000000e+02
3.060000000000000000e+02
8.160000000000000000e+02
2.280000000000000000e+02
1.340000000000000000e+02
3.940000000000000000e+02
8.500000000000000000e+01
2.270000000000000000e+02
3.800000000000000000e+01
4.000000000000000000e+01
3.300000000000000000e+01
3.600000000000000000e+01
4.000000000000000000e+01
4.700000000000000000e+01
1.200000000000000000e+01
1.800000000000000000e+01
1.900000000000000000e+01
2.600000000000000000e+01
7.000000000000000000e+00
4.700000000000000000e+01
5.000000000000000000e+00
3.200000000000000000e+01
0.000000000000000000e+00
8.700000000000000000e+01
1.400000000000000000e+01
7.000000000000000000e+00
2.300000000000000000e+01
5.000000000000000000e+00
1.500000000000000000e+01
6.000000000000000000e+00
8.000000000000000000e+00
3.000000000000000000e+00
0.000000000000000000e+00
5.000000000000000000e+00
7.000000000000000000e+00
3.000000000000000000e+00
0.000000000000000000e+00
0.000000000000000000e+00
0.000000000000000000e+00
9.000000000000000000e+00
2.000000000000000000e+00
7.000000000000000000e+00
2.000000000000000000e+00
7.000000000000000000e+00
7.000000000000000000e+00
1.000000000000000000e+00
1.000000000000000000e+00
3.000000000000000000e+00
7.000000000000000000e+00
2.000000000000000000e+00
0.000000000000000000e+00
8.000000000000000000e+00
3.000000000000000000e+00
2.000000000000000000e+00
4.000000000000000000e+00
1.000000000000000000e+01
5.000000000000000000e+00
1.100000000000000000e+01
1.000000000000000000e+00
7.000000000000000000e+00
1.600000000000000000e+01
0.000000000000000000e+00
5.000000000000000000e+00
5.000000000000000000e+00
5.000000000000000000e+00
5.000000000000000000e+00
6.000000000000000000e+00
8.000000000000000000e+00
0.000000000000000000e+00
5.000000000000000000e+00
6.000000000000000000e+00
7.000000000000000000e+00
4.000000000000000000e+00
5.000000000000000000e+00
2.000000000000000000e+00
1.300000000000000000e+01
1.000000000000000000e+01
3.000000000000000000e+00
8.000000000000000000e+00
6.000000000000000000e+00
9.000000000000000000e+00
8.000000000000000000e+00
8.000000000000000000e+00
2.000000000000000000e+00
0.000000000000000000e+00
1.000000000000000000e+00
4.000000000000000000e+00
9.000000000000000000e+00
3.200000000000000000e+01
5.000000000000000000e+00
1.400000000000000000e+01
5.000000000000000000e+00
3.000000000000000000e+00
2.800000000000000000e+01
1.500000000000000000e+01
8.000000000000000000e+00
1.200000000000000000e+01
1.000000000000000000e+00
1.200000000000000000e+01
2.100000000000000000e+01
8.000000000000000000e+00
1.700000000000000000e+01
2.400000000000000000e+01
1.100000000000000000e+01
3.500000000000000000e+01
5.000000000000000000e+00
1.000000000000000000e+01
1.800000000000000000e+01
2.100000000000000000e+01
1.000000000000000000e+00
4.100000000000000000e+01
2.800000000000000000e+01
2.000000000000000000e+01
7.000000000000000000e+00
3.400000000000000000e+01
3.000000000000000000e+00
7.300000000000000000e+01
9.000000000000000000e+01
4.000000000000000000e+01
3.500000000000000000e+01
7.500000000000000000e+01
6.500000000000000000e+01
9.800000000000000000e+01
4.100000000000000000e+01
1.350000000000000000e+02
1.120000000000000000e+02
1.300000000000000000e+02
1.060000000000000000e+02
7.500000000000000000e+01
7.900000000000000000e+01
1.470000000000000000e+02
1.400000000000000000e+02
2.000000000000000000e+02
4.960000000000000000e+02
1.900000000000000000e+02
2.710000000000000000e+02
3.630000000000000000e+02
2.900000000000000000e+02
2.890000000000000000e+02
4.510000000000000000e+02
5.490000000000000000e+02
4.230000000000000000e+02
6.110000000000000000e+02
6.890000000000000000e+02
7.580000000000000000e+02
9.140000000000000000e+02
8.680000000000000000e+02
1.054000000000000000e+03
1.151000000000000000e+03
1.349000000000000000e+03
1.549000000000000000e+03
1.702000000000000000e+03
1.707000000000000000e+03
1.675000000000000000e+03
2.167000000000000000e+03
2.350000000000000000e+03
3.010000000000000000e+03
2.890000000000000000e+03
2.811000000000000000e+03
2.501000000000000000e+03
3.608000000000000000e+03
3.147000000000000000e+03
3.095000000000000000e+03
4.228000000000000000e+03
4.153000000000000000e+03
4.327000000000000000e+03
4.681000000000000000e+03
3.584000000000000000e+03
4.241000000000000000e+03
3.442000000000000000e+03
3.835000000000000000e+03
3.715000000000000000e+03
3.915000000000000000e+03
3.745000000000000000e+03
4.962000000000000000e+03
-2.258490000000000000e+05
0.000000000000000000e+00
0.000000000000000000e+00
0.000000000000000000e+00
0.000000000000000000e+00
0.000000000000000000e+00
0.000000000000000000e+00
0.000000000000000000e+00
0.000000000000000000e+00
0.000000000000000000e+00
0.000000000000000000e+00
0.000000000000000000e+00
0.000000000000000000e+00
0.000000000000000000e+00
0.000000000000000000e+00
0.000000000000000000e+00
0.000000000000000000e+00
0.000000000000000000e+00
0.000000000000000000e+00
0.000000000000000000e+00
0.000000000000000000e+00
0.000000000000000000e+00
0.000000000000000000e+00
0.000000000000000000e+00
0.000000000000000000e+00
0.000000000000000000e+00
0.000000000000000000e+00
0.000000000000000000e+00
0.000000000000000000e+00
0.000000000000000000e+00
0.000000000000000000e+00
0.000000000000000000e+00
0.000000000000000000e+00
0.000000000000000000e+00
0.000000000000000000e+00
0.000000000000000000e+00
0.000000000000000000e+00
0.000000000000000000e+00
0.000000000000000000e+00
0.000000000000000000e+00
0.000000000000000000e+00
0.000000000000000000e+00
0.000000000000000000e+00
0.000000000000000000e+00
0.000000000000000000e+00
0.000000000000000000e+00
0.000000000000000000e+00
0.000000000000000000e+00
0.000000000000000000e+00
0.000000000000000000e+00
0.000000000000000000e+00
0.000000000000000000e+00
0.000000000000000000e+00
0.000000000000000000e+00
0.000000000000000000e+00
0.000000000000000000e+00
0.000000000000000000e+00
0.000000000000000000e+00
0.000000000000000000e+00
0.000000000000000000e+00
0.000000000000000000e+00
0.000000000000000000e+00
0.000000000000000000e+00
0.000000000000000000e+00
0.000000000000000000e+00
0.000000000000000000e+00
0.000000000000000000e+00
0.000000000000000000e+00
0.000000000000000000e+00
0.000000000000000000e+00
0.000000000000000000e+00
0.000000000000000000e+00
0.000000000000000000e+00
0.000000000000000000e+00
0.000000000000000000e+00
0.000000000000000000e+00
0.000000000000000000e+00
0.000000000000000000e+00
0.000000000000000000e+00
0.000000000000000000e+00
0.000000000000000000e+00
0.000000000000000000e+00
0.000000000000000000e+00
0.000000000000000000e+00
0.000000000000000000e+00
0.000000000000000000e+00
0.000000000000000000e+00
0.000000000000000000e+00
0.000000000000000000e+00
0.000000000000000000e+00
0.000000000000000000e+00
0.000000000000000000e+00
0.000000000000000000e+00
0.000000000000000000e+00
0.000000000000000000e+00
0.000000000000000000e+00
0.000000000000000000e+00
0.000000000000000000e+00
0.000000000000000000e+00
0.000000000000000000e+00
0.000000000000000000e+00
0.000000000000000000e+00
0.000000000000000000e+00
0.000000000000000000e+00
0.000000000000000000e+00
0.000000000000000000e+00
0.000000000000000000e+00
0.000000000000000000e+00
0.000000000000000000e+00
0.000000000000000000e+00
0.000000000000000000e+00
0.000000000000000000e+00
0.000000000000000000e+00
0.000000000000000000e+00
0.000000000000000000e+00
0.000000000000000000e+00
0.000000000000000000e+00
0.000000000000000000e+00
0.000000000000000000e+00
0.000000000000000000e+00
0.000000000000000000e+00
0.000000000000000000e+00
0.000000000000000000e+00
0.000000000000000000e+00
0.000000000000000000e+00
0.000000000000000000e+00
0.000000000000000000e+00
0.000000000000000000e+00
0.000000000000000000e+00
0.000000000000000000e+00
0.000000000000000000e+00
0.000000000000000000e+00
0.000000000000000000e+00
0.000000000000000000e+00
0.000000000000000000e+00
0.000000000000000000e+00
0.000000000000000000e+00
0.000000000000000000e+00
0.000000000000000000e+00
0.000000000000000000e+00
0.000000000000000000e+00
0.000000000000000000e+00
0.000000000000000000e+00
0.000000000000000000e+00
0.000000000000000000e+00
0.000000000000000000e+00
0.000000000000000000e+00
0.000000000000000000e+00
0.000000000000000000e+00
0.000000000000000000e+00
0.000000000000000000e+00
0.000000000000000000e+00
0.000000000000000000e+00
0.000000000000000000e+00
0.000000000000000000e+00
0.000000000000000000e+00
0.000000000000000000e+00
0.000000000000000000e+00
0.000000000000000000e+00
0.000000000000000000e+00
0.000000000000000000e+00
0.000000000000000000e+00
0.000000000000000000e+00
0.000000000000000000e+00
0.000000000000000000e+00
0.000000000000000000e+00
0.000000000000000000e+00
0.000000000000000000e+00
0.000000000000000000e+00
0.000000000000000000e+00
0.000000000000000000e+00
0.000000000000000000e+00
0.000000000000000000e+00
0.000000000000000000e+00
0.000000000000000000e+00
0.000000000000000000e+00
0.000000000000000000e+00
0.000000000000000000e+00
0.000000000000000000e+00
0.000000000000000000e+00
0.000000000000000000e+00
0.000000000000000000e+00
0.000000000000000000e+00
0.000000000000000000e+00
0.000000000000000000e+00
0.000000000000000000e+00
0.000000000000000000e+00
0.000000000000000000e+00
0.000000000000000000e+00
0.000000000000000000e+00
0.000000000000000000e+00
0.000000000000000000e+00
0.000000000000000000e+00
0.000000000000000000e+00
0.000000000000000000e+00
0.000000000000000000e+00
0.000000000000000000e+00
0.000000000000000000e+00
0.000000000000000000e+00
0.000000000000000000e+00
0.000000000000000000e+00
0.000000000000000000e+00
0.000000000000000000e+00
0.000000000000000000e+00
0.000000000000000000e+00
0.000000000000000000e+00
0.000000000000000000e+00
0.000000000000000000e+00
0.000000000000000000e+00
0.000000000000000000e+00
0.000000000000000000e+00
0.000000000000000000e+00
0.000000000000000000e+00
0.000000000000000000e+00
0.000000000000000000e+00
0.000000000000000000e+00
0.000000000000000000e+00
0.000000000000000000e+00
0.000000000000000000e+00
0.000000000000000000e+00
0.000000000000000000e+00
0.000000000000000000e+00
0.000000000000000000e+00
0.000000000000000000e+00
0.000000000000000000e+00
0.000000000000000000e+00
0.000000000000000000e+00
0.000000000000000000e+00
0.000000000000000000e+00
0.000000000000000000e+00
0.000000000000000000e+00
0.000000000000000000e+00
0.000000000000000000e+00
0.000000000000000000e+00
0.000000000000000000e+00
0.000000000000000000e+00
0.000000000000000000e+00
0.000000000000000000e+00
0.000000000000000000e+00
0.000000000000000000e+00
0.000000000000000000e+00
0.000000000000000000e+00
0.000000000000000000e+00
0.000000000000000000e+00
0.000000000000000000e+00
0.000000000000000000e+00
0.000000000000000000e+00
0.000000000000000000e+00
0.000000000000000000e+00
0.000000000000000000e+00
0.000000000000000000e+00
0.000000000000000000e+00
0.000000000000000000e+00
0.000000000000000000e+00
0.000000000000000000e+00
0.000000000000000000e+00
0.000000000000000000e+00
0.000000000000000000e+00
0.000000000000000000e+00
0.000000000000000000e+00
0.000000000000000000e+00
0.000000000000000000e+00
0.000000000000000000e+00
0.000000000000000000e+00
0.000000000000000000e+00
0.000000000000000000e+00
0.000000000000000000e+00
0.000000000000000000e+00
0.000000000000000000e+00
0.000000000000000000e+00
0.000000000000000000e+00
0.000000000000000000e+00
0.000000000000000000e+00
0.000000000000000000e+00
0.000000000000000000e+00
0.000000000000000000e+00
0.000000000000000000e+00
0.000000000000000000e+00
0.000000000000000000e+00
0.000000000000000000e+00
0.000000000000000000e+00
0.000000000000000000e+00
0.000000000000000000e+00
0.000000000000000000e+00
0.000000000000000000e+00
0.000000000000000000e+00
0.000000000000000000e+00
0.000000000000000000e+00
0.000000000000000000e+00
0.000000000000000000e+00
0.000000000000000000e+00
0.000000000000000000e+00
0.000000000000000000e+00
0.000000000000000000e+00
0.000000000000000000e+00
0.000000000000000000e+00
0.000000000000000000e+00
0.000000000000000000e+00
0.000000000000000000e+00
0.000000000000000000e+00
0.000000000000000000e+00
0.000000000000000000e+00
0.000000000000000000e+00
0.000000000000000000e+00
0.000000000000000000e+00
0.000000000000000000e+00
0.000000000000000000e+00
0.000000000000000000e+00
0.000000000000000000e+00
0.000000000000000000e+00
0.000000000000000000e+00
0.000000000000000000e+00
0.000000000000000000e+00
0.000000000000000000e+00
0.000000000000000000e+00
0.000000000000000000e+00
0.000000000000000000e+00
0.000000000000000000e+00
0.000000000000000000e+00
0.000000000000000000e+00
0.000000000000000000e+00
0.000000000000000000e+00
0.000000000000000000e+00
0.000000000000000000e+00
0.000000000000000000e+00
0.000000000000000000e+00
0.000000000000000000e+00
0.000000000000000000e+00
0.000000000000000000e+00
0.000000000000000000e+00
0.000000000000000000e+00
0.000000000000000000e+00
0.000000000000000000e+00
0.000000000000000000e+00
0.000000000000000000e+00
0.000000000000000000e+00
0.000000000000000000e+00
0.000000000000000000e+00
0.000000000000000000e+00
0.000000000000000000e+00
0.000000000000000000e+00
0.000000000000000000e+00
0.000000000000000000e+00
0.000000000000000000e+00
0.000000000000000000e+00
0.000000000000000000e+00
0.000000000000000000e+00
0.000000000000000000e+00
0.000000000000000000e+00
0.000000000000000000e+00
0.000000000000000000e+00
0.000000000000000000e+00
0.000000000000000000e+00
0.000000000000000000e+00
0.000000000000000000e+00
0.000000000000000000e+00
0.000000000000000000e+00
0.000000000000000000e+00
0.000000000000000000e+00
0.000000000000000000e+00
0.000000000000000000e+00
0.000000000000000000e+00
0.000000000000000000e+00
0.000000000000000000e+00
0.000000000000000000e+00
0.000000000000000000e+00
0.000000000000000000e+00
0.000000000000000000e+00
0.000000000000000000e+00
0.000000000000000000e+00
0.000000000000000000e+00
0.000000000000000000e+00
0.000000000000000000e+00
0.000000000000000000e+00
0.000000000000000000e+00
0.000000000000000000e+00
0.000000000000000000e+00
0.000000000000000000e+00
0.000000000000000000e+00
0.000000000000000000e+00
0.000000000000000000e+00
0.000000000000000000e+00
0.000000000000000000e+00
0.000000000000000000e+00
0.000000000000000000e+00
0.000000000000000000e+00
0.000000000000000000e+00
0.000000000000000000e+00
0.000000000000000000e+00
0.000000000000000000e+00
0.000000000000000000e+00
0.000000000000000000e+00
0.000000000000000000e+00
0.000000000000000000e+00
0.000000000000000000e+00
0.000000000000000000e+00
0.000000000000000000e+00
0.000000000000000000e+00
0.000000000000000000e+00
0.000000000000000000e+00
0.000000000000000000e+00
0.000000000000000000e+00
0.000000000000000000e+00
0.000000000000000000e+00
