-3.576103315573211876e+04
-3.657765757943242352e+04
-3.738983538826084987e+04
-3.818769432352323201e+04
-4.152837138626496744e+04
-4.239218937914862181e+04
-4.321160494680745614e+04
-4.441177984183735680e+04
-4.522840426553720317e+04
-4.604058207436335215e+04
-4.683844100962669472e+04
-5.017911807236731693e+04
-5.104293606524958886e+04
-5.186235163290936907e+04
-5.306252652793829475e+04
-5.387915095164104423e+04
-5.469132876046594902e+04
-5.548918769573061581e+04
-5.882986475847172551e+04
-5.969368275135487784e+04
-6.051309831901117286e+04
-6.171327321404189570e+04
-6.252989763774081075e+04
-6.334207544656717801e+04
-6.413993438182923273e+04
-6.748061144457604678e+04
-6.834442943745768571e+04
-6.916384500511318038e+04
-7.036401990014540206e+04
-7.118064432384465181e+04
-7.199282213267379848e+04
-7.279068106793306652e+04
-7.613135813067956769e+04
-7.699517612356037716e+04
-7.781459169121943705e+04
-7.901476658624786069e+04
-7.983139100994858018e+04
-8.064356881877523847e+04
-8.144142775403661653e+04
-8.478210481678279757e+04
-8.564592280966135149e+04
-8.646533837731883978e+04
-8.766551327234900964e+04
-8.848213769604815752e+04
-8.929431550487763889e+04
-9.009217444014038483e+04
-9.343285150288179284e+04
-9.429666949576589104e+04
-9.511608506342314649e+04
-9.631625995845239959e+04
-9.713288438215220231e+04
-9.794506219098191650e+04
-9.874292112624383299e+04
-1.020835981889861141e+05
-1.029474161818666471e+05
-1.037668317495251540e+05
-1.049670066445561097e+05
-1.057836310682567710e+05
-1.065958088770856994e+05
-1.073936678123475722e+05
