0.000000000000000000e+00
0.000000000000000000e+00
0.000000000000000000e+00
0.000000000000000000e+00
0.000000000000000000e+00
0.000000000000000000e+00
0.000000000000000000e+00
0.000000000000000000e+00
0.000000000000000000e+00
0.000000000000000000e+00
0.000000000000000000e+00
0.000000000000000000e+00
0.000000000000000000e+00
0.000000000000000000e+00
0.000000000000000000e+00
0.000000000000000000e+00
0.000000000000000000e+00
0.000000000000000000e+00
0.000000000000000000e+00
0.000000000000000000e+00
0.000000000000000000e+00
0.000000000000000000e+00
0.000000000000000000e+00
0.000000000000000000e+00
0.000000000000000000e+00
0.000000000000000000e+00
0.000000000000000000e+00
0.000000000000000000e+00
0.000000000000000000e+00
0.000000000000000000e+00
0.000000000000000000e+00
0.000000000000000000e+00
0.000000000000000000e+00
0.000000000000000000e+00
0.000000000000000000e+00
0.000000000000000000e+00
0.000000000000000000e+00
0.000000000000000000e+00
0.000000000000000000e+00
0.000000000000000000e+00
0.000000000000000000e+00
0.000000000000000000e+00
0.000000000000000000e+00
0.000000000000000000e+00
0.000000000000000000e+00
0.000000000000000000e+00
0.000000000000000000e+00
0.000000000000000000e+00
0.000000000000000000e+00
0.000000000000000000e+00
0.000000000000000000e+00
0.000000000000000000e+00
2.000000000000000000e+00
2.000000000000000000e+00
4.000000000000000000e+00
5.000000000000000000e+00
7.000000000000000000e+00
9.000000000000000000e+00
9.000000000000000000e+00
4.900000000000000000e+01
5.000000000000000000e+01
5.100000000000000000e+01
5.700000000000000000e+01
6.000000000000000000e+01
6.500000000000000000e+01
6.600000000000000000e+01
7.400000000000000000e+01
7.800000000000000000e+01
8.200000000000000000e+01
8.700000000000000000e+01
9.000000000000000000e+01
9.400000000000000000e+01
9.800000000000000000e+01
1.030000000000000000e+02
1.040000000000000000e+02
1.050000000000000000e+02
1.070000000000000000e+02
1.070000000000000000e+02
1.090000000000000000e+02
1.090000000000000000e+02
1.120000000000000000e+02
1.130000000000000000e+02
1.130000000000000000e+02
1.130000000000000000e+02
1.140000000000000000e+02
1.140000000000000000e+02
1.140000000000000000e+02
1.140000000000000000e+02
1.140000000000000000e+02
1.140000000000000000e+02
1.150000000000000000e+02
1.150000000000000000e+02
1.150000000000000000e+02
1.150000000000000000e+02
1.150000000000000000e+02
1.150000000000000000e+02
1.160000000000000000e+02
1.160000000000000000e+02
1.160000000000000000e+02
1.160000000000000000e+02
1.160000000000000000e+02
1.160000000000000000e+02
1.160000000000000000e+02
1.160000000000000000e+02
1.160000000000000000e+02
1.160000000000000000e+02
1.160000000000000000e+02
1.160000000000000000e+02
1.160000000000000000e+02
1.160000000000000000e+02
1.160000000000000000e+02
1.160000000000000000e+02
1.160000000000000000e+02
1.160000000000000000e+02
1.160000000000000000e+02
1.160000000000000000e+02
1.160000000000000000e+02
1.160000000000000000e+02
1.160000000000000000e+02
1.160000000000000000e+02
1.160000000000000000e+02
1.160000000000000000e+02
1.160000000000000000e+02
1.160000000000000000e+02
1.160000000000000000e+02
1.160000000000000000e+02
1.160000000000000000e+02
1.160000000000000000e+02
1.160000000000000000e+02
1.170000000000000000e+02
1.170000000000000000e+02
1.170000000000000000e+02
1.170000000000000000e+02
1.170000000000000000e+02
1.170000000000000000e+02
1.170000000000000000e+02
1.170000000000000000e+02
1.170000000000000000e+02
1.170000000000000000e+02
1.170000000000000000e+02
1.170000000000000000e+02
1.170000000000000000e+02
1.170000000000000000e+02
1.170000000000000000e+02
1.230000000000000000e+02
1.230000000000000000e+02
1.230000000000000000e+02
1.230000000000000000e+02
1.230000000000000000e+02
1.230000000000000000e+02
1.230000000000000000e+02
1.230000000000000000e+02
1.230000000000000000e+02
1.230000000000000000e+02
1.230000000000000000e+02
1.230000000000000000e+02
1.240000000000000000e+02
1.260000000000000000e+02
1.260000000000000000e+02
1.260000000000000000e+02
1.300000000000000000e+02
1.300000000000000000e+02
1.300000000000000000e+02
1.300000000000000000e+02
1.300000000000000000e+02
1.330000000000000000e+02
1.330000000000000000e+02
1.330000000000000000e+02
1.330000000000000000e+02
1.330000000000000000e+02
1.330000000000000000e+02
1.330000000000000000e+02
1.330000000000000000e+02
1.330000000000000000e+02
1.330000000000000000e+02
1.330000000000000000e+02
1.330000000000000000e+02
1.360000000000000000e+02
1.370000000000000000e+02
1.370000000000000000e+02
1.370000000000000000e+02
1.390000000000000000e+02
1.410000000000000000e+02
1.410000000000000000e+02
1.420000000000000000e+02
1.470000000000000000e+02
1.470000000000000000e+02
1.480000000000000000e+02
1.530000000000000000e+02
1.560000000000000000e+02
1.640000000000000000e+02
1.690000000000000000e+02
1.730000000000000000e+02
1.820000000000000000e+02
1.820000000000000000e+02
1.940000000000000000e+02
1.990000000000000000e+02
2.100000000000000000e+02
2.250000000000000000e+02
2.750000000000000000e+02
2.790000000000000000e+02
2.810000000000000000e+02
3.000000000000000000e+02
3.260000000000000000e+02
4.040000000000000000e+02
4.260000000000000000e+02
4.970000000000000000e+02
5.520000000000000000e+02
5.880000000000000000e+02
6.290000000000000000e+02
6.860000000000000000e+02
7.670000000000000000e+02
8.640000000000000000e+02
9.300000000000000000e+02
1.007000000000000000e+03
1.099000000000000000e+03
1.252000000000000000e+03
1.411000000000000000e+03
1.429000000000000000e+03
1.554000000000000000e+03
1.645000000000000000e+03
1.683000000000000000e+03
1.759000000000000000e+03
1.797000000000000000e+03
1.920000000000000000e+03
1.984000000000000000e+03
2.040000000000000000e+03
2.230000000000000000e+03
2.250000000000000000e+03
2.277000000000000000e+03
2.391000000000000000e+03
2.588000000000000000e+03
2.698000000000000000e+03
2.825000000000000000e+03
2.993000000000000000e+03
3.042000000000000000e+03
3.141000000000000000e+03
3.223000000000000000e+03
3.327000000000000000e+03
3.434000000000000000e+03
3.651000000000000000e+03
3.853000000000000000e+03
3.901000000000000000e+03
3.945000000000000000e+03
4.026000000000000000e+03
4.136000000000000000e+03
4.235000000000000000e+03
4.277000000000000000e+03
4.312000000000000000e+03
4.362000000000000000e+03
4.386000000000000000e+03
4.463000000000000000e+03
4.531000000000000000e+03
4.570000000000000000e+03
4.629000000000000000e+03
4.715000000000000000e+03
4.763000000000000000e+03
4.767000000000000000e+03
4.846000000000000000e+03
4.887000000000000000e+03
4.963000000000000000e+03
5.021000000000000000e+03
5.043000000000000000e+03
5.043000000000000000e+03
5.116000000000000000e+03
5.127000000000000000e+03
5.154000000000000000e+03
5.194000000000000000e+03
5.241000000000000000e+03
5.281000000000000000e+03
5.297000000000000000e+03
5.298000000000000000e+03
5.333000000000000000e+03
5.392000000000000000e+03
5.446000000000000000e+03
5.487000000000000000e+03
5.503000000000000000e+03
5.511000000000000000e+03
5.535000000000000000e+03
5.568000000000000000e+03
5.594000000000000000e+03
5.636000000000000000e+03
5.668000000000000000e+03
5.692000000000000000e+03
5.704000000000000000e+03
5.704000000000000000e+03
5.754000000000000000e+03
5.764000000000000000e+03
5.774000000000000000e+03
5.798000000000000000e+03
5.838000000000000000e+03
5.849000000000000000e+03
5.849000000000000000e+03
5.880000000000000000e+03
5.904000000000000000e+03
5.930000000000000000e+03
5.980000000000000000e+03
6.077000000000000000e+03
6.080000000000000000e+03
6.096000000000000000e+03
6.135000000000000000e+03
6.180000000000000000e+03
6.233000000000000000e+03
6.261000000000000000e+03
6.324000000000000000e+03
6.450000000000000000e+03
6.475000000000000000e+03
6.488000000000000000e+03
6.503000000000000000e+03
6.570000000000000000e+03
6.586000000000000000e+03
6.630000000000000000e+03
6.660000000000000000e+03
6.669000000000000000e+03
6.685000000000000000e+03
6.704000000000000000e+03
6.725000000000000000e+03
6.735000000000000000e+03
6.751000000000000000e+03
6.767000000000000000e+03
6.775000000000000000e+03
6.782000000000000000e+03
6.808000000000000000e+03
6.833000000000000000e+03
6.852000000000000000e+03
6.864000000000000000e+03
6.879000000000000000e+03
6.885000000000000000e+03
6.900000000000000000e+03
6.917000000000000000e+03
6.940000000000000000e+03
6.955000000000000000e+03
6.974000000000000000e+03
7.000000000000000000e+03
7.012000000000000000e+03
7.024000000000000000e+03
7.071000000000000000e+03
7.089000000000000000e+03
7.097000000000000000e+03
7.104000000000000000e+03
7.112000000000000000e+03
7.115000000000000000e+03
7.127000000000000000e+03
7.132000000000000000e+03
7.150000000000000000e+03
7.158000000000000000e+03
7.162000000000000000e+03
7.168000000000000000e+03
7.178000000000000000e+03
7.186000000000000000e+03
7.196000000000000000e+03
7.210000000000000000e+03
7.219000000000000000e+03
7.244000000000000000e+03
7.265000000000000000e+03
7.273000000000000000e+03
7.286000000000000000e+03
7.305000000000000000e+03
7.320000000000000000e+03
7.343000000000000000e+03
7.370000000000000000e+03
7.393000000000000000e+03
7.399000000000000000e+03
7.415000000000000000e+03
7.430000000000000000e+03
7.450000000000000000e+03
7.456000000000000000e+03
7.462000000000000000e+03
7.473000000000000000e+03
7.490000000000000000e+03
7.496000000000000000e+03
7.509000000000000000e+03
7.520000000000000000e+03
7.533000000000000000e+03
7.542000000000000000e+03
7.564000000000000000e+03
7.566000000000000000e+03
7.578000000000000000e+03
7.586000000000000000e+03
7.607000000000000000e+03
7.607000000000000000e+03
7.612000000000000000e+03
7.616000000000000000e+03
7.616000000000000000e+03
7.617000000000000000e+03
7.631000000000000000e+03
7.632000000000000000e+03
7.637000000000000000e+03
7.642000000000000000e+03
7.642000000000000000e+03
7.646000000000000000e+03
7.656000000000000000e+03
7.663000000000000000e+03
7.666000000000000000e+03
7.666000000000000000e+03
7.676000000000000000e+03
7.680000000000000000e+03
7.682000000000000000e+03
7.686000000000000000e+03
7.690000000000000000e+03
7.697000000000000000e+03
7.704000000000000000e+03
7.705000000000000000e+03
7.713000000000000000e+03
7.716000000000000000e+03
7.717000000000000000e+03
7.723000000000000000e+03
7.727000000000000000e+03
7.729000000000000000e+03
7.732000000000000000e+03
7.736000000000000000e+03
7.736000000000000000e+03
7.736000000000000000e+03
7.743000000000000000e+03
7.753000000000000000e+03
7.759000000000000000e+03
7.769000000000000000e+03
7.783000000000000000e+03
7.788000000000000000e+03
7.790000000000000000e+03
7.807000000000000000e+03
7.812000000000000000e+03
7.821000000000000000e+03
7.839000000000000000e+03
7.855000000000000000e+03
7.861000000000000000e+03
7.865000000000000000e+03
7.903000000000000000e+03
7.924000000000000000e+03
7.939000000000000000e+03
7.954000000000000000e+03
7.977000000000000000e+03
7.986000000000000000e+03
8.004000000000000000e+03
8.026000000000000000e+03
8.072000000000000000e+03
8.116000000000000000e+03
8.136000000000000000e+03
8.178000000000000000e+03
8.192000000000000000e+03
8.214000000000000000e+03
8.235000000000000000e+03
8.276000000000000000e+03
8.323000000000000000e+03
8.382000000000000000e+03
8.404000000000000000e+03
8.441000000000000000e+03
8.511000000000000000e+03
8.596000000000000000e+03
8.678000000000000000e+03
8.678000000000000000e+03
8.806000000000000000e+03
8.940000000000000000e+03
8.964000000000000000e+03
9.135000000000000000e+03
9.216000000000000000e+03
9.383000000000000000e+03
9.383000000000000000e+03
9.487000000000000000e+03
9.676000000000000000e+03
9.796000000000000000e+03
9.947000000000000000e+03
1.017000000000000000e+04
1.049800000000000000e+04
1.082400000000000000e+04
1.107200000000000000e+04
1.131300000000000000e+04
1.147100000000000000e+04
1.170600000000000000e+04
1.210500000000000000e+04
1.239600000000000000e+04
1.272000000000000000e+04
1.312200000000000000e+04
1.335500000000000000e+04
1.345400000000000000e+04
1.380200000000000000e+04
1.441700000000000000e+04
1.481400000000000000e+04
1.537900000000000000e+04
1.589900000000000000e+04
1.625500000000000000e+04
1.654900000000000000e+04
1.715000000000000000e+04
1.766900000000000000e+04
1.822700000000000000e+04
1.893500000000000000e+04
1.944400000000000000e+04
2.001700000000000000e+04
2.026700000000000000e+04
2.087900000000000000e+04
2.146100000000000000e+04
2.198700000000000000e+04
2.262000000000000000e+04
2.300100000000000000e+04
2.363800000000000000e+04
2.390900000000000000e+04
2.431400000000000000e+04
2.472600000000000000e+04
2.527200000000000000e+04
2.580100000000000000e+04
2.619200000000000000e+04
2.641000000000000000e+04
2.679900000000000000e+04
2.707900000000000000e+04
2.753300000000000000e+04
2.780600000000000000e+04
2.810600000000000000e+04
2.842200000000000000e+04
2.872300000000000000e+04
2.898200000000000000e+04
2.930900000000000000e+04
2.960600000000000000e+04
2.995600000000000000e+04
3.018300000000000000e+04
3.051300000000000000e+04
3.061900000000000000e+04
3.076700000000000000e+04
3.098200000000000000e+04
3.120700000000000000e+04
3.142900000000000000e+04
3.177500000000000000e+04
3.206900000000000000e+04
3.219800000000000000e+04
3.234300000000000000e+04
3.252800000000000000e+04
3.279300000000000000e+04
3.302900000000000000e+04
3.315300000000000000e+04
3.331300000000000000e+04
3.342800000000000000e+04
3.355500000000000000e+04
3.380500000000000000e+04
3.392000000000000000e+04
3.424100000000000000e+04
3.440200000000000000e+04
3.457700000000000000e+04
3.476500000000000000e+04
3.482200000000000000e+04
3.504600000000000000e+04
3.523600000000000000e+04
3.542800000000000000e+04
3.567900000000000000e+04
3.591400000000000000e+04
3.601700000000000000e+04
3.619800000000000000e+04
3.635400000000000000e+04
3.662600000000000000e+04
3.688400000000000000e+04
3.706500000000000000e+04
3.736500000000000000e+04
3.755400000000000000e+04
3.766300000000000000e+04
3.777100000000000000e+04
3.801400000000000000e+04
3.824700000000000000e+04
3.855700000000000000e+04
3.881100000000000000e+04
3.893000000000000000e+04
3.903900000000000000e+04
3.916200000000000000e+04
3.934500000000000000e+04
3.957700000000000000e+04
3.957700000000000000e+04
4.010400000000000000e+04
4.023300000000000000e+04
4.036100000000000000e+04
4.057400000000000000e+04
4.088900000000000000e+04
4.120700000000000000e+04
4.152800000000000000e+04
4.167600000000000000e+04
4.186600000000000000e+04
4.195500000000000000e+04
4.223300000000000000e+04
4.242700000000000000e+04
4.258200000000000000e+04
4.283900000000000000e+04
4.296200000000000000e+04
4.303300000000000000e+04
4.314500000000000000e+04
4.334400000000000000e+04
4.353800000000000000e+04
4.375000000000000000e+04
4.399900000000000000e+04
4.429600000000000000e+04
4.448100000000000000e+04
4.460600000000000000e+04
4.484700000000000000e+04
4.495700000000000000e+04
4.506100000000000000e+04
4.530000000000000000e+04
4.548700000000000000e+04
4.571400000000000000e+04
4.582400000000000000e+04
4.601300000000000000e+04
4.628300000000000000e+04
4.655300000000000000e+04
4.673500000000000000e+04
4.699500000000000000e+04
4.713000000000000000e+04
4.720800000000000000e+04
4.736300000000000000e+04
4.765300000000000000e+04
4.792500000000000000e+04
4.814300000000000000e+04
4.840000000000000000e+04
4.852300000000000000e+04
4.852300000000000000e+04
4.882600000000000000e+04
4.911100000000000000e+04
4.944200000000000000e+04
4.968800000000000000e+04
4.982200000000000000e+04
4.994900000000000000e+04
5.005500000000000000e+04
5.022900000000000000e+04
5.045900000000000000e+04
5.070900000000000000e+04
5.090300000000000000e+04
5.108400000000000000e+04
5.124300000000000000e+04
5.138700000000000000e+04
5.160500000000000000e+04
5.181300000000000000e+04
5.207900000000000000e+04
5.226300000000000000e+04
5.248000000000000000e+04
5.272800000000000000e+04
5.284700000000000000e+04
5.299900000000000000e+04
5.321600000000000000e+04
5.339200000000000000e+04
5.368900000000000000e+04
5.388700000000000000e+04
5.411400000000000000e+04
5.426700000000000000e+04
5.440500000000000000e+04
5.462300000000000000e+04
5.488100000000000000e+04
5.520300000000000000e+04
5.543700000000000000e+04
5.568100000000000000e+04
5.579800000000000000e+04
5.601300000000000000e+04
5.616000000000000000e+04
5.654600000000000000e+04
5.683100000000000000e+04
5.712100000000000000e+04
5.732900000000000000e+04
5.741900000000000000e+04
5.771300000000000000e+04
5.810600000000000000e+04
5.844100000000000000e+04
5.858100000000000000e+04
5.897500000000000000e+04
5.930400000000000000e+04
5.965800000000000000e+04
5.996300000000000000e+04
6.047500000000000000e+04
6.098400000000000000e+04
6.151900000000000000e+04
6.192200000000000000e+04
6.226700000000000000e+04
6.267000000000000000e+04
6.308400000000000000e+04
6.386500000000000000e+04
6.440200000000000000e+04
6.489300000000000000e+04
6.548500000000000000e+04
6.588900000000000000e+04
6.629300000000000000e+04
6.697500000000000000e+04
6.766400000000000000e+04
6.828800000000000000e+04
6.900800000000000000e+04
6.968000000000000000e+04
7.013600000000000000e+04
7.059800000000000000e+04
7.136100000000000000e+04
7.201900000000000000e+04
7.277500000000000000e+04
7.375900000000000000e+04
7.453300000000000000e+04
7.513400000000000000e+04
7.593500000000000000e+04
7.660100000000000000e+04
7.748200000000000000e+04
7.833900000000000000e+04
7.923700000000000000e+04
8.004900000000000000e+04
8.060700000000000000e+04
8.060700000000000000e+04
8.185700000000000000e+04
8.256300000000000000e+04
8.313000000000000000e+04
8.383700000000000000e+04
8.479300000000000000e+04
8.542200000000000000e+04
8.587300000000000000e+04
8.659600000000000000e+04
8.705200000000000000e+04
8.798000000000000000e+04
8.894400000000000000e+04
8.936400000000000000e+04
8.982900000000000000e+04
9.000400000000000000e+04
9.036400000000000000e+04
9.082900000000000000e+04
9.132000000000000000e+04
9.189900000000000000e+04
9.220100000000000000e+04
9.265900000000000000e+04
9.299700000000000000e+04
9.363400000000000000e+04
9.421300000000000000e+04
9.509600000000000000e+04
9.607000000000000000e+04
9.655500000000000000e+04
9.695200000000000000e+04
9.735400000000000000e+04
9.789700000000000000e+04
9.847400000000000000e+04
9.892700000000000000e+04
9.978000000000000000e+04
1.005900000000000000e+05
1.009940000000000000e+05
1.013760000000000000e+05
1.020240000000000000e+05
1.029420000000000000e+05
1.040050000000000000e+05
1.052640000000000000e+05
1.059690000000000000e+05
1.064170000000000000e+05
1.068060000000000000e+05
1.074080000000000000e+05
1.080880000000000000e+05
1.088920000000000000e+05
1.096600000000000000e+05
1.107410000000000000e+05
1.111900000000000000e+05
1.115490000000000000e+05
1.120190000000000000e+05
1.126790000000000000e+05
1.133170000000000000e+05
1.138980000000000000e+05
1.147650000000000000e+05
1.152700000000000000e+05
1.158430000000000000e+05
1.167690000000000000e+05
1.175250000000000000e+05
1.182630000000000000e+05
1.192260000000000000e+05
1.200030000000000000e+05
1.203850000000000000e+05
1.208950000000000000e+05
1.212710000000000000e+05
1.212710000000000000e+05
1.220930000000000000e+05
1.227170000000000000e+05
1.231570000000000000e+05
1.237210000000000000e+05
1.240760000000000000e+05
1.244880000000000000e+05
1.252100000000000000e+05
1.258640000000000000e+05
1.265020000000000000e+05
1.269340000000000000e+05
1.274040000000000000e+05
1.277670000000000000e+05
1.281450000000000000e+05
1.286910000000000000e+05
1.289760000000000000e+05
1.293210000000000000e+05
1.299630000000000000e+05
1.304000000000000000e+05
1.305320000000000000e+05
1.309640000000000000e+05
1.313780000000000000e+05
1.318400000000000000e+05
1.323830000000000000e+05
1.327080000000000000e+05
1.329330000000000000e+05
1.331510000000000000e+05
1.333930000000000000e+05
1.337880000000000000e+05
1.342720000000000000e+05
1.344450000000000000e+05
1.348780000000000000e+05
1.350970000000000000e+05
1.353280000000000000e+05
1.355790000000000000e+05
1.358540000000000000e+05
1.362200000000000000e+05
1.365610000000000000e+05
1.365610000000000000e+05
1.368280000000000000e+05
1.372480000000000000e+05
1.374960000000000000e+05
1.377570000000000000e+05
1.378600000000000000e+05
1.381590000000000000e+05
1.381590000000000000e+05
1.384250000000000000e+05
1.387930000000000000e+05
1.391140000000000000e+05
1.393970000000000000e+05
1.395950000000000000e+05
1.399730000000000000e+05
1.399730000000000000e+05
1.403320000000000000e+05
1.404570000000000000e+05
1.407810000000000000e+05
1.411550000000000000e+05
1.416040000000000000e+05
1.418530000000000000e+05
1.420760000000000000e+05
1.422220000000000000e+05
1.424220000000000000e+05
1.425140000000000000e+05
1.429190000000000000e+05
1.434650000000000000e+05
1.438840000000000000e+05
1.443590000000000000e+05
1.445630000000000000e+05
1.450210000000000000e+05
1.455970000000000000e+05
1.461400000000000000e+05
1.469420000000000000e+05
1.474500000000000000e+05
1.478670000000000000e+05
1.483350000000000000e+05
1.486300000000000000e+05
1.489770000000000000e+05
1.495320000000000000e+05
1.499500000000000000e+05
1.504810000000000000e+05
1.512350000000000000e+05
1.515920000000000000e+05
1.518060000000000000e+05
1.523800000000000000e+05
1.529640000000000000e+05
1.534710000000000000e+05
1.534710000000000000e+05
1.546430000000000000e+05
1.551470000000000000e+05
1.553840000000000000e+05
1.558930000000000000e+05
1.563270000000000000e+05
1.569400000000000000e+05
1.573630000000000000e+05
1.578800000000000000e+05
1.582250000000000000e+05
1.586680000000000000e+05
1.593440000000000000e+05
1.597190000000000000e+05
1.601580000000000000e+05
1.604930000000000000e+05
1.608860000000000000e+05
1.612080000000000000e+05
1.614350000000000000e+05
1.615840000000000000e+05
1.617900000000000000e+05
1.621870000000000000e+05
1.624410000000000000e+05
1.627560000000000000e+05
1.628490000000000000e+05
1.629450000000000000e+05
1.631780000000000000e+05
1.635070000000000000e+05
1.638850000000000000e+05
1.643150000000000000e+05
1.645060000000000000e+05
1.647230000000000000e+05
1.648290000000000000e+05
1.649500000000000000e+05
1.651440000000000000e+05
1.654680000000000000e+05
1.656000000000000000e+05
1.657060000000000000e+05
1.658070000000000000e+05
1.659080000000000000e+05
1.660530000000000000e+05
1.662900000000000000e+05
1.664200000000000000e+05
1.665760000000000000e+05
1.666820000000000000e+05
1.667120000000000000e+05
1.667120000000000000e+05
1.669000000000000000e+05
1.669790000000000000e+05
1.670970000000000000e+05
1.673000000000000000e+05
1.674400000000000000e+05
1.674950000000000000e+05
1.674950000000000000e+05
1.675850000000000000e+05
1.677800000000000000e+05
1.678960000000000000e+05
1.678960000000000000e+05
1.681560000000000000e+05
1.682370000000000000e+05
1.683220000000000000e+05
1.684270000000000000e+05
1.686170000000000000e+05
1.688080000000000000e+05
1.690280000000000000e+05
1.691370000000000000e+05
1.691800000000000000e+05
1.692270000000000000e+05
1.694280000000000000e+05
1.695810000000000000e+05
1.698050000000000000e+05
1.699300000000000000e+05
1.700630000000000000e+05
1.700630000000000000e+05
1.701000000000000000e+05
1.704590000000000000e+05
1.707100000000000000e+05
1.707100000000000000e+05
1.711720000000000000e+05
1.713340000000000000e+05
1.715100000000000000e+05
1.715900000000000000e+05
1.715900000000000000e+05
1.719060000000000000e+05
1.722670000000000000e+05
1.725760000000000000e+05
1.728890000000000000e+05
1.730060000000000000e+05
1.732080000000000000e+05
1.735350000000000000e+05
1.738430000000000000e+05
1.741590000000000000e+05
1.745520000000000000e+05
1.748960000000000000e+05
1.750980000000000000e+05
1.752730000000000000e+05
1.754940000000000000e+05
1.758560000000000000e+05
1.761070000000000000e+05
1.764680000000000000e+05
1.768210000000000000e+05
1.770080000000000000e+05
1.771130000000000000e+05
1.774080000000000000e+05
1.775830000000000000e+05
1.778240000000000000e+05
1.781110000000000000e+05
1.785320000000000000e+05
1.786870000000000000e+05
1.788410000000000000e+05
1.789640000000000000e+05
1.791460000000000000e+05
1.792480000000000000e+05
1.794570000000000000e+05
1.796830000000000000e+05
1.798860000000000000e+05
1.800080000000000000e+05
1.803100000000000000e+05
1.805490000000000000e+05
1.805490000000000000e+05
1.809720000000000000e+05
1.812060000000000000e+05
1.813200000000000000e+05
1.814210000000000000e+05
1.815670000000000000e+05
1.817490000000000000e+05
1.819030000000000000e+05
1.820430000000000000e+05
1.821440000000000000e+05
1.822470000000000000e+05
1.823060000000000000e+05
1.824800000000000000e+05
1.825970000000000000e+05
1.825970000000000000e+05
1.825970000000000000e+05
1.825970000000000000e+05
1.825970000000000000e+05
1.825970000000000000e+05
1.825970000000000000e+05
1.825970000000000000e+05
1.831810000000000000e+05
1.831810000000000000e+05
1.831810000000000000e+05
1.831810000000000000e+05
1.831810000000000000e+05
1.831810000000000000e+05
1.831810000000000000e+05
1.838240000000000000e+05
1.838240000000000000e+05
1.838240000000000000e+05
1.838240000000000000e+05
1.838240000000000000e+05
1.838240000000000000e+05
1.838240000000000000e+05
1.842610000000000000e+05
1.842610000000000000e+05
1.842610000000000000e+05
1.842610000000000000e+05
1.842610000000000000e+05
1.842610000000000000e+05
1.845240000000000000e+05
1.845240000000000000e+05
1.845240000000000000e+05
1.845240000000000000e+05
1.845240000000000000e+05
1.845240000000000000e+05
1.847130000000000000e+05
1.847130000000000000e+05
1.847130000000000000e+05
1.847130000000000000e+05
1.847130000000000000e+05
1.847130000000000000e+05
1.847130000000000000e+05
1.848540000000000000e+05
1.848540000000000000e+05
1.848540000000000000e+05
1.848540000000000000e+05
1.848540000000000000e+05
1.848540000000000000e+05
1.848540000000000000e+05
1.849490000000000000e+05
1.849490000000000000e+05
1.849490000000000000e+05
1.849490000000000000e+05
1.849490000000000000e+05
1.849490000000000000e+05
1.849490000000000000e+05
1.850940000000000000e+05
1.850940000000000000e+05
1.850940000000000000e+05
1.850940000000000000e+05
1.850940000000000000e+05
1.850940000000000000e+05
1.850940000000000000e+05
1.852370000000000000e+05
1.852370000000000000e+05
1.852370000000000000e+05
1.852370000000000000e+05
1.852370000000000000e+05
1.852370000000000000e+05
1.852370000000000000e+05
1.853770000000000000e+05
1.853770000000000000e+05
1.853770000000000000e+05
1.853770000000000000e+05
1.853770000000000000e+05
1.853770000000000000e+05
1.853770000000000000e+05
1.855280000000000000e+05
1.855280000000000000e+05
1.855280000000000000e+05
1.855280000000000000e+05
1.855280000000000000e+05
1.855280000000000000e+05
1.855280000000000000e+05
1.857080000000000000e+05
1.857080000000000000e+05
1.857080000000000000e+05
1.857080000000000000e+05
1.857080000000000000e+05
1.857080000000000000e+05
1.857080000000000000e+05
1.858820000000000000e+05
1.858820000000000000e+05
1.858820000000000000e+05
1.858820000000000000e+05
1.858820000000000000e+05
1.858820000000000000e+05
1.858820000000000000e+05
1.860330000000000000e+05
1.860330000000000000e+05
1.860330000000000000e+05
1.860330000000000000e+05
1.860330000000000000e+05
1.860330000000000000e+05
1.860330000000000000e+05
1.862790000000000000e+05
1.862790000000000000e+05
1.862790000000000000e+05
1.862790000000000000e+05
1.862790000000000000e+05
1.862790000000000000e+05
1.862790000000000000e+05
1.866850000000000000e+05
1.866850000000000000e+05
1.866850000000000000e+05
1.866850000000000000e+05
