-2.994802735259256679e+02
-2.418201081653936626e+02
-2.001837946487101476e+02
-4.247033360344033213e+02
-3.869206140423987677e+02
-3.574579277737999519e+02
-3.406049031673447871e+02
-3.233783171424828993e+02
-2.971868024834174662e+02
-2.764827761275652733e+02
-5.094966279666356286e+02
-4.661734148687170318e+02
-4.159037055323049685e+02
-3.621612078827230334e+02
-2.916019341051884339e+02
-1.957553878188546150e+02
-8.968899274255477394e+01
-2.227400756763797744e+02
-6.643535297338104328e+01
1.078102832934272328e+02
2.941024467353364571e+02
5.030276080343621743e+02
7.400331701271887823e+02
9.868442021404904381e+02
9.908203366578156874e+02
1.277130419589985650e+03
1.571150443202572205e+03
1.863968719232334934e+03
2.163439627200050381e+03
2.472651150509234412e+03
2.771420404102763314e+03
2.805718119214899161e+03
3.099897405632938899e+03
3.379130394943669671e+03
3.634935199250562619e+03
3.876233455030611367e+03
4.107803096273459232e+03
4.311740515649144982e+03
4.236833569380674817e+03
4.410721768273243470e+03
4.562248793499426029e+03
4.686891786332067568e+03
4.797710127704165643e+03
4.903681168529106799e+03
4.991040184247211982e+03
4.812529339660364712e+03
4.899435462817002190e+03
4.983825253997005348e+03
5.063865800339641282e+03
5.154676370278774812e+03
5.266581950048392173e+03
5.386388451712817186e+03
5.266586609566660627e+03
5.437366099656669576e+03
5.628849693049962298e+03
5.836435904098741958e+03
6.071696078293285609e+03
6.340695722123747146e+03
6.625358721881992096e+03
6.672779587434918540e+03
