0.000000000000000000e+00
0.000000000000000000e+00
0.000000000000000000e+00
0.000000000000000000e+00
0.000000000000000000e+00
0.000000000000000000e+00
0.000000000000000000e+00
0.000000000000000000e+00
0.000000000000000000e+00
0.000000000000000000e+00
0.000000000000000000e+00
0.000000000000000000e+00
0.000000000000000000e+00
0.000000000000000000e+00
0.000000000000000000e+00
0.000000000000000000e+00
0.000000000000000000e+00
0.000000000000000000e+00
0.000000000000000000e+00
0.000000000000000000e+00
0.000000000000000000e+00
0.000000000000000000e+00
0.000000000000000000e+00
0.000000000000000000e+00
0.000000000000000000e+00
0.000000000000000000e+00
0.000000000000000000e+00
0.000000000000000000e+00
2.000000000000000000e+00
2.000000000000000000e+00
4.000000000000000000e+00
5.000000000000000000e+00
8.000000000000000000e+00
1.200000000000000000e+01
1.600000000000000000e+01
1.900000000000000000e+01
2.600000000000000000e+01
3.400000000000000000e+01
4.300000000000000000e+01
5.400000000000000000e+01
6.600000000000000000e+01
7.700000000000000000e+01
9.200000000000000000e+01
1.070000000000000000e+02
1.240000000000000000e+02
1.450000000000000000e+02
1.940000000000000000e+02
2.370000000000000000e+02
2.910000000000000000e+02
3.540000000000000000e+02
4.290000000000000000e+02
5.140000000000000000e+02
6.110000000000000000e+02
7.240000000000000000e+02
8.530000000000000000e+02
9.880000000000000000e+02
1.135000000000000000e+03
1.284000000000000000e+03
1.433000000000000000e+03
1.556000000000000000e+03
1.685000000000000000e+03
1.812000000000000000e+03
1.934000000000000000e+03
2.077000000000000000e+03
2.234000000000000000e+03
2.378000000000000000e+03
2.517000000000000000e+03
2.640000000000000000e+03
2.757000000000000000e+03
2.898000000000000000e+03
3.036000000000000000e+03
3.160000000000000000e+03
3.294000000000000000e+03
3.452000000000000000e+03
3.603000000000000000e+03
3.739000000000000000e+03
3.872000000000000000e+03
3.993000000000000000e+03
4.110000000000000000e+03
4.232000000000000000e+03
4.357000000000000000e+03
4.474000000000000000e+03
4.585000000000000000e+03
4.683000000000000000e+03
4.777000000000000000e+03
4.869000000000000000e+03
4.958000000000000000e+03
5.031000000000000000e+03
5.118000000000000000e+03
5.209000000000000000e+03
5.297000000000000000e+03
5.391000000000000000e+03
5.481000000000000000e+03
5.574000000000000000e+03
5.650000000000000000e+03
5.710000000000000000e+03
5.806000000000000000e+03
5.877000000000000000e+03
5.957000000000000000e+03
6.028000000000000000e+03
6.091000000000000000e+03
6.156000000000000000e+03
6.203000000000000000e+03
6.277000000000000000e+03
6.340000000000000000e+03
6.418000000000000000e+03
6.486000000000000000e+03
6.541000000000000000e+03
6.589000000000000000e+03
6.640000000000000000e+03
6.685000000000000000e+03
6.733000000000000000e+03
6.783000000000000000e+03
6.854000000000000000e+03
6.902000000000000000e+03
6.937000000000000000e+03
6.988000000000000000e+03
7.057000000000000000e+03
7.119000000000000000e+03
7.183000000000000000e+03
7.249000000000000000e+03
7.300000000000000000e+03
7.359000000000000000e+03
7.417000000000000000e+03
7.451000000000000000e+03
7.508000000000000000e+03
7.564000000000000000e+03
7.627000000000000000e+03
7.677000000000000000e+03
7.734000000000000000e+03
7.797000000000000000e+03
7.878000000000000000e+03
7.942000000000000000e+03
8.012000000000000000e+03
8.071000000000000000e+03
8.134000000000000000e+03
8.209000000000000000e+03
8.281000000000000000e+03
8.351000000000000000e+03
8.425000000000000000e+03
8.506000000000000000e+03
8.584000000000000000e+03
8.659000000000000000e+03
8.730000000000000000e+03
8.837000000000000000e+03
8.950000000000000000e+03
9.065000000000000000e+03
9.185000000000000000e+03
9.272000000000000000e+03
9.392000000000000000e+03
9.507000000000000000e+03
9.623000000000000000e+03
9.742000000000000000e+03
9.863000000000000000e+03
9.996000000000000000e+03
1.013000000000000000e+04
1.023900000000000000e+04
1.036400000000000000e+04
1.050800000000000000e+04
1.067000000000000000e+04
1.081700000000000000e+04
1.095800000000000000e+04
1.110600000000000000e+04
1.126000000000000000e+04
1.140800000000000000e+04
1.157100000000000000e+04
1.173100000000000000e+04
1.193100000000000000e+04
1.208400000000000000e+04
1.230500000000000000e+04
1.244700000000000000e+04
1.263500000000000000e+04
1.282900000000000000e+04
1.303200000000000000e+04
1.321100000000000000e+04
1.341000000000000000e+04
1.360800000000000000e+04
1.379100000000000000e+04
1.397900000000000000e+04
1.418800000000000000e+04
1.440500000000000000e+04
1.463400000000000000e+04
1.485300000000000000e+04
1.507400000000000000e+04
1.528900000000000000e+04
1.548400000000000000e+04
1.570000000000000000e+04
1.591200000000000000e+04
1.614700000000000000e+04
1.634300000000000000e+04
1.656900000000000000e+04
1.676600000000000000e+04
1.698200000000000000e+04
1.719000000000000000e+04
1.740500000000000000e+04
1.761700000000000000e+04
1.780200000000000000e+04
1.797600000000000000e+04
1.813200000000000000e+04
1.826400000000000000e+04
1.842700000000000000e+04
1.861600000000000000e+04
1.880000000000000000e+04
1.898800000000000000e+04
1.916200000000000000e+04
1.933100000000000000e+04
1.949200000000000000e+04
1.963900000000000000e+04
1.980400000000000000e+04
1.997200000000000000e+04
2.012500000000000000e+04
2.026400000000000000e+04
2.037600000000000000e+04
2.050200000000000000e+04
2.064300000000000000e+04
2.077600000000000000e+04
2.090100000000000000e+04
2.102000000000000000e+04
2.113700000000000000e+04
2.124900000000000000e+04
2.135900000000000000e+04
2.146200000000000000e+04
2.157100000000000000e+04
2.167200000000000000e+04
2.179700000000000000e+04
2.192600000000000000e+04
2.204400000000000000e+04
2.215400000000000000e+04
2.229300000000000000e+04
2.241000000000000000e+04
2.254200000000000000e+04
2.266900000000000000e+04
2.279800000000000000e+04
2.291300000000000000e+04
2.302900000000000000e+04
2.315700000000000000e+04
2.331300000000000000e+04
2.345300000000000000e+04
2.363200000000000000e+04
2.380800000000000000e+04
2.395200000000000000e+04
2.411800000000000000e+04
2.430100000000000000e+04
2.447800000000000000e+04
2.465600000000000000e+04
2.484000000000000000e+04
2.501500000000000000e+04
2.522200000000000000e+04
2.539400000000000000e+04
2.558900000000000000e+04
2.577900000000000000e+04
2.598600000000000000e+04
2.616900000000000000e+04
2.638000000000000000e+04
2.656700000000000000e+04
2.674600000000000000e+04
2.695700000000000000e+04
2.719200000000000000e+04
2.741900000000000000e+04
2.765800000000000000e+04
2.788800000000000000e+04
2.809800000000000000e+04
2.829300000000000000e+04
2.854400000000000000e+04
2.881600000000000000e+04
2.907000000000000000e+04
2.934900000000000000e+04
2.960500000000000000e+04
2.987000000000000000e+04
3.012300000000000000e+04
3.037500000000000000e+04
3.071200000000000000e+04
3.103400000000000000e+04
3.134600000000000000e+04
3.165000000000000000e+04
3.198500000000000000e+04
3.232000000000000000e+04
3.261600000000000000e+04
3.295300000000000000e+04
3.329900000000000000e+04
3.371400000000000000e+04
3.411300000000000000e+04
3.447800000000000000e+04
3.486400000000000000e+04
3.529800000000000000e+04
3.573800000000000000e+04
3.616000000000000000e+04
3.657900000000000000e+04
3.698500000000000000e+04
3.740900000000000000e+04
3.783200000000000000e+04
3.829100000000000000e+04
3.874900000000000000e+04
3.920200000000000000e+04
3.966400000000000000e+04
4.012100000000000000e+04
4.058200000000000000e+04
4.103400000000000000e+04
4.149300000000000000e+04
4.197900000000000000e+04
4.246100000000000000e+04
4.294100000000000000e+04
4.341700000000000000e+04
4.389600000000000000e+04
4.432700000000000000e+04
4.480200000000000000e+04
4.525500000000000000e+04
4.573800000000000000e+04
4.620700000000000000e+04
4.668900000000000000e+04
4.709500000000000000e+04
4.748600000000000000e+04
4.787400000000000000e+04
4.824600000000000000e+04
4.862800000000000000e+04
4.899000000000000000e+04
4.934800000000000000e+04
4.969500000000000000e+04
5.001600000000000000e+04
5.031000000000000000e+04
5.059400000000000000e+04
5.091700000000000000e+04
5.121200000000000000e+04
5.149600000000000000e+04
5.172700000000000000e+04
5.194900000000000000e+04
5.219600000000000000e+04
5.244700000000000000e+04
5.267000000000000000e+04
5.288300000000000000e+04
5.309500000000000000e+04
5.327300000000000000e+04
5.344800000000000000e+04
5.362500000000000000e+04
5.381600000000000000e+04
5.400300000000000000e+04
5.415600000000000000e+04
5.430800000000000000e+04
5.444000000000000000e+04
5.457400000000000000e+04
5.469300000000000000e+04
5.481400000000000000e+04
5.494600000000000000e+04
5.509500000000000000e+04
5.522300000000000000e+04
5.533700000000000000e+04
5.543800000000000000e+04
5.554000000000000000e+04
5.565000000000000000e+04
5.574800000000000000e+04
5.583000000000000000e+04
5.593300000000000000e+04
5.601800000000000000e+04
5.610000000000000000e+04
5.617100000000000000e+04
5.626200000000000000e+04
5.636000000000000000e+04
5.645700000000000000e+04
5.653800000000000000e+04
5.662100000000000000e+04
5.671700000000000000e+04
5.680300000000000000e+04
5.688600000000000000e+04
5.697300000000000000e+04
5.705700000000000000e+04
5.715000000000000000e+04
5.722500000000000000e+04
5.729400000000000000e+04
5.738300000000000000e+04
5.748100000000000000e+04
5.756000000000000000e+04
5.765100000000000000e+04
5.773600000000000000e+04
5.780700000000000000e+04
5.788900000000000000e+04
5.795900000000000000e+04
5.803800000000000000e+04
5.811000000000000000e+04
5.818900000000000000e+04
5.825600000000000000e+04
5.833600000000000000e+04
5.841200000000000000e+04
5.846900000000000000e+04
5.853600000000000000e+04
5.862500000000000000e+04
5.868600000000000000e+04
5.875100000000000000e+04
5.880900000000000000e+04
5.888300000000000000e+04
5.894500000000000000e+04
5.902800000000000000e+04
5.911700000000000000e+04
5.918400000000000000e+04
5.926400000000000000e+04
5.934100000000000000e+04
5.940900000000000000e+04
5.948300000000000000e+04
5.957200000000000000e+04
5.966300000000000000e+04
5.973600000000000000e+04
5.983000000000000000e+04
5.989900000000000000e+04
5.998000000000000000e+04
6.007300000000000000e+04
6.018100000000000000e+04
6.026700000000000000e+04
6.035300000000000000e+04
6.043100000000000000e+04
6.051200000000000000e+04
6.059400000000000000e+04
6.068700000000000000e+04
6.078600000000000000e+04
6.086700000000000000e+04
6.092800000000000000e+04
6.101600000000000000e+04
6.106900000000000000e+04
6.114200000000000000e+04
6.123000000000000000e+04
6.133000000000000000e+04
6.142700000000000000e+04
6.149200000000000000e+04
6.158100000000000000e+04
6.164900000000000000e+04
6.172400000000000000e+04
6.179700000000000000e+04
6.187700000000000000e+04
6.195100000000000000e+04
6.204500000000000000e+04
6.214200000000000000e+04
6.222300000000000000e+04
6.230800000000000000e+04
6.239700000000000000e+04
6.247800000000000000e+04
6.256900000000000000e+04
6.266500000000000000e+04
6.275900000000000000e+04
6.287600000000000000e+04
6.299900000000000000e+04
6.316000000000000000e+04
6.333200000000000000e+04
6.350600000000000000e+04
6.369900000000000000e+04
6.388400000000000000e+04
6.403900000000000000e+04
6.423200000000000000e+04
6.449000000000000000e+04
6.476400000000000000e+04
6.505500000000000000e+04
6.535900000000000000e+04
6.568000000000000000e+04
6.600800000000000000e+04
6.632700000000000000e+04
6.673200000000000000e+04
6.713000000000000000e+04
6.752500000000000000e+04
6.791300000000000000e+04
6.836600000000000000e+04
6.874600000000000000e+04
6.912000000000000000e+04
6.957400000000000000e+04
7.007000000000000000e+04
7.053200000000000000e+04
7.096600000000000000e+04
7.135100000000000000e+04
7.175800000000000000e+04
7.209000000000000000e+04
7.248400000000000000e+04
7.287500000000000000e+04
7.321900000000000000e+04
7.356800000000000000e+04
7.390600000000000000e+04
7.424100000000000000e+04
7.452400000000000000e+04
7.491000000000000000e+04
7.526100000000000000e+04
7.556800000000000000e+04
7.593400000000000000e+04
7.623100000000000000e+04
7.643300000000000000e+04
7.663300000000000000e+04
7.693600000000000000e+04
7.722200000000000000e+04
7.753200000000000000e+04
7.776500000000000000e+04
7.799400000000000000e+04
7.819400000000000000e+04
7.838100000000000000e+04
7.859700000000000000e+04
7.884800000000000000e+04
7.905600000000000000e+04
7.921900000000000000e+04
7.938400000000000000e+04
7.956800000000000000e+04
7.974100000000000000e+04
7.993900000000000000e+04
8.015600000000000000e+04
8.032700000000000000e+04
8.048800000000000000e+04
8.065800000000000000e+04
8.081300000000000000e+04
8.094100000000000000e+04
8.106300000000000000e+04
8.118300000000000000e+04
8.136200000000000000e+04
8.151900000000000000e+04
8.167200000000000000e+04
8.179600000000000000e+04
8.191100000000000000e+04
8.209800000000000000e+04
8.221700000000000000e+04
8.235100000000000000e+04
8.248000000000000000e+04
8.261900000000000000e+04
8.274600000000000000e+04
8.285400000000000000e+04
8.296500000000000000e+04
8.310100000000000000e+04
8.321700000000000000e+04
8.332900000000000000e+04
8.347300000000000000e+04
8.358800000000000000e+04
8.371100000000000000e+04
8.384500000000000000e+04
8.398500000000000000e+04
8.412700000000000000e+04
8.426400000000000000e+04
8.438900000000000000e+04
8.451600000000000000e+04
8.462700000000000000e+04
8.479200000000000000e+04
8.494900000000000000e+04
8.509500000000000000e+04
8.526100000000000000e+04
8.539700000000000000e+04
8.554300000000000000e+04
8.569400000000000000e+04
8.585900000000000000e+04
8.604100000000000000e+04
8.620700000000000000e+04
8.639100000000000000e+04
8.659200000000000000e+04
8.679100000000000000e+04
8.696600000000000000e+04
8.716100000000000000e+04
8.737400000000000000e+04
8.762400000000000000e+04
8.783700000000000000e+04
8.806300000000000000e+04
8.827300000000000000e+04
8.853200000000000000e+04
8.880000000000000000e+04
8.912200000000000000e+04
8.947900000000000000e+04
8.978200000000000000e+04
9.007400000000000000e+04
9.034400000000000000e+04
9.063000000000000000e+04
9.099600000000000000e+04
9.140700000000000000e+04
9.178500000000000000e+04
9.219400000000000000e+04
9.262800000000000000e+04
9.308600000000000000e+04
9.347300000000000000e+04
9.401500000000000000e+04
9.460300000000000000e+04
9.511100000000000000e+04
9.564700000000000000e+04
9.621500000000000000e+04
9.674200000000000000e+04
9.720800000000000000e+04
9.782800000000000000e+04
9.848300000000000000e+04
9.910800000000000000e+04
9.969100000000000000e+04
1.002550000000000000e+05
1.008100000000000000e+05
1.013540000000000000e+05
1.020380000000000000e+05
1.026480000000000000e+05
1.033570000000000000e+05
1.040220000000000000e+05
1.047160000000000000e+05
1.052870000000000000e+05
1.059010000000000000e+05
1.064820000000000000e+05
1.071510000000000000e+05
1.077940000000000000e+05
1.083930000000000000e+05
1.089880000000000000e+05
1.095490000000000000e+05
1.100640000000000000e+05
1.106740000000000000e+05
1.112570000000000000e+05
1.118920000000000000e+05
1.124300000000000000e+05
1.129350000000000000e+05
1.133800000000000000e+05
1.138240000000000000e+05
1.143110000000000000e+05
1.147590000000000000e+05
1.151670000000000000e+05
1.156190000000000000e+05
1.160720000000000000e+05
1.164360000000000000e+05
1.167910000000000000e+05
1.171820000000000000e+05
1.175260000000000000e+05
1.179050000000000000e+05
1.181910000000000000e+05
1.185080000000000000e+05
1.187920000000000000e+05
1.190820000000000000e+05
1.193600000000000000e+05
1.196490000000000000e+05
1.198880000000000000e+05
1.201600000000000000e+05
1.204280000000000000e+05
1.206630000000000000e+05
1.208800000000000000e+05
1.211090000000000000e+05
1.213470000000000000e+05
1.215630000000000000e+05
1.217790000000000000e+05
1.220120000000000000e+05
1.221970000000000000e+05
1.223700000000000000e+05
1.225920000000000000e+05
1.228680000000000000e+05
1.230810000000000000e+05
1.232750000000000000e+05
1.234980000000000000e+05
1.236950000000000000e+05
1.238760000000000000e+05
1.240750000000000000e+05
1.242560000000000000e+05
1.244230000000000000e+05
1.245850000000000000e+05
1.247630000000000000e+05
1.249280000000000000e+05
1.250520000000000000e+05
1.252230000000000000e+05
1.253630000000000000e+05
1.255190000000000000e+05
1.257160000000000000e+05
1.258750000000000000e+05
1.259980000000000000e+05
1.261260000000000000e+05
1.263030000000000000e+05
1.264560000000000000e+05
1.266160000000000000e+05
1.267630000000000000e+05
1.269210000000000000e+05
1.270530000000000000e+05
1.271730000000000000e+05
1.272990000000000000e+05
1.274390000000000000e+05
1.275510000000000000e+05
1.276860000000000000e+05
1.278090000000000000e+05
1.279180000000000000e+05
1.280420000000000000e+05
1.281670000000000000e+05
1.282720000000000000e+05
1.284060000000000000e+05
1.285310000000000000e+05
1.286340000000000000e+05
1.287340000000000000e+05
1.288520000000000000e+05
1.289560000000000000e+05
1.290530000000000000e+05
1.291770000000000000e+05
1.292800000000000000e+05
1.293760000000000000e+05
1.294620000000000000e+05
1.295490000000000000e+05
1.296290000000000000e+05
1.297110000000000000e+05
1.298300000000000000e+05
1.299120000000000000e+05
1.299880000000000000e+05
1.300660000000000000e+05
1.301240000000000000e+05
1.302000000000000000e+05
1.302770000000000000e+05
1.303560000000000000e+05
1.304460000000000000e+05
1.305240000000000000e+05
1.306030000000000000e+05
1.306610000000000000e+05
1.307220000000000000e+05
1.307640000000000000e+05
1.308310000000000000e+05
1.308830000000000000e+05
1.309460000000000000e+05
1.309920000000000000e+05
1.310330000000000000e+05
1.310830000000000000e+05
1.311240000000000000e+05
1.311670000000000000e+05
1.312110000000000000e+05
1.312620000000000000e+05
1.313060000000000000e+05
1.313480000000000000e+05
1.314000000000000000e+05
1.314340000000000000e+05
1.314740000000000000e+05
1.315270000000000000e+05
1.315720000000000000e+05
1.316060000000000000e+05
1.316390000000000000e+05
1.316800000000000000e+05
1.317020000000000000e+05
1.317360000000000000e+05
1.317780000000000000e+05
1.318020000000000000e+05
1.318210000000000000e+05
1.318470000000000000e+05
1.318780000000000000e+05
1.319150000000000000e+05
1.319400000000000000e+05
1.319720000000000000e+05
1.320020000000000000e+05
1.320260000000000000e+05
1.320440000000000000e+05
1.320750000000000000e+05
1.320950000000000000e+05
1.321130000000000000e+05
1.321320000000000000e+05
1.321520000000000000e+05
1.321720000000000000e+05
1.322020000000000000e+05
1.322300000000000000e+05
1.322510000000000000e+05
1.322740000000000000e+05
1.323030000000000000e+05
1.323330000000000000e+05
1.323560000000000000e+05
1.323800000000000000e+05
1.324240000000000000e+05
1.324540000000000000e+05
1.325040000000000000e+05
1.325630000000000000e+05
1.326240000000000000e+05
1.326810000000000000e+05
1.327450000000000000e+05
1.328300000000000000e+05
1.329340000000000000e+05
1.330480000000000000e+05
1.331640000000000000e+05
1.332940000000000000e+05
1.334370000000000000e+05
1.335700000000000000e+05
1.337180000000000000e+05
1.338860000000000000e+05
1.340530000000000000e+05
1.342380000000000000e+05
1.344200000000000000e+05
1.346070000000000000e+05
1.347980000000000000e+05
1.350400000000000000e+05
1.352760000000000000e+05
1.354990000000000000e+05
1.357260000000000000e+05
1.359520000000000000e+05
1.361660000000000000e+05
1.363900000000000000e+05
1.366310000000000000e+05
1.368380000000000000e+05
1.370640000000000000e+05
1.372670000000000000e+05
1.374390000000000000e+05
1.375930000000000000e+05
1.377470000000000000e+05
1.379480000000000000e+05
1.381160000000000000e+05
1.382600000000000000e+05
1.384330000000000000e+05
1.385720000000000000e+05
1.387110000000000000e+05
1.388310000000000000e+05
1.389490000000000000e+05
1.390630000000000000e+05
1.391800000000000000e+05
1.392890000000000000e+05
1.393870000000000000e+05
1.394780000000000000e+05
1.395500000000000000e+05
1.396100000000000000e+05
1.396620000000000000e+05
1.397350000000000000e+05
1.398020000000000000e+05
1.398650000000000000e+05
1.399170000000000000e+05
1.399710000000000000e+05
1.400210000000000000e+05
1.400630000000000000e+05
1.401090000000000000e+05
1.401580000000000000e+05
1.402040000000000000e+05
1.402400000000000000e+05
1.402770000000000000e+05
1.403150000000000000e+05
1.403680000000000000e+05
1.404070000000000000e+05
1.404510000000000000e+05
1.404920000000000000e+05
1.405280000000000000e+05
1.405770000000000000e+05
1.406160000000000000e+05
1.406500000000000000e+05
1.406780000000000000e+05
1.407110000000000000e+05
1.407440000000000000e+05
1.407770000000000000e+05
1.408000000000000000e+05
1.408290000000000000e+05
1.408540000000000000e+05
1.408770000000000000e+05
1.408960000000000000e+05
1.409190000000000000e+05
1.409400000000000000e+05
1.409520000000000000e+05
1.409750000000000000e+05
1.409960000000000000e+05
1.410240000000000000e+05
1.410410000000000000e+05
1.410580000000000000e+05
1.410720000000000000e+05
1.410830000000000000e+05
1.410960000000000000e+05
1.411140000000000000e+05
1.411310000000000000e+05
1.411380000000000000e+05
1.411450000000000000e+05
1.411570000000000000e+05
1.411650000000000000e+05
1.411770000000000000e+05
1.411890000000000000e+05
1.411920000000000000e+05
1.411980000000000000e+05
1.412010000000000000e+05
1.412090000000000000e+05
1.412160000000000000e+05
1.412240000000000000e+05
1.412320000000000000e+05
1.412360000000000000e+05
1.412440000000000000e+05
1.412530000000000000e+05
1.412620000000000000e+05
1.412710000000000000e+05
1.412740000000000000e+05
1.412810000000000000e+05
1.412880000000000000e+05
1.412930000000000000e+05
1.412960000000000000e+05
1.413020000000000000e+05
1.413060000000000000e+05
1.413080000000000000e+05
1.413100000000000000e+05
1.413150000000000000e+05
1.413180000000000000e+05
1.413180000000000000e+05
1.413210000000000000e+05
1.413280000000000000e+05
1.413310000000000000e+05
1.413320000000000000e+05
1.413390000000000000e+05
1.413420000000000000e+05
1.413430000000000000e+05
1.413430000000000000e+05
1.413490000000000000e+05
1.413500000000000000e+05
1.413520000000000000e+05
1.413530000000000000e+05
1.413570000000000000e+05
1.413600000000000000e+05
1.413610000000000000e+05
1.413630000000000000e+05
1.413630000000000000e+05
1.413660000000000000e+05
1.413700000000000000e+05
1.413730000000000000e+05
1.413770000000000000e+05
1.413790000000000000e+05
1.413830000000000000e+05
1.413850000000000000e+05
1.413860000000000000e+05
1.413860000000000000e+05
1.413860000000000000e+05
1.413890000000000000e+05
1.413900000000000000e+05
1.413900000000000000e+05
1.413960000000000000e+05
1.414040000000000000e+05
1.414080000000000000e+05
1.414130000000000000e+05
1.414200000000000000e+05
1.414270000000000000e+05
1.414290000000000000e+05
1.414390000000000000e+05
1.414440000000000000e+05
1.414510000000000000e+05
1.414560000000000000e+05
1.414640000000000000e+05
1.414770000000000000e+05
1.414860000000000000e+05
1.414990000000000000e+05
1.415130000000000000e+05
1.415320000000000000e+05
1.415640000000000000e+05
1.415930000000000000e+05
1.416240000000000000e+05
1.416500000000000000e+05
1.416840000000000000e+05
1.417170000000000000e+05
1.417580000000000000e+05
1.417950000000000000e+05
1.418370000000000000e+05
1.418910000000000000e+05
1.419370000000000000e+05
1.419980000000000000e+05
1.420600000000000000e+05
1.421340000000000000e+05
1.422090000000000000e+05
1.422900000000000000e+05
1.423370000000000000e+05
1.423980000000000000e+05
1.424610000000000000e+05
1.425150000000000000e+05
1.425640000000000000e+05
1.426540000000000000e+05
1.427380000000000000e+05
1.428060000000000000e+05
1.428610000000000000e+05
1.429440000000000000e+05
1.430150000000000000e+05
1.430930000000000000e+05
1.431600000000000000e+05
1.432220000000000000e+05
1.432880000000000000e+05
1.433320000000000000e+05
1.433870000000000000e+05
1.434490000000000000e+05
1.435050000000000000e+05
1.435500000000000000e+05
1.436120000000000000e+05
1.436470000000000000e+05
1.436840000000000000e+05
1.437280000000000000e+05
1.437760000000000000e+05
1.438200000000000000e+05
1.438670000000000000e+05
1.438940000000000000e+05
1.439170000000000000e+05
1.439470000000000000e+05
1.439950000000000000e+05
1.440190000000000000e+05
1.440480000000000000e+05
1.440850000000000000e+05
1.441080000000000000e+05
1.441350000000000000e+05
1.441540000000000000e+05
1.441780000000000000e+05
1.441990000000000000e+05
1.442210000000000000e+05
1.442430000000000000e+05
1.442580000000000000e+05
1.442730000000000000e+05
1.442870000000000000e+05
1.443010000000000000e+05
1.443190000000000000e+05
1.443440000000000000e+05
1.443580000000000000e+05
1.443640000000000000e+05
1.443670000000000000e+05
1.443820000000000000e+05
1.443940000000000000e+05
1.444020000000000000e+05
1.444090000000000000e+05
1.444160000000000000e+05
1.444210000000000000e+05
1.444260000000000000e+05
1.444290000000000000e+05
1.444390000000000000e+05
1.444480000000000000e+05
1.444580000000000000e+05
1.444660000000000000e+05
1.444690000000000000e+05
1.444710000000000000e+05
1.444780000000000000e+05
1.444860000000000000e+05
1.444900000000000000e+05
1.444980000000000000e+05
1.445020000000000000e+05
1.445060000000000000e+05
1.445100000000000000e+05
1.445160000000000000e+05
1.445190000000000000e+05
1.445230000000000000e+05
1.445270000000000000e+05
1.445310000000000000e+05
1.445360000000000000e+05
1.445400000000000000e+05
1.445430000000000000e+05
1.445440000000000000e+05
1.445480000000000000e+05
1.445550000000000000e+05
1.445590000000000000e+05
1.445620000000000000e+05
1.445650000000000000e+05
1.445710000000000000e+05
1.445710000000000000e+05
1.445760000000000000e+05
1.445800000000000000e+05
1.445800000000000000e+05
1.445830000000000000e+05
1.445870000000000000e+05
1.445920000000000000e+05
1.445960000000000000e+05
1.446000000000000000e+05
1.446040000000000000e+05
1.446050000000000000e+05
1.446070000000000000e+05
1.446090000000000000e+05
1.446100000000000000e+05
1.446120000000000000e+05
1.446130000000000000e+05
1.446130000000000000e+05
1.446130000000000000e+05
1.446170000000000000e+05
1.446200000000000000e+05
1.446250000000000000e+05
1.446260000000000000e+05
1.446270000000000000e+05
1.446300000000000000e+05
1.446320000000000000e+05
1.446330000000000000e+05
1.446330000000000000e+05
1.446330000000000000e+05
1.446330000000000000e+05
1.446330000000000000e+05
1.446330000000000000e+05
1.446330000000000000e+05
1.446340000000000000e+05
1.446340000000000000e+05
1.446370000000000000e+05
1.446400000000000000e+05
1.446450000000000000e+05
1.446480000000000000e+05
1.446490000000000000e+05
1.446510000000000000e+05
1.446520000000000000e+05
1.446580000000000000e+05
1.446580000000000000e+05
1.446580000000000000e+05
1.446580000000000000e+05
1.446580000000000000e+05
1.446590000000000000e+05
1.446590000000000000e+05
1.446610000000000000e+05
1.446640000000000000e+05
1.446640000000000000e+05
1.446670000000000000e+05
1.446720000000000000e+05
1.446720000000000000e+05
1.446730000000000000e+05
1.446730000000000000e+05
1.446740000000000000e+05
1.446750000000000000e+05
1.446770000000000000e+05
1.446770000000000000e+05
1.446820000000000000e+05
1.446820000000000000e+05
1.446850000000000000e+05
1.446880000000000000e+05
1.446930000000000000e+05
1.446960000000000000e+05
1.446960000000000000e+05
1.446990000000000000e+05
1.447040000000000000e+05
1.447060000000000000e+05
1.447080000000000000e+05
1.447100000000000000e+05
1.447170000000000000e+05
1.447200000000000000e+05
1.447220000000000000e+05
1.447230000000000000e+05
1.447240000000000000e+05
1.447270000000000000e+05
1.447270000000000000e+05
1.447280000000000000e+05
1.447280000000000000e+05
1.447300000000000000e+05
1.447320000000000000e+05
1.447340000000000000e+05
1.447350000000000000e+05
1.447370000000000000e+05
1.447410000000000000e+05
1.447440000000000000e+05
1.447440000000000000e+05
1.447440000000000000e+05
1.447440000000000000e+05
1.447470000000000000e+05
1.447470000000000000e+05
1.447490000000000000e+05
1.447510000000000000e+05
1.447520000000000000e+05
1.447540000000000000e+05
1.447560000000000000e+05
1.447570000000000000e+05
1.447640000000000000e+05
1.447680000000000000e+05
1.447710000000000000e+05
1.447750000000000000e+05
1.447790000000000000e+05
1.447790000000000000e+05
1.447810000000000000e+05
1.447830000000000000e+05
1.447880000000000000e+05
1.447890000000000000e+05
1.447930000000000000e+05
1.447930000000000000e+05
1.447930000000000000e+05
1.448040000000000000e+05
1.448120000000000000e+05
1.448170000000000000e+05
1.448240000000000000e+05
1.448280000000000000e+05
1.448320000000000000e+05
