1.426955114599517547e+05
1.427857978991616692e+05
1.428680722399531514e+05
1.429689421733575291e+05
1.430760433605356666e+05
1.431846462256465456e+05
1.432915180100369616e+05
1.434051362309862743e+05
1.435047666313116206e+05
1.435993532213017461e+05
1.437160356330314826e+05
1.438428818073993898e+05
1.439754789478172315e+05
1.441107827013077331e+05
1.442573211066151853e+05
1.443942667030201992e+05
1.445303246104971040e+05
1.446922519056694291e+05
1.448675963098744396e+05
1.450512970101099054e+05
1.452395473536792269e+05
1.454400156347566517e+05
1.456309369518688763e+05
1.458200234497452329e+05
1.460330077034234710e+05
1.462564066400949669e+05
1.464841481610455376e+05
1.467114595263087249e+05
1.469451130406662705e+05
1.471625413575576385e+05
1.473707690871777886e+05
1.475949748919492413e+05
1.478212709584572294e+05
1.480433415840862726e+05
1.482563396109198802e+05
1.484671360187420796e+05
1.486534348765656177e+05
1.488227003348766593e+05
1.490007099510504922e+05
1.491743214568155527e+05
1.493380950304922299e+05
1.494881702269990928e+05
1.496324933824932377e+05
1.497499082689976203e+05
1.498490573123904760e+05
1.499569083355158218e+05
1.500614946245166066e+05
1.501585110715397750e+05
1.502451662196977413e+05
1.503303866642681242e+05
1.503938871696027345e+05
1.504450543305143074e+05
1.505114591727285297e+05
1.505815868292790838e+05
1.506514262817945564e+05
1.507183201193715213e+05
1.507911707838020811e+05
1.508495165634933510e+05
1.509024249589649553e+05
1.509770185060617514e+05
