0.000000000000000000e+00
0.000000000000000000e+00
0.000000000000000000e+00
0.000000000000000000e+00
0.000000000000000000e+00
0.000000000000000000e+00
0.000000000000000000e+00
0.000000000000000000e+00
0.000000000000000000e+00
0.000000000000000000e+00
0.000000000000000000e+00
0.000000000000000000e+00
0.000000000000000000e+00
0.000000000000000000e+00
0.000000000000000000e+00
0.000000000000000000e+00
0.000000000000000000e+00
0.000000000000000000e+00
0.000000000000000000e+00
0.000000000000000000e+00
0.000000000000000000e+00
0.000000000000000000e+00
0.000000000000000000e+00
0.000000000000000000e+00
0.000000000000000000e+00
0.000000000000000000e+00
0.000000000000000000e+00
0.000000000000000000e+00
0.000000000000000000e+00
0.000000000000000000e+00
0.000000000000000000e+00
0.000000000000000000e+00
0.000000000000000000e+00
0.000000000000000000e+00
0.000000000000000000e+00
0.000000000000000000e+00
0.000000000000000000e+00
0.000000000000000000e+00
0.000000000000000000e+00
0.000000000000000000e+00
0.000000000000000000e+00
0.000000000000000000e+00
0.000000000000000000e+00
0.000000000000000000e+00
0.000000000000000000e+00
0.000000000000000000e+00
0.000000000000000000e+00
0.000000000000000000e+00
0.000000000000000000e+00
0.000000000000000000e+00
0.000000000000000000e+00
0.000000000000000000e+00
0.000000000000000000e+00
0.000000000000000000e+00
0.000000000000000000e+00
0.000000000000000000e+00
0.000000000000000000e+00
0.000000000000000000e+00
0.000000000000000000e+00
3.000000000000000000e+00
3.000000000000000000e+00
3.000000000000000000e+00
3.000000000000000000e+00
4.000000000000000000e+00
8.000000000000000000e+00
9.000000000000000000e+00
1.100000000000000000e+01
1.400000000000000000e+01
1.700000000000000000e+01
1.700000000000000000e+01
2.000000000000000000e+01
2.500000000000000000e+01
3.000000000000000000e+01
3.400000000000000000e+01
3.700000000000000000e+01
3.900000000000000000e+01
4.200000000000000000e+01
4.200000000000000000e+01
4.800000000000000000e+01
5.400000000000000000e+01
6.200000000000000000e+01
6.800000000000000000e+01
7.100000000000000000e+01
8.100000000000000000e+01
1.050000000000000000e+02
1.220000000000000000e+02
1.410000000000000000e+02
1.530000000000000000e+02
1.610000000000000000e+02
1.670000000000000000e+02
1.700000000000000000e+02
1.740000000000000000e+02
1.900000000000000000e+02
1.970000000000000000e+02
1.970000000000000000e+02
2.050000000000000000e+02
2.060000000000000000e+02
2.220000000000000000e+02
2.430000000000000000e+02
2.660000000000000000e+02
2.760000000000000000e+02
2.870000000000000000e+02
3.080000000000000000e+02
3.210000000000000000e+02
3.420000000000000000e+02
3.600000000000000000e+02
3.840000000000000000e+02
4.010000000000000000e+02
4.220000000000000000e+02
4.440000000000000000e+02
4.610000000000000000e+02
4.760000000000000000e+02
4.990000000000000000e+02
5.310000000000000000e+02
5.450000000000000000e+02
5.730000000000000000e+02
5.980000000000000000e+02
6.120000000000000000e+02
6.460000000000000000e+02
6.840000000000000000e+02
7.270000000000000000e+02
7.690000000000000000e+02
8.080000000000000000e+02
8.400000000000000000e+02
8.620000000000000000e+02
8.800000000000000000e+02
9.120000000000000000e+02
9.650000000000000000e+02
1.016000000000000000e+03
1.064000000000000000e+03
1.074000000000000000e+03
1.090000000000000000e+03
1.123000000000000000e+03
1.206000000000000000e+03
1.322000000000000000e+03
1.390000000000000000e+03
1.545000000000000000e+03
1.548000000000000000e+03
1.587000000000000000e+03
1.623000000000000000e+03
1.664000000000000000e+03
1.688000000000000000e+03
1.716000000000000000e+03
1.723000000000000000e+03
1.730000000000000000e+03
1.784000000000000000e+03
1.817000000000000000e+03
1.880000000000000000e+03
1.941000000000000000e+03
2.008000000000000000e+03
2.027000000000000000e+03
2.074000000000000000e+03
2.171000000000000000e+03
2.217000000000000000e+03
2.263000000000000000e+03
2.370000000000000000e+03
2.457000000000000000e+03
2.475000000000000000e+03
2.508000000000000000e+03
2.582000000000000000e+03
2.676000000000000000e+03
2.722000000000000000e+03
2.802000000000000000e+03
2.892000000000000000e+03
2.898000000000000000e+03
2.915000000000000000e+03
3.000000000000000000e+03
3.037000000000000000e+03
3.166000000000000000e+03
3.229000000000000000e+03
3.308000000000000000e+03
3.311000000000000000e+03
3.319000000000000000e+03
3.517000000000000000e+03
3.663000000000000000e+03
3.841000000000000000e+03
3.927000000000000000e+03
4.033000000000000000e+03
4.081000000000000000e+03
4.106000000000000000e+03
4.205000000000000000e+03
4.521000000000000000e+03
4.643000000000000000e+03
5.031000000000000000e+03
5.252000000000000000e+03
5.306000000000000000e+03
5.355000000000000000e+03
5.585000000000000000e+03
5.766000000000000000e+03
5.971000000000000000e+03
6.173000000000000000e+03
6.319000000000000000e+03
6.396000000000000000e+03
6.420000000000000000e+03
6.684000000000000000e+03
6.964000000000000000e+03
7.154000000000000000e+03
7.374000000000000000e+03
7.622000000000000000e+03
7.718000000000000000e+03
7.772000000000000000e+03
7.980000000000000000e+03
8.154000000000000000e+03
8.479000000000000000e+03
8.479000000000000000e+03
9.114000000000000000e+03
9.161000000000000000e+03
9.186000000000000000e+03
9.442000000000000000e+03
9.699000000000000000e+03
9.931000000000000000e+03
1.008700000000000000e+04
1.028200000000000000e+04
1.028200000000000000e+04
1.033800000000000000e+04
1.049700000000000000e+04
1.060100000000000000e+04
1.075000000000000000e+04
1.104400000000000000e+04
1.123100000000000000e+04
1.125300000000000000e+04
1.131300000000000000e+04
1.148300000000000000e+04
1.161500000000000000e+04
1.176000000000000000e+04
1.193500000000000000e+04
1.204600000000000000e+04
1.213200000000000000e+04
1.215700000000000000e+04
1.218900000000000000e+04
1.229700000000000000e+04
1.247400000000000000e+04
1.261900000000000000e+04
1.275000000000000000e+04
1.275800000000000000e+04
1.276700000000000000e+04
1.293000000000000000e+04
1.305700000000000000e+04
1.324100000000000000e+04
1.339100000000000000e+04
1.351000000000000000e+04
1.355800000000000000e+04
1.358000000000000000e+04
1.372700000000000000e+04
1.374800000000000000e+04
1.386700000000000000e+04
1.401300000000000000e+04
1.413200000000000000e+04
1.416000000000000000e+04
1.417600000000000000e+04
1.433900000000000000e+04
1.448900000000000000e+04
1.463400000000000000e+04
1.463400000000000000e+04
1.493900000000000000e+04
1.498400000000000000e+04
1.501400000000000000e+04
1.517900000000000000e+04
1.531000000000000000e+04
1.544800000000000000e+04
1.556300000000000000e+04
1.571300000000000000e+04
1.581800000000000000e+04
1.584700000000000000e+04
1.597500000000000000e+04
1.613900000000000000e+04
1.648900000000000000e+04
1.667800000000000000e+04
1.687500000000000000e+04
1.691200000000000000e+04
1.694300000000000000e+04
1.715300000000000000e+04
1.741400000000000000e+04
1.759800000000000000e+04
1.783300000000000000e+04
1.810200000000000000e+04
1.823200000000000000e+04
1.835400000000000000e+04
1.865000000000000000e+04
1.894300000000000000e+04
1.915900000000000000e+04
1.969500000000000000e+04
1.987700000000000000e+04
2.004500000000000000e+04
2.053000000000000000e+04
2.103700000000000000e+04
2.154400000000000000e+04
2.194700000000000000e+04
2.270900000000000000e+04
2.343600000000000000e+04
2.380500000000000000e+04
2.440800000000000000e+04
2.528300000000000000e+04
2.579900000000000000e+04
2.671400000000000000e+04
2.758700000000000000e+04
2.826900000000000000e+04
2.880500000000000000e+04
2.937500000000000000e+04
3.031700000000000000e+04
3.153600000000000000e+04
3.248000000000000000e+04
3.332700000000000000e+04
3.438800000000000000e+04
3.575200000000000000e+04
3.652400000000000000e+04
3.822600000000000000e+04
4.010200000000000000e+04
4.262000000000000000e+04
4.487500000000000000e+04
4.674000000000000000e+04
4.777900000000000000e+04
4.859400000000000000e+04
5.056500000000000000e+04
5.300000000000000000e+04
5.520600000000000000e+04
5.714100000000000000e+04
5.967700000000000000e+04
6.067300000000000000e+04
6.224600000000000000e+04
6.561600000000000000e+04
6.902800000000000000e+04
7.207800000000000000e+04
7.523200000000000000e+04
7.952200000000000000e+04
8.175700000000000000e+04
8.372000000000000000e+04
8.557800000000000000e+04
8.793500000000000000e+04
9.051000000000000000e+04
9.372800000000000000e+04
9.662200000000000000e+04
9.802600000000000000e+04
9.975800000000000000e+04
1.026660000000000000e+05
1.050900000000000000e+05
1.064650000000000000e+05
1.076800000000000000e+05
1.088660000000000000e+05
1.097420000000000000e+05
1.110080000000000000e+05
1.124830000000000000e+05
1.154020000000000000e+05
1.183350000000000000e+05
1.195270000000000000e+05
1.203430000000000000e+05
1.214670000000000000e+05
1.224110000000000000e+05
1.246240000000000000e+05
1.267660000000000000e+05
1.287890000000000000e+05
1.301910000000000000e+05
1.340220000000000000e+05
1.345640000000000000e+05
1.352590000000000000e+05
1.378420000000000000e+05
1.405480000000000000e+05
1.436420000000000000e+05
1.503700000000000000e+05
1.560300000000000000e+05
1.563260000000000000e+05
1.567220000000000000e+05
1.642550000000000000e+05
1.704980000000000000e+05
1.750980000000000000e+05
1.773540000000000000e+05
1.786020000000000000e+05
1.788880000000000000e+05
1.790680000000000000e+05
1.801270000000000000e+05
1.809950000000000000e+05
1.816220000000000000e+05
1.829250000000000000e+05
1.842490000000000000e+05
1.856030000000000000e+05
1.870520000000000000e+05
1.889720000000000000e+05
1.904840000000000000e+05
1.915520000000000000e+05
1.923320000000000000e+05
1.930300000000000000e+05
1.931910000000000000e+05
1.932510000000000000e+05
1.940550000000000000e+05
1.945140000000000000e+05
1.952110000000000000e+05
1.956820000000000000e+05
1.962040000000000000e+05
1.965930000000000000e+05
1.969200000000000000e+05
1.975760000000000000e+05
1.983240000000000000e+05
1.988880000000000000e+05
1.996320000000000000e+05
1.999780000000000000e+05
2.001380000000000000e+05
2.002520000000000000e+05
2.010290000000000000e+05
2.015000000000000000e+05
2.020050000000000000e+05
2.026940000000000000e+05
2.034940000000000000e+05
2.051370000000000000e+05
2.055450000000000000e+05
2.066300000000000000e+05
2.084110000000000000e+05
2.090000000000000000e+05
2.106380000000000000e+05
2.119180000000000000e+05
2.125020000000000000e+05
2.128870000000000000e+05
2.141150000000000000e+05
2.175180000000000000e+05
2.200490000000000000e+05
2.217830000000000000e+05
2.234800000000000000e+05
2.245980000000000000e+05
2.251820000000000000e+05
2.270590000000000000e+05
2.288160000000000000e+05
2.304570000000000000e+05
2.320410000000000000e+05
2.335960000000000000e+05
2.342370000000000000e+05
2.347710000000000000e+05
2.370310000000000000e+05
2.396020000000000000e+05
2.423110000000000000e+05
2.444720000000000000e+05
2.474510000000000000e+05
2.489040000000000000e+05
2.493610000000000000e+05
2.524730000000000000e+05
2.556920000000000000e+05
2.595610000000000000e+05
2.620950000000000000e+05
2.660910000000000000e+05
2.695750000000000000e+05
2.704330000000000000e+05
2.734290000000000000e+05
2.734290000000000000e+05
2.786650000000000000e+05
2.819790000000000000e+05
2.848690000000000000e+05
2.857990000000000000e+05
2.862580000000000000e+05
2.893560000000000000e+05
2.933510000000000000e+05
2.969980000000000000e+05
3.003910000000000000e+05
3.040330000000000000e+05
3.052370000000000000e+05
3.066780000000000000e+05
3.109220000000000000e+05
3.142730000000000000e+05
3.182080000000000000e+05
3.182080000000000000e+05
3.238770000000000000e+05
3.243860000000000000e+05
3.249430000000000000e+05
3.290430000000000000e+05
3.324180000000000000e+05
3.354310000000000000e+05
3.383120000000000000e+05
3.395340000000000000e+05
3.398890000000000000e+05
3.404420000000000000e+05
3.411680000000000000e+05
3.422260000000000000e+05
3.448950000000000000e+05
3.454890000000000000e+05
3.478700000000000000e+05
3.481850000000000000e+05
3.483920000000000000e+05
3.513970000000000000e+05
3.536190000000000000e+05
3.571490000000000000e+05
3.600020000000000000e+05
3.619930000000000000e+05
3.623270000000000000e+05
3.624750000000000000e+05
3.646820000000000000e+05
3.674640000000000000e+05
3.697810000000000000e+05
3.715550000000000000e+05
3.729680000000000000e+05
3.732020000000000000e+05
3.733850000000000000e+05
3.737030000000000000e+05
3.761260000000000000e+05
3.773180000000000000e+05
3.791560000000000000e+05
3.802540000000000000e+05
3.803590000000000000e+05
3.805370000000000000e+05
3.821830000000000000e+05
3.837650000000000000e+05
3.847770000000000000e+05
3.852710000000000000e+05
3.859310000000000000e+05
3.860680000000000000e+05
3.860990000000000000e+05
3.866930000000000000e+05
3.874160000000000000e+05
3.879150000000000000e+05
3.885850000000000000e+05
3.893680000000000000e+05
3.894020000000000000e+05
3.894950000000000000e+05
3.903880000000000000e+05
3.909710000000000000e+05
3.920350000000000000e+05
3.924520000000000000e+05
3.927720000000000000e+05
3.928090000000000000e+05
3.928160000000000000e+05
3.931860000000000000e+05
3.936360000000000000e+05
3.938700000000000000e+05
3.939480000000000000e+05
3.940910000000000000e+05
3.941060000000000000e+05
3.941250000000000000e+05
3.942420000000000000e+05
3.944690000000000000e+05
3.946570000000000000e+05
3.949300000000000000e+05
3.952820000000000000e+05
3.952890000000000000e+05
3.952890000000000000e+05
3.956090000000000000e+05
3.959150000000000000e+05
3.960610000000000000e+05
3.962190000000000000e+05
3.963090000000000000e+05
3.963150000000000000e+05
3.963160000000000000e+05
3.965280000000000000e+05
3.966420000000000000e+05
3.970030000000000000e+05
3.970760000000000000e+05
3.971600000000000000e+05
3.971700000000000000e+05
3.971740000000000000e+05
3.973630000000000000e+05
3.976480000000000000e+05
3.978310000000000000e+05
3.979000000000000000e+05
3.981320000000000000e+05
3.981450000000000000e+05
3.981510000000000000e+05
3.982240000000000000e+05
3.983350000000000000e+05
3.983880000000000000e+05
3.984360000000000000e+05
3.985360000000000000e+05
3.985450000000000000e+05
3.985540000000000000e+05
3.986170000000000000e+05
3.986690000000000000e+05
3.987210000000000000e+05
0.000000000000000000e+00
0.000000000000000000e+00
0.000000000000000000e+00
0.000000000000000000e+00
0.000000000000000000e+00
0.000000000000000000e+00
0.000000000000000000e+00
0.000000000000000000e+00
0.000000000000000000e+00
0.000000000000000000e+00
0.000000000000000000e+00
0.000000000000000000e+00
0.000000000000000000e+00
0.000000000000000000e+00
0.000000000000000000e+00
0.000000000000000000e+00
0.000000000000000000e+00
0.000000000000000000e+00
0.000000000000000000e+00
0.000000000000000000e+00
0.000000000000000000e+00
0.000000000000000000e+00
0.000000000000000000e+00
0.000000000000000000e+00
0.000000000000000000e+00
0.000000000000000000e+00
0.000000000000000000e+00
0.000000000000000000e+00
0.000000000000000000e+00
0.000000000000000000e+00
0.000000000000000000e+00
0.000000000000000000e+00
0.000000000000000000e+00
0.000000000000000000e+00
0.000000000000000000e+00
0.000000000000000000e+00
0.000000000000000000e+00
0.000000000000000000e+00
0.000000000000000000e+00
0.000000000000000000e+00
0.000000000000000000e+00
0.000000000000000000e+00
0.000000000000000000e+00
0.000000000000000000e+00
0.000000000000000000e+00
0.000000000000000000e+00
0.000000000000000000e+00
0.000000000000000000e+00
0.000000000000000000e+00
0.000000000000000000e+00
0.000000000000000000e+00
0.000000000000000000e+00
0.000000000000000000e+00
0.000000000000000000e+00
0.000000000000000000e+00
0.000000000000000000e+00
0.000000000000000000e+00
0.000000000000000000e+00
0.000000000000000000e+00
0.000000000000000000e+00
0.000000000000000000e+00
0.000000000000000000e+00
0.000000000000000000e+00
0.000000000000000000e+00
0.000000000000000000e+00
0.000000000000000000e+00
0.000000000000000000e+00
0.000000000000000000e+00
0.000000000000000000e+00
0.000000000000000000e+00
0.000000000000000000e+00
0.000000000000000000e+00
0.000000000000000000e+00
0.000000000000000000e+00
0.000000000000000000e+00
0.000000000000000000e+00
0.000000000000000000e+00
0.000000000000000000e+00
0.000000000000000000e+00
0.000000000000000000e+00
0.000000000000000000e+00
0.000000000000000000e+00
0.000000000000000000e+00
0.000000000000000000e+00
0.000000000000000000e+00
0.000000000000000000e+00
0.000000000000000000e+00
0.000000000000000000e+00
0.000000000000000000e+00
0.000000000000000000e+00
0.000000000000000000e+00
0.000000000000000000e+00
0.000000000000000000e+00
0.000000000000000000e+00
0.000000000000000000e+00
0.000000000000000000e+00
0.000000000000000000e+00
0.000000000000000000e+00
0.000000000000000000e+00
0.000000000000000000e+00
0.000000000000000000e+00
0.000000000000000000e+00
0.000000000000000000e+00
0.000000000000000000e+00
0.000000000000000000e+00
0.000000000000000000e+00
0.000000000000000000e+00
0.000000000000000000e+00
0.000000000000000000e+00
0.000000000000000000e+00
0.000000000000000000e+00
0.000000000000000000e+00
0.000000000000000000e+00
0.000000000000000000e+00
0.000000000000000000e+00
