0.000000000000000000e+00
0.000000000000000000e+00
0.000000000000000000e+00
0.000000000000000000e+00
0.000000000000000000e+00
0.000000000000000000e+00
0.000000000000000000e+00
0.000000000000000000e+00
0.000000000000000000e+00
0.000000000000000000e+00
0.000000000000000000e+00
0.000000000000000000e+00
0.000000000000000000e+00
0.000000000000000000e+00
0.000000000000000000e+00
0.000000000000000000e+00
0.000000000000000000e+00
0.000000000000000000e+00
0.000000000000000000e+00
0.000000000000000000e+00
0.000000000000000000e+00
0.000000000000000000e+00
0.000000000000000000e+00
0.000000000000000000e+00
0.000000000000000000e+00
0.000000000000000000e+00
0.000000000000000000e+00
0.000000000000000000e+00
0.000000000000000000e+00
0.000000000000000000e+00
0.000000000000000000e+00
0.000000000000000000e+00
0.000000000000000000e+00
0.000000000000000000e+00
0.000000000000000000e+00
0.000000000000000000e+00
0.000000000000000000e+00
0.000000000000000000e+00
0.000000000000000000e+00
0.000000000000000000e+00
0.000000000000000000e+00
0.000000000000000000e+00
0.000000000000000000e+00
0.000000000000000000e+00
0.000000000000000000e+00
0.000000000000000000e+00
4.000000000000000000e+00
0.000000000000000000e+00
0.000000000000000000e+00
3.000000000000000000e+00
0.000000000000000000e+00
1.600000000000000000e+01
1.800000000000000000e+01
1.000000000000000000e+01
1.000000000000000000e+00
1.500000000000000000e+01
2.500000000000000000e+01
2.000000000000000000e+00
3.300000000000000000e+01
3.600000000000000000e+01
2.400000000000000000e+01
1.400000000000000000e+01
1.700000000000000000e+01
2.400000000000000000e+01
2.200000000000000000e+01
2.900000000000000000e+01
3.800000000000000000e+01
1.500000000000000000e+01
1.300000000000000000e+01
4.000000000000000000e+01
2.300000000000000000e+01
3.500000000000000000e+01
2.800000000000000000e+01
1.800000000000000000e+01
2.800000000000000000e+01
1.800000000000000000e+01
2.800000000000000000e+01
1.600000000000000000e+01
2.500000000000000000e+01
1.700000000000000000e+01
2.600000000000000000e+01
1.400000000000000000e+01
1.000000000000000000e+01
2.800000000000000000e+01
3.400000000000000000e+01
5.300000000000000000e+01
4.600000000000000000e+01
3.200000000000000000e+01
1.600000000000000000e+01
3.500000000000000000e+01
4.600000000000000000e+01
4.900000000000000000e+01
7.300000000000000000e+01
1.370000000000000000e+02
1.300000000000000000e+01
5.300000000000000000e+01
6.300000000000000000e+01
3.600000000000000000e+01
4.800000000000000000e+01
5.900000000000000000e+01
4.900000000000000000e+01
3.900000000000000000e+01
2.400000000000000000e+01
3.400000000000000000e+01
5.200000000000000000e+01
7.400000000000000000e+01
5.100000000000000000e+01
4.300000000000000000e+01
4.900000000000000000e+01
4.400000000000000000e+01
2.500000000000000000e+01
3.300000000000000000e+01
4.600000000000000000e+01
3.100000000000000000e+01
3.800000000000000000e+01
3.700000000000000000e+01
3.600000000000000000e+01
2.400000000000000000e+01
2.400000000000000000e+01
3.300000000000000000e+01
3.900000000000000000e+01
4.100000000000000000e+01
3.600000000000000000e+01
1.900000000000000000e+01
6.000000000000000000e+00
1.000000000000000000e+01
1.700000000000000000e+01
1.700000000000000000e+01
8.000000000000000000e+00
1.400000000000000000e+01
1.400000000000000000e+01
6.000000000000000000e+00
1.900000000000000000e+01
2.200000000000000000e+01
2.500000000000000000e+01
4.200000000000000000e+01
8.400000000000000000e+01
1.600000000000000000e+01
8.300000000000000000e+01
7.900000000000000000e+01
1.040000000000000000e+02
9.300000000000000000e+01
1.050000000000000000e+02
7.500000000000000000e+01
2.400000000000000000e+01
5.100000000000000000e+01
1.120000000000000000e+02
8.900000000000000000e+01
1.320000000000000000e+02
8.100000000000000000e+01
1.170000000000000000e+02
3.300000000000000000e+01
7.900000000000000000e+01
1.300000000000000000e+02
1.280000000000000000e+02
1.660000000000000000e+02
1.050000000000000000e+02
1.120000000000000000e+02
6.600000000000000000e+01
1.400000000000000000e+02
1.580000000000000000e+02
1.650000000000000000e+02
1.610000000000000000e+02
1.820000000000000000e+02
1.800000000000000000e+02
6.300000000000000000e+01
1.740000000000000000e+02
1.880000000000000000e+02
2.400000000000000000e+02
3.300000000000000000e+02
2.920000000000000000e+02
2.110000000000000000e+02
7.700000000000000000e+01
1.590000000000000000e+02
2.340000000000000000e+02
2.320000000000000000e+02
2.670000000000000000e+02
2.980000000000000000e+02
1.960000000000000000e+02
9.500000000000000000e+01
1.960000000000000000e+02
3.250000000000000000e+02
3.300000000000000000e+02
2.690000000000000000e+02
2.700000000000000000e+02
1.890000000000000000e+02
1.150000000000000000e+02
1.940000000000000000e+02
2.500000000000000000e+02
2.840000000000000000e+02
2.650000000000000000e+02
2.700000000000000000e+02
1.460000000000000000e+02
1.190000000000000000e+02
2.040000000000000000e+02
2.550000000000000000e+02
3.030000000000000000e+02
2.970000000000000000e+02
1.950000000000000000e+02
1.340000000000000000e+02
5.300000000000000000e+01
1.160000000000000000e+02
2.100000000000000000e+02
1.710000000000000000e+02
0.000000000000000000e+00
3.500000000000000000e+02
9.000000000000000000e+01
3.200000000000000000e+01
1.350000000000000000e+02
1.690000000000000000e+02
1.510000000000000000e+02
1.420000000000000000e+02
1.690000000000000000e+02
0.000000000000000000e+00
1.560000000000000000e+02
9.900000000000000000e+01
2.030000000000000000e+02
1.620000000000000000e+02
1.570000000000000000e+02
1.570000000000000000e+02
9.900000000000000000e+01
2.600000000000000000e+01
7.600000000000000000e+01
1.880000000000000000e+02
1.630000000000000000e+02
1.580000000000000000e+02
1.790000000000000000e+02
9.600000000000000000e+01
3.900000000000000000e+01
5.700000000000000000e+01
1.670000000000000000e+02
1.220000000000000000e+02
1.630000000000000000e+02
2.010000000000000000e+02
9.200000000000000000e+01
2.700000000000000000e+01
1.430000000000000000e+02
1.550000000000000000e+02
1.740000000000000000e+02
1.540000000000000000e+02
1.890000000000000000e+02
8.600000000000000000e+01
4.400000000000000000e+01
1.510000000000000000e+02
1.090000000000000000e+02
1.600000000000000000e+02
2.900000000000000000e+02
2.550000000000000000e+02
1.690000000000000000e+02
5.800000000000000000e+01
2.160000000000000000e+02
2.760000000000000000e+02
2.860000000000000000e+02
0.000000000000000000e+00
5.030000000000000000e+02
1.820000000000000000e+02
6.900000000000000000e+01
2.830000000000000000e+02
4.360000000000000000e+02
4.370000000000000000e+02
5.160000000000000000e+02
6.120000000000000000e+02
4.480000000000000000e+02
8.300000000000000000e+01
5.870000000000000000e+02
7.850000000000000000e+02
8.190000000000000000e+02
9.140000000000000000e+02
9.980000000000000000e+02
6.030000000000000000e+02
3.950000000000000000e+02
1.024000000000000000e+03
1.336000000000000000e+03
1.472000000000000000e+03
1.595000000000000000e+03
1.589000000000000000e+03
1.043000000000000000e+03
3.270000000000000000e+02
2.243000000000000000e+03
2.569000000000000000e+03
2.760000000000000000e+03
2.689000000000000000e+03
2.891000000000000000e+03
1.803000000000000000e+03
1.225000000000000000e+03
2.427000000000000000e+03
4.041000000000000000e+03
4.054000000000000000e+03
3.754000000000000000e+03
3.839000000000000000e+03
2.301000000000000000e+03
6.750000000000000000e+02
3.816000000000000000e+03
4.390000000000000000e+03
3.945000000000000000e+03
3.414000000000000000e+03
4.212000000000000000e+03
2.498000000000000000e+03
8.160000000000000000e+02
3.519000000000000000e+03
4.828000000000000000e+03
3.938000000000000000e+03
3.899000000000000000e+03
3.983000000000000000e+03
2.279000000000000000e+03
1.123000000000000000e+03
3.146000000000000000e+03
4.382000000000000000e+03
3.712000000000000000e+03
3.568000000000000000e+03
3.327000000000000000e+03
1.792000000000000000e+03
7.390000000000000000e+02
2.814000000000000000e+03
3.475000000000000000e+03
3.138000000000000000e+03
3.280000000000000000e+03
3.614000000000000000e+03
2.037000000000000000e+03
5.770000000000000000e+02
2.764000000000000000e+03
3.980000000000000000e+03
3.328000000000000000e+03
3.075000000000000000e+03
3.097000000000000000e+03
1.287000000000000000e+03
4.970000000000000000e+02
2.095000000000000000e+03
2.743000000000000000e+03
1.959000000000000000e+03
2.042000000000000000e+03
1.739000000000000000e+03
1.002000000000000000e+03
1.660000000000000000e+02
1.277000000000000000e+03
1.799000000000000000e+03
1.615000000000000000e+03
7.720000000000000000e+02
2.570000000000000000e+02
4.690000000000000000e+02
3.320000000000000000e+02
3.370000000000000000e+02
1.438000000000000000e+03
1.729000000000000000e+03
1.046000000000000000e+03
2.740000000000000000e+02
3.400000000000000000e+02
1.710000000000000000e+02
1.029000000000000000e+03
1.310000000000000000e+03
1.002000000000000000e+03
8.670000000000000000e+02
7.530000000000000000e+02
3.940000000000000000e+02
1.050000000000000000e+02
6.200000000000000000e+02
7.500000000000000000e+02
5.350000000000000000e+02
5.350000000000000000e+02
5.520000000000000000e+02
2.330000000000000000e+02
7.700000000000000000e+01
5.700000000000000000e+02
5.440000000000000000e+02
4.820000000000000000e+02
4.550000000000000000e+02
5.660000000000000000e+02
2.660000000000000000e+02
1.210000000000000000e+02
7.720000000000000000e+02
8.270000000000000000e+02
5.980000000000000000e+02
5.600000000000000000e+02
6.950000000000000000e+02
3.490000000000000000e+02
1.300000000000000000e+02
8.320000000000000000e+02
9.670000000000000000e+02
7.190000000000000000e+02
8.830000000000000000e+02
9.100000000000000000e+02
4.930000000000000000e+02
1.820000000000000000e+02
1.115000000000000000e+03
1.212000000000000000e+03
9.130000000000000000e+02
1.070000000000000000e+03
9.660000000000000000e+02
5.060000000000000000e+02
1.630000000000000000e+02
1.068000000000000000e+03
1.349000000000000000e+03
1.246000000000000000e+03
1.086000000000000000e+03
1.463000000000000000e+03
5.480000000000000000e+02
2.270000000000000000e+02
1.925000000000000000e+03
1.800000000000000000e+03
1.733000000000000000e+03
1.822000000000000000e+03
1.681000000000000000e+03
1.079000000000000000e+03
3.320000000000000000e+02
2.588000000000000000e+03
2.403000000000000000e+03
1.154000000000000000e+03
2.198000000000000000e+03
3.004000000000000000e+03
1.426000000000000000e+03
4.970000000000000000e+02
2.995000000000000000e+03
3.502000000000000000e+03
2.774000000000000000e+03
3.121000000000000000e+03
3.159000000000000000e+03
2.019000000000000000e+03
6.790000000000000000e+02
4.637000000000000000e+03
4.374000000000000000e+03
4.201000000000000000e+03
4.008000000000000000e+03
4.162000000000000000e+03
2.541000000000000000e+03
9.430000000000000000e+02
4.467000000000000000e+03
4.851000000000000000e+03
4.375000000000000000e+03
3.988000000000000000e+03
4.129000000000000000e+03
2.537000000000000000e+03
9.830000000000000000e+02
4.497000000000000000e+03
5.176000000000000000e+03
4.207000000000000000e+03
3.694000000000000000e+03
4.013000000000000000e+03
1.919000000000000000e+03
7.400000000000000000e+02
3.860000000000000000e+03
0.000000000000000000e+00
7.560000000000000000e+03
2.957000000000000000e+03
2.803000000000000000e+03
1.352000000000000000e+03
4.620000000000000000e+02
3.122000000000000000e+03
2.944000000000000000e+03
2.517000000000000000e+03
2.185000000000000000e+03
2.126000000000000000e+03
1.076000000000000000e+03
4.180000000000000000e+02
2.434000000000000000e+03
2.096000000000000000e+03
2.002000000000000000e+03
0.000000000000000000e+00
3.389000000000000000e+03
7.980000000000000000e+02
4.000000000000000000e+02
1.759000000000000000e+03
1.850000000000000000e+03
1.382000000000000000e+03
1.237000000000000000e+03
6.520000000000000000e+02
4.660000000000000000e+02
3.480000000000000000e+02
6.310000000000000000e+02
3.670000000000000000e+02
1.635000000000000000e+03
5.450000000000000000e+02
1.123000000000000000e+03
4.660000000000000000e+02
2.410000000000000000e+02
1.078000000000000000e+03
8.770000000000000000e+02
6.570000000000000000e+02
5.060000000000000000e+02
5.180000000000000000e+02
2.030000000000000000e+02
1.510000000000000000e+02
6.770000000000000000e+02
4.570000000000000000e+02
3.610000000000000000e+02
3.680000000000000000e+02
3.620000000000000000e+02
1.480000000000000000e+02
8.100000000000000000e+01
8.100000000000000000e+01
4.060000000000000000e+02
3.930000000000000000e+02
2.930000000000000000e+02
2.870000000000000000e+02
1.150000000000000000e+02
5.300000000000000000e+01
3.030000000000000000e+02
2.360000000000000000e+02
1.970000000000000000e+02
1.700000000000000000e+02
1.570000000000000000e+02
8.900000000000000000e+01
4.700000000000000000e+01
2.080000000000000000e+02
1.780000000000000000e+02
1.310000000000000000e+02
1.000000000000000000e+02
1.230000000000000000e+02
8.100000000000000000e+01
4.200000000000000000e+01
1.570000000000000000e+02
1.610000000000000000e+02
9.500000000000000000e+01
1.100000000000000000e+02
1.050000000000000000e+02
4.100000000000000000e+01
2.700000000000000000e+01
1.200000000000000000e+02
9.400000000000000000e+01
9.300000000000000000e+01
6.200000000000000000e+01
8.600000000000000000e+01
2.800000000000000000e+01
1.600000000000000000e+01
1.150000000000000000e+02
1.050000000000000000e+02
7.800000000000000000e+01
7.300000000000000000e+01
8.100000000000000000e+01
5.100000000000000000e+01
0.000000000000000000e+00
1.170000000000000000e+02
8.700000000000000000e+01
6.000000000000000000e+01
5.500000000000000000e+01
6.100000000000000000e+01
3.200000000000000000e+01
1.600000000000000000e+01
8.300000000000000000e+01
7.400000000000000000e+01
8.400000000000000000e+01
9.400000000000000000e+01
7.600000000000000000e+01
5.700000000000000000e+01
3.500000000000000000e+01
1.130000000000000000e+02
1.450000000000000000e+02
9.600000000000000000e+01
1.210000000000000000e+02
1.350000000000000000e+02
5.400000000000000000e+01
5.700000000000000000e+01
1.930000000000000000e+02
2.000000000000000000e+02
2.160000000000000000e+02
2.310000000000000000e+02
3.460000000000000000e+02
1.820000000000000000e+02
9.400000000000000000e+01
3.930000000000000000e+02
4.620000000000000000e+02
4.290000000000000000e+02
5.000000000000000000e+02
5.490000000000000000e+02
3.920000000000000000e+02
1.760000000000000000e+02
7.740000000000000000e+02
8.050000000000000000e+02
7.820000000000000000e+02
8.820000000000000000e+02
1.047000000000000000e+03
6.230000000000000000e+02
2.720000000000000000e+02
1.301000000000000000e+03
1.405000000000000000e+03
1.387000000000000000e+03
1.371000000000000000e+03
1.368000000000000000e+03
8.450000000000000000e+02
3.840000000000000000e+02
1.891000000000000000e+03
1.911000000000000000e+03
1.601000000000000000e+03
1.733000000000000000e+03
1.713000000000000000e+03
1.004000000000000000e+03
4.510000000000000000e+02
2.090000000000000000e+03
2.053000000000000000e+03
1.745000000000000000e+03
1.564000000000000000e+03
1.640000000000000000e+03
8.540000000000000000e+02
4.880000000000000000e+02
6.770000000000000000e+02
2.005000000000000000e+03
1.956000000000000000e+03
1.629000000000000000e+03
1.626000000000000000e+03
9.090000000000000000e+02
4.370000000000000000e+02
1.998000000000000000e+03
2.029000000000000000e+03
1.862000000000000000e+03
1.724000000000000000e+03
1.892000000000000000e+03
9.510000000000000000e+02
4.580000000000000000e+02
2.360000000000000000e+03
2.192000000000000000e+03
8.500000000000000000e+02
1.835000000000000000e+03
1.904000000000000000e+03
1.038000000000000000e+03
4.960000000000000000e+02
2.536000000000000000e+03
2.573000000000000000e+03
2.142000000000000000e+03
2.050000000000000000e+03
2.091000000000000000e+03
1.228000000000000000e+03
5.130000000000000000e+02
2.806000000000000000e+03
2.866000000000000000e+03
2.542000000000000000e+03
2.302000000000000000e+03
2.485000000000000000e+03
1.246000000000000000e+03
6.210000000000000000e+02
3.471000000000000000e+03
3.469000000000000000e+03
3.327000000000000000e+03
3.183000000000000000e+03
3.440000000000000000e+03
1.867000000000000000e+03
1.000000000000000000e+03
4.979000000000000000e+03
4.957000000000000000e+03
4.522000000000000000e+03
4.816000000000000000e+03
4.826000000000000000e+03
3.354000000000000000e+03
1.370000000000000000e+03
5.863000000000000000e+03
6.816000000000000000e+03
5.643000000000000000e+03
5.178000000000000000e+03
5.256000000000000000e+03
2.836000000000000000e+03
1.457000000000000000e+03
6.007000000000000000e+03
5.863000000000000000e+03
4.922000000000000000e+03
4.662000000000000000e+03
4.734000000000000000e+03
2.826000000000000000e+03
1.256000000000000000e+03
5.286000000000000000e+03
4.955000000000000000e+03
3.853000000000000000e+03
3.207000000000000000e+03
3.146000000000000000e+03
1.610000000000000000e+03
8.280000000000000000e+02
3.223000000000000000e+03
3.869000000000000000e+03
2.839000000000000000e+03
2.785000000000000000e+03
2.737000000000000000e+03
1.455000000000000000e+03
7.330000000000000000e+02
3.462000000000000000e+03
3.233000000000000000e+03
2.569000000000000000e+03
2.370000000000000000e+03
2.488000000000000000e+03
1.218000000000000000e+03
7.280000000000000000e+02
3.020000000000000000e+03
2.681000000000000000e+03
2.105000000000000000e+03
2.018000000000000000e+03
2.289000000000000000e+03
9.850000000000000000e+02
7.060000000000000000e+02
2.426000000000000000e+03
2.299000000000000000e+03
1.652000000000000000e+03
1.827000000000000000e+03
1.719000000000000000e+03
1.073000000000000000e+03
5.320000000000000000e+02
0.000000000000000000e+00
3.963000000000000000e+03
1.725000000000000000e+03
1.443000000000000000e+03
1.614000000000000000e+03
9.040000000000000000e+02
4.560000000000000000e+02
2.001000000000000000e+03
1.883000000000000000e+03
1.463000000000000000e+03
1.966000000000000000e+03
1.033000000000000000e+03
7.430000000000000000e+02
8.380000000000000000e+02
1.278000000000000000e+03
1.235000000000000000e+03
3.449000000000000000e+03
3.616000000000000000e+03
2.810000000000000000e+03
1.076000000000000000e+03
1.356000000000000000e+03
1.918000000000000000e+03
6.252000000000000000e+03
6.766000000000000000e+03
5.525000000000000000e+03
5.524000000000000000e+03
3.176000000000000000e+03
1.716000000000000000e+03
6.761000000000000000e+03
7.062000000000000000e+03
5.703000000000000000e+03
7.034000000000000000e+03
6.863000000000000000e+03
4.389000000000000000e+03
2.379000000000000000e+03
9.996000000000000000e+03
1.118100000000000000e+04
1.016000000000000000e+04
8.932000000000000000e+03
9.874000000000000000e+03
6.630000000000000000e+03
2.847000000000000000e+03
1.104900000000000000e+04
1.239900000000000000e+04
9.916000000000000000e+03
9.874000000000000000e+03
9.871000000000000000e+03
5.875000000000000000e+03
2.602000000000000000e+03
1.015100000000000000e+04
1.114300000000000000e+04
9.152000000000000000e+03
8.142000000000000000e+03
8.116000000000000000e+03
4.737000000000000000e+03
2.181000000000000000e+03
8.012000000000000000e+03
8.140000000000000000e+03
7.263000000000000000e+03
6.278000000000000000e+03
6.531000000000000000e+03
3.625000000000000000e+03
1.539000000000000000e+03
6.130000000000000000e+03
6.589000000000000000e+03
5.023000000000000000e+03
4.626000000000000000e+03
4.616000000000000000e+03
2.605000000000000000e+03
1.235000000000000000e+03
4.845000000000000000e+03
4.667000000000000000e+03
3.411000000000000000e+03
2.854000000000000000e+03
2.903000000000000000e+03
1.468000000000000000e+03
7.240000000000000000e+02
2.759000000000000000e+03
2.641000000000000000e+03
2.274000000000000000e+03
1.104000000000000000e+03
2.125000000000000000e+03
1.388000000000000000e+03
5.150000000000000000e+02
2.462000000000000000e+03
2.180000000000000000e+03
1.920000000000000000e+03
1.693000000000000000e+03
1.635000000000000000e+03
9.600000000000000000e+02
5.230000000000000000e+02
2.433000000000000000e+03
2.393000000000000000e+03
1.949000000000000000e+03
1.720000000000000000e+03
1.601000000000000000e+03
9.190000000000000000e+02
4.720000000000000000e+02
1.960000000000000000e+03
1.943000000000000000e+03
1.552000000000000000e+03
1.424000000000000000e+03
1.333000000000000000e+03
7.040000000000000000e+02
3.620000000000000000e+02
1.442000000000000000e+03
1.698000000000000000e+03
1.176000000000000000e+03
1.143000000000000000e+03
1.033000000000000000e+03
4.970000000000000000e+02
2.260000000000000000e+02
1.180000000000000000e+03
8.390000000000000000e+02
7.260000000000000000e+02
6.830000000000000000e+02
7.150000000000000000e+02
3.210000000000000000e+02
2.650000000000000000e+02
8.710000000000000000e+02
8.860000000000000000e+02
6.470000000000000000e+02
5.500000000000000000e+02
6.090000000000000000e+02
2.540000000000000000e+02
2.220000000000000000e+02
8.950000000000000000e+02
6.690000000000000000e+02
6.090000000000000000e+02
6.310000000000000000e+02
2.870000000000000000e+02
3.540000000000000000e+02
2.370000000000000000e+02
3.770000000000000000e+02
1.140000000000000000e+03
7.410000000000000000e+02
5.880000000000000000e+02
4.910000000000000000e+02
2.630000000000000000e+02
2.420000000000000000e+02
2.280000000000000000e+02
7.200000000000000000e+02
4.350000000000000000e+02
4.390000000000000000e+02
1.560000000000000000e+02
2.010000000000000000e+02
1.510000000000000000e+02
6.240000000000000000e+02
4.220000000000000000e+02
3.590000000000000000e+02
3.320000000000000000e+02
3.130000000000000000e+02
1.530000000000000000e+02
1.260000000000000000e+02
3.620000000000000000e+02
4.570000000000000000e+02
2.750000000000000000e+02
2.620000000000000000e+02
2.390000000000000000e+02
9.200000000000000000e+01
9.600000000000000000e+01
2.930000000000000000e+02
1.000000000000000000e+02
3.160000000000000000e+02
2.360000000000000000e+02
1.680000000000000000e+02
1.330000000000000000e+02
7.300000000000000000e+01
2.530000000000000000e+02
1.820000000000000000e+02
1.890000000000000000e+02
1.820000000000000000e+02
1.890000000000000000e+02
8.000000000000000000e+01
4.900000000000000000e+01
2.920000000000000000e+02
1.680000000000000000e+02
1.600000000000000000e+02
1.130000000000000000e+02
1.880000000000000000e+02
8.200000000000000000e+01
4.200000000000000000e+01
2.460000000000000000e+02
1.670000000000000000e+02
1.520000000000000000e+02
2.400000000000000000e+02
2.080000000000000000e+02
1.210000000000000000e+02
9.200000000000000000e+01
3.810000000000000000e+02
3.100000000000000000e+02
3.360000000000000000e+02
3.200000000000000000e+02
2.540000000000000000e+02
2.400000000000000000e+02
1.230000000000000000e+02
5.950000000000000000e+02
5.490000000000000000e+02
5.320000000000000000e+02
4.720000000000000000e+02
5.380000000000000000e+02
3.140000000000000000e+02
1.830000000000000000e+02
9.420000000000000000e+02
8.660000000000000000e+02
6.430000000000000000e+02
8.420000000000000000e+02
1.005000000000000000e+03
3.610000000000000000e+02
2.560000000000000000e+02
1.308000000000000000e+03
1.139000000000000000e+03
1.021000000000000000e+03
1.107000000000000000e+03
1.113000000000000000e+03
5.520000000000000000e+02
4.170000000000000000e+02
2.292000000000000000e+03
1.862000000000000000e+03
1.644000000000000000e+03
1.640000000000000000e+03
1.777000000000000000e+03
8.220000000000000000e+02
4.890000000000000000e+02
2.987000000000000000e+03
2.191000000000000000e+03
1.944000000000000000e+03
1.770000000000000000e+03
1.702000000000000000e+03
7.220000000000000000e+02
0.000000000000000000e+00
3.089000000000000000e+03
1.951000000000000000e+03
1.701000000000000000e+03
1.496000000000000000e+03
1.566000000000000000e+03
6.630000000000000000e+02
4.110000000000000000e+02
2.318000000000000000e+03
1.636000000000000000e+03
1.429000000000000000e+03
1.274000000000000000e+03
1.024000000000000000e+03
8.180000000000000000e+02
3.550000000000000000e+02
1.864000000000000000e+03
1.350000000000000000e+03
1.189000000000000000e+03
1.087000000000000000e+03
1.141000000000000000e+03
4.200000000000000000e+02
2.900000000000000000e+02
1.750000000000000000e+03
1.150000000000000000e+03
9.680000000000000000e+02
9.030000000000000000e+02
8.510000000000000000e+02
2.990000000000000000e+02
1.890000000000000000e+02
1.403000000000000000e+03
8.600000000000000000e+02
7.770000000000000000e+02
7.470000000000000000e+02
6.720000000000000000e+02
2.260000000000000000e+02
1.780000000000000000e+02
7.240000000000000000e+02
4.610000000000000000e+02
7.470000000000000000e+02
5.500000000000000000e+02
5.630000000000000000e+02
2.570000000000000000e+02
1.650000000000000000e+02
0.000000000000000000e+00
1.506000000000000000e+03
5.440000000000000000e+02
3.770000000000000000e+02
7.040000000000000000e+02
1.980000000000000000e+02
1.400000000000000000e+02
9.460000000000000000e+02
6.180000000000000000e+02
5.390000000000000000e+02
1.620000000000000000e+02
7.480000000000000000e+02
2.690000000000000000e+02
1.880000000000000000e+02
1.127000000000000000e+03
8.830000000000000000e+02
7.690000000000000000e+02
7.520000000000000000e+02
8.010000000000000000e+02
2.980000000000000000e+02
1.790000000000000000e+02
1.339000000000000000e+03
9.370000000000000000e+02
7.210000000000000000e+02
6.850000000000000000e+02
6.970000000000000000e+02
2.880000000000000000e+02
2.120000000000000000e+02
1.414000000000000000e+03
9.090000000000000000e+02
8.850000000000000000e+02
7.790000000000000000e+02
7.830000000000000000e+02
1.950000000000000000e+02
2.890000000000000000e+02
1.147000000000000000e+03
7.870000000000000000e+02
6.300000000000000000e+02
5.860000000000000000e+02
7.180000000000000000e+02
2.200000000000000000e+02
1.670000000000000000e+02
1.145000000000000000e+03
6.650000000000000000e+02
6.190000000000000000e+02
5.770000000000000000e+02
5.930000000000000000e+02
1.800000000000000000e+02
1.210000000000000000e+02
8.460000000000000000e+02
5.130000000000000000e+02
4.090000000000000000e+02
5.800000000000000000e+02
0.000000000000000000e+00
5.710000000000000000e+02
9.700000000000000000e+01
6.720000000000000000e+02
0.000000000000000000e+00
3.600000000000000000e+02
4.670000000000000000e+02
6.130000000000000000e+02
1.310000000000000000e+02
7.700000000000000000e+01
4.790000000000000000e+02
3.050000000000000000e+02
2.620000000000000000e+02
2.200000000000000000e+02
2.750000000000000000e+02
8.400000000000000000e+01
5.100000000000000000e+01
3.970000000000000000e+02
2.100000000000000000e+02
2.520000000000000000e+02
1.980000000000000000e+02
1.830000000000000000e+02
5.000000000000000000e+01
4.600000000000000000e+01
