5.072475361997667278e+02
2.790105547557105865e+02
1.166589585490318086e+02
1.397625852336856269e+02
-5.418253458120542518e+02
-1.021644074874928720e+03
1.581868966038946382e+02
2.905363867660677215e+02
5.407676814842659496e+01
-1.129092741682803762e+02
-9.060674982679574896e+01
-7.690107258989070260e+02
-1.241608182325454891e+03
-5.056910679657244145e+01
9.682164628099133097e+01
-1.210179450441283961e+02
-2.661549781990157726e+02
-2.192115490835493574e+02
-8.706964816014362896e+02
-1.314674279222781024e+03
-9.394139309159675122e+01
8.355826121262623474e+01
-1.044315953612439216e+02
-2.206495429210881412e+02
-1.463683588230587702e+02
-7.727091820376672331e+02
-1.194293870185882952e+03
4.559387172548201761e+01
2.386062129523853628e+02
6.217724216653505209e+01
-4.663864918027559270e+01
3.078678046857839945e+01
-5.966561470221629406e+02
-1.023468123838073552e+03
2.072941543836884080e+02
3.876088269859139359e+02
1.953251980646950869e+02
6.798984755408832825e+01
1.247857018758792265e+02
-5.247959971065714626e+02
-9.746263570320579674e+02
2.328778125245556794e+02
3.903262265287827404e+02
1.761731474186639730e+02
2.852604293836611760e+01
6.706858313089730927e+01
-5.982815965429730340e+02
-1.061055462986686280e+03
1.365748311837573965e+02
2.873619061850941421e+02
6.979807689745672405e+01
-7.807581376681412166e+01
-3.674393398604149752e+01
-6.965510353497035112e+02
-1.151375340670262631e+03
5.619128982649516502e+01
2.184241075559314140e+02
1.329712206586987122e+01
-1.216899091886816109e+02
-6.756598286782394780e+01
