4.499148970240543713e+04
4.661933391005269368e+04
4.564156756171616144e+04
4.725919130278683588e+04
4.866651332374627964e+04
5.006941612494733272e+04
5.180607510031805577e+04
5.383216579601205740e+04
5.567335796930421930e+04
5.480555044727653149e+04
5.642423020162097964e+04
5.772154660350411723e+04
5.890466499431623379e+04
6.031646680871021817e+04
6.192063339798515517e+04
6.325391518146039743e+04
6.180604673632004415e+04
6.278870076612012053e+04
6.341208406262801145e+04
6.390275400936294318e+04
6.462373910054976295e+04
6.555901819483551662e+04
6.626517850112378073e+04
6.425073151751652040e+04
6.474449814548370341e+04
6.497168348979201255e+04
6.517123586817824253e+04
6.571558757015303127e+04
6.659484380561634316e+04
6.736824885552567139e+04
6.554341467265393294e+04
6.634472600338874327e+04
6.698954211815714370e+04
6.770578598550247261e+04
6.885201157989670173e+04
7.040200595703595900e+04
7.189674263762362534e+04
7.082415678712941008e+04
7.238813966019291547e+04
7.378535445554427861e+04
7.522344568308339512e+04
7.704171377857736661e+04
7.919629300491696631e+04
8.121263151597831165e+04
8.056572788039068109e+04
8.244950731705577346e+04
8.405392798840462638e+04
8.558338043675500376e+04
8.737744595255039167e+04
8.939604922704597993e+04
9.117180483181474847e+04
9.019001583049065084e+04
9.165771501264824474e+04
9.278034934965605498e+04
9.377968372358183842e+04
9.501400500348675996e+04
9.646267896543884126e+04
9.767787807770019572e+04
9.616395770627963066e+04
9.714589065943144669e+04
