7.239315597718158024e+00
7.283372358078731956e+00
7.328325417378348305e+00
7.417275076051217830e+00
7.463761461198161307e+00
7.510713079081649646e+00
7.558051965308876241e+00
7.613224932925753308e+00
7.661011187341474127e+00
7.708561633743237884e+00
7.798870593199782597e+00
7.845387145591772970e+00
7.890967871368427922e+00
7.935485851159128856e+00
7.986365274273918402e+00
8.028391787975809990e+00
8.068753793158643717e+00
8.150515303974179560e+00
8.187227515992759663e+00
8.221880809382325239e+00
8.254512030749493690e+00
8.292736420541732656e+00
8.321554365146919707e+00
8.348388257085703756e+00
8.416550187247061388e+00
8.439847745980701532e+00
8.461529813913889697e+00
8.481887358230933316e+00
8.508778786060572585e+00
8.527430225970297428e+00
8.545466214106408387e+00
8.606371697385270636e+00
8.624092808421197631e+00
8.641978454688008071e+00
8.660377877806515912e+00
8.687163848652955878e+00
8.707531953324053831e+00
8.729031497508303872e+00
8.795028957597070374e+00
8.819311413061926785e+00
8.845031946438071557e+00
8.872312075830796729e+00
8.908770762099667451e+00
8.939330292924402954e+00
8.971254393365521551e+00
9.047619293216030201e+00
9.081924973187231132e+00
9.117048355492553213e+00
9.152853281150168385e+00
9.196726598320532631e+00
9.233390457312482980e+00
9.269945972805997414e+00
9.349348817780116505e+00
9.385023833770469892e+00
9.419820318300013540e+00
9.453622763158689324e+00
9.493886337607049697e+00
9.525447221497236328e+00
9.555562997847962592e+00
9.627383756830228734e+00
