-5.143521784216216995e-04
-1.715102598700373598e-03
-3.110753215437169795e-03
3.237043533756021885e-02
-6.333041744213816632e-03
-8.068066013652827606e-03
-9.817638582010238674e-03
-1.148543158378987142e-02
-1.310955523333296249e-02
-1.458658218917917651e-02
2.116814412409084509e-02
-1.690487734556157112e-02
-1.766178869681487434e-02
-1.810612888660958694e-02
-1.817305256384149983e-02
-1.794242126608520602e-02
-1.736182139049070872e-02
2.059444161409507840e-02
-1.519845413756773164e-02
-1.366650676408407220e-02
-1.188563760852419902e-02
-9.863771448100275979e-03
-7.751719591427567307e-03
-5.563983863274432617e-03
3.366440403016263128e-02
-1.243883858490585793e-03
7.427133582079809525e-04
2.517498915209856643e-03
4.054741994497047808e-03
5.199756910304319593e-03
5.948683970424400308e-03
4.329183170325327790e-02
6.091674036769755690e-03
5.433377671413478285e-03
4.276585374077728277e-03
2.673177418184767735e-03
5.555287269575501577e-04
-1.985849385644492503e-03
3.213862935155199080e-02
-8.106983917736712911e-03
-1.153638889463739180e-02
-1.509205893393397377e-02
-1.863027280736263835e-02
-2.213556092841756709e-02
-2.544560130076852639e-02
8.587419674490623725e-03
-3.102979657319821644e-02
-3.308550432219488358e-02
-3.451514709568253431e-02
-3.518714230887035749e-02
-3.511759352396783690e-02
-3.419494923936228226e-02
4.659379686642110309e-03
-2.963434462592094004e-02
-2.596631970672005907e-02
-2.138729041443649531e-02
-1.589180172838590421e-02
-9.630052991636217641e-03
-2.629441795206644179e-03
4.204811349231788592e-02
