1.824174921784571325e+03
1.899225534611498688e+03
1.837369874228685831e+03
1.861697816463422896e+03
1.747407073743248020e+03
1.035840386380946939e+03
9.006668948331429192e+02
1.801880233887195345e+03
1.876930846715961707e+03
1.815075186333218880e+03
1.839403128568331795e+03
1.725112385850284909e+03
1.013545698487745085e+03
8.783722069385233908e+02
1.779585545992215430e+03
1.854636158820517721e+03
1.792780498437752158e+03
1.817108440672714778e+03
1.702817697953775451e+03
9.912510105915205258e+02
8.560775190430838393e+02
1.757290858097410819e+03
1.832341470925074418e+03
1.770485810542535546e+03
1.794813752778150047e+03
1.680523010058474256e+03
9.689563226958588302e+02
8.337828311484640835e+02
1.734996170199682865e+03
1.810046783029630660e+03
1.748191122647411930e+03
1.772519064882533257e+03
1.658228322162568702e+03
9.466616348001967935e+02
8.114881432511929233e+02
1.712701482305054469e+03
1.787752095134093452e+03
1.725896434751601873e+03
1.750224376986916468e+03
1.635933634269002141e+03
9.243669469045347569e+02
7.891934553561641223e+02
1.690406794410074326e+03
1.765457407238649921e+03
1.703601746856478030e+03
1.727929689091095270e+03
1.613638946373096587e+03
9.020722590083101977e+02
7.668987674611341845e+02
1.668112106515094183e+03
1.743162719343876461e+03
1.681307058961011080e+03
1.705635001196004396e+03
1.591344258477795393e+03
8.797775711132114793e+02
7.446040795642730927e+02
1.645817418620466015e+03
1.720868031448432475e+03
1.659012371065543903e+03
1.683340313300913294e+03
