0.000000000000000000e+00
0.000000000000000000e+00
0.000000000000000000e+00
0.000000000000000000e+00
0.000000000000000000e+00
0.000000000000000000e+00
0.000000000000000000e+00
0.000000000000000000e+00
0.000000000000000000e+00
0.000000000000000000e+00
0.000000000000000000e+00
0.000000000000000000e+00
0.000000000000000000e+00
0.000000000000000000e+00
0.000000000000000000e+00
0.000000000000000000e+00
0.000000000000000000e+00
0.000000000000000000e+00
0.000000000000000000e+00
0.000000000000000000e+00
0.000000000000000000e+00
0.000000000000000000e+00
0.000000000000000000e+00
0.000000000000000000e+00
0.000000000000000000e+00
0.000000000000000000e+00
0.000000000000000000e+00
0.000000000000000000e+00
0.000000000000000000e+00
0.000000000000000000e+00
0.000000000000000000e+00
0.000000000000000000e+00
0.000000000000000000e+00
0.000000000000000000e+00
0.000000000000000000e+00
0.000000000000000000e+00
0.000000000000000000e+00
0.000000000000000000e+00
0.000000000000000000e+00
0.000000000000000000e+00
0.000000000000000000e+00
0.000000000000000000e+00
0.000000000000000000e+00
0.000000000000000000e+00
0.000000000000000000e+00
0.000000000000000000e+00
0.000000000000000000e+00
0.000000000000000000e+00
0.000000000000000000e+00
0.000000000000000000e+00
0.000000000000000000e+00
0.000000000000000000e+00
0.000000000000000000e+00
0.000000000000000000e+00
0.000000000000000000e+00
0.000000000000000000e+00
0.000000000000000000e+00
0.000000000000000000e+00
0.000000000000000000e+00
0.000000000000000000e+00
0.000000000000000000e+00
0.000000000000000000e+00
0.000000000000000000e+00
0.000000000000000000e+00
0.000000000000000000e+00
0.000000000000000000e+00
0.000000000000000000e+00
0.000000000000000000e+00
0.000000000000000000e+00
0.000000000000000000e+00
0.000000000000000000e+00
0.000000000000000000e+00
0.000000000000000000e+00
0.000000000000000000e+00
0.000000000000000000e+00
0.000000000000000000e+00
0.000000000000000000e+00
0.000000000000000000e+00
0.000000000000000000e+00
0.000000000000000000e+00
0.000000000000000000e+00
0.000000000000000000e+00
0.000000000000000000e+00
0.000000000000000000e+00
0.000000000000000000e+00
0.000000000000000000e+00
0.000000000000000000e+00
0.000000000000000000e+00
2.000000000000000000e+00
2.000000000000000000e+00
2.000000000000000000e+00
2.000000000000000000e+00
5.000000000000000000e+00
5.000000000000000000e+00
5.000000000000000000e+00
5.000000000000000000e+00
6.000000000000000000e+00
9.000000000000000000e+00
9.000000000000000000e+00
9.000000000000000000e+00
1.300000000000000000e+01
1.300000000000000000e+01
1.300000000000000000e+01
1.400000000000000000e+01
1.600000000000000000e+01
1.600000000000000000e+01
1.600000000000000000e+01
1.600000000000000000e+01
1.600000000000000000e+01
1.600000000000000000e+01
1.600000000000000000e+01
1.600000000000000000e+01
1.600000000000000000e+01
1.600000000000000000e+01
1.600000000000000000e+01
1.600000000000000000e+01
1.600000000000000000e+01
1.600000000000000000e+01
1.600000000000000000e+01
1.600000000000000000e+01
1.600000000000000000e+01
1.600000000000000000e+01
1.600000000000000000e+01
1.600000000000000000e+01
1.600000000000000000e+01
1.600000000000000000e+01
1.600000000000000000e+01
1.600000000000000000e+01
1.600000000000000000e+01
1.600000000000000000e+01
1.600000000000000000e+01
1.600000000000000000e+01
1.600000000000000000e+01
1.600000000000000000e+01
1.600000000000000000e+01
1.600000000000000000e+01
1.600000000000000000e+01
1.600000000000000000e+01
1.600000000000000000e+01
1.600000000000000000e+01
1.600000000000000000e+01
1.600000000000000000e+01
1.600000000000000000e+01
1.600000000000000000e+01
1.600000000000000000e+01
1.600000000000000000e+01
1.600000000000000000e+01
1.600000000000000000e+01
1.600000000000000000e+01
1.700000000000000000e+01
1.700000000000000000e+01
1.700000000000000000e+01
1.700000000000000000e+01
1.700000000000000000e+01
1.700000000000000000e+01
1.700000000000000000e+01
1.800000000000000000e+01
1.800000000000000000e+01
1.800000000000000000e+01
1.800000000000000000e+01
1.800000000000000000e+01
1.800000000000000000e+01
1.800000000000000000e+01
1.900000000000000000e+01
1.900000000000000000e+01
1.900000000000000000e+01
1.900000000000000000e+01
1.900000000000000000e+01
1.900000000000000000e+01
1.900000000000000000e+01
2.000000000000000000e+01
2.000000000000000000e+01
2.000000000000000000e+01
2.000000000000000000e+01
2.100000000000000000e+01
2.100000000000000000e+01
2.200000000000000000e+01
2.200000000000000000e+01
2.200000000000000000e+01
2.200000000000000000e+01
2.200000000000000000e+01
2.200000000000000000e+01
2.300000000000000000e+01
2.500000000000000000e+01
2.600000000000000000e+01
2.600000000000000000e+01
2.600000000000000000e+01
2.600000000000000000e+01
2.700000000000000000e+01
2.700000000000000000e+01
2.700000000000000000e+01
3.000000000000000000e+01
3.000000000000000000e+01
3.000000000000000000e+01
3.000000000000000000e+01
3.000000000000000000e+01
3.100000000000000000e+01
3.200000000000000000e+01
3.200000000000000000e+01
3.200000000000000000e+01
3.200000000000000000e+01
3.200000000000000000e+01
3.200000000000000000e+01
3.200000000000000000e+01
3.200000000000000000e+01
3.200000000000000000e+01
3.500000000000000000e+01
3.500000000000000000e+01
3.800000000000000000e+01
3.800000000000000000e+01
3.800000000000000000e+01
3.800000000000000000e+01
4.300000000000000000e+01
4.400000000000000000e+01
4.400000000000000000e+01
4.500000000000000000e+01
4.800000000000000000e+01
5.400000000000000000e+01
5.400000000000000000e+01
9.300000000000000000e+01
1.150000000000000000e+02
1.170000000000000000e+02
1.730000000000000000e+02
2.130000000000000000e+02
2.400000000000000000e+02
2.400000000000000000e+02
2.710000000000000000e+02
2.870000000000000000e+02
2.870000000000000000e+02
3.140000000000000000e+02
3.210000000000000000e+02
3.260000000000000000e+02
3.260000000000000000e+02
4.040000000000000000e+02
4.580000000000000000e+02
4.920000000000000000e+02
5.400000000000000000e+02
6.630000000000000000e+02
6.960000000000000000e+02
7.420000000000000000e+02
8.120000000000000000e+02
8.760000000000000000e+02
9.180000000000000000e+02
9.670000000000000000e+02
9.670000000000000000e+02
1.019000000000000000e+03
1.019000000000000000e+03
1.134000000000000000e+03
1.165000000000000000e+03
1.165000000000000000e+03
1.208000000000000000e+03
1.208000000000000000e+03
1.246000000000000000e+03
1.246000000000000000e+03
1.290000000000000000e+03
1.290000000000000000e+03
1.346000000000000000e+03
1.378000000000000000e+03
1.392000000000000000e+03
1.427000000000000000e+03
1.459000000000000000e+03
1.487000000000000000e+03
1.487000000000000000e+03
1.548000000000000000e+03
1.566000000000000000e+03
1.580000000000000000e+03
1.596000000000000000e+03
1.612000000000000000e+03
1.626000000000000000e+03
1.648000000000000000e+03
1.670000000000000000e+03
1.692000000000000000e+03
1.727000000000000000e+03
1.756000000000000000e+03
1.826000000000000000e+03
1.872000000000000000e+03
1.921000000000000000e+03
1.961000000000000000e+03
1.961000000000000000e+03
2.031000000000000000e+03
2.076000000000000000e+03
2.076000000000000000e+03
2.148000000000000000e+03
2.160000000000000000e+03
2.207000000000000000e+03
2.230000000000000000e+03
2.262000000000000000e+03
2.293000000000000000e+03
2.323000000000000000e+03
2.330000000000000000e+03
2.353000000000000000e+03
2.364000000000000000e+03
2.386000000000000000e+03
2.440000000000000000e+03
2.485000000000000000e+03
2.513000000000000000e+03
2.539000000000000000e+03
2.564000000000000000e+03
2.598000000000000000e+03
2.608000000000000000e+03
2.660000000000000000e+03
2.680000000000000000e+03
2.743000000000000000e+03
2.760000000000000000e+03
2.800000000000000000e+03
2.842000000000000000e+03
2.877000000000000000e+03
2.899000000000000000e+03
2.986000000000000000e+03
3.021000000000000000e+03
3.056000000000000000e+03
3.072000000000000000e+03
3.131000000000000000e+03
3.151000000000000000e+03
3.151000000000000000e+03
3.151000000000000000e+03
3.571000000000000000e+03
3.725000000000000000e+03
3.752000000000000000e+03
3.849000000000000000e+03
3.943000000000000000e+03
4.012000000000000000e+03
4.075000000000000000e+03
4.141000000000000000e+03
4.219000000000000000e+03
4.279000000000000000e+03
4.321000000000000000e+03
4.414000000000000000e+03
4.514000000000000000e+03
4.628000000000000000e+03
4.779000000000000000e+03
4.779000000000000000e+03
4.779000000000000000e+03
4.779000000000000000e+03
8.435000000000000000e+03
8.802000000000000000e+03
8.933000000000000000e+03
9.081000000000000000e+03
9.081000000000000000e+03
9.081000000000000000e+03
9.281000000000000000e+03
9.429000000000000000e+03
9.593000000000000000e+03
9.689000000000000000e+03
9.795000000000000000e+03
9.795000000000000000e+03
9.950000000000000000e+03
9.994000000000000000e+03
1.009500000000000000e+04
1.023000000000000000e+04
1.031200000000000000e+04
1.034400000000000000e+04
1.036200000000000000e+04
1.038600000000000000e+04
1.039700000000000000e+04
1.041900000000000000e+04
1.050200000000000000e+04
1.056900000000000000e+04
1.064100000000000000e+04
1.065000000000000000e+04
1.065000000000000000e+04
1.069400000000000000e+04
1.078200000000000000e+04
1.086600000000000000e+04
1.091100000000000000e+04
1.096200000000000000e+04
1.100900000000000000e+04
1.105000000000000000e+04
1.107100000000000000e+04
1.113100000000000000e+04
1.118700000000000000e+04
1.123600000000000000e+04
1.127300000000000000e+04
1.129400000000000000e+04
1.130900000000000000e+04
1.130900000000000000e+04
1.135300000000000000e+04
1.137800000000000000e+04
1.141300000000000000e+04
1.145200000000000000e+04
1.146800000000000000e+04
1.147900000000000000e+04
1.147900000000000000e+04
1.150900000000000000e+04
1.153200000000000000e+04
1.156500000000000000e+04
1.160500000000000000e+04
1.162300000000000000e+04
1.162600000000000000e+04
1.162600000000000000e+04
1.166800000000000000e+04
1.168200000000000000e+04
1.170800000000000000e+04
1.172500000000000000e+04
1.174100000000000000e+04
1.174900000000000000e+04
1.174900000000000000e+04
1.178700000000000000e+04
1.179900000000000000e+04
1.181600000000000000e+04
1.182400000000000000e+04
1.183600000000000000e+04
1.183600000000000000e+04
1.183600000000000000e+04
1.186000000000000000e+04
1.187000000000000000e+04
1.189500000000000000e+04
1.191600000000000000e+04
1.192600000000000000e+04
1.192600000000000000e+04
1.192600000000000000e+04
1.192600000000000000e+04
1.195700000000000000e+04
1.196200000000000000e+04
1.197200000000000000e+04
1.198700000000000000e+04
1.198700000000000000e+04
1.198700000000000000e+04
1.200400000000000000e+04
1.201000000000000000e+04
1.202000000000000000e+04
1.202400000000000000e+04
1.202600000000000000e+04
1.202600000000000000e+04
1.202600000000000000e+04
1.203100000000000000e+04
1.204700000000000000e+04
1.204700000000000000e+04
1.205200000000000000e+04
1.206100000000000000e+04
1.206100000000000000e+04
1.206100000000000000e+04
1.206100000000000000e+04
1.206100000000000000e+04
1.209000000000000000e+04
1.209000000000000000e+04
1.209000000000000000e+04
1.209000000000000000e+04
1.209000000000000000e+04
1.209000000000000000e+04
1.210200000000000000e+04
1.210600000000000000e+04
1.210600000000000000e+04
1.210600000000000000e+04
1.210600000000000000e+04
1.210600000000000000e+04
1.213400000000000000e+04
1.213700000000000000e+04
1.214000000000000000e+04
1.214100000000000000e+04
1.214300000000000000e+04
1.214300000000000000e+04
1.214300000000000000e+04
1.215600000000000000e+04
1.216100000000000000e+04
1.216400000000000000e+04
1.216400000000000000e+04
1.216800000000000000e+04
1.216800000000000000e+04
1.216800000000000000e+04
1.218500000000000000e+04
1.219300000000000000e+04
1.219800000000000000e+04
1.220800000000000000e+04
1.221800000000000000e+04
1.221800000000000000e+04
1.221800000000000000e+04
1.223900000000000000e+04
1.225400000000000000e+04
1.226100000000000000e+04
1.227300000000000000e+04
1.228800000000000000e+04
1.228800000000000000e+04
1.228800000000000000e+04
1.230300000000000000e+04
1.230700000000000000e+04
1.232000000000000000e+04
1.233100000000000000e+04
1.233700000000000000e+04
1.233700000000000000e+04
1.233700000000000000e+04
1.234200000000000000e+04
1.234200000000000000e+04
1.234600000000000000e+04
1.234900000000000000e+04
1.235800000000000000e+04
1.235800000000000000e+04
1.235800000000000000e+04
1.235800000000000000e+04
1.236600000000000000e+04
1.237100000000000000e+04
1.237600000000000000e+04
1.237800000000000000e+04
1.237800000000000000e+04
1.237800000000000000e+04
1.240800000000000000e+04
1.241700000000000000e+04
1.242800000000000000e+04
1.243400000000000000e+04
1.243900000000000000e+04
1.243900000000000000e+04
1.243900000000000000e+04
1.244200000000000000e+04
1.244900000000000000e+04
1.245600000000000000e+04
1.246000000000000000e+04
1.246300000000000000e+04
1.246300000000000000e+04
1.246300000000000000e+04
1.247900000000000000e+04
1.249000000000000000e+04
1.250700000000000000e+04
1.250700000000000000e+04
1.255100000000000000e+04
1.255100000000000000e+04
1.255100000000000000e+04
1.256800000000000000e+04
1.257200000000000000e+04
1.258500000000000000e+04
1.259500000000000000e+04
1.261200000000000000e+04
1.261200000000000000e+04
1.261200000000000000e+04
1.264500000000000000e+04
1.264800000000000000e+04
1.265400000000000000e+04
1.266500000000000000e+04
1.268400000000000000e+04
1.268400000000000000e+04
1.268400000000000000e+04
1.272900000000000000e+04
1.276300000000000000e+04
1.280100000000000000e+04
1.282400000000000000e+04
1.284800000000000000e+04
1.284800000000000000e+04
1.284800000000000000e+04
1.293400000000000000e+04
1.296100000000000000e+04
1.299600000000000000e+04
1.302500000000000000e+04
1.303500000000000000e+04
1.303500000000000000e+04
1.303500000000000000e+04
1.309000000000000000e+04
1.311700000000000000e+04
1.316500000000000000e+04
1.320100000000000000e+04
1.321900000000000000e+04
1.321900000000000000e+04
1.321900000000000000e+04
1.325500000000000000e+04
1.325500000000000000e+04
1.331100000000000000e+04
1.334900000000000000e+04
1.342000000000000000e+04
1.342000000000000000e+04
1.342000000000000000e+04
1.342000000000000000e+04
1.351400000000000000e+04
1.354300000000000000e+04
0.000000000000000000e+00
0.000000000000000000e+00
0.000000000000000000e+00
0.000000000000000000e+00
0.000000000000000000e+00
0.000000000000000000e+00
0.000000000000000000e+00
0.000000000000000000e+00
0.000000000000000000e+00
0.000000000000000000e+00
0.000000000000000000e+00
0.000000000000000000e+00
0.000000000000000000e+00
0.000000000000000000e+00
0.000000000000000000e+00
0.000000000000000000e+00
0.000000000000000000e+00
0.000000000000000000e+00
0.000000000000000000e+00
0.000000000000000000e+00
0.000000000000000000e+00
0.000000000000000000e+00
0.000000000000000000e+00
0.000000000000000000e+00
0.000000000000000000e+00
0.000000000000000000e+00
0.000000000000000000e+00
0.000000000000000000e+00
0.000000000000000000e+00
0.000000000000000000e+00
0.000000000000000000e+00
0.000000000000000000e+00
0.000000000000000000e+00
0.000000000000000000e+00
0.000000000000000000e+00
0.000000000000000000e+00
0.000000000000000000e+00
0.000000000000000000e+00
0.000000000000000000e+00
0.000000000000000000e+00
0.000000000000000000e+00
0.000000000000000000e+00
0.000000000000000000e+00
0.000000000000000000e+00
0.000000000000000000e+00
0.000000000000000000e+00
0.000000000000000000e+00
0.000000000000000000e+00
0.000000000000000000e+00
0.000000000000000000e+00
0.000000000000000000e+00
0.000000000000000000e+00
0.000000000000000000e+00
0.000000000000000000e+00
0.000000000000000000e+00
0.000000000000000000e+00
0.000000000000000000e+00
0.000000000000000000e+00
0.000000000000000000e+00
0.000000000000000000e+00
0.000000000000000000e+00
0.000000000000000000e+00
0.000000000000000000e+00
0.000000000000000000e+00
0.000000000000000000e+00
0.000000000000000000e+00
0.000000000000000000e+00
0.000000000000000000e+00
0.000000000000000000e+00
0.000000000000000000e+00
0.000000000000000000e+00
0.000000000000000000e+00
0.000000000000000000e+00
0.000000000000000000e+00
0.000000000000000000e+00
0.000000000000000000e+00
0.000000000000000000e+00
0.000000000000000000e+00
0.000000000000000000e+00
0.000000000000000000e+00
0.000000000000000000e+00
0.000000000000000000e+00
0.000000000000000000e+00
0.000000000000000000e+00
0.000000000000000000e+00
0.000000000000000000e+00
0.000000000000000000e+00
0.000000000000000000e+00
0.000000000000000000e+00
0.000000000000000000e+00
0.000000000000000000e+00
0.000000000000000000e+00
0.000000000000000000e+00
0.000000000000000000e+00
0.000000000000000000e+00
0.000000000000000000e+00
0.000000000000000000e+00
0.000000000000000000e+00
0.000000000000000000e+00
0.000000000000000000e+00
0.000000000000000000e+00
0.000000000000000000e+00
0.000000000000000000e+00
0.000000000000000000e+00
0.000000000000000000e+00
0.000000000000000000e+00
0.000000000000000000e+00
0.000000000000000000e+00
0.000000000000000000e+00
0.000000000000000000e+00
0.000000000000000000e+00
0.000000000000000000e+00
0.000000000000000000e+00
0.000000000000000000e+00
0.000000000000000000e+00
0.000000000000000000e+00
0.000000000000000000e+00
0.000000000000000000e+00
0.000000000000000000e+00
0.000000000000000000e+00
0.000000000000000000e+00
0.000000000000000000e+00
0.000000000000000000e+00
0.000000000000000000e+00
0.000000000000000000e+00
0.000000000000000000e+00
0.000000000000000000e+00
0.000000000000000000e+00
0.000000000000000000e+00
0.000000000000000000e+00
0.000000000000000000e+00
0.000000000000000000e+00
0.000000000000000000e+00
0.000000000000000000e+00
0.000000000000000000e+00
0.000000000000000000e+00
0.000000000000000000e+00
0.000000000000000000e+00
0.000000000000000000e+00
0.000000000000000000e+00
0.000000000000000000e+00
0.000000000000000000e+00
0.000000000000000000e+00
0.000000000000000000e+00
0.000000000000000000e+00
0.000000000000000000e+00
0.000000000000000000e+00
0.000000000000000000e+00
0.000000000000000000e+00
0.000000000000000000e+00
0.000000000000000000e+00
0.000000000000000000e+00
0.000000000000000000e+00
0.000000000000000000e+00
0.000000000000000000e+00
0.000000000000000000e+00
0.000000000000000000e+00
0.000000000000000000e+00
0.000000000000000000e+00
0.000000000000000000e+00
0.000000000000000000e+00
0.000000000000000000e+00
0.000000000000000000e+00
0.000000000000000000e+00
0.000000000000000000e+00
0.000000000000000000e+00
0.000000000000000000e+00
0.000000000000000000e+00
0.000000000000000000e+00
0.000000000000000000e+00
0.000000000000000000e+00
0.000000000000000000e+00
0.000000000000000000e+00
0.000000000000000000e+00
0.000000000000000000e+00
0.000000000000000000e+00
0.000000000000000000e+00
0.000000000000000000e+00
0.000000000000000000e+00
0.000000000000000000e+00
0.000000000000000000e+00
0.000000000000000000e+00
0.000000000000000000e+00
0.000000000000000000e+00
0.000000000000000000e+00
0.000000000000000000e+00
0.000000000000000000e+00
0.000000000000000000e+00
0.000000000000000000e+00
0.000000000000000000e+00
0.000000000000000000e+00
0.000000000000000000e+00
0.000000000000000000e+00
0.000000000000000000e+00
0.000000000000000000e+00
0.000000000000000000e+00
0.000000000000000000e+00
