0.000000000000000000e+00
0.000000000000000000e+00
0.000000000000000000e+00
0.000000000000000000e+00
0.000000000000000000e+00
0.000000000000000000e+00
0.000000000000000000e+00
0.000000000000000000e+00
0.000000000000000000e+00
0.000000000000000000e+00
0.000000000000000000e+00
0.000000000000000000e+00
0.000000000000000000e+00
0.000000000000000000e+00
0.000000000000000000e+00
0.000000000000000000e+00
0.000000000000000000e+00
0.000000000000000000e+00
0.000000000000000000e+00
0.000000000000000000e+00
0.000000000000000000e+00
0.000000000000000000e+00
0.000000000000000000e+00
0.000000000000000000e+00
0.000000000000000000e+00
0.000000000000000000e+00
0.000000000000000000e+00
0.000000000000000000e+00
0.000000000000000000e+00
0.000000000000000000e+00
0.000000000000000000e+00
0.000000000000000000e+00
0.000000000000000000e+00
0.000000000000000000e+00
0.000000000000000000e+00
0.000000000000000000e+00
0.000000000000000000e+00
0.000000000000000000e+00
0.000000000000000000e+00
0.000000000000000000e+00
0.000000000000000000e+00
0.000000000000000000e+00
0.000000000000000000e+00
0.000000000000000000e+00
0.000000000000000000e+00
0.000000000000000000e+00
0.000000000000000000e+00
1.000000000000000000e+00
1.000000000000000000e+00
1.100000000000000000e+01
1.100000000000000000e+01
3.700000000000000000e+01
4.000000000000000000e+01
5.000000000000000000e+01
5.400000000000000000e+01
5.600000000000000000e+01
6.800000000000000000e+01
7.500000000000000000e+01
7.800000000000000000e+01
8.300000000000000000e+01
8.800000000000000000e+01
9.100000000000000000e+01
1.040000000000000000e+02
1.090000000000000000e+02
1.140000000000000000e+02
1.150000000000000000e+02
1.200000000000000000e+02
1.260000000000000000e+02
1.270000000000000000e+02
1.290000000000000000e+02
1.310000000000000000e+02
1.330000000000000000e+02
1.340000000000000000e+02
1.350000000000000000e+02
1.350000000000000000e+02
1.350000000000000000e+02
1.350000000000000000e+02
1.350000000000000000e+02
1.350000000000000000e+02
1.360000000000000000e+02
1.360000000000000000e+02
1.360000000000000000e+02
1.360000000000000000e+02
1.360000000000000000e+02
1.360000000000000000e+02
1.360000000000000000e+02
1.360000000000000000e+02
1.370000000000000000e+02
1.380000000000000000e+02
1.380000000000000000e+02
1.380000000000000000e+02
1.380000000000000000e+02
1.380000000000000000e+02
1.380000000000000000e+02
1.380000000000000000e+02
1.380000000000000000e+02
1.380000000000000000e+02
1.380000000000000000e+02
1.380000000000000000e+02
1.380000000000000000e+02
1.380000000000000000e+02
1.380000000000000000e+02
1.380000000000000000e+02
1.380000000000000000e+02
1.380000000000000000e+02
1.390000000000000000e+02
1.410000000000000000e+02
1.410000000000000000e+02
1.410000000000000000e+02
1.410000000000000000e+02
1.410000000000000000e+02
1.410000000000000000e+02
1.410000000000000000e+02
1.410000000000000000e+02
1.410000000000000000e+02
1.410000000000000000e+02
1.410000000000000000e+02
1.410000000000000000e+02
1.410000000000000000e+02
1.410000000000000000e+02
1.410000000000000000e+02
1.410000000000000000e+02
1.410000000000000000e+02
1.410000000000000000e+02
1.410000000000000000e+02
1.410000000000000000e+02
1.410000000000000000e+02
1.410000000000000000e+02
1.410000000000000000e+02
1.410000000000000000e+02
1.410000000000000000e+02
1.410000000000000000e+02
1.410000000000000000e+02
1.410000000000000000e+02
1.410000000000000000e+02
1.410000000000000000e+02
1.410000000000000000e+02
1.410000000000000000e+02
1.410000000000000000e+02
1.410000000000000000e+02
1.410000000000000000e+02
1.410000000000000000e+02
1.410000000000000000e+02
1.410000000000000000e+02
1.410000000000000000e+02
1.410000000000000000e+02
1.410000000000000000e+02
1.410000000000000000e+02
1.410000000000000000e+02
1.410000000000000000e+02
1.410000000000000000e+02
1.410000000000000000e+02
1.410000000000000000e+02
1.410000000000000000e+02
1.410000000000000000e+02
1.410000000000000000e+02
1.410000000000000000e+02
1.410000000000000000e+02
1.410000000000000000e+02
1.410000000000000000e+02
1.410000000000000000e+02
1.410000000000000000e+02
1.410000000000000000e+02
1.410000000000000000e+02
1.410000000000000000e+02
1.410000000000000000e+02
1.410000000000000000e+02
1.410000000000000000e+02
1.410000000000000000e+02
1.410000000000000000e+02
1.410000000000000000e+02
1.410000000000000000e+02
1.410000000000000000e+02
1.410000000000000000e+02
1.410000000000000000e+02
1.410000000000000000e+02
1.410000000000000000e+02
1.410000000000000000e+02
1.410000000000000000e+02
1.410000000000000000e+02
1.410000000000000000e+02
1.410000000000000000e+02
1.410000000000000000e+02
1.410000000000000000e+02
1.410000000000000000e+02
1.410000000000000000e+02
1.410000000000000000e+02
1.410000000000000000e+02
1.410000000000000000e+02
1.410000000000000000e+02
1.410000000000000000e+02
1.410000000000000000e+02
1.410000000000000000e+02
1.410000000000000000e+02
1.410000000000000000e+02
1.410000000000000000e+02
1.410000000000000000e+02
1.410000000000000000e+02
1.420000000000000000e+02
1.420000000000000000e+02
1.420000000000000000e+02
1.420000000000000000e+02
1.420000000000000000e+02
1.420000000000000000e+02
1.420000000000000000e+02
1.420000000000000000e+02
1.420000000000000000e+02
1.420000000000000000e+02
1.420000000000000000e+02
1.420000000000000000e+02
1.430000000000000000e+02
1.430000000000000000e+02
1.430000000000000000e+02
1.430000000000000000e+02
1.430000000000000000e+02
1.430000000000000000e+02
1.440000000000000000e+02
1.440000000000000000e+02
1.440000000000000000e+02
1.440000000000000000e+02
1.440000000000000000e+02
1.440000000000000000e+02
1.440000000000000000e+02
1.440000000000000000e+02
1.440000000000000000e+02
1.450000000000000000e+02
1.450000000000000000e+02
1.450000000000000000e+02
1.450000000000000000e+02
1.450000000000000000e+02
1.450000000000000000e+02
1.450000000000000000e+02
1.450000000000000000e+02
1.450000000000000000e+02
1.450000000000000000e+02
1.450000000000000000e+02
1.450000000000000000e+02
1.450000000000000000e+02
1.450000000000000000e+02
1.450000000000000000e+02
1.450000000000000000e+02
1.450000000000000000e+02
1.450000000000000000e+02
1.450000000000000000e+02
1.450000000000000000e+02
1.450000000000000000e+02
1.460000000000000000e+02
1.460000000000000000e+02
1.460000000000000000e+02
1.460000000000000000e+02
1.460000000000000000e+02
1.460000000000000000e+02
1.460000000000000000e+02
1.460000000000000000e+02
1.460000000000000000e+02
1.460000000000000000e+02
1.460000000000000000e+02
1.460000000000000000e+02
1.460000000000000000e+02
1.460000000000000000e+02
1.460000000000000000e+02
1.460000000000000000e+02
1.460000000000000000e+02
1.460000000000000000e+02
1.460000000000000000e+02
1.460000000000000000e+02
1.470000000000000000e+02
1.470000000000000000e+02
1.470000000000000000e+02
1.470000000000000000e+02
1.470000000000000000e+02
1.470000000000000000e+02
1.470000000000000000e+02
1.470000000000000000e+02
1.480000000000000000e+02
1.480000000000000000e+02
1.480000000000000000e+02
1.480000000000000000e+02
1.480000000000000000e+02
1.480000000000000000e+02
1.480000000000000000e+02
1.480000000000000000e+02
1.480000000000000000e+02
1.480000000000000000e+02
1.480000000000000000e+02
1.480000000000000000e+02
1.480000000000000000e+02
1.480000000000000000e+02
1.480000000000000000e+02
1.480000000000000000e+02
1.480000000000000000e+02
1.480000000000000000e+02
1.480000000000000000e+02
1.480000000000000000e+02
1.480000000000000000e+02
1.480000000000000000e+02
1.480000000000000000e+02
1.480000000000000000e+02
1.480000000000000000e+02
1.480000000000000000e+02
1.480000000000000000e+02
1.480000000000000000e+02
1.480000000000000000e+02
1.480000000000000000e+02
1.480000000000000000e+02
1.480000000000000000e+02
1.490000000000000000e+02
1.500000000000000000e+02
1.500000000000000000e+02
1.500000000000000000e+02
1.500000000000000000e+02
1.500000000000000000e+02
1.500000000000000000e+02
1.500000000000000000e+02
1.510000000000000000e+02
1.510000000000000000e+02
1.510000000000000000e+02
1.510000000000000000e+02
1.510000000000000000e+02
1.510000000000000000e+02
1.510000000000000000e+02
1.520000000000000000e+02
1.520000000000000000e+02
1.520000000000000000e+02
1.520000000000000000e+02
1.520000000000000000e+02
1.520000000000000000e+02
1.520000000000000000e+02
1.520000000000000000e+02
1.520000000000000000e+02
1.520000000000000000e+02
1.520000000000000000e+02
1.520000000000000000e+02
1.520000000000000000e+02
1.520000000000000000e+02
1.520000000000000000e+02
1.520000000000000000e+02
1.520000000000000000e+02
1.520000000000000000e+02
1.520000000000000000e+02
1.520000000000000000e+02
1.520000000000000000e+02
1.520000000000000000e+02
1.570000000000000000e+02
1.570000000000000000e+02
1.570000000000000000e+02
1.570000000000000000e+02
1.720000000000000000e+02
1.720000000000000000e+02
1.720000000000000000e+02
1.720000000000000000e+02
1.730000000000000000e+02
1.730000000000000000e+02
1.730000000000000000e+02
1.730000000000000000e+02
1.730000000000000000e+02
1.740000000000000000e+02
1.740000000000000000e+02
1.740000000000000000e+02
1.740000000000000000e+02
1.740000000000000000e+02
1.740000000000000000e+02
1.740000000000000000e+02
1.740000000000000000e+02
1.740000000000000000e+02
1.740000000000000000e+02
1.750000000000000000e+02
1.750000000000000000e+02
1.750000000000000000e+02
1.750000000000000000e+02
1.760000000000000000e+02
1.760000000000000000e+02
1.800000000000000000e+02
1.800000000000000000e+02
1.800000000000000000e+02
1.800000000000000000e+02
1.800000000000000000e+02
1.800000000000000000e+02
1.800000000000000000e+02
1.800000000000000000e+02
1.800000000000000000e+02
1.810000000000000000e+02
1.810000000000000000e+02
1.820000000000000000e+02
1.820000000000000000e+02
1.820000000000000000e+02
1.830000000000000000e+02
1.840000000000000000e+02
1.840000000000000000e+02
1.840000000000000000e+02
1.840000000000000000e+02
1.840000000000000000e+02
1.850000000000000000e+02
1.850000000000000000e+02
1.850000000000000000e+02
1.850000000000000000e+02
1.850000000000000000e+02
1.850000000000000000e+02
1.850000000000000000e+02
1.850000000000000000e+02
1.850000000000000000e+02
1.850000000000000000e+02
1.860000000000000000e+02
1.860000000000000000e+02
1.860000000000000000e+02
1.870000000000000000e+02
1.870000000000000000e+02
1.880000000000000000e+02
1.880000000000000000e+02
1.890000000000000000e+02
1.890000000000000000e+02
1.900000000000000000e+02
1.910000000000000000e+02
1.920000000000000000e+02
1.920000000000000000e+02
1.920000000000000000e+02
1.920000000000000000e+02
1.990000000000000000e+02
1.990000000000000000e+02
2.020000000000000000e+02
2.030000000000000000e+02
2.030000000000000000e+02
2.030000000000000000e+02
2.050000000000000000e+02
2.060000000000000000e+02
2.060000000000000000e+02
2.060000000000000000e+02
2.060000000000000000e+02
2.060000000000000000e+02
2.060000000000000000e+02
2.060000000000000000e+02
2.070000000000000000e+02
2.070000000000000000e+02
2.100000000000000000e+02
2.120000000000000000e+02
2.130000000000000000e+02
2.130000000000000000e+02
2.140000000000000000e+02
2.140000000000000000e+02
2.140000000000000000e+02
2.140000000000000000e+02
2.150000000000000000e+02
2.160000000000000000e+02
2.190000000000000000e+02
2.190000000000000000e+02
2.190000000000000000e+02
2.190000000000000000e+02
2.190000000000000000e+02
2.190000000000000000e+02
2.210000000000000000e+02
2.210000000000000000e+02
2.210000000000000000e+02
2.210000000000000000e+02
2.210000000000000000e+02
2.230000000000000000e+02
2.230000000000000000e+02
2.230000000000000000e+02
2.230000000000000000e+02
2.230000000000000000e+02
2.230000000000000000e+02
2.230000000000000000e+02
2.230000000000000000e+02
2.240000000000000000e+02
2.240000000000000000e+02
2.240000000000000000e+02
2.270000000000000000e+02
2.270000000000000000e+02
2.270000000000000000e+02
2.280000000000000000e+02
2.280000000000000000e+02
2.280000000000000000e+02
2.290000000000000000e+02
2.300000000000000000e+02
2.300000000000000000e+02
2.300000000000000000e+02
2.300000000000000000e+02
2.310000000000000000e+02
2.320000000000000000e+02
2.320000000000000000e+02
2.320000000000000000e+02
2.320000000000000000e+02
2.320000000000000000e+02
2.320000000000000000e+02
2.350000000000000000e+02
2.350000000000000000e+02
2.350000000000000000e+02
2.350000000000000000e+02
2.350000000000000000e+02
2.360000000000000000e+02
2.360000000000000000e+02
2.400000000000000000e+02
2.410000000000000000e+02
2.410000000000000000e+02
2.410000000000000000e+02
2.410000000000000000e+02
2.420000000000000000e+02
2.440000000000000000e+02
2.440000000000000000e+02
2.440000000000000000e+02
2.440000000000000000e+02
2.440000000000000000e+02
2.440000000000000000e+02
2.440000000000000000e+02
2.460000000000000000e+02
2.460000000000000000e+02
2.480000000000000000e+02
2.480000000000000000e+02
2.480000000000000000e+02
2.480000000000000000e+02
2.480000000000000000e+02
2.500000000000000000e+02
2.500000000000000000e+02
2.500000000000000000e+02
2.510000000000000000e+02
2.510000000000000000e+02
2.550000000000000000e+02
2.550000000000000000e+02
2.560000000000000000e+02
2.560000000000000000e+02
2.560000000000000000e+02
2.560000000000000000e+02
2.590000000000000000e+02
2.590000000000000000e+02
2.590000000000000000e+02
2.590000000000000000e+02
2.600000000000000000e+02
2.610000000000000000e+02
2.610000000000000000e+02
2.620000000000000000e+02
2.620000000000000000e+02
2.620000000000000000e+02
2.660000000000000000e+02
2.660000000000000000e+02
2.660000000000000000e+02
2.660000000000000000e+02
2.680000000000000000e+02
2.680000000000000000e+02
2.770000000000000000e+02
2.820000000000000000e+02
2.820000000000000000e+02
2.820000000000000000e+02
2.820000000000000000e+02
2.830000000000000000e+02
2.830000000000000000e+02
2.830000000000000000e+02
3.050000000000000000e+02
3.050000000000000000e+02
3.110000000000000000e+02
3.130000000000000000e+02
3.210000000000000000e+02
3.210000000000000000e+02
3.330000000000000000e+02
3.330000000000000000e+02
3.330000000000000000e+02
3.330000000000000000e+02
3.360000000000000000e+02
3.370000000000000000e+02
3.370000000000000000e+02
3.380000000000000000e+02
3.380000000000000000e+02
3.380000000000000000e+02
3.390000000000000000e+02
3.390000000000000000e+02
3.390000000000000000e+02
3.470000000000000000e+02
4.060000000000000000e+02
4.400000000000000000e+02
4.940000000000000000e+02
5.430000000000000000e+02
5.980000000000000000e+02
6.400000000000000000e+02
7.230000000000000000e+02
7.870000000000000000e+02
8.520000000000000000e+02
9.460000000000000000e+02
9.460000000000000000e+02
1.333000000000000000e+03
1.455000000000000000e+03
1.769000000000000000e+03
1.873000000000000000e+03
1.873000000000000000e+03
2.159000000000000000e+03
2.159000000000000000e+03
2.380000000000000000e+03
2.380000000000000000e+03
2.462000000000000000e+03
2.641000000000000000e+03
2.712000000000000000e+03
2.858000000000000000e+03
2.960000000000000000e+03
3.093000000000000000e+03
3.093000000000000000e+03
3.093000000000000000e+03
3.464000000000000000e+03
3.567000000000000000e+03
3.683000000000000000e+03
3.831000000000000000e+03
3.894000000000000000e+03
4.035000000000000000e+03
4.163000000000000000e+03
4.323000000000000000e+03
4.431000000000000000e+03
4.566000000000000000e+03
4.675000000000000000e+03
4.814000000000000000e+03
4.957000000000000000e+03
5.047000000000000000e+03
5.261000000000000000e+03
5.385000000000000000e+03
5.586000000000000000e+03
5.586000000000000000e+03
5.960000000000000000e+03
5.960000000000000000e+03
6.540000000000000000e+03
6.700000000000000000e+03
6.813000000000000000e+03
6.950000000000000000e+03
7.116000000000000000e+03
7.326000000000000000e+03
7.326000000000000000e+03
7.326000000000000000e+03
7.904000000000000000e+03
8.044000000000000000e+03
8.150000000000000000e+03
8.262000000000000000e+03
8.464000000000000000e+03
8.599000000000000000e+03
8.980000000000000000e+03
9.167000000000000000e+03
9.472000000000000000e+03
9.665000000000000000e+03
9.828000000000000000e+03
1.025100000000000000e+04
1.035600000000000000e+04
1.086000000000000000e+04
1.104700000000000000e+04
1.122000000000000000e+04
1.138600000000000000e+04
1.154200000000000000e+04
1.167200000000000000e+04
1.190100000000000000e+04
1.211300000000000000e+04
1.238400000000000000e+04
1.259500000000000000e+04
1.271000000000000000e+04
1.282300000000000000e+04
1.295500000000000000e+04
1.306500000000000000e+04
1.313000000000000000e+04
1.324600000000000000e+04
1.332100000000000000e+04
1.344600000000000000e+04
1.354500000000000000e+04
1.354500000000000000e+04
1.374200000000000000e+04
1.374200000000000000e+04
1.378200000000000000e+04
1.386400000000000000e+04
1.396200000000000000e+04
1.405800000000000000e+04
1.412100000000000000e+04
1.417200000000000000e+04
1.421500000000000000e+04
1.421500000000000000e+04
1.429100000000000000e+04
1.437800000000000000e+04
1.439900000000000000e+04
1.444400000000000000e+04
1.444400000000000000e+04
1.459100000000000000e+04
1.463000000000000000e+04
1.470100000000000000e+04
1.477100000000000000e+04
1.477100000000000000e+04
1.491800000000000000e+04
1.499200000000000000e+04
1.499200000000000000e+04
1.505800000000000000e+04
1.505800000000000000e+04
1.511100000000000000e+04
1.511100000000000000e+04
1.514200000000000000e+04
1.516400000000000000e+04
1.518600000000000000e+04
1.520200000000000000e+04
1.522900000000000000e+04
1.524400000000000000e+04
1.530100000000000000e+04
1.528300000000000000e+04
1.534300000000000000e+04
1.534800000000000000e+04
1.536200000000000000e+04
1.536300000000000000e+04
1.537200000000000000e+04
1.537600000000000000e+04
1.538500000000000000e+04
1.538600000000000000e+04
1.540200000000000000e+04
1.541200000000000000e+04
1.541800000000000000e+04
1.542600000000000000e+04
1.542900000000000000e+04
1.542900000000000000e+04
1.542900000000000000e+04
1.542900000000000000e+04
1.545800000000000000e+04
1.546100000000000000e+04
1.546500000000000000e+04
1.547000000000000000e+04
1.547000000000000000e+04
1.547000000000000000e+04
1.547000000000000000e+04
1.550600000000000000e+04
1.550600000000000000e+04
1.553200000000000000e+04
1.553200000000000000e+04
1.557700000000000000e+04
1.559700000000000000e+04
1.563400000000000000e+04
1.567800000000000000e+04
1.567800000000000000e+04
1.575000000000000000e+04
1.575000000000000000e+04
1.579700000000000000e+04
1.579700000000000000e+04
1.579700000000000000e+04
1.590100000000000000e+04
1.590100000000000000e+04
1.598600000000000000e+04
1.598600000000000000e+04
1.606600000000000000e+04
1.608400000000000000e+04
1.608400000000000000e+04
1.614800000000000000e+04
1.614800000000000000e+04
1.617900000000000000e+04
1.620600000000000000e+04
1.629300000000000000e+04
1.634500000000000000e+04
1.634500000000000000e+04
1.647600000000000000e+04
1.647600000000000000e+04
1.669100000000000000e+04
1.669100000000000000e+04
1.689100000000000000e+04
1.740400000000000000e+04
1.740400000000000000e+04
1.815200000000000000e+04
1.840400000000000000e+04
1.884500000000000000e+04
1.947300000000000000e+04
2.045400000000000000e+04
2.157900000000000000e+04
2.251500000000000000e+04
2.399200000000000000e+04
2.465900000000000000e+04
2.558400000000000000e+04
2.759900000000000000e+04
2.759900000000000000e+04
2.759900000000000000e+04
3.497900000000000000e+04
3.779800000000000000e+04
4.104900000000000000e+04
4.433400000000000000e+04
4.805500000000000000e+04
5.151600000000000000e+04
5.548500000000000000e+04
5.944700000000000000e+04
6.354200000000000000e+04
6.776200000000000000e+04
7.164900000000000000e+04
7.653400000000000000e+04
8.074900000000000000e+04
8.484400000000000000e+04
8.884900000000000000e+04
9.303400000000000000e+04
9.701800000000000000e+04
1.001730000000000000e+05
1.040220000000000000e+05
1.069360000000000000e+05
1.095380000000000000e+05
1.120930000000000000e+05
1.143710000000000000e+05
1.169240000000000000e+05
1.188920000000000000e+05
1.206000000000000000e+05
1.219570000000000000e+05
1.234220000000000000e+05
1.247160000000000000e+05
1.261090000000000000e+05
1.273000000000000000e+05
1.283060000000000000e+05
1.290810000000000000e+05
1.298370000000000000e+05
1.306110000000000000e+05
1.314030000000000000e+05
1.321940000000000000e+05
1.329810000000000000e+05
1.337260000000000000e+05
1.344120000000000000e+05
1.349150000000000000e+05
1.354300000000000000e+05
1.359740000000000000e+05
1.363740000000000000e+05
1.368210000000000000e+05
1.372390000000000000e+05
1.375850000000000000e+05
1.379470000000000000e+05
1.382610000000000000e+05
1.385300000000000000e+05
1.388110000000000000e+05
1.390610000000000000e+05
1.392780000000000000e+05
1.394650000000000000e+05
1.396370000000000000e+05
1.398470000000000000e+05
1.400230000000000000e+05
1.401820000000000000e+05
1.403640000000000000e+05
1.405420000000000000e+05
1.407230000000000000e+05
1.408730000000000000e+05
1.410140000000000000e+05
1.411190000000000000e+05
1.412690000000000000e+05
1.414050000000000000e+05
1.415310000000000000e+05
1.416290000000000000e+05
1.417480000000000000e+05
1.418500000000000000e+05
1.419110000000000000e+05
1.419110000000000000e+05
1.419760000000000000e+05
1.421660000000000000e+05
1.423120000000000000e+05
1.424650000000000000e+05
1.426270000000000000e+05
1.428580000000000000e+05
1.431070000000000000e+05
1.433720000000000000e+05
1.436160000000000000e+05
1.438660000000000000e+05
1.441360000000000000e+05
1.444110000000000000e+05
1.446590000000000000e+05
1.449560000000000000e+05
1.452210000000000000e+05
1.455210000000000000e+05
1.457830000000000000e+05
1.460440000000000000e+05
1.463150000000000000e+05
1.465060000000000000e+05
1.467750000000000000e+05
1.470210000000000000e+05
1.472710000000000000e+05
1.474930000000000000e+05
1.476670000000000000e+05
1.478720000000000000e+05
1.480890000000000000e+05
1.483950000000000000e+05
1.486740000000000000e+05
1.489700000000000000e+05
1.493370000000000000e+05
1.496790000000000000e+05
1.500580000000000000e+05
1.504020000000000000e+05
1.507810000000000000e+05
1.511610000000000000e+05
1.515600000000000000e+05
1.519500000000000000e+05
1.523200000000000000e+05
1.527120000000000000e+05
1.530930000000000000e+05
1.536110000000000000e+05
1.541330000000000000e+05
1.541330000000000000e+05
1.552740000000000000e+05
1.557930000000000000e+05
1.564520000000000000e+05
1.564520000000000000e+05
1.577720000000000000e+05
1.585240000000000000e+05
1.585270000000000000e+05
1.585270000000000000e+05
1.595910000000000000e+05
1.595910000000000000e+05
1.595910000000000000e+05
1.615380000000000000e+05
1.623110000000000000e+05
1.630550000000000000e+05
1.639000000000000000e+05
1.647270000000000000e+05
1.647270000000000000e+05
1.647270000000000000e+05
1.676690000000000000e+05
1.687600000000000000e+05
1.698480000000000000e+05
1.710270000000000000e+05
1.722800000000000000e+05
1.722800000000000000e+05
1.722800000000000000e+05
1.766820000000000000e+05
1.782670000000000000e+05
1.797590000000000000e+05
1.812560000000000000e+05
1.829500000000000000e+05
1.829500000000000000e+05
1.829500000000000000e+05
1.882190000000000000e+05
1.899030000000000000e+05
1.917740000000000000e+05
1.934340000000000000e+05
1.951130000000000000e+05
1.951130000000000000e+05
1.951130000000000000e+05
2.002790000000000000e+05
2.018570000000000000e+05
2.031850000000000000e+05
2.043840000000000000e+05
2.058900000000000000e+05
2.058900000000000000e+05
2.058900000000000000e+05
2.058900000000000000e+05
2.104170000000000000e+05
2.111320000000000000e+05
2.111570000000000000e+05
2.111570000000000000e+05
2.111570000000000000e+05
2.111570000000000000e+05
2.111570000000000000e+05
2.152830000000000000e+05
2.152830000000000000e+05
2.152830000000000000e+05
2.152830000000000000e+05
2.152830000000000000e+05
2.152830000000000000e+05
2.152830000000000000e+05
2.152830000000000000e+05
2.152830000000000000e+05
2.152830000000000000e+05
2.152830000000000000e+05
2.152830000000000000e+05
2.152830000000000000e+05
2.152830000000000000e+05
2.152830000000000000e+05
2.202450000000000000e+05
2.202450000000000000e+05
2.202450000000000000e+05
2.202450000000000000e+05
2.202450000000000000e+05
2.202450000000000000e+05
2.202450000000000000e+05
2.202450000000000000e+05
2.202450000000000000e+05
2.202450000000000000e+05
2.202450000000000000e+05
2.202450000000000000e+05
2.202450000000000000e+05
2.230590000000000000e+05
2.230590000000000000e+05
2.230590000000000000e+05
2.230590000000000000e+05
2.230590000000000000e+05
2.230590000000000000e+05
2.230590000000000000e+05
2.230590000000000000e+05
2.246100000000000000e+05
2.246100000000000000e+05
2.246100000000000000e+05
2.246100000000000000e+05
2.246100000000000000e+05
2.246100000000000000e+05
2.262370000000000000e+05
2.262370000000000000e+05
2.262370000000000000e+05
2.262370000000000000e+05
2.262370000000000000e+05
2.262370000000000000e+05
2.262370000000000000e+05
2.262370000000000000e+05
2.277560000000000000e+05
2.277560000000000000e+05
2.277560000000000000e+05
2.277560000000000000e+05
2.277560000000000000e+05
2.277560000000000000e+05
2.296650000000000000e+05
2.296650000000000000e+05
2.296650000000000000e+05
2.296650000000000000e+05
2.296650000000000000e+05
2.296650000000000000e+05
2.296650000000000000e+05
2.318330000000000000e+05
2.318330000000000000e+05
2.318330000000000000e+05
2.318330000000000000e+05
2.318330000000000000e+05
2.318330000000000000e+05
2.318330000000000000e+05
2.345820000000000000e+05
2.345820000000000000e+05
2.345820000000000000e+05
2.345820000000000000e+05
2.345820000000000000e+05
2.345820000000000000e+05
2.345820000000000000e+05
2.376560000000000000e+05
2.376560000000000000e+05
2.376560000000000000e+05
2.376560000000000000e+05
2.376560000000000000e+05
2.376560000000000000e+05
2.376560000000000000e+05
2.376560000000000000e+05
2.410440000000000000e+05
2.410440000000000000e+05
2.410440000000000000e+05
2.410440000000000000e+05
2.410440000000000000e+05
2.410440000000000000e+05
2.410440000000000000e+05
2.445990000000000000e+05
2.445990000000000000e+05
2.445990000000000000e+05
2.445990000000000000e+05
2.445990000000000000e+05
2.445990000000000000e+05
2.488610000000000000e+05
2.488610000000000000e+05
2.488610000000000000e+05
2.488610000000000000e+05
2.488610000000000000e+05
2.488610000000000000e+05
2.488610000000000000e+05
2.488610000000000000e+05
2.534060000000000000e+05
2.534060000000000000e+05
2.534060000000000000e+05
2.534060000000000000e+05
2.534060000000000000e+05
2.534060000000000000e+05
2.534060000000000000e+05
2.579210000000000000e+05
2.579210000000000000e+05
2.579210000000000000e+05
2.579210000000000000e+05
2.579210000000000000e+05
2.579210000000000000e+05
2.579210000000000000e+05
2.614400000000000000e+05
2.614400000000000000e+05
2.614400000000000000e+05
2.614400000000000000e+05
2.614400000000000000e+05
2.614400000000000000e+05
2.644900000000000000e+05
2.644900000000000000e+05
2.644900000000000000e+05
2.644900000000000000e+05
2.644900000000000000e+05
2.644900000000000000e+05
2.644900000000000000e+05
2.668190000000000000e+05
2.668190000000000000e+05
2.668190000000000000e+05
2.668190000000000000e+05
2.668190000000000000e+05
2.668190000000000000e+05
2.668190000000000000e+05
2.668190000000000000e+05
2.668190000000000000e+05
2.668190000000000000e+05
2.668190000000000000e+05
2.668190000000000000e+05
2.668190000000000000e+05
2.668190000000000000e+05
2.668190000000000000e+05
2.668190000000000000e+05
2.701990000000000000e+05
2.701990000000000000e+05
2.701990000000000000e+05
2.701990000000000000e+05
2.701990000000000000e+05
2.701990000000000000e+05
2.726460000000000000e+05
2.726460000000000000e+05
2.726460000000000000e+05
2.726460000000000000e+05
2.726460000000000000e+05
2.726460000000000000e+05
2.726460000000000000e+05
2.742170000000000000e+05
2.742170000000000000e+05
2.742170000000000000e+05
2.742170000000000000e+05
2.742170000000000000e+05
2.742170000000000000e+05
2.742170000000000000e+05
2.752200000000000000e+05
2.752200000000000000e+05
2.752200000000000000e+05
2.752200000000000000e+05
2.752200000000000000e+05
2.752200000000000000e+05
2.760670000000000000e+05
2.760670000000000000e+05
2.760670000000000000e+05
2.760670000000000000e+05
2.760670000000000000e+05
2.760670000000000000e+05
2.760670000000000000e+05
2.760670000000000000e+05
2.768250000000000000e+05
2.768250000000000000e+05
2.768250000000000000e+05
2.768250000000000000e+05
2.768250000000000000e+05
