0.000000000000000000e+00
0.000000000000000000e+00
0.000000000000000000e+00
0.000000000000000000e+00
0.000000000000000000e+00
0.000000000000000000e+00
0.000000000000000000e+00
0.000000000000000000e+00
0.000000000000000000e+00
0.000000000000000000e+00
0.000000000000000000e+00
0.000000000000000000e+00
0.000000000000000000e+00
0.000000000000000000e+00
0.000000000000000000e+00
0.000000000000000000e+00
0.000000000000000000e+00
0.000000000000000000e+00
0.000000000000000000e+00
0.000000000000000000e+00
0.000000000000000000e+00
0.000000000000000000e+00
0.000000000000000000e+00
0.000000000000000000e+00
0.000000000000000000e+00
0.000000000000000000e+00
0.000000000000000000e+00
0.000000000000000000e+00
0.000000000000000000e+00
0.000000000000000000e+00
0.000000000000000000e+00
0.000000000000000000e+00
0.000000000000000000e+00
0.000000000000000000e+00
0.000000000000000000e+00
0.000000000000000000e+00
0.000000000000000000e+00
0.000000000000000000e+00
0.000000000000000000e+00
0.000000000000000000e+00
0.000000000000000000e+00
0.000000000000000000e+00
0.000000000000000000e+00
0.000000000000000000e+00
0.000000000000000000e+00
0.000000000000000000e+00
0.000000000000000000e+00
1.000000000000000000e+00
0.000000000000000000e+00
1.000000000000000000e+01
0.000000000000000000e+00
2.600000000000000000e+01
3.000000000000000000e+00
1.000000000000000000e+01
4.000000000000000000e+00
2.000000000000000000e+00
1.200000000000000000e+01
7.000000000000000000e+00
3.000000000000000000e+00
5.000000000000000000e+00
5.000000000000000000e+00
3.000000000000000000e+00
1.300000000000000000e+01
5.000000000000000000e+00
5.000000000000000000e+00
1.000000000000000000e+00
5.000000000000000000e+00
6.000000000000000000e+00
1.000000000000000000e+00
2.000000000000000000e+00
2.000000000000000000e+00
2.000000000000000000e+00
1.000000000000000000e+00
1.000000000000000000e+00
0.000000000000000000e+00
0.000000000000000000e+00
0.000000000000000000e+00
0.000000000000000000e+00
0.000000000000000000e+00
1.000000000000000000e+00
0.000000000000000000e+00
0.000000000000000000e+00
0.000000000000000000e+00
0.000000000000000000e+00
0.000000000000000000e+00
0.000000000000000000e+00
0.000000000000000000e+00
1.000000000000000000e+00
1.000000000000000000e+00
0.000000000000000000e+00
0.000000000000000000e+00
0.000000000000000000e+00
0.000000000000000000e+00
0.000000000000000000e+00
0.000000000000000000e+00
0.000000000000000000e+00
0.000000000000000000e+00
0.000000000000000000e+00
0.000000000000000000e+00
0.000000000000000000e+00
0.000000000000000000e+00
0.000000000000000000e+00
0.000000000000000000e+00
0.000000000000000000e+00
0.000000000000000000e+00
1.000000000000000000e+00
2.000000000000000000e+00
0.000000000000000000e+00
0.000000000000000000e+00
0.000000000000000000e+00
0.000000000000000000e+00
0.000000000000000000e+00
0.000000000000000000e+00
0.000000000000000000e+00
0.000000000000000000e+00
0.000000000000000000e+00
0.000000000000000000e+00
0.000000000000000000e+00
0.000000000000000000e+00
0.000000000000000000e+00
0.000000000000000000e+00
0.000000000000000000e+00
0.000000000000000000e+00
0.000000000000000000e+00
0.000000000000000000e+00
0.000000000000000000e+00
0.000000000000000000e+00
0.000000000000000000e+00
0.000000000000000000e+00
0.000000000000000000e+00
0.000000000000000000e+00
0.000000000000000000e+00
0.000000000000000000e+00
0.000000000000000000e+00
0.000000000000000000e+00
0.000000000000000000e+00
0.000000000000000000e+00
0.000000000000000000e+00
0.000000000000000000e+00
0.000000000000000000e+00
0.000000000000000000e+00
0.000000000000000000e+00
0.000000000000000000e+00
0.000000000000000000e+00
0.000000000000000000e+00
0.000000000000000000e+00
0.000000000000000000e+00
0.000000000000000000e+00
0.000000000000000000e+00
0.000000000000000000e+00
0.000000000000000000e+00
0.000000000000000000e+00
0.000000000000000000e+00
0.000000000000000000e+00
0.000000000000000000e+00
0.000000000000000000e+00
0.000000000000000000e+00
0.000000000000000000e+00
0.000000000000000000e+00
0.000000000000000000e+00
0.000000000000000000e+00
0.000000000000000000e+00
0.000000000000000000e+00
0.000000000000000000e+00
0.000000000000000000e+00
0.000000000000000000e+00
0.000000000000000000e+00
0.000000000000000000e+00
0.000000000000000000e+00
0.000000000000000000e+00
0.000000000000000000e+00
0.000000000000000000e+00
0.000000000000000000e+00
0.000000000000000000e+00
0.000000000000000000e+00
0.000000000000000000e+00
0.000000000000000000e+00
0.000000000000000000e+00
0.000000000000000000e+00
0.000000000000000000e+00
0.000000000000000000e+00
0.000000000000000000e+00
0.000000000000000000e+00
0.000000000000000000e+00
0.000000000000000000e+00
0.000000000000000000e+00
0.000000000000000000e+00
0.000000000000000000e+00
0.000000000000000000e+00
0.000000000000000000e+00
0.000000000000000000e+00
0.000000000000000000e+00
0.000000000000000000e+00
0.000000000000000000e+00
0.000000000000000000e+00
0.000000000000000000e+00
0.000000000000000000e+00
0.000000000000000000e+00
1.000000000000000000e+00
0.000000000000000000e+00
0.000000000000000000e+00
0.000000000000000000e+00
0.000000000000000000e+00
0.000000000000000000e+00
0.000000000000000000e+00
0.000000000000000000e+00
0.000000000000000000e+00
0.000000000000000000e+00
0.000000000000000000e+00
0.000000000000000000e+00
1.000000000000000000e+00
0.000000000000000000e+00
0.000000000000000000e+00
0.000000000000000000e+00
0.000000000000000000e+00
0.000000000000000000e+00
1.000000000000000000e+00
0.000000000000000000e+00
0.000000000000000000e+00
0.000000000000000000e+00
0.000000000000000000e+00
0.000000000000000000e+00
0.000000000000000000e+00
0.000000000000000000e+00
0.000000000000000000e+00
1.000000000000000000e+00
0.000000000000000000e+00
0.000000000000000000e+00
0.000000000000000000e+00
0.000000000000000000e+00
0.000000000000000000e+00
0.000000000000000000e+00
0.000000000000000000e+00
0.000000000000000000e+00
0.000000000000000000e+00
0.000000000000000000e+00
0.000000000000000000e+00
0.000000000000000000e+00
0.000000000000000000e+00
0.000000000000000000e+00
0.000000000000000000e+00
0.000000000000000000e+00
0.000000000000000000e+00
0.000000000000000000e+00
0.000000000000000000e+00
0.000000000000000000e+00
1.000000000000000000e+00
0.000000000000000000e+00
0.000000000000000000e+00
0.000000000000000000e+00
0.000000000000000000e+00
0.000000000000000000e+00
0.000000000000000000e+00
0.000000000000000000e+00
0.000000000000000000e+00
0.000000000000000000e+00
0.000000000000000000e+00
0.000000000000000000e+00
0.000000000000000000e+00
0.000000000000000000e+00
0.000000000000000000e+00
0.000000000000000000e+00
0.000000000000000000e+00
0.000000000000000000e+00
0.000000000000000000e+00
0.000000000000000000e+00
1.000000000000000000e+00
0.000000000000000000e+00
0.000000000000000000e+00
0.000000000000000000e+00
0.000000000000000000e+00
0.000000000000000000e+00
0.000000000000000000e+00
0.000000000000000000e+00
1.000000000000000000e+00
0.000000000000000000e+00
0.000000000000000000e+00
0.000000000000000000e+00
0.000000000000000000e+00
0.000000000000000000e+00
0.000000000000000000e+00
0.000000000000000000e+00
0.000000000000000000e+00
0.000000000000000000e+00
0.000000000000000000e+00
0.000000000000000000e+00
0.000000000000000000e+00
0.000000000000000000e+00
0.000000000000000000e+00
0.000000000000000000e+00
0.000000000000000000e+00
0.000000000000000000e+00
0.000000000000000000e+00
0.000000000000000000e+00
0.000000000000000000e+00
0.000000000000000000e+00
0.000000000000000000e+00
0.000000000000000000e+00
0.000000000000000000e+00
0.000000000000000000e+00
0.000000000000000000e+00
0.000000000000000000e+00
0.000000000000000000e+00
0.000000000000000000e+00
0.000000000000000000e+00
0.000000000000000000e+00
1.000000000000000000e+00
1.000000000000000000e+00
0.000000000000000000e+00
0.000000000000000000e+00
0.000000000000000000e+00
0.000000000000000000e+00
0.000000000000000000e+00
0.000000000000000000e+00
1.000000000000000000e+00
0.000000000000000000e+00
0.000000000000000000e+00
0.000000000000000000e+00
0.000000000000000000e+00
0.000000000000000000e+00
0.000000000000000000e+00
1.000000000000000000e+00
0.000000000000000000e+00
0.000000000000000000e+00
0.000000000000000000e+00
0.000000000000000000e+00
0.000000000000000000e+00
0.000000000000000000e+00
0.000000000000000000e+00
0.000000000000000000e+00
0.000000000000000000e+00
0.000000000000000000e+00
0.000000000000000000e+00
0.000000000000000000e+00
0.000000000000000000e+00
0.000000000000000000e+00
0.000000000000000000e+00
0.000000000000000000e+00
0.000000000000000000e+00
0.000000000000000000e+00
0.000000000000000000e+00
0.000000000000000000e+00
0.000000000000000000e+00
5.000000000000000000e+00
0.000000000000000000e+00
0.000000000000000000e+00
0.000000000000000000e+00
1.500000000000000000e+01
0.000000000000000000e+00
0.000000000000000000e+00
0.000000000000000000e+00
1.000000000000000000e+00
0.000000000000000000e+00
0.000000000000000000e+00
0.000000000000000000e+00
0.000000000000000000e+00
1.000000000000000000e+00
0.000000000000000000e+00
0.000000000000000000e+00
0.000000000000000000e+00
0.000000000000000000e+00
0.000000000000000000e+00
0.000000000000000000e+00
0.000000000000000000e+00
0.000000000000000000e+00
0.000000000000000000e+00
1.000000000000000000e+00
0.000000000000000000e+00
0.000000000000000000e+00
0.000000000000000000e+00
1.000000000000000000e+00
0.000000000000000000e+00
4.000000000000000000e+00
0.000000000000000000e+00
0.000000000000000000e+00
0.000000000000000000e+00
0.000000000000000000e+00
0.000000000000000000e+00
0.000000000000000000e+00
0.000000000000000000e+00
0.000000000000000000e+00
1.000000000000000000e+00
0.000000000000000000e+00
1.000000000000000000e+00
0.000000000000000000e+00
0.000000000000000000e+00
1.000000000000000000e+00
1.000000000000000000e+00
0.000000000000000000e+00
0.000000000000000000e+00
0.000000000000000000e+00
0.000000000000000000e+00
1.000000000000000000e+00
0.000000000000000000e+00
0.000000000000000000e+00
0.000000000000000000e+00
0.000000000000000000e+00
0.000000000000000000e+00
0.000000000000000000e+00
0.000000000000000000e+00
0.000000000000000000e+00
0.000000000000000000e+00
1.000000000000000000e+00
0.000000000000000000e+00
0.000000000000000000e+00
1.000000000000000000e+00
0.000000000000000000e+00
1.000000000000000000e+00
0.000000000000000000e+00
1.000000000000000000e+00
0.000000000000000000e+00
1.000000000000000000e+00
1.000000000000000000e+00
1.000000000000000000e+00
0.000000000000000000e+00
0.000000000000000000e+00
0.000000000000000000e+00
7.000000000000000000e+00
0.000000000000000000e+00
3.000000000000000000e+00
1.000000000000000000e+00
0.000000000000000000e+00
0.000000000000000000e+00
2.000000000000000000e+00
1.000000000000000000e+00
0.000000000000000000e+00
0.000000000000000000e+00
0.000000000000000000e+00
0.000000000000000000e+00
0.000000000000000000e+00
0.000000000000000000e+00
1.000000000000000000e+00
0.000000000000000000e+00
3.000000000000000000e+00
2.000000000000000000e+00
1.000000000000000000e+00
0.000000000000000000e+00
1.000000000000000000e+00
0.000000000000000000e+00
0.000000000000000000e+00
0.000000000000000000e+00
1.000000000000000000e+00
1.000000000000000000e+00
3.000000000000000000e+00
0.000000000000000000e+00
0.000000000000000000e+00
0.000000000000000000e+00
0.000000000000000000e+00
0.000000000000000000e+00
2.000000000000000000e+00
0.000000000000000000e+00
0.000000000000000000e+00
0.000000000000000000e+00
0.000000000000000000e+00
2.000000000000000000e+00
0.000000000000000000e+00
0.000000000000000000e+00
0.000000000000000000e+00
0.000000000000000000e+00
0.000000000000000000e+00
0.000000000000000000e+00
0.000000000000000000e+00
1.000000000000000000e+00
0.000000000000000000e+00
0.000000000000000000e+00
3.000000000000000000e+00
0.000000000000000000e+00
0.000000000000000000e+00
1.000000000000000000e+00
0.000000000000000000e+00
0.000000000000000000e+00
1.000000000000000000e+00
1.000000000000000000e+00
0.000000000000000000e+00
0.000000000000000000e+00
0.000000000000000000e+00
1.000000000000000000e+00
1.000000000000000000e+00
0.000000000000000000e+00
0.000000000000000000e+00
0.000000000000000000e+00
0.000000000000000000e+00
0.000000000000000000e+00
3.000000000000000000e+00
0.000000000000000000e+00
0.000000000000000000e+00
0.000000000000000000e+00
0.000000000000000000e+00
1.000000000000000000e+00
0.000000000000000000e+00
4.000000000000000000e+00
1.000000000000000000e+00
0.000000000000000000e+00
0.000000000000000000e+00
0.000000000000000000e+00
1.000000000000000000e+00
2.000000000000000000e+00
0.000000000000000000e+00
0.000000000000000000e+00
0.000000000000000000e+00
0.000000000000000000e+00
0.000000000000000000e+00
0.000000000000000000e+00
2.000000000000000000e+00
0.000000000000000000e+00
2.000000000000000000e+00
0.000000000000000000e+00
0.000000000000000000e+00
0.000000000000000000e+00
0.000000000000000000e+00
2.000000000000000000e+00
0.000000000000000000e+00
0.000000000000000000e+00
1.000000000000000000e+00
0.000000000000000000e+00
4.000000000000000000e+00
0.000000000000000000e+00
1.000000000000000000e+00
0.000000000000000000e+00
0.000000000000000000e+00
0.000000000000000000e+00
3.000000000000000000e+00
0.000000000000000000e+00
0.000000000000000000e+00
0.000000000000000000e+00
1.000000000000000000e+00
1.000000000000000000e+00
0.000000000000000000e+00
1.000000000000000000e+00
0.000000000000000000e+00
0.000000000000000000e+00
4.000000000000000000e+00
0.000000000000000000e+00
0.000000000000000000e+00
0.000000000000000000e+00
2.000000000000000000e+00
0.000000000000000000e+00
9.000000000000000000e+00
5.000000000000000000e+00
0.000000000000000000e+00
0.000000000000000000e+00
0.000000000000000000e+00
1.000000000000000000e+00
0.000000000000000000e+00
0.000000000000000000e+00
2.200000000000000000e+01
0.000000000000000000e+00
6.000000000000000000e+00
2.000000000000000000e+00
8.000000000000000000e+00
0.000000000000000000e+00
1.200000000000000000e+01
0.000000000000000000e+00
0.000000000000000000e+00
0.000000000000000000e+00
3.000000000000000000e+00
1.000000000000000000e+00
0.000000000000000000e+00
1.000000000000000000e+00
0.000000000000000000e+00
0.000000000000000000e+00
1.000000000000000000e+00
0.000000000000000000e+00
0.000000000000000000e+00
8.000000000000000000e+00
5.900000000000000000e+01
3.400000000000000000e+01
5.400000000000000000e+01
4.900000000000000000e+01
5.500000000000000000e+01
4.200000000000000000e+01
8.300000000000000000e+01
6.400000000000000000e+01
6.500000000000000000e+01
9.400000000000000000e+01
0.000000000000000000e+00
3.870000000000000000e+02
1.220000000000000000e+02
3.140000000000000000e+02
1.040000000000000000e+02
0.000000000000000000e+00
2.860000000000000000e+02
0.000000000000000000e+00
2.210000000000000000e+02
0.000000000000000000e+00
8.200000000000000000e+01
1.790000000000000000e+02
7.100000000000000000e+01
1.460000000000000000e+02
1.020000000000000000e+02
1.330000000000000000e+02
0.000000000000000000e+00
0.000000000000000000e+00
3.710000000000000000e+02
1.030000000000000000e+02
1.160000000000000000e+02
1.480000000000000000e+02
6.300000000000000000e+01
1.410000000000000000e+02
1.280000000000000000e+02
1.600000000000000000e+02
1.080000000000000000e+02
1.350000000000000000e+02
1.090000000000000000e+02
1.390000000000000000e+02
1.430000000000000000e+02
9.000000000000000000e+01
2.140000000000000000e+02
1.240000000000000000e+02
2.010000000000000000e+02
0.000000000000000000e+00
3.740000000000000000e+02
0.000000000000000000e+00
5.800000000000000000e+02
1.600000000000000000e+02
1.130000000000000000e+02
1.370000000000000000e+02
1.660000000000000000e+02
2.100000000000000000e+02
0.000000000000000000e+00
0.000000000000000000e+00
5.780000000000000000e+02
1.400000000000000000e+02
1.060000000000000000e+02
1.120000000000000000e+02
2.020000000000000000e+02
1.350000000000000000e+02
3.810000000000000000e+02
1.870000000000000000e+02
3.050000000000000000e+02
1.930000000000000000e+02
1.630000000000000000e+02
4.230000000000000000e+02
1.050000000000000000e+02
5.040000000000000000e+02
1.870000000000000000e+02
1.730000000000000000e+02
1.660000000000000000e+02
1.560000000000000000e+02
1.300000000000000000e+02
2.290000000000000000e+02
2.120000000000000000e+02
2.710000000000000000e+02
2.110000000000000000e+02
1.150000000000000000e+02
1.130000000000000000e+02
1.320000000000000000e+02
1.100000000000000000e+02
6.500000000000000000e+01
1.160000000000000000e+02
7.500000000000000000e+01
1.250000000000000000e+02
9.900000000000000000e+01
0.000000000000000000e+00
1.970000000000000000e+02
0.000000000000000000e+00
4.000000000000000000e+01
8.200000000000000000e+01
9.800000000000000000e+01
9.600000000000000000e+01
6.300000000000000000e+01
5.100000000000000000e+01
4.300000000000000000e+01
0.000000000000000000e+00
7.600000000000000000e+01
8.700000000000000000e+01
2.100000000000000000e+01
4.500000000000000000e+01
0.000000000000000000e+00
1.470000000000000000e+02
3.900000000000000000e+01
7.100000000000000000e+01
7.000000000000000000e+01
0.000000000000000000e+00
1.470000000000000000e+02
7.400000000000000000e+01
0.000000000000000000e+00
6.600000000000000000e+01
0.000000000000000000e+00
5.300000000000000000e+01
0.000000000000000000e+00
3.100000000000000000e+01
2.200000000000000000e+01
2.200000000000000000e+01
1.600000000000000000e+01
2.700000000000000000e+01
1.500000000000000000e+01
5.700000000000000000e+01
-1.800000000000000000e+01
6.000000000000000000e+01
5.000000000000000000e+00
1.400000000000000000e+01
1.000000000000000000e+00
9.000000000000000000e+00
4.000000000000000000e+00
9.000000000000000000e+00
1.000000000000000000e+00
1.600000000000000000e+01
1.000000000000000000e+01
6.000000000000000000e+00
8.000000000000000000e+00
3.000000000000000000e+00
0.000000000000000000e+00
0.000000000000000000e+00
0.000000000000000000e+00
2.900000000000000000e+01
3.000000000000000000e+00
4.000000000000000000e+00
5.000000000000000000e+00
0.000000000000000000e+00
0.000000000000000000e+00
0.000000000000000000e+00
3.600000000000000000e+01
0.000000000000000000e+00
2.600000000000000000e+01
0.000000000000000000e+00
4.500000000000000000e+01
2.000000000000000000e+01
3.700000000000000000e+01
4.400000000000000000e+01
0.000000000000000000e+00
7.200000000000000000e+01
0.000000000000000000e+00
4.700000000000000000e+01
0.000000000000000000e+00
0.000000000000000000e+00
1.040000000000000000e+02
0.000000000000000000e+00
8.500000000000000000e+01
0.000000000000000000e+00
8.000000000000000000e+01
1.800000000000000000e+01
0.000000000000000000e+00
6.400000000000000000e+01
0.000000000000000000e+00
3.100000000000000000e+01
2.700000000000000000e+01
8.700000000000000000e+01
5.200000000000000000e+01
0.000000000000000000e+00
1.310000000000000000e+02
0.000000000000000000e+00
2.150000000000000000e+02
0.000000000000000000e+00
2.000000000000000000e+02
5.130000000000000000e+02
0.000000000000000000e+00
7.480000000000000000e+02
2.520000000000000000e+02
4.410000000000000000e+02
6.280000000000000000e+02
9.810000000000000000e+02
1.125000000000000000e+03
9.360000000000000000e+02
1.477000000000000000e+03
6.670000000000000000e+02
9.250000000000000000e+02
2.015000000000000000e+03
0.000000000000000000e+00
0.000000000000000000e+00
7.380000000000000000e+03
2.819000000000000000e+03
3.251000000000000000e+03
3.285000000000000000e+03
3.721000000000000000e+03
3.461000000000000000e+03
3.969000000000000000e+03
3.962000000000000000e+03
4.095000000000000000e+03
4.220000000000000000e+03
3.887000000000000000e+03
4.885000000000000000e+03
4.215000000000000000e+03
4.095000000000000000e+03
4.005000000000000000e+03
4.185000000000000000e+03
3.984000000000000000e+03
3.155000000000000000e+03
3.849000000000000000e+03
2.914000000000000000e+03
2.602000000000000000e+03
2.555000000000000000e+03
2.278000000000000000e+03
2.553000000000000000e+03
1.968000000000000000e+03
1.708000000000000000e+03
1.357000000000000000e+03
1.465000000000000000e+03
1.294000000000000000e+03
1.393000000000000000e+03
1.191000000000000000e+03
1.006000000000000000e+03
7.750000000000000000e+02
7.560000000000000000e+02
7.740000000000000000e+02
7.920000000000000000e+02
7.910000000000000000e+02
7.870000000000000000e+02
7.450000000000000000e+02
6.860000000000000000e+02
5.030000000000000000e+02
5.150000000000000000e+02
5.440000000000000000e+02
4.000000000000000000e+02
4.470000000000000000e+02
4.180000000000000000e+02
3.460000000000000000e+02
3.620000000000000000e+02
3.140000000000000000e+02
2.690000000000000000e+02
2.810000000000000000e+02
2.500000000000000000e+02
2.170000000000000000e+02
1.870000000000000000e+02
1.720000000000000000e+02
2.100000000000000000e+02
1.760000000000000000e+02
1.590000000000000000e+02
1.820000000000000000e+02
1.780000000000000000e+02
1.810000000000000000e+02
1.500000000000000000e+02
1.410000000000000000e+02
1.050000000000000000e+02
1.500000000000000000e+02
1.360000000000000000e+02
1.260000000000000000e+02
9.800000000000000000e+01
1.190000000000000000e+02
1.020000000000000000e+02
6.100000000000000000e+01
0.000000000000000000e+00
6.500000000000000000e+01
1.900000000000000000e+02
1.460000000000000000e+02
1.530000000000000000e+02
1.620000000000000000e+02
2.310000000000000000e+02
2.490000000000000000e+02
2.650000000000000000e+02
2.440000000000000000e+02
2.500000000000000000e+02
2.700000000000000000e+02
2.750000000000000000e+02
2.480000000000000000e+02
2.970000000000000000e+02
2.650000000000000000e+02
3.000000000000000000e+02
2.620000000000000000e+02
2.610000000000000000e+02
2.710000000000000000e+02
1.910000000000000000e+02
2.690000000000000000e+02
2.460000000000000000e+02
2.500000000000000000e+02
2.220000000000000000e+02
1.740000000000000000e+02
2.050000000000000000e+02
2.170000000000000000e+02
3.060000000000000000e+02
2.790000000000000000e+02
2.960000000000000000e+02
3.670000000000000000e+02
3.420000000000000000e+02
3.790000000000000000e+02
3.440000000000000000e+02
3.790000000000000000e+02
3.800000000000000000e+02
3.990000000000000000e+02
3.900000000000000000e+02
3.700000000000000000e+02
3.920000000000000000e+02
3.810000000000000000e+02
5.180000000000000000e+02
5.220000000000000000e+02
0.000000000000000000e+00
1.141000000000000000e+03
5.190000000000000000e+02
6.590000000000000000e+02
0.000000000000000000e+00
1.320000000000000000e+03
7.520000000000000000e+02
3.000000000000000000e+00
0.000000000000000000e+00
1.064000000000000000e+03
0.000000000000000000e+00
0.000000000000000000e+00
1.947000000000000000e+03
7.730000000000000000e+02
7.440000000000000000e+02
8.450000000000000000e+02
8.270000000000000000e+02
0.000000000000000000e+00
0.000000000000000000e+00
2.942000000000000000e+03
1.091000000000000000e+03
1.088000000000000000e+03
1.179000000000000000e+03
1.253000000000000000e+03
0.000000000000000000e+00
0.000000000000000000e+00
4.402000000000000000e+03
1.585000000000000000e+03
1.492000000000000000e+03
1.497000000000000000e+03
1.694000000000000000e+03
0.000000000000000000e+00
0.000000000000000000e+00
5.269000000000000000e+03
1.684000000000000000e+03
1.871000000000000000e+03
1.660000000000000000e+03
1.679000000000000000e+03
0.000000000000000000e+00
0.000000000000000000e+00
5.166000000000000000e+03
1.578000000000000000e+03
1.328000000000000000e+03
1.199000000000000000e+03
1.506000000000000000e+03
0.000000000000000000e+00
0.000000000000000000e+00
0.000000000000000000e+00
4.527000000000000000e+03
7.150000000000000000e+02
2.500000000000000000e+01
0.000000000000000000e+00
0.000000000000000000e+00
0.000000000000000000e+00
0.000000000000000000e+00
4.126000000000000000e+03
0.000000000000000000e+00
0.000000000000000000e+00
0.000000000000000000e+00
0.000000000000000000e+00
0.000000000000000000e+00
0.000000000000000000e+00
0.000000000000000000e+00
0.000000000000000000e+00
0.000000000000000000e+00
0.000000000000000000e+00
0.000000000000000000e+00
0.000000000000000000e+00
0.000000000000000000e+00
0.000000000000000000e+00
4.962000000000000000e+03
0.000000000000000000e+00
0.000000000000000000e+00
0.000000000000000000e+00
0.000000000000000000e+00
0.000000000000000000e+00
0.000000000000000000e+00
0.000000000000000000e+00
0.000000000000000000e+00
0.000000000000000000e+00
0.000000000000000000e+00
0.000000000000000000e+00
0.000000000000000000e+00
2.814000000000000000e+03
0.000000000000000000e+00
0.000000000000000000e+00
0.000000000000000000e+00
0.000000000000000000e+00
0.000000000000000000e+00
0.000000000000000000e+00
0.000000000000000000e+00
1.551000000000000000e+03
0.000000000000000000e+00
0.000000000000000000e+00
0.000000000000000000e+00
0.000000000000000000e+00
0.000000000000000000e+00
1.627000000000000000e+03
0.000000000000000000e+00
0.000000000000000000e+00
0.000000000000000000e+00
0.000000000000000000e+00
0.000000000000000000e+00
0.000000000000000000e+00
0.000000000000000000e+00
1.519000000000000000e+03
0.000000000000000000e+00
0.000000000000000000e+00
0.000000000000000000e+00
0.000000000000000000e+00
0.000000000000000000e+00
1.909000000000000000e+03
0.000000000000000000e+00
0.000000000000000000e+00
0.000000000000000000e+00
0.000000000000000000e+00
0.000000000000000000e+00
0.000000000000000000e+00
2.168000000000000000e+03
0.000000000000000000e+00
0.000000000000000000e+00
0.000000000000000000e+00
0.000000000000000000e+00
0.000000000000000000e+00
0.000000000000000000e+00
2.749000000000000000e+03
0.000000000000000000e+00
0.000000000000000000e+00
0.000000000000000000e+00
0.000000000000000000e+00
0.000000000000000000e+00
0.000000000000000000e+00
3.074000000000000000e+03
0.000000000000000000e+00
0.000000000000000000e+00
0.000000000000000000e+00
0.000000000000000000e+00
0.000000000000000000e+00
0.000000000000000000e+00
0.000000000000000000e+00
3.388000000000000000e+03
0.000000000000000000e+00
0.000000000000000000e+00
0.000000000000000000e+00
0.000000000000000000e+00
0.000000000000000000e+00
0.000000000000000000e+00
3.555000000000000000e+03
0.000000000000000000e+00
0.000000000000000000e+00
0.000000000000000000e+00
0.000000000000000000e+00
0.000000000000000000e+00
