2.293636116469691042e+05
2.306534940145966248e+05
2.318791451043991256e+05
2.331736521278606670e+05
2.344772364754931477e+05
2.357336805259833054e+05
2.370471579026387772e+05
2.385714945121592609e+05
2.399629808066035912e+05
2.412616915879479202e+05
2.426000999002976459e+05
2.439184777487553365e+05
2.451613215701104200e+05
2.464341644580112770e+05
2.478928027923066402e+05
2.491960584759747144e+05
2.503870342933635111e+05
2.516016505322951707e+05
2.527839575694029627e+05
2.538824646158708492e+05
2.550068491496046481e+05
2.563170773899337510e+05
2.574760598338111886e+05
2.585308022142644913e+05
2.596208428228577832e+05
2.606934735685032792e+05
2.616999874411388882e+05
2.627523191056014621e+05
2.640121108462880366e+05
2.651433293572483817e+05
2.661933947822921327e+05
2.673016135277021676e+05
2.684144123198031448e+05
2.694816157902202103e+05
2.706131334524274571e+05
2.719680869751786813e+05
2.732075015152857522e+05
2.743755204128486221e+05
2.756079323595310561e+05
2.768475058573767892e+05
2.780403704283289844e+05
2.792928075275241863e+05
2.807604791500716237e+05
2.821012150556902634e+05
2.833563152347953292e+05
2.846591542824769276e+05
2.859505803587218979e+05
2.871753464224344352e+05
2.884389353368949960e+05
2.898968059370010742e+05
2.912071805650446331e+05
2.924123307746328064e+05
2.936471484362812480e+05
2.948544959645425552e+05
2.959815748397833668e+05
2.971366759082169156e+05
2.984783407821707660e+05
2.996680573591720895e+05
3.007514488783464767e+05
3.018667465939835529e+05
