0.000000000000000000e+00
0.000000000000000000e+00
0.000000000000000000e+00
0.000000000000000000e+00
0.000000000000000000e+00
0.000000000000000000e+00
0.000000000000000000e+00
0.000000000000000000e+00
0.000000000000000000e+00
0.000000000000000000e+00
0.000000000000000000e+00
0.000000000000000000e+00
0.000000000000000000e+00
0.000000000000000000e+00
0.000000000000000000e+00
0.000000000000000000e+00
0.000000000000000000e+00
0.000000000000000000e+00
0.000000000000000000e+00
0.000000000000000000e+00
0.000000000000000000e+00
0.000000000000000000e+00
0.000000000000000000e+00
0.000000000000000000e+00
0.000000000000000000e+00
0.000000000000000000e+00
0.000000000000000000e+00
0.000000000000000000e+00
0.000000000000000000e+00
0.000000000000000000e+00
0.000000000000000000e+00
0.000000000000000000e+00
0.000000000000000000e+00
0.000000000000000000e+00
0.000000000000000000e+00
0.000000000000000000e+00
0.000000000000000000e+00
0.000000000000000000e+00
0.000000000000000000e+00
0.000000000000000000e+00
0.000000000000000000e+00
0.000000000000000000e+00
0.000000000000000000e+00
0.000000000000000000e+00
0.000000000000000000e+00
0.000000000000000000e+00
0.000000000000000000e+00
0.000000000000000000e+00
0.000000000000000000e+00
0.000000000000000000e+00
1.000000000000000000e+00
2.000000000000000000e+00
3.000000000000000000e+00
4.000000000000000000e+00
4.000000000000000000e+00
4.000000000000000000e+00
7.000000000000000000e+00
9.000000000000000000e+00
1.100000000000000000e+01
1.500000000000000000e+01
1.700000000000000000e+01
1.700000000000000000e+01
1.900000000000000000e+01
2.100000000000000000e+01
2.500000000000000000e+01
2.600000000000000000e+01
2.900000000000000000e+01
3.100000000000000000e+01
3.500000000000000000e+01
4.400000000000000000e+01
5.800000000000000000e+01
8.600000000000000000e+01
1.050000000000000000e+02
1.300000000000000000e+02
1.520000000000000000e+02
1.730000000000000000e+02
1.930000000000000000e+02
2.050000000000000000e+02
2.350000000000000000e+02
2.560000000000000000e+02
2.750000000000000000e+02
2.930000000000000000e+02
3.130000000000000000e+02
3.260000000000000000e+02
3.360000000000000000e+02
3.480000000000000000e+02
3.640000000000000000e+02
3.670000000000000000e+02
3.750000000000000000e+02
3.840000000000000000e+02
3.920000000000000000e+02
4.020000000000000000e+02
4.070000000000000000e+02
4.150000000000000000e+02
4.190000000000000000e+02
4.250000000000000000e+02
4.320000000000000000e+02
4.370000000000000000e+02
4.440000000000000000e+02
4.500000000000000000e+02
4.530000000000000000e+02
4.590000000000000000e+02
4.630000000000000000e+02
4.650000000000000000e+02
4.700000000000000000e+02
4.760000000000000000e+02
4.830000000000000000e+02
4.880000000000000000e+02
4.940000000000000000e+02
5.020000000000000000e+02
5.070000000000000000e+02
5.150000000000000000e+02
5.220000000000000000e+02
5.290000000000000000e+02
5.360000000000000000e+02
5.420000000000000000e+02
5.480000000000000000e+02
5.550000000000000000e+02
5.610000000000000000e+02
5.680000000000000000e+02
5.750000000000000000e+02
5.820000000000000000e+02
5.920000000000000000e+02
6.000000000000000000e+02
6.090000000000000000e+02
6.170000000000000000e+02
6.230000000000000000e+02
6.300000000000000000e+02
6.380000000000000000e+02
6.460000000000000000e+02
6.530000000000000000e+02
6.610000000000000000e+02
6.670000000000000000e+02
6.730000000000000000e+02
6.810000000000000000e+02
6.900000000000000000e+02
6.980000000000000000e+02
7.070000000000000000e+02
7.150000000000000000e+02
7.240000000000000000e+02
7.320000000000000000e+02
7.410000000000000000e+02
7.510000000000000000e+02
7.600000000000000000e+02
7.670000000000000000e+02
7.770000000000000000e+02
7.880000000000000000e+02
7.990000000000000000e+02
8.110000000000000000e+02
8.250000000000000000e+02
8.370000000000000000e+02
8.450000000000000000e+02
8.520000000000000000e+02
8.610000000000000000e+02
8.690000000000000000e+02
8.780000000000000000e+02
8.850000000000000000e+02
8.920000000000000000e+02
8.970000000000000000e+02
9.050000000000000000e+02
9.120000000000000000e+02
9.200000000000000000e+02
9.280000000000000000e+02
9.370000000000000000e+02
9.460000000000000000e+02
9.520000000000000000e+02
9.590000000000000000e+02
9.680000000000000000e+02
9.780000000000000000e+02
9.880000000000000000e+02
9.960000000000000000e+02
1.004000000000000000e+03
1.011000000000000000e+03
1.018000000000000000e+03
1.028000000000000000e+03
1.040000000000000000e+03
1.052000000000000000e+03
1.057000000000000000e+03
1.068000000000000000e+03
1.078000000000000000e+03
1.087000000000000000e+03
1.100000000000000000e+03
1.111000000000000000e+03
1.124000000000000000e+03
1.136000000000000000e+03
1.146000000000000000e+03
1.155000000000000000e+03
1.163000000000000000e+03
1.174000000000000000e+03
1.186000000000000000e+03
1.200000000000000000e+03
1.210000000000000000e+03
1.223000000000000000e+03
1.231000000000000000e+03
1.239000000000000000e+03
1.248000000000000000e+03
1.261000000000000000e+03
1.273000000000000000e+03
1.282000000000000000e+03
1.293000000000000000e+03
1.302000000000000000e+03
1.312000000000000000e+03
1.322000000000000000e+03
1.333000000000000000e+03
1.341000000000000000e+03
1.351000000000000000e+03
1.360000000000000000e+03
1.370000000000000000e+03
1.379000000000000000e+03
1.391000000000000000e+03
1.402000000000000000e+03
1.411000000000000000e+03
1.418000000000000000e+03
1.424000000000000000e+03
1.435000000000000000e+03
1.446000000000000000e+03
1.456000000000000000e+03
1.465000000000000000e+03
1.475000000000000000e+03
1.483000000000000000e+03
1.491000000000000000e+03
1.501000000000000000e+03
1.510000000000000000e+03
1.518000000000000000e+03
1.523000000000000000e+03
1.529000000000000000e+03
1.539000000000000000e+03
1.549000000000000000e+03
1.556000000000000000e+03
1.562000000000000000e+03
1.571000000000000000e+03
1.581000000000000000e+03
1.591000000000000000e+03
1.599000000000000000e+03
1.605000000000000000e+03
1.612000000000000000e+03
1.620000000000000000e+03
1.632000000000000000e+03
1.645000000000000000e+03
1.654000000000000000e+03
1.659000000000000000e+03
1.665000000000000000e+03
1.672000000000000000e+03
1.679000000000000000e+03
1.689000000000000000e+03
1.698000000000000000e+03
1.703000000000000000e+03
1.707000000000000000e+03
1.711000000000000000e+03
1.714000000000000000e+03
1.719000000000000000e+03
1.726000000000000000e+03
1.736000000000000000e+03
1.741000000000000000e+03
1.749000000000000000e+03
1.756000000000000000e+03
1.760000000000000000e+03
1.768000000000000000e+03
1.768000000000000000e+03
1.771000000000000000e+03
1.783000000000000000e+03
1.789000000000000000e+03
1.795000000000000000e+03
1.801000000000000000e+03
1.809000000000000000e+03
1.818000000000000000e+03
1.827000000000000000e+03
1.827000000000000000e+03
1.841000000000000000e+03
1.846000000000000000e+03
1.856000000000000000e+03
1.865000000000000000e+03
1.873000000000000000e+03
1.880000000000000000e+03
1.888000000000000000e+03
1.897000000000000000e+03
1.907000000000000000e+03
1.914000000000000000e+03
1.922000000000000000e+03
1.931000000000000000e+03
1.941000000000000000e+03
1.949000000000000000e+03
1.956000000000000000e+03
1.964000000000000000e+03
1.973000000000000000e+03
1.980000000000000000e+03
1.980000000000000000e+03
1.999000000000000000e+03
2.011000000000000000e+03
2.024000000000000000e+03
2.036000000000000000e+03
2.048000000000000000e+03
2.062000000000000000e+03
2.077000000000000000e+03
2.093000000000000000e+03
2.111000000000000000e+03
2.124000000000000000e+03
2.139000000000000000e+03
2.154000000000000000e+03
2.168000000000000000e+03
2.186000000000000000e+03
2.206000000000000000e+03
2.224000000000000000e+03
2.236000000000000000e+03
2.255000000000000000e+03
2.272000000000000000e+03
2.294000000000000000e+03
2.309000000000000000e+03
2.329000000000000000e+03
2.352000000000000000e+03
2.372000000000000000e+03
2.393000000000000000e+03
2.410000000000000000e+03
2.431000000000000000e+03
2.447000000000000000e+03
2.464000000000000000e+03
2.480000000000000000e+03
2.492000000000000000e+03
2.501000000000000000e+03
2.516000000000000000e+03
2.527000000000000000e+03
2.539000000000000000e+03
2.554000000000000000e+03
2.564000000000000000e+03
2.575000000000000000e+03
2.584000000000000000e+03
2.596000000000000000e+03
2.609000000000000000e+03
2.623000000000000000e+03
2.631000000000000000e+03
2.640000000000000000e+03
2.647000000000000000e+03
2.659000000000000000e+03
2.666000000000000000e+03
2.675000000000000000e+03
2.687000000000000000e+03
2.696000000000000000e+03
2.705000000000000000e+03
2.716000000000000000e+03
2.722000000000000000e+03
2.728000000000000000e+03
2.737000000000000000e+03
2.745000000000000000e+03
2.751000000000000000e+03
2.756000000000000000e+03
2.762000000000000000e+03
2.769000000000000000e+03
2.772000000000000000e+03
2.777000000000000000e+03
2.782000000000000000e+03
2.786000000000000000e+03
2.792000000000000000e+03
2.798000000000000000e+03
2.803000000000000000e+03
2.807000000000000000e+03
2.812000000000000000e+03
2.816000000000000000e+03
2.819000000000000000e+03
2.822000000000000000e+03
2.827000000000000000e+03
2.831000000000000000e+03
2.836000000000000000e+03
2.840000000000000000e+03
2.843000000000000000e+03
2.849000000000000000e+03
2.853000000000000000e+03
2.856000000000000000e+03
2.861000000000000000e+03
2.863000000000000000e+03
2.866000000000000000e+03
2.871000000000000000e+03
2.877000000000000000e+03
2.881000000000000000e+03
2.884000000000000000e+03
2.888000000000000000e+03
2.891000000000000000e+03
2.894000000000000000e+03
2.898000000000000000e+03
2.900000000000000000e+03
2.904000000000000000e+03
2.909000000000000000e+03
2.909000000000000000e+03
2.914000000000000000e+03
2.918000000000000000e+03
2.924000000000000000e+03
2.926000000000000000e+03
2.930000000000000000e+03
2.932000000000000000e+03
2.935000000000000000e+03
2.939000000000000000e+03
2.943000000000000000e+03
2.945000000000000000e+03
2.947000000000000000e+03
2.950000000000000000e+03
2.954000000000000000e+03
2.958000000000000000e+03
2.961000000000000000e+03
2.964000000000000000e+03
2.967000000000000000e+03
2.970000000000000000e+03
2.973000000000000000e+03
2.977000000000000000e+03
2.979000000000000000e+03
2.983000000000000000e+03
2.987000000000000000e+03
2.991000000000000000e+03
2.996000000000000000e+03
3.002000000000000000e+03
3.007000000000000000e+03
3.010000000000000000e+03
3.013000000000000000e+03
3.018000000000000000e+03
3.022000000000000000e+03
3.026000000000000000e+03
3.028000000000000000e+03
3.031000000000000000e+03
3.034000000000000000e+03
3.036000000000000000e+03
3.040000000000000000e+03
3.045000000000000000e+03
3.048000000000000000e+03
3.051000000000000000e+03
3.053000000000000000e+03
3.055000000000000000e+03
3.057000000000000000e+03
3.061000000000000000e+03
3.066000000000000000e+03
3.069000000000000000e+03
3.071000000000000000e+03
3.074000000000000000e+03
3.077000000000000000e+03
3.080000000000000000e+03
3.084000000000000000e+03
3.089000000000000000e+03
3.093000000000000000e+03
3.096000000000000000e+03
3.099000000000000000e+03
3.102000000000000000e+03
3.105000000000000000e+03
3.108000000000000000e+03
3.112000000000000000e+03
3.116000000000000000e+03
3.119000000000000000e+03
3.123000000000000000e+03
3.126000000000000000e+03
3.130000000000000000e+03
3.134000000000000000e+03
3.137000000000000000e+03
3.141000000000000000e+03
3.144000000000000000e+03
3.148000000000000000e+03
3.152000000000000000e+03
3.155000000000000000e+03
3.160000000000000000e+03
3.165000000000000000e+03
3.172000000000000000e+03
3.181000000000000000e+03
3.190000000000000000e+03
3.198000000000000000e+03
3.207000000000000000e+03
3.217000000000000000e+03
3.225000000000000000e+03
3.234000000000000000e+03
3.244000000000000000e+03
3.253000000000000000e+03
3.261000000000000000e+03
3.270000000000000000e+03
3.280000000000000000e+03
3.289000000000000000e+03
3.299000000000000000e+03
3.307000000000000000e+03
3.315000000000000000e+03
3.321000000000000000e+03
3.328000000000000000e+03
3.335000000000000000e+03
3.343000000000000000e+03
3.350000000000000000e+03
3.355000000000000000e+03
3.360000000000000000e+03
3.366000000000000000e+03
3.374000000000000000e+03
3.381000000000000000e+03
3.388000000000000000e+03
3.395000000000000000e+03
3.401000000000000000e+03
3.405000000000000000e+03
3.411000000000000000e+03
3.418000000000000000e+03
3.426000000000000000e+03
3.433000000000000000e+03
3.440000000000000000e+03
3.448000000000000000e+03
3.455000000000000000e+03
3.460000000000000000e+03
3.465000000000000000e+03
3.472000000000000000e+03
3.480000000000000000e+03
3.490000000000000000e+03
3.497000000000000000e+03
3.504000000000000000e+03
3.510000000000000000e+03
3.518000000000000000e+03
3.527000000000000000e+03
3.537000000000000000e+03
3.544000000000000000e+03
3.552000000000000000e+03
3.560000000000000000e+03
3.565000000000000000e+03
3.571000000000000000e+03
3.579000000000000000e+03
3.588000000000000000e+03
3.598000000000000000e+03
3.605000000000000000e+03
3.615000000000000000e+03
3.624000000000000000e+03
3.631000000000000000e+03
3.641000000000000000e+03
3.650000000000000000e+03
3.660000000000000000e+03
3.669000000000000000e+03
3.678000000000000000e+03
3.685000000000000000e+03
3.693000000000000000e+03
3.699000000000000000e+03
3.708000000000000000e+03
3.716000000000000000e+03
3.726000000000000000e+03
3.735000000000000000e+03
3.745000000000000000e+03
3.755000000000000000e+03
3.765000000000000000e+03
3.775000000000000000e+03
3.786000000000000000e+03
3.798000000000000000e+03
3.811000000000000000e+03
3.824000000000000000e+03
3.836000000000000000e+03
3.851000000000000000e+03
3.867000000000000000e+03
3.882000000000000000e+03
3.895000000000000000e+03
3.910000000000000000e+03
3.922000000000000000e+03
3.938000000000000000e+03
3.956000000000000000e+03
3.979000000000000000e+03
3.994000000000000000e+03
4.008000000000000000e+03
4.026000000000000000e+03
4.042000000000000000e+03
4.063000000000000000e+03
4.087000000000000000e+03
4.112000000000000000e+03
4.161000000000000000e+03
4.189000000000000000e+03
4.219000000000000000e+03
4.254000000000000000e+03
4.291000000000000000e+03
4.329000000000000000e+03
4.370000000000000000e+03
4.404000000000000000e+03
4.441000000000000000e+03
4.487000000000000000e+03
4.520000000000000000e+03
4.550000000000000000e+03
4.578000000000000000e+03
4.618000000000000000e+03
4.654000000000000000e+03
4.695000000000000000e+03
4.730000000000000000e+03
4.766000000000000000e+03
4.794000000000000000e+03
4.830000000000000000e+03
4.867000000000000000e+03
4.898000000000000000e+03
4.929000000000000000e+03
4.957000000000000000e+03
4.984000000000000000e+03
5.004000000000000000e+03
5.034000000000000000e+03
5.063000000000000000e+03
5.096000000000000000e+03
5.121000000000000000e+03
5.148000000000000000e+03
5.179000000000000000e+03
5.209000000000000000e+03
5.240000000000000000e+03
5.269000000000000000e+03
5.302000000000000000e+03
5.339000000000000000e+03
5.373000000000000000e+03
5.399000000000000000e+03
5.420000000000000000e+03
5.445000000000000000e+03
5.471000000000000000e+03
5.489000000000000000e+03
5.519000000000000000e+03
5.539000000000000000e+03
5.558000000000000000e+03
5.578000000000000000e+03
5.596000000000000000e+03
5.614000000000000000e+03
5.630000000000000000e+03
5.651000000000000000e+03
5.670000000000000000e+03
5.681000000000000000e+03
5.694000000000000000e+03
5.709000000000000000e+03
5.725000000000000000e+03
5.739000000000000000e+03
5.748000000000000000e+03
5.758000000000000000e+03
5.767000000000000000e+03
5.777000000000000000e+03
5.786000000000000000e+03
5.797000000000000000e+03
5.805000000000000000e+03
5.812000000000000000e+03
5.815000000000000000e+03
5.819000000000000000e+03
5.822000000000000000e+03
5.826000000000000000e+03
5.831000000000000000e+03
5.838000000000000000e+03
5.843000000000000000e+03
5.846000000000000000e+03
5.850000000000000000e+03
5.853000000000000000e+03
5.855000000000000000e+03
5.859000000000000000e+03
5.862000000000000000e+03
5.864000000000000000e+03
5.867000000000000000e+03
5.870000000000000000e+03
5.872000000000000000e+03
5.873000000000000000e+03
5.875000000000000000e+03
5.878000000000000000e+03
5.881000000000000000e+03
5.883000000000000000e+03
5.886000000000000000e+03
5.890000000000000000e+03
5.894000000000000000e+03
5.899000000000000000e+03
5.904000000000000000e+03
5.907000000000000000e+03
5.913000000000000000e+03
5.918000000000000000e+03
5.920000000000000000e+03
5.924000000000000000e+03
5.927000000000000000e+03
5.931000000000000000e+03
5.936000000000000000e+03
5.939000000000000000e+03
5.941000000000000000e+03
5.945000000000000000e+03
5.950000000000000000e+03
5.954000000000000000e+03
5.960000000000000000e+03
5.966000000000000000e+03
5.971000000000000000e+03
5.977000000000000000e+03
5.984000000000000000e+03
5.991000000000000000e+03
5.997000000000000000e+03
6.005000000000000000e+03
6.009000000000000000e+03
6.015000000000000000e+03
6.017000000000000000e+03
6.021000000000000000e+03
6.026000000000000000e+03
6.030000000000000000e+03
6.035000000000000000e+03
6.041000000000000000e+03
6.046000000000000000e+03
6.052000000000000000e+03
6.058000000000000000e+03
6.064000000000000000e+03
6.071000000000000000e+03
6.076000000000000000e+03
6.083000000000000000e+03
6.089000000000000000e+03
6.096000000000000000e+03
6.103000000000000000e+03
6.111000000000000000e+03
6.114000000000000000e+03
6.122000000000000000e+03
6.126000000000000000e+03
6.132000000000000000e+03
6.137000000000000000e+03
6.145000000000000000e+03
6.151000000000000000e+03
6.155000000000000000e+03
6.165000000000000000e+03
6.171000000000000000e+03
6.175000000000000000e+03
6.180000000000000000e+03
6.184000000000000000e+03
6.190000000000000000e+03
6.198000000000000000e+03
6.205000000000000000e+03
6.213000000000000000e+03
6.222000000000000000e+03
6.229000000000000000e+03
6.238000000000000000e+03
6.246000000000000000e+03
6.254000000000000000e+03
6.263000000000000000e+03
6.271000000000000000e+03
6.276000000000000000e+03
6.284000000000000000e+03
6.291000000000000000e+03
6.298000000000000000e+03
6.303000000000000000e+03
6.310000000000000000e+03
6.318000000000000000e+03
6.325000000000000000e+03
6.330000000000000000e+03
6.339000000000000000e+03
6.349000000000000000e+03
6.363000000000000000e+03
6.372000000000000000e+03
6.383000000000000000e+03
6.393000000000000000e+03
6.404000000000000000e+03
6.412000000000000000e+03
6.423000000000000000e+03
6.435000000000000000e+03
6.443000000000000000e+03
6.453000000000000000e+03
6.468000000000000000e+03
6.481000000000000000e+03
6.495000000000000000e+03
6.508000000000000000e+03
6.516000000000000000e+03
6.526000000000000000e+03
6.539000000000000000e+03
6.545000000000000000e+03
6.555000000000000000e+03
6.566000000000000000e+03
6.579000000000000000e+03
6.593000000000000000e+03
6.604000000000000000e+03
6.618000000000000000e+03
6.631000000000000000e+03
6.640000000000000000e+03
6.646000000000000000e+03
6.654000000000000000e+03
6.667000000000000000e+03
6.678000000000000000e+03
6.690000000000000000e+03
6.703000000000000000e+03
6.715000000000000000e+03
6.729000000000000000e+03
6.744000000000000000e+03
6.753000000000000000e+03
6.762000000000000000e+03
6.772000000000000000e+03
6.780000000000000000e+03
6.787000000000000000e+03
6.797000000000000000e+03
6.805000000000000000e+03
6.812000000000000000e+03
6.816000000000000000e+03
6.820000000000000000e+03
6.823000000000000000e+03
6.828000000000000000e+03
6.831000000000000000e+03
6.835000000000000000e+03
6.840000000000000000e+03
6.843000000000000000e+03
6.848000000000000000e+03
6.852000000000000000e+03
6.853000000000000000e+03
6.855000000000000000e+03
6.857000000000000000e+03
6.858000000000000000e+03
6.860000000000000000e+03
6.861000000000000000e+03
6.861000000000000000e+03
6.862000000000000000e+03
6.864000000000000000e+03
6.866000000000000000e+03
6.868000000000000000e+03
6.869000000000000000e+03
6.870000000000000000e+03
6.871000000000000000e+03
6.871000000000000000e+03
6.871000000000000000e+03
6.872000000000000000e+03
6.873000000000000000e+03
6.873000000000000000e+03
6.873000000000000000e+03
6.873000000000000000e+03
6.873000000000000000e+03
6.873000000000000000e+03
6.873000000000000000e+03
6.874000000000000000e+03
6.874000000000000000e+03
6.874000000000000000e+03
6.874000000000000000e+03
6.874000000000000000e+03
6.874000000000000000e+03
6.874000000000000000e+03
6.874000000000000000e+03
6.874000000000000000e+03
6.874000000000000000e+03
6.874000000000000000e+03
6.874000000000000000e+03
6.874000000000000000e+03
6.874000000000000000e+03
6.874000000000000000e+03
6.874000000000000000e+03
6.874000000000000000e+03
6.874000000000000000e+03
6.874000000000000000e+03
6.874000000000000000e+03
6.874000000000000000e+03
6.874000000000000000e+03
6.874000000000000000e+03
6.874000000000000000e+03
6.874000000000000000e+03
6.874000000000000000e+03
6.875000000000000000e+03
6.875000000000000000e+03
6.875000000000000000e+03
6.875000000000000000e+03
6.875000000000000000e+03
6.875000000000000000e+03
6.875000000000000000e+03
6.875000000000000000e+03
6.875000000000000000e+03
6.875000000000000000e+03
6.875000000000000000e+03
6.875000000000000000e+03
6.875000000000000000e+03
6.875000000000000000e+03
6.875000000000000000e+03
6.875000000000000000e+03
6.875000000000000000e+03
6.875000000000000000e+03
6.875000000000000000e+03
6.875000000000000000e+03
6.875000000000000000e+03
6.875000000000000000e+03
6.875000000000000000e+03
6.875000000000000000e+03
6.875000000000000000e+03
6.875000000000000000e+03
6.875000000000000000e+03
6.875000000000000000e+03
6.875000000000000000e+03
6.875000000000000000e+03
6.875000000000000000e+03
6.875000000000000000e+03
6.875000000000000000e+03
6.875000000000000000e+03
6.875000000000000000e+03
6.875000000000000000e+03
6.875000000000000000e+03
6.875000000000000000e+03
6.875000000000000000e+03
6.875000000000000000e+03
6.875000000000000000e+03
6.875000000000000000e+03
6.875000000000000000e+03
6.875000000000000000e+03
6.875000000000000000e+03
6.875000000000000000e+03
