1.474505972377258161e+02
1.425637236341473510e+02
1.606578472089677803e+02
1.818614102523044949e+02
1.936079951472603682e+02
1.925728513478730690e+02
2.058775004840831286e+02
1.895160429195403822e+02
1.834197383925904319e+02
2.002975700966131001e+02
2.204550735873414737e+02
2.315097163886015892e+02
2.303213695954927402e+02
2.441906029536002336e+02
2.292786145026138342e+02
2.256655612792661714e+02
2.461851946796313655e+02
2.712382706775744055e+02
2.885031984210218070e+02
2.948626295229762491e+02
3.175988588624975364e+02
3.128119611685550581e+02
3.204775131479426022e+02
3.532818551841951376e+02
3.914373783820752806e+02
4.223962802106382242e+02
4.427814349631919413e+02
4.795871590038323689e+02
4.886036715645159347e+02
5.094819477534437056e+02
5.545767390633751575e+02
6.037700475206461306e+02
6.441932815896602733e+02
6.721665153157698569e+02
7.144074025691617180e+02
7.264633220803411859e+02
7.477832342609308398e+02
7.905668250016669845e+02
8.345930438527377646e+02
8.669461125509901649e+02
8.839573043383729782e+02
9.124149596876834494e+02
9.079962653995326036e+02
9.103372685491963239e+02
9.318787307749062165e+02
9.526899999083485682e+02
9.601890821871058961e+02
9.510773577555290785e+02
9.525415786391405391e+02
9.206768764497651318e+02
8.955474729687555282e+02
8.900229361685419462e+02
8.845924047152133198e+02
8.670752125012519400e+02
8.345465996992243163e+02
8.145313820958253928e+02
7.634195209318654634e+02
7.215204778414379234e+02
7.018943600988465050e+02
6.851624085833237814e+02
