-2.933151457752815272e+00
-3.103430065120702075e+00
-2.731513974303433123e+00
-2.630124950040034992e+00
-2.684542293201154450e+00
-2.799060975577907229e+00
-3.319386392865661506e+00
-3.815827156542717091e+00
-4.041281667325764104e+00
-3.722928892821804059e+00
-3.672018992727516640e+00
-3.772230998642990496e+00
-3.926162494147162452e+00
-4.477761668008122697e+00
-4.995562412258010454e+00
-5.230717259281767006e+00
-4.908737453561146324e+00
-4.839334523209569916e+00
-4.904829162230659456e+00
-5.006690892749884547e+00
-5.488017365505705847e+00
-5.916812461616976826e+00
-6.044056532873716137e+00
-5.595476716541932127e+00
-5.381410471862931644e+00
-5.285227114056070263e+00
-5.209870000274709589e+00
-5.500327662981945309e+00
-5.726892768414625579e+00
-5.643202247439911723e+00
-4.977966850022210288e+00
-4.544783892167172823e+00
-4.230498891509786752e+00
-3.941679948519766885e+00
-4.027014628272471697e+00
-4.060489903706948844e+00
-3.799350374121079454e+00
-2.975745013070782985e+00
-2.406458302050997755e+00
-1.981193562846116807e+00
-1.608974433640402601e+00
-1.640476245428782232e+00
-1.651149717464518218e+00
-1.399133845504967333e+00
-6.168696492327651049e-01
-1.208117558526984742e-01
2.002935750197662457e-01
4.389976043942384054e-01
2.467936280863329834e-01
5.095475727951555289e-02
9.656879822267598612e-02
6.548596412960223656e-01
9.133996065756055938e-01
9.877458795102831424e-01
9.749366674335764316e-01
5.310374943714238904e-01
8.787793934777683724e-02
-1.050148455741983372e-01
2.278061137433984307e-01
2.778255513535388133e-01
