2.014369111295680970e+00
2.004975537988339607e+00
1.995652441240780561e+00
2.005086937465770269e+00
1.995954847540643229e+00
1.987207709754697627e+00
1.978961395175272031e+00
1.971445200385524954e+00
1.964467903320385567e+00
1.958332060894283577e+00
1.971623294673969129e+00
1.966896960461208765e+00
1.962969303676703081e+00
1.959810578294458816e+00
1.957498862098617343e+00
1.955690907873690154e+00
1.954541163540139959e+00
1.972495566538609024e+00
1.971982376202955356e+00
1.971707026495775228e+00
1.971548373295629597e+00
1.971514984246707458e+00
1.971217747057971037e+00
1.970789888166404324e+00
1.988680989490140716e+00
1.987347273140443127e+00
1.985545165770956411e+00
1.983225568032331632e+00
1.980487548539008991e+00
1.977047827327563567e+00
1.973157244578658487e+00
1.987390917621815634e+00
1.982334479184953313e+00
1.976873535635871315e+00
1.971083897831810150e+00
1.965181427353985599e+00
1.958987979007491775e+00
1.952844740361616038e+00
1.965399762397625594e+00
1.959292148716632820e+00
1.953440097915957185e+00
1.947930387498271854e+00
1.942968156865895635e+00
1.938343463869922845e+00
1.934345888525007329e+00
1.949553931096964732e+00
1.946521607107613239e+00
1.944069353087666485e+00
1.942176737436021705e+00
1.940935729722300218e+00
1.940020891778252432e+00
1.939607649636088116e+00
1.958165279092924926e+00
1.958146896656954628e+00
1.958283465933311041e+00
1.958479220172877122e+00
1.958767173621849267e+00
1.958781019616891328e+00
1.958674526268105565e+00
1.976915032811588757e+00
