5.793926085543175120e-01
5.914477744489303745e-01
6.011493548580437718e-01
6.089743497628434810e-01
6.154627703449637721e-01
6.212945841779009548e-01
6.304416711613671787e-01
6.410694309852136286e-01
6.500981538876557941e-01
6.622728750169675216e-01
6.788344010337494794e-01
7.009880317571726138e-01
7.299563363490748635e-01
7.701091506681336796e-01
8.198461340937543973e-01
8.761426327912893441e-01
9.436081229467783160e-01
1.023150376178313170e+00
1.115442208754363396e+00
1.220977386106781859e+00
1.343208925802999776e+00
1.479445073397903210e+00
1.625413492842322727e+00
1.784342601224894853e+00
1.955652714782281310e+00
2.138453271742346118e+00
2.331632000932313709e+00
2.537028487718927305e+00
2.750366551296584028e+00
2.965855068145710760e+00
3.185305242127789871e+00
3.406856061271941183e+00
3.628503307493927910e+00
3.848217141062978630e+00
4.067139939981081476e+00
4.280538134245118975e+00
4.482417112349972754e+00
4.674646775806631460e+00
4.855689202542834870e+00
5.024123660585599893e+00
5.178754028097352524e+00
5.321790493682356349e+00
5.449779626314098735e+00
5.558192389062624805e+00
5.650518304488837629e+00
5.726957983968474331e+00
5.787910113818047542e+00
5.834038883780315210e+00
5.869414715046913145e+00
5.892403388403456788e+00
5.900214159265246394e+00
5.897956054668739512e+00
5.887295500177776475e+00
5.869912229010982863e+00
5.847540219366538672e+00
5.825087158456308423e+00
5.801508039192617261e+00
5.774343832482538907e+00
5.748774628040459689e+00
5.726280426309401150e+00
