-3.249775963415856239e+01
5.998978172008730070e+00
6.280806780213872287e+00
1.175378403660106663e+01
6.712678988561465943e+00
1.930407462011658026e+00
-3.109355924358078482e+01
-4.573362792109578834e+01
-3.604719495597333179e+00
-7.209871222691077719e-02
8.170435673948999167e+00
5.334466445405150026e+00
2.128786258795583919e+00
-2.999039729327348880e+01
-4.441874287102783114e+01
-2.769931515607426675e+00
-3.856975528871693371e-01
6.085110138426762738e+00
9.189334757474121318e-01
-5.092766609767117814e+00
-4.039592903031727644e+01
-5.827624042578268870e+01
-2.022870727885124964e+01
-2.147134892936950123e+01
-1.852805728319838252e+01
-2.700001302823974214e+01
-3.597968881196229063e+01
-7.380679922117765557e+01
-9.367387580438428074e+01
-5.699866799843865550e+01
-5.894018436731327881e+01
-5.598335210285474517e+01
-6.371163309609956826e+01
-7.122159329418865070e+01
-1.068787701307917359e+02
-1.239225202694979515e+02
-8.383707139462447344e+01
-8.186563346193270263e+01
-7.459260526057404661e+01
-7.771328763852217492e+01
-8.044518613203904067e+01
-1.112803442520091721e+02
-1.235864937345645416e+02
-7.897435411867962785e+01
-7.280804708135298142e+01
-6.178376958697067778e+01
-6.169624046190951105e+01
-6.184709845228465497e+01
-9.079477764838000553e+01
-1.019537180904509910e+02
-5.696030025100480998e+01
-5.118250837899719841e+01
-4.129848841587208597e+01
-4.306351825463700322e+01
-4.571955299255029104e+01
-7.774683756744013863e+01
-9.246539399709283202e+01
-5.140370570370185987e+01
-4.981152401265359231e+01
-4.424187126486494748e+01
