-7.561981470879657330e-01
-7.206360990176640113e-01
-1.554137404413031387e+00
-1.483034289305835252e+00
-6.469661453287953723e-01
-1.538887757740093232e+00
-1.276801615967031456e+00
-1.110345711245986466e+00
-1.084555397361865570e+00
-1.925260485841893576e+00
-1.858781850474805708e+00
-1.024773059368053074e+00
-1.916224859701356920e+00
-1.651193865812952577e+00
-1.479386983209528550e+00
-1.445920253808724132e+00
-2.276713381094288557e+00
-2.198184273667687094e+00
-1.350089163831371897e+00
-2.225526139370783696e+00
-1.942663427112499619e+00
-1.751323925098979606e+00
-1.696744611148965465e+00
-2.504972009979459457e+00
-2.402557965047209088e+00
-1.529401167390031402e+00
-2.378752167316066313e+00
-2.068943091360432973e+00
-1.849973445912454828e+00
-1.767270524535610399e+00
-2.547085499393269004e+00
-2.416189353668241502e+00
-1.514714033889869249e+00
-2.336156493308142235e+00
-1.999106814683405453e+00
-1.753831782122591276e+00
-1.646032430135651259e+00
-2.402236684415421930e+00
-2.249491307695313580e+00
-1.328198606808480120e+00
-2.132115668193251157e+00
-1.780077422494363848e+00
-1.522575033165355585e+00
-1.405508272055664865e+00
-2.155573136907205978e+00
-1.999949066118766661e+00
-1.079131346392785407e+00
-1.886926613393856922e+00
-1.542172868492466709e+00
-1.295315614776803681e+00
-1.192158866215518920e+00
-1.959252355692465031e+00
-1.823579345600968349e+00
-9.253906610029745128e-01
-1.758202844748213867e+00
-1.440521831589679058e+00
-1.222423693427134639e+00
-1.149311134517855271e+00
-1.947306964893281256e+00
-1.842948838169074399e+00
