6.365282648415624180e+02
6.403319330293651319e+02
6.428882512668142226e+02
6.455843552768504878e+02
6.498197315321632459e+02
6.528043930038920735e+02
6.562252443814805929e+02
6.592920869275307041e+02
6.630957551153318263e+02
6.656520733527810307e+02
6.683481773628165001e+02
6.725835536181300540e+02
6.755682150898605869e+02
6.789890664674491063e+02
6.820559090135017186e+02
6.858595772013018177e+02
6.884158954387497715e+02
6.911119994487871736e+02
6.953473757040987948e+02
6.983320371758294414e+02
7.017528885534185292e+02
7.048197310994701184e+02
7.086233992872712406e+02
7.111797175247187397e+02
7.138758215347560281e+02
7.181111977900695820e+02
7.210958592617985232e+02
7.245167106393873837e+02
7.275835531854382907e+02
7.313872213732397540e+02
7.339435396106874805e+02
7.366396436207249963e+02
7.408750198760380954e+02
7.438596813477678324e+02
7.472805327253564656e+02
7.503473752714079410e+02
7.541510434592079264e+02
7.567073616966575855e+02
7.594034657066926002e+02
7.636388419620074046e+02
7.666235034337369143e+02
7.700443548113253200e+02
7.731111973573777050e+02
7.769148655451782588e+02
7.794711837826283727e+02
7.821672877926630463e+02
7.864026640479780781e+02
7.893873255197056551e+02
7.928081768972941745e+02
7.958750194433451952e+02
7.996786876311449532e+02
8.022350058685952945e+02
8.049311098786319008e+02
8.091664861339467052e+02
8.121511476056755328e+02
8.155719989832625743e+02
8.186388415293133676e+02
8.224425097171149446e+02
8.249988279545640353e+02
8.276949319646005279e+02
