-5.884151224511136036e-01
-4.729210417173437264e+01
2.960211670718599919e-01
-7.362773520134702210e-01
-3.767368776084381921e+00
6.332562767970074447e+00
8.173715515247977237e+00
7.779113727108793341e+00
-3.893403954182274163e+01
8.378612557647468151e+00
6.811477106845625684e+00
3.000982899521353886e+00
1.209944449049196535e+01
1.274656172999768344e+01
1.100094052023318980e+01
-3.717967389313209736e+01
8.593296815979858394e+00
5.460757488262856896e+00
1.064303230288246027e-01
7.729207434250199071e+00
7.013156039792725949e+00
4.057609740996383607e+00
-4.514391685951549960e+01
-1.731995987950440963e-01
-3.866784914674720852e+00
-9.526248766048112770e+00
-1.946344648768967289e+00
-2.445232163580183027e+00
-4.934343402451119687e+00
-5.343914932514928751e+01
-7.568043732138226787e+00
-1.019098429104974457e+01
-1.464868558699458845e+01
-5.779506880964767390e+00
-4.948264834722792216e+00
-6.114572567866929376e+00
-5.335201527186231374e+01
-6.315430513003327917e+00
-7.917984122148993720e+00
-1.153888738573963302e+01
-2.048946658337740701e+00
-8.382202555651119269e-01
-1.883423295106123163e+00
-4.926642344017230357e+01
-2.641120725006011583e+00
-4.910418856137130916e+00
-9.434141031786797527e+00
-1.055079223921669751e+00
-1.127440048587455834e+00
-3.585306861650135346e+00
-5.246243123299265676e+01
-7.360609237860657572e+00
-1.112830534084285539e+01
-1.707032672556733033e+01
-9.975682737997875194e+00
-1.114783583706005921e+01
-1.447490622982956054e+01
-6.395108693260799271e+01
-1.914647109342966047e+01
-2.288690525875897208e+01
