5.038971673851752597e-02
-7.047745909548104593e-02
2.558033043366176457e-02
-9.293884959623091579e-03
-5.193715062658756099e-02
1.358321685841208659e-02
-3.735670416317635190e-02
5.443839533459020330e-02
-6.985285186940201618e-02
2.282727784015657624e-02
-1.527053287306960605e-02
-6.088029105754740045e-02
2.025751149570084730e-03
-5.109235133008516172e-02
3.903083206019679341e-02
-8.637212906746685737e-02
5.792425978033630130e-03
-3.220812246706321325e-02
-7.711094478986842138e-02
-1.291129802934742887e-02
-6.419131062687198630e-02
2.825437494325946930e-02
-9.441775797049697938e-02
7.962589201199465894e-04
-3.393662905143213226e-02
-7.546153901853798474e-02
-7.885689664075531957e-03
-5.590353344647949752e-02
3.958129305696603956e-02
-8.037677674797247263e-02
1.713453982397414310e-02
-1.579601758706605796e-02
-5.607558248637592446e-02
1.214501336952782118e-02
-3.585224786953465637e-02
5.902649774862110676e-02
-6.214539495307955241e-02
3.358437434509155967e-02
-1.635340165671003709e-03
-4.463310808751302927e-02
2.053500325781630609e-02
-3.074084275292635060e-02
6.075158083241942453e-02
-6.378941419653523515e-02
2.871619310447185575e-02
-9.456212875904673743e-03
-5.501381636366267647e-02
8.099725554133505034e-03
-4.462557354063459436e-02
4.610657858168289158e-02
-7.843998681342585766e-02
1.485951828006770725e-02
-2.169708600367675766e-02
-6.481777639510913347e-02
1.529587502249241115e-03
-4.721204890239534546e-02
4.818493141768703802e-02
-7.110398402731973877e-02
2.794054264681505861e-02
-2.503115263765093301e-03
