7.427892534650350598e+00
6.531138800758422569e+00
1.821561661304119895e+00
1.160568621253269761e+00
9.015908467196585008e+00
1.714157728556280347e+01
6.852302764701702742e+00
7.603481992747382456e+00
6.706728258856148983e+00
1.997151119385094376e+00
1.336158079349115901e+00
9.191497925300087246e+00
1.731716674365043573e+01
7.027892222783017395e+00
7.779071450828750400e+00
6.882317716946700692e+00
2.172740577479667756e+00
1.511747537444950495e+00
9.367087383403589484e+00
1.749275620174919865e+01
7.203481680867671599e+00
7.954660908917058570e+00
7.057907175024862312e+00
2.348330035547041561e+00
1.687336995506374393e+00
9.542676841490644435e+00
1.766834565983682737e+01
7.379071138952329356e+00
8.130250367005366741e+00
7.233496633103026596e+00
2.523919493668952185e+00
1.862926453602218757e+00
9.718266299594146673e+00
1.784393511792174536e+01
7.554660597036985337e+00
8.305839825095462814e+00
7.409086091205963953e+00
2.699508951749928443e+00
2.038515911698060457e+00
9.893855757689422603e+00
1.801952457601208124e+01
7.730250055146600019e+00
8.481429283175037526e+00
7.584675549284126461e+00
2.875098409830903812e+00
2.214105369793898603e+00
1.006944521574000007e+01
1.819511403409700279e+01
7.905839513231252447e+00
8.657018741272073825e+00
7.760265007374681723e+00
3.050687867911878293e+00
2.389694827877629990e+00
1.024503467383527955e+01
1.837070349218192433e+01
8.081428971315910204e+00
8.832608199360381107e+00
7.935854465472407249e+00
3.226277326033788029e+00
2.565284285985582002e+00
