0.000000000000000000e+00
0.000000000000000000e+00
0.000000000000000000e+00
0.000000000000000000e+00
0.000000000000000000e+00
0.000000000000000000e+00
0.000000000000000000e+00
0.000000000000000000e+00
0.000000000000000000e+00
0.000000000000000000e+00
0.000000000000000000e+00
0.000000000000000000e+00
0.000000000000000000e+00
0.000000000000000000e+00
0.000000000000000000e+00
0.000000000000000000e+00
0.000000000000000000e+00
0.000000000000000000e+00
0.000000000000000000e+00
0.000000000000000000e+00
0.000000000000000000e+00
0.000000000000000000e+00
0.000000000000000000e+00
0.000000000000000000e+00
0.000000000000000000e+00
0.000000000000000000e+00
0.000000000000000000e+00
0.000000000000000000e+00
0.000000000000000000e+00
0.000000000000000000e+00
0.000000000000000000e+00
0.000000000000000000e+00
0.000000000000000000e+00
0.000000000000000000e+00
0.000000000000000000e+00
0.000000000000000000e+00
0.000000000000000000e+00
0.000000000000000000e+00
0.000000000000000000e+00
0.000000000000000000e+00
0.000000000000000000e+00
0.000000000000000000e+00
0.000000000000000000e+00
0.000000000000000000e+00
0.000000000000000000e+00
0.000000000000000000e+00
0.000000000000000000e+00
0.000000000000000000e+00
0.000000000000000000e+00
0.000000000000000000e+00
0.000000000000000000e+00
0.000000000000000000e+00
0.000000000000000000e+00
0.000000000000000000e+00
0.000000000000000000e+00
2.000000000000000000e+00
2.000000000000000000e+00
2.000000000000000000e+00
2.000000000000000000e+00
2.000000000000000000e+00
2.000000000000000000e+00
2.000000000000000000e+00
2.000000000000000000e+00
2.000000000000000000e+00
2.000000000000000000e+00
5.000000000000000000e+00
5.000000000000000000e+00
8.000000000000000000e+00
1.700000000000000000e+01
1.700000000000000000e+01
1.900000000000000000e+01
2.000000000000000000e+01
2.700000000000000000e+01
3.000000000000000000e+01
3.000000000000000000e+01
4.700000000000000000e+01
6.800000000000000000e+01
7.900000000000000000e+01
1.010000000000000000e+02
1.290000000000000000e+02
1.390000000000000000e+02
1.930000000000000000e+02
2.060000000000000000e+02
2.360000000000000000e+02
2.530000000000000000e+02
2.770000000000000000e+02
3.200000000000000000e+02
3.380000000000000000e+02
3.470000000000000000e+02
3.810000000000000000e+02
4.370000000000000000e+02
4.600000000000000000e+02
4.850000000000000000e+02
5.380000000000000000e+02
5.920000000000000000e+02
6.240000000000000000e+02
6.590000000000000000e+02
6.820000000000000000e+02
7.100000000000000000e+02
7.270000000000000000e+02
7.550000000000000000e+02
7.790000000000000000e+02
8.250000000000000000e+02
8.550000000000000000e+02
9.110000000000000000e+02
9.280000000000000000e+02
9.540000000000000000e+02
9.600000000000000000e+02
1.059000000000000000e+03
1.106000000000000000e+03
1.114000000000000000e+03
1.168000000000000000e+03
1.228000000000000000e+03
1.272000000000000000e+03
1.336000000000000000e+03
1.355000000000000000e+03
1.436000000000000000e+03
1.464000000000000000e+03
1.522000000000000000e+03
1.557000000000000000e+03
1.596000000000000000e+03
1.614000000000000000e+03
1.662000000000000000e+03
1.680000000000000000e+03
1.696000000000000000e+03
1.721000000000000000e+03
1.744000000000000000e+03
1.781000000000000000e+03
1.803000000000000000e+03
1.831000000000000000e+03
1.862000000000000000e+03
1.888000000000000000e+03
1.910000000000000000e+03
1.939000000000000000e+03
1.951000000000000000e+03
1.968000000000000000e+03
1.968000000000000000e+03
1.968000000000000000e+03
2.023000000000000000e+03
2.049000000000000000e+03
2.063000000000000000e+03
2.100000000000000000e+03
2.119000000000000000e+03
2.119000000000000000e+03
2.119000000000000000e+03
2.162000000000000000e+03
2.178000000000000000e+03
2.197000000000000000e+03
2.219000000000000000e+03
2.241000000000000000e+03
2.241000000000000000e+03
2.241000000000000000e+03
2.270000000000000000e+03
2.285000000000000000e+03
2.297000000000000000e+03
2.322000000000000000e+03
2.338000000000000000e+03
2.338000000000000000e+03
2.338000000000000000e+03
2.366000000000000000e+03
2.402000000000000000e+03
2.432000000000000000e+03
2.515000000000000000e+03
2.550000000000000000e+03
2.550000000000000000e+03
2.550000000000000000e+03
2.598000000000000000e+03
2.693000000000000000e+03
2.769000000000000000e+03
2.815000000000000000e+03
3.037000000000000000e+03
3.078000000000000000e+03
3.115000000000000000e+03
3.179000000000000000e+03
3.179000000000000000e+03
3.335000000000000000e+03
3.534000000000000000e+03
3.612000000000000000e+03
3.648000000000000000e+03
3.669000000000000000e+03
3.755000000000000000e+03
4.003000000000000000e+03
4.159000000000000000e+03
4.367000000000000000e+03
4.555000000000000000e+03
4.555000000000000000e+03
4.555000000000000000e+03
4.930000000000000000e+03
5.220000000000000000e+03
5.441000000000000000e+03
5.586000000000000000e+03
5.959000000000000000e+03
5.959000000000000000e+03
6.312000000000000000e+03
6.359000000000000000e+03
6.592000000000000000e+03
6.839000000000000000e+03
7.042000000000000000e+03
7.373000000000000000e+03
7.373000000000000000e+03
7.373000000000000000e+03
8.159000000000000000e+03
8.411000000000000000e+03
8.827000000000000000e+03
9.156000000000000000e+03
9.344000000000000000e+03
9.619000000000000000e+03
9.619000000000000000e+03
9.856000000000000000e+03
1.027900000000000000e+04
1.071100000000000000e+04
1.088100000000000000e+04
1.115700000000000000e+04
1.132900000000000000e+04
1.132900000000000000e+04
1.186100000000000000e+04
1.208100000000000000e+04
1.233600000000000000e+04
1.248000000000000000e+04
1.273300000000000000e+04
1.285800000000000000e+04
1.296100000000000000e+04
1.309500000000000000e+04
1.343500000000000000e+04
1.362600000000000000e+04
1.412000000000000000e+04
1.447600000000000000e+04
1.463600000000000000e+04
1.470900000000000000e+04
1.483000000000000000e+04
1.517200000000000000e+04
1.520800000000000000e+04
1.527300000000000000e+04
1.567200000000000000e+04
1.592200000000000000e+04
1.603800000000000000e+04
1.616600000000000000e+04
1.670100000000000000e+04
1.699000000000000000e+04
1.721900000000000000e+04
1.736500000000000000e+04
1.748900000000000000e+04
1.787800000000000000e+04
1.810900000000000000e+04
1.835900000000000000e+04
1.863400000000000000e+04
1.914200000000000000e+04
1.950700000000000000e+04
1.974600000000000000e+04
1.974600000000000000e+04
2.000500000000000000e+04
2.032200000000000000e+04
2.061600000000000000e+04
2.094700000000000000e+04
2.110800000000000000e+04
2.110800000000000000e+04
2.185900000000000000e+04
2.203200000000000000e+04
2.227400000000000000e+04
2.261400000000000000e+04
2.293900000000000000e+04
2.324100000000000000e+04
2.337000000000000000e+04
2.346100000000000000e+04
2.358700000000000000e+04
2.377700000000000000e+04
2.407400000000000000e+04
2.435600000000000000e+04
2.460300000000000000e+04
2.477300000000000000e+04
2.499500000000000000e+04
2.544200000000000000e+04
2.556000000000000000e+04
2.577900000000000000e+04
2.598900000000000000e+04
2.626000000000000000e+04
2.636800000000000000e+04
2.645900000000000000e+04
2.654200000000000000e+04
2.690300000000000000e+04
2.708700000000000000e+04
2.758000000000000000e+04
2.787000000000000000e+04
2.808300000000000000e+04
2.819400000000000000e+04
2.856700000000000000e+04
2.915600000000000000e+04
2.938900000000000000e+04
2.968900000000000000e+04
2.997000000000000000e+04
3.065400000000000000e+04
3.093900000000000000e+04
3.122200000000000000e+04
3.226100000000000000e+04
3.276900000000000000e+04
3.369000000000000000e+04
3.449100000000000000e+04
3.536100000000000000e+04
3.560600000000000000e+04
3.647300000000000000e+04
3.866000000000000000e+04
3.988600000000000000e+04
4.103100000000000000e+04
4.291600000000000000e+04
4.379300000000000000e+04
4.441600000000000000e+04
4.576000000000000000e+04
4.752500000000000000e+04
4.821000000000000000e+04
4.878000000000000000e+04
5.000100000000000000e+04
5.106800000000000000e+04
5.147900000000000000e+04
5.276900000000000000e+04
5.372400000000000000e+04
5.496700000000000000e+04
5.605000000000000000e+04
5.754500000000000000e+04
5.803400000000000000e+04
5.862500000000000000e+04
5.948800000000000000e+04
6.021000000000000000e+04
6.132200000000000000e+04
6.259200000000000000e+04
6.373300000000000000e+04
6.528900000000000000e+04
6.575800000000000000e+04
6.648600000000000000e+04
6.764900000000000000e+04
6.824500000000000000e+04
6.949500000000000000e+04
7.024900000000000000e+04
7.062000000000000000e+04
7.062000000000000000e+04
7.154800000000000000e+04
7.259700000000000000e+04
7.314900000000000000e+04
7.389600000000000000e+04
7.466700000000000000e+04
7.512400000000000000e+04
7.571700000000000000e+04
7.612100000000000000e+04
7.680200000000000000e+04
7.722500000000000000e+04
7.722500000000000000e+04
7.768200000000000000e+04
7.768200000000000000e+04
7.789100000000000000e+04
7.789100000000000000e+04
7.946500000000000000e+04
7.946500000000000000e+04
7.946500000000000000e+04
8.086800000000000000e+04
8.132500000000000000e+04
8.162500000000000000e+04
8.162500000000000000e+04
8.282200000000000000e+04
8.366200000000000000e+04
8.465000000000000000e+04
8.465000000000000000e+04
8.465000000000000000e+04
8.465000000000000000e+04
8.650500000000000000e+04
8.807100000000000000e+04
8.907500000000000000e+04
8.988200000000000000e+04
9.069100000000000000e+04
9.069100000000000000e+04
9.069100000000000000e+04
9.260500000000000000e+04
9.333200000000000000e+04
9.365700000000000000e+04
9.407200000000000000e+04
9.460400000000000000e+04
9.460400000000000000e+04
9.460400000000000000e+04
9.518000000000000000e+04
9.556900000000000000e+04
9.609600000000000000e+04
9.609600000000000000e+04
9.712800000000000000e+04
9.712800000000000000e+04
9.712800000000000000e+04
9.847000000000000000e+04
9.966900000000000000e+04
1.006400000000000000e+05
1.023390000000000000e+05
1.041350000000000000e+05
1.041350000000000000e+05
1.041350000000000000e+05
1.051400000000000000e+05
1.068310000000000000e+05
1.092740000000000000e+05
1.107520000000000000e+05
1.119910000000000000e+05
1.119910000000000000e+05
1.119910000000000000e+05
1.128790000000000000e+05
1.136880000000000000e+05
1.143610000000000000e+05
1.149950000000000000e+05
1.158470000000000000e+05
1.158470000000000000e+05
1.158470000000000000e+05
1.158470000000000000e+05
1.168210000000000000e+05
1.173960000000000000e+05
1.176430000000000000e+05
1.178850000000000000e+05
1.178850000000000000e+05
1.178850000000000000e+05
1.187200000000000000e+05
1.191350000000000000e+05
1.193360000000000000e+05
1.199040000000000000e+05
1.201580000000000000e+05
1.201580000000000000e+05
1.201580000000000000e+05
1.214410000000000000e+05
1.221070000000000000e+05
1.226800000000000000e+05
1.226800000000000000e+05
1.236530000000000000e+05
1.236530000000000000e+05
1.236530000000000000e+05
1.253430000000000000e+05
1.262370000000000000e+05
1.272470000000000000e+05
1.277990000000000000e+05
1.282410000000000000e+05
1.282410000000000000e+05
1.282410000000000000e+05
1.289800000000000000e+05
1.299180000000000000e+05
1.304920000000000000e+05
1.311660000000000000e+05
1.317260000000000000e+05
1.317260000000000000e+05
1.317260000000000000e+05
1.332620000000000000e+05
1.347000000000000000e+05
1.372420000000000000e+05
1.382940000000000000e+05
1.394190000000000000e+05
1.394190000000000000e+05
1.394190000000000000e+05
1.416020000000000000e+05
1.416020000000000000e+05
1.439440000000000000e+05
1.449320000000000000e+05
1.458630000000000000e+05
1.458630000000000000e+05
1.458630000000000000e+05
1.481460000000000000e+05
1.492730000000000000e+05
1.504580000000000000e+05
1.520070000000000000e+05
1.534080000000000000e+05
1.534080000000000000e+05
1.534080000000000000e+05
1.556470000000000000e+05
1.570950000000000000e+05
1.581600000000000000e+05
1.586410000000000000e+05
1.592230000000000000e+05
1.592230000000000000e+05
1.592230000000000000e+05
1.592230000000000000e+05
1.613690000000000000e+05
1.622730000000000000e+05
1.634450000000000000e+05
1.647170000000000000e+05
1.647170000000000000e+05
1.647170000000000000e+05
1.660470000000000000e+05
1.668870000000000000e+05
1.677040000000000000e+05
1.681450000000000000e+05
1.685490000000000000e+05
1.685490000000000000e+05
1.685490000000000000e+05
1.694550000000000000e+05
1.702560000000000000e+05
1.707880000000000000e+05
1.713320000000000000e+05
1.720050000000000000e+05
1.720050000000000000e+05
1.720050000000000000e+05
1.727300000000000000e+05
1.731870000000000000e+05
1.734870000000000000e+05
1.736260000000000000e+05
1.742360000000000000e+05
1.742360000000000000e+05
1.742360000000000000e+05
1.750810000000000000e+05
1.754560000000000000e+05
1.757040000000000000e+05
1.758270000000000000e+05
1.762860000000000000e+05
1.762860000000000000e+05
1.762860000000000000e+05
1.765890000000000000e+05
1.767030000000000000e+05
1.768810000000000000e+05
1.769640000000000000e+05
1.771220000000000000e+05
1.771220000000000000e+05
1.771220000000000000e+05
1.779760000000000000e+05
1.781360000000000000e+05
1.783190000000000000e+05
1.794020000000000000e+05
1.798580000000000000e+05
1.798580000000000000e+05
1.798580000000000000e+05
1.802450000000000000e+05
1.806430000000000000e+05
1.808620000000000000e+05
1.811990000000000000e+05
1.817250000000000000e+05
1.817250000000000000e+05
1.817250000000000000e+05
1.824240000000000000e+05
1.829860000000000000e+05
1.833060000000000000e+05
1.835340000000000000e+05
1.836630000000000000e+05
1.836630000000000000e+05
1.836630000000000000e+05
1.836630000000000000e+05
1.836630000000000000e+05
1.836630000000000000e+05
1.836630000000000000e+05
1.836630000000000000e+05
1.849990000000000000e+05
1.849990000000000000e+05
1.857170000000000000e+05
1.859910000000000000e+05
1.863820000000000000e+05
1.868720000000000000e+05
1.872130000000000000e+05
1.872130000000000000e+05
1.872130000000000000e+05
1.878850000000000000e+05
1.880190000000000000e+05
1.881370000000000000e+05
1.883300000000000000e+05
1.884600000000000000e+05
1.884600000000000000e+05
1.884600000000000000e+05
1.888350000000000000e+05
1.890630000000000000e+05
1.892590000000000000e+05
1.893480000000000000e+05
1.893690000000000000e+05
1.893690000000000000e+05
1.893690000000000000e+05
1.896770000000000000e+05
1.896970000000000000e+05
1.897100000000000000e+05
0.000000000000000000e+00
0.000000000000000000e+00
0.000000000000000000e+00
0.000000000000000000e+00
0.000000000000000000e+00
0.000000000000000000e+00
0.000000000000000000e+00
0.000000000000000000e+00
0.000000000000000000e+00
0.000000000000000000e+00
0.000000000000000000e+00
0.000000000000000000e+00
0.000000000000000000e+00
0.000000000000000000e+00
0.000000000000000000e+00
0.000000000000000000e+00
0.000000000000000000e+00
0.000000000000000000e+00
0.000000000000000000e+00
0.000000000000000000e+00
0.000000000000000000e+00
0.000000000000000000e+00
0.000000000000000000e+00
0.000000000000000000e+00
0.000000000000000000e+00
0.000000000000000000e+00
0.000000000000000000e+00
0.000000000000000000e+00
0.000000000000000000e+00
0.000000000000000000e+00
0.000000000000000000e+00
0.000000000000000000e+00
0.000000000000000000e+00
0.000000000000000000e+00
0.000000000000000000e+00
0.000000000000000000e+00
0.000000000000000000e+00
0.000000000000000000e+00
0.000000000000000000e+00
0.000000000000000000e+00
0.000000000000000000e+00
0.000000000000000000e+00
0.000000000000000000e+00
0.000000000000000000e+00
0.000000000000000000e+00
0.000000000000000000e+00
0.000000000000000000e+00
0.000000000000000000e+00
0.000000000000000000e+00
0.000000000000000000e+00
0.000000000000000000e+00
0.000000000000000000e+00
0.000000000000000000e+00
0.000000000000000000e+00
0.000000000000000000e+00
0.000000000000000000e+00
0.000000000000000000e+00
0.000000000000000000e+00
0.000000000000000000e+00
0.000000000000000000e+00
0.000000000000000000e+00
0.000000000000000000e+00
0.000000000000000000e+00
0.000000000000000000e+00
0.000000000000000000e+00
0.000000000000000000e+00
0.000000000000000000e+00
0.000000000000000000e+00
0.000000000000000000e+00
0.000000000000000000e+00
0.000000000000000000e+00
0.000000000000000000e+00
0.000000000000000000e+00
0.000000000000000000e+00
0.000000000000000000e+00
0.000000000000000000e+00
0.000000000000000000e+00
0.000000000000000000e+00
0.000000000000000000e+00
0.000000000000000000e+00
0.000000000000000000e+00
0.000000000000000000e+00
0.000000000000000000e+00
0.000000000000000000e+00
0.000000000000000000e+00
0.000000000000000000e+00
0.000000000000000000e+00
0.000000000000000000e+00
0.000000000000000000e+00
0.000000000000000000e+00
0.000000000000000000e+00
0.000000000000000000e+00
0.000000000000000000e+00
0.000000000000000000e+00
0.000000000000000000e+00
0.000000000000000000e+00
0.000000000000000000e+00
0.000000000000000000e+00
0.000000000000000000e+00
0.000000000000000000e+00
0.000000000000000000e+00
0.000000000000000000e+00
0.000000000000000000e+00
0.000000000000000000e+00
0.000000000000000000e+00
0.000000000000000000e+00
0.000000000000000000e+00
0.000000000000000000e+00
0.000000000000000000e+00
0.000000000000000000e+00
0.000000000000000000e+00
0.000000000000000000e+00
0.000000000000000000e+00
0.000000000000000000e+00
0.000000000000000000e+00
0.000000000000000000e+00
0.000000000000000000e+00
0.000000000000000000e+00
0.000000000000000000e+00
0.000000000000000000e+00
0.000000000000000000e+00
0.000000000000000000e+00
0.000000000000000000e+00
0.000000000000000000e+00
0.000000000000000000e+00
0.000000000000000000e+00
0.000000000000000000e+00
0.000000000000000000e+00
0.000000000000000000e+00
0.000000000000000000e+00
0.000000000000000000e+00
0.000000000000000000e+00
0.000000000000000000e+00
0.000000000000000000e+00
0.000000000000000000e+00
0.000000000000000000e+00
0.000000000000000000e+00
0.000000000000000000e+00
0.000000000000000000e+00
0.000000000000000000e+00
0.000000000000000000e+00
0.000000000000000000e+00
0.000000000000000000e+00
0.000000000000000000e+00
0.000000000000000000e+00
0.000000000000000000e+00
0.000000000000000000e+00
0.000000000000000000e+00
0.000000000000000000e+00
0.000000000000000000e+00
0.000000000000000000e+00
0.000000000000000000e+00
0.000000000000000000e+00
0.000000000000000000e+00
0.000000000000000000e+00
0.000000000000000000e+00
0.000000000000000000e+00
0.000000000000000000e+00
0.000000000000000000e+00
0.000000000000000000e+00
0.000000000000000000e+00
0.000000000000000000e+00
0.000000000000000000e+00
0.000000000000000000e+00
0.000000000000000000e+00
0.000000000000000000e+00
0.000000000000000000e+00
0.000000000000000000e+00
0.000000000000000000e+00
0.000000000000000000e+00
0.000000000000000000e+00
0.000000000000000000e+00
0.000000000000000000e+00
0.000000000000000000e+00
0.000000000000000000e+00
0.000000000000000000e+00
0.000000000000000000e+00
0.000000000000000000e+00
0.000000000000000000e+00
0.000000000000000000e+00
0.000000000000000000e+00
0.000000000000000000e+00
0.000000000000000000e+00
0.000000000000000000e+00
0.000000000000000000e+00
0.000000000000000000e+00
0.000000000000000000e+00
0.000000000000000000e+00
0.000000000000000000e+00
0.000000000000000000e+00
0.000000000000000000e+00
0.000000000000000000e+00
0.000000000000000000e+00
0.000000000000000000e+00
0.000000000000000000e+00
0.000000000000000000e+00
0.000000000000000000e+00
0.000000000000000000e+00
0.000000000000000000e+00
0.000000000000000000e+00
0.000000000000000000e+00
0.000000000000000000e+00
0.000000000000000000e+00
0.000000000000000000e+00
0.000000000000000000e+00
0.000000000000000000e+00
0.000000000000000000e+00
0.000000000000000000e+00
0.000000000000000000e+00
0.000000000000000000e+00
0.000000000000000000e+00
0.000000000000000000e+00
0.000000000000000000e+00
0.000000000000000000e+00
0.000000000000000000e+00
0.000000000000000000e+00
0.000000000000000000e+00
0.000000000000000000e+00
0.000000000000000000e+00
0.000000000000000000e+00
0.000000000000000000e+00
0.000000000000000000e+00
0.000000000000000000e+00
0.000000000000000000e+00
0.000000000000000000e+00
0.000000000000000000e+00
0.000000000000000000e+00
0.000000000000000000e+00
0.000000000000000000e+00
0.000000000000000000e+00
0.000000000000000000e+00
0.000000000000000000e+00
0.000000000000000000e+00
0.000000000000000000e+00
0.000000000000000000e+00
0.000000000000000000e+00
0.000000000000000000e+00
0.000000000000000000e+00
0.000000000000000000e+00
0.000000000000000000e+00
0.000000000000000000e+00
0.000000000000000000e+00
0.000000000000000000e+00
0.000000000000000000e+00
0.000000000000000000e+00
0.000000000000000000e+00
0.000000000000000000e+00
0.000000000000000000e+00
0.000000000000000000e+00
0.000000000000000000e+00
0.000000000000000000e+00
0.000000000000000000e+00
0.000000000000000000e+00
0.000000000000000000e+00
0.000000000000000000e+00
0.000000000000000000e+00
0.000000000000000000e+00
0.000000000000000000e+00
0.000000000000000000e+00
0.000000000000000000e+00
0.000000000000000000e+00
0.000000000000000000e+00
0.000000000000000000e+00
0.000000000000000000e+00
0.000000000000000000e+00
0.000000000000000000e+00
0.000000000000000000e+00
0.000000000000000000e+00
0.000000000000000000e+00
0.000000000000000000e+00
0.000000000000000000e+00
0.000000000000000000e+00
0.000000000000000000e+00
0.000000000000000000e+00
0.000000000000000000e+00
0.000000000000000000e+00
0.000000000000000000e+00
0.000000000000000000e+00
0.000000000000000000e+00
0.000000000000000000e+00
0.000000000000000000e+00
0.000000000000000000e+00
0.000000000000000000e+00
0.000000000000000000e+00
0.000000000000000000e+00
0.000000000000000000e+00
0.000000000000000000e+00
0.000000000000000000e+00
0.000000000000000000e+00
0.000000000000000000e+00
0.000000000000000000e+00
0.000000000000000000e+00
0.000000000000000000e+00
0.000000000000000000e+00
0.000000000000000000e+00
0.000000000000000000e+00
0.000000000000000000e+00
0.000000000000000000e+00
0.000000000000000000e+00
0.000000000000000000e+00
0.000000000000000000e+00
0.000000000000000000e+00
0.000000000000000000e+00
0.000000000000000000e+00
0.000000000000000000e+00
0.000000000000000000e+00
0.000000000000000000e+00
0.000000000000000000e+00
0.000000000000000000e+00
0.000000000000000000e+00
0.000000000000000000e+00
0.000000000000000000e+00
0.000000000000000000e+00
0.000000000000000000e+00
0.000000000000000000e+00
0.000000000000000000e+00
0.000000000000000000e+00
0.000000000000000000e+00
0.000000000000000000e+00
0.000000000000000000e+00
0.000000000000000000e+00
0.000000000000000000e+00
0.000000000000000000e+00
0.000000000000000000e+00
0.000000000000000000e+00
0.000000000000000000e+00
0.000000000000000000e+00
0.000000000000000000e+00
0.000000000000000000e+00
0.000000000000000000e+00
0.000000000000000000e+00
0.000000000000000000e+00
0.000000000000000000e+00
0.000000000000000000e+00
0.000000000000000000e+00
