5.432407617064959595e+02
5.594567454811193556e+02
-3.811755619558133503e+02
6.297734304665477794e+02
6.799606776417570018e+02
7.207404222040836430e+02
7.781207409151897991e+02
8.316077288508415677e+02
8.496801118815237714e+02
-9.650568466279429458e+01
9.015455892966449483e+02
9.317823301746619791e+02
9.460671849685807047e+02
9.711181274335144735e+02
9.873310161326849084e+02
9.642271055832484308e+02
-2.587361649935382957e+01
9.267733176039289447e+02
9.114132422496870731e+02
8.812141355924175059e+02
8.641681790171321609e+02
8.418758127087754701e+02
7.849569272056619411e+02
-2.333088379113124802e+02
6.976148896812691191e+02
6.675739750447296501e+02
6.301277648898856114e+02
6.134392193129879161e+02
5.990542274341429447e+02
5.573148699813940539e+02
-4.389914840371717446e+02
5.199800437404535387e+02
5.232057958636999047e+02
5.232240596082149295e+02
5.470561681665820970e+02
5.750203120999901785e+02
5.761817690332641178e+02
-3.779596870277786707e+02
6.211809310151088539e+02
6.613852933211853724e+02
6.940976387998040309e+02
7.453781103705675832e+02
7.947446684097760681e+02
8.106464584951172583e+02
-1.358312835033461852e+02
8.636948344382608411e+02
8.970227167259927228e+02
9.158289704395806439e+02
9.466140446846372924e+02
9.695297257175520826e+02
9.538323296096891681e+02
-2.843768595264077703e+01
9.321767237072755279e+02
9.246325180644769262e+02
9.018153440155119824e+02
8.914479552279324253e+02
8.748808066748108558e+02
8.225092883940674255e+02
-1.925805913564184380e+02
7.399893628014824571e+02
