1.637095644743750017e+04
1.799432461727309783e+04
1.950562981425376711e+04
2.063147296310961246e+04
2.130055845357930230e+04
2.212376663640749393e+04
2.512615664297899639e+04
2.517225631332227204e+04
2.590624479948370208e+04
2.640222133954150559e+04
2.640377128803914457e+04
2.585920241577226261e+04
2.540119968188926941e+04
2.707835128841930782e+04
2.577991421093946701e+04
2.517543751351287574e+04
2.436445069070897443e+04
2.311544252095987031e+04
2.140051811930377517e+04
1.987449696049517297e+04
2.060591876059307106e+04
1.850133862715653595e+04
1.724454179147959803e+04
1.594589563995715616e+04
1.438107319341419134e+04
1.252554234468454342e+04
1.103358802689462573e+04
1.196933626143343099e+04
1.023116115781418557e+04
9.491102447628718437e+03
8.844506214246981472e+03
8.049115717970242258e+03
7.059997372879236536e+03
6.509058031073942402e+03
8.436610031814223476e+03
7.716351449669791691e+03
7.995374695814367442e+03
8.344401294297502318e+03
8.497454869038305333e+03
8.387342897507021917e+03
8.625689627013467543e+03
1.123496394818533190e+04
1.107385841932601033e+04
1.177762306493455253e+04
1.240854418931996770e+04
1.269577479728195067e+04
1.257088400143666149e+04
1.264786697138514319e+04
1.495506072104361920e+04
1.436032571568955973e+04
1.451110287931142557e+04
1.448454419651598437e+04
1.402693322422146775e+04
1.308877411460820076e+04
1.230430311576761778e+04
1.372288110793266787e+04
1.223364090992770070e+04
1.150501281226094034e+04
1.063434016027817415e+04
9.386814326439773140e+03
