0.000000000000000000e+00
0.000000000000000000e+00
0.000000000000000000e+00
0.000000000000000000e+00
0.000000000000000000e+00
0.000000000000000000e+00
0.000000000000000000e+00
0.000000000000000000e+00
0.000000000000000000e+00
0.000000000000000000e+00
0.000000000000000000e+00
0.000000000000000000e+00
0.000000000000000000e+00
0.000000000000000000e+00
0.000000000000000000e+00
0.000000000000000000e+00
0.000000000000000000e+00
0.000000000000000000e+00
0.000000000000000000e+00
0.000000000000000000e+00
0.000000000000000000e+00
0.000000000000000000e+00
0.000000000000000000e+00
0.000000000000000000e+00
0.000000000000000000e+00
0.000000000000000000e+00
0.000000000000000000e+00
0.000000000000000000e+00
0.000000000000000000e+00
0.000000000000000000e+00
0.000000000000000000e+00
0.000000000000000000e+00
0.000000000000000000e+00
0.000000000000000000e+00
0.000000000000000000e+00
0.000000000000000000e+00
0.000000000000000000e+00
1.000000000000000000e+00
0.000000000000000000e+00
0.000000000000000000e+00
0.000000000000000000e+00
0.000000000000000000e+00
2.000000000000000000e+00
0.000000000000000000e+00
1.000000000000000000e+00
1.000000000000000000e+00
0.000000000000000000e+00
0.000000000000000000e+00
0.000000000000000000e+00
0.000000000000000000e+00
0.000000000000000000e+00
0.000000000000000000e+00
1.000000000000000000e+00
2.000000000000000000e+00
0.000000000000000000e+00
4.000000000000000000e+00
8.000000000000000000e+00
8.000000000000000000e+00
1.100000000000000000e+01
1.300000000000000000e+01
5.000000000000000000e+01
0.000000000000000000e+00
5.300000000000000000e+01
5.000000000000000000e+01
7.800000000000000000e+01
8.500000000000000000e+01
8.300000000000000000e+01
6.300000000000000000e+01
7.500000000000000000e+01
5.800000000000000000e+01
6.100000000000000000e+01
8.900000000000000000e+01
7.100000000000000000e+01
8.200000000000000000e+01
8.900000000000000000e+01
6.700000000000000000e+01
5.400000000000000000e+01
5.000000000000000000e+01
2.900000000000000000e+01
4.400000000000000000e+01
2.900000000000000000e+01
1.800000000000000000e+01
1.900000000000000000e+01
1.700000000000000000e+01
2.000000000000000000e+01
1.500000000000000000e+01
8.000000000000000000e+00
1.300000000000000000e+01
9.000000000000000000e+00
9.000000000000000000e+00
5.000000000000000000e+00
6.000000000000000000e+00
5.000000000000000000e+00
5.000000000000000000e+00
9.000000000000000000e+00
-1.000000000000000000e+00
3.000000000000000000e+00
2.000000000000000000e+00
2.000000000000000000e+00
3.000000000000000000e+00
6.000000000000000000e+00
2.000000000000000000e+00
0.000000000000000000e+00
-1.000000000000000000e+00
2.000000000000000000e+00
1.000000000000000000e+00
1.000000000000000000e+00
2.000000000000000000e+00
2.000000000000000000e+00
3.000000000000000000e+00
0.000000000000000000e+00
0.000000000000000000e+00
0.000000000000000000e+00
1.000000000000000000e+00
0.000000000000000000e+00
1.000000000000000000e+00
0.000000000000000000e+00
0.000000000000000000e+00
4.000000000000000000e+00
0.000000000000000000e+00
1.000000000000000000e+00
0.000000000000000000e+00
0.000000000000000000e+00
0.000000000000000000e+00
0.000000000000000000e+00
0.000000000000000000e+00
0.000000000000000000e+00
0.000000000000000000e+00
0.000000000000000000e+00
0.000000000000000000e+00
0.000000000000000000e+00
0.000000000000000000e+00
0.000000000000000000e+00
0.000000000000000000e+00
0.000000000000000000e+00
0.000000000000000000e+00
0.000000000000000000e+00
0.000000000000000000e+00
0.000000000000000000e+00
0.000000000000000000e+00
0.000000000000000000e+00
0.000000000000000000e+00
0.000000000000000000e+00
0.000000000000000000e+00
0.000000000000000000e+00
2.000000000000000000e+00
0.000000000000000000e+00
1.000000000000000000e+00
0.000000000000000000e+00
2.000000000000000000e+00
2.000000000000000000e+00
2.000000000000000000e+00
2.000000000000000000e+00
1.000000000000000000e+00
3.000000000000000000e+00
1.000000000000000000e+00
2.000000000000000000e+00
4.000000000000000000e+00
2.000000000000000000e+00
0.000000000000000000e+00
0.000000000000000000e+00
2.000000000000000000e+00
0.000000000000000000e+00
0.000000000000000000e+00
3.000000000000000000e+00
1.000000000000000000e+00
2.000000000000000000e+00
1.000000000000000000e+00
3.000000000000000000e+00
2.000000000000000000e+00
1.000000000000000000e+00
1.000000000000000000e+00
0.000000000000000000e+00
1.000000000000000000e+00
2.000000000000000000e+00
1.000000000000000000e+00
1.000000000000000000e+00
1.000000000000000000e+00
3.000000000000000000e+00
1.000000000000000000e+00
1.000000000000000000e+00
0.000000000000000000e+00
0.000000000000000000e+00
1.000000000000000000e+00
0.000000000000000000e+00
0.000000000000000000e+00
0.000000000000000000e+00
1.000000000000000000e+00
2.000000000000000000e+00
1.000000000000000000e+00
0.000000000000000000e+00
2.000000000000000000e+00
3.000000000000000000e+00
2.000000000000000000e+00
0.000000000000000000e+00
2.000000000000000000e+00
0.000000000000000000e+00
0.000000000000000000e+00
0.000000000000000000e+00
0.000000000000000000e+00
0.000000000000000000e+00
1.000000000000000000e+00
0.000000000000000000e+00
1.900000000000000000e+01
1.300000000000000000e+01
7.000000000000000000e+00
1.300000000000000000e+01
9.000000000000000000e+00
1.200000000000000000e+01
6.000000000000000000e+00
5.000000000000000000e+00
1.100000000000000000e+01
6.000000000000000000e+00
3.000000000000000000e+00
9.000000000000000000e+00
7.000000000000000000e+00
5.000000000000000000e+00
7.000000000000000000e+00
1.200000000000000000e+01
1.300000000000000000e+01
2.000000000000000000e+00
9.000000000000000000e+00
1.400000000000000000e+01
5.000000000000000000e+00
2.000000000000000000e+00
5.000000000000000000e+00
3.000000000000000000e+00
5.000000000000000000e+00
4.000000000000000000e+00
6.000000000000000000e+00
6.000000000000000000e+00
4.000000000000000000e+00
1.000000000000000000e+00
2.000000000000000000e+00
2.000000000000000000e+00
1.000000000000000000e+00
3.000000000000000000e+00
1.000000000000000000e+00
7.000000000000000000e+00
0.000000000000000000e+00
2.000000000000000000e+00
4.000000000000000000e+00
0.000000000000000000e+00
0.000000000000000000e+00
9.000000000000000000e+00
3.000000000000000000e+00
2.000000000000000000e+00
2.000000000000000000e+00
2.000000000000000000e+00
0.000000000000000000e+00
2.000000000000000000e+00
1.000000000000000000e+00
1.200000000000000000e+01
0.000000000000000000e+00
1.000000000000000000e+00
5.000000000000000000e+00
1.000000000000000000e+00
3.000000000000000000e+00
3.000000000000000000e+00
3.000000000000000000e+00
2.000000000000000000e+00
4.000000000000000000e+00
1.000000000000000000e+00
0.000000000000000000e+00
1.000000000000000000e+00
2.000000000000000000e+00
2.000000000000000000e+00
4.000000000000000000e+00
3.000000000000000000e+00
3.000000000000000000e+00
0.000000000000000000e+00
1.000000000000000000e+00
2.500000000000000000e+01
2.000000000000000000e+00
9.000000000000000000e+00
1.100000000000000000e+01
1.000000000000000000e+00
5.000000000000000000e+00
1.000000000000000000e+00
2.000000000000000000e+00
6.000000000000000000e+00
1.000000000000000000e+00
7.000000000000000000e+00
2.000000000000000000e+00
4.000000000000000000e+00
5.000000000000000000e+00
3.000000000000000000e+00
2.000000000000000000e+00
1.000000000000000000e+00
2.000000000000000000e+00
6.000000000000000000e+00
4.000000000000000000e+00
1.000000000000000000e+00
1.000000000000000000e+00
3.000000000000000000e+00
4.000000000000000000e+00
3.000000000000000000e+00
3.000000000000000000e+00
0.000000000000000000e+00
4.000000000000000000e+00
3.000000000000000000e+00
2.000000000000000000e+00
3.000000000000000000e+00
6.000000000000000000e+00
9.000000000000000000e+00
2.000000000000000000e+00
1.000000000000000000e+00
8.000000000000000000e+00
1.000000000000000000e+00
7.000000000000000000e+00
3.000000000000000000e+00
0.000000000000000000e+00
6.000000000000000000e+00
3.000000000000000000e+00
1.000000000000000000e+00
9.000000000000000000e+00
0.000000000000000000e+00
9.000000000000000000e+00
0.000000000000000000e+00
1.000000000000000000e+00
6.000000000000000000e+00
3.000000000000000000e+00
0.000000000000000000e+00
4.000000000000000000e+00
0.000000000000000000e+00
4.000000000000000000e+00
0.000000000000000000e+00
0.000000000000000000e+00
4.000000000000000000e+00
0.000000000000000000e+00
1.000000000000000000e+01
0.000000000000000000e+00
6.000000000000000000e+00
5.000000000000000000e+00
0.000000000000000000e+00
7.000000000000000000e+00
0.000000000000000000e+00
0.000000000000000000e+00
0.000000000000000000e+00
1.600000000000000000e+01
0.000000000000000000e+00
7.000000000000000000e+00
0.000000000000000000e+00
1.100000000000000000e+01
0.000000000000000000e+00
0.000000000000000000e+00
1.900000000000000000e+01
0.000000000000000000e+00
5.000000000000000000e+00
0.000000000000000000e+00
2.000000000000000000e+00
0.000000000000000000e+00
0.000000000000000000e+00
3.100000000000000000e+01
3.000000000000000000e+00
0.000000000000000000e+00
6.000000000000000000e+00
0.000000000000000000e+00
1.800000000000000000e+01
0.000000000000000000e+00
1.000000000000000000e+01
6.000000000000000000e+00
0.000000000000000000e+00
5.000000000000000000e+00
0.000000000000000000e+00
9.000000000000000000e+00
0.000000000000000000e+00
7.000000000000000000e+00
5.000000000000000000e+00
2.000000000000000000e+00
5.000000000000000000e+00
4.000000000000000000e+00
6.000000000000000000e+00
-2.000000000000000000e+00
1.000000000000000000e+00
0.000000000000000000e+00
3.000000000000000000e+00
1.000000000000000000e+00
5.000000000000000000e+00
2.000000000000000000e+00
0.000000000000000000e+00
5.000000000000000000e+00
0.000000000000000000e+00
2.000000000000000000e+00
2.000000000000000000e+00
0.000000000000000000e+00
2.000000000000000000e+00
2.000000000000000000e+00
2.000000000000000000e+00
6.000000000000000000e+00
1.000000000000000000e+00
3.000000000000000000e+00
4.000000000000000000e+00
4.000000000000000000e+00
2.000000000000000000e+00
0.000000000000000000e+00
7.000000000000000000e+00
6.000000000000000000e+00
2.000000000000000000e+00
3.000000000000000000e+00
3.000000000000000000e+00
1.000000000000000000e+00
4.000000000000000000e+00
2.000000000000000000e+00
4.000000000000000000e+00
2.000000000000000000e+00
5.000000000000000000e+00
0.000000000000000000e+00
9.000000000000000000e+00
1.000000000000000000e+00
6.000000000000000000e+00
4.000000000000000000e+00
1.000000000000000000e+00
6.000000000000000000e+00
1.000000000000000000e+00
5.000000000000000000e+00
1.000000000000000000e+00
7.000000000000000000e+00
2.000000000000000000e+00
2.000000000000000000e+00
0.000000000000000000e+00
1.000000000000000000e+01
0.000000000000000000e+00
9.000000000000000000e+00
9.000000000000000000e+00
0.000000000000000000e+00
8.000000000000000000e+00
6.000000000000000000e+00
3.000000000000000000e+00
2.000000000000000000e+00
1.000000000000000000e+00
1.100000000000000000e+01
2.000000000000000000e+00
2.000000000000000000e+00
4.000000000000000000e+00
0.000000000000000000e+00
0.000000000000000000e+00
0.000000000000000000e+00
6.000000000000000000e+00
1.700000000000000000e+01
7.000000000000000000e+00
2.400000000000000000e+01
6.000000000000000000e+00
1.000000000000000000e+01
3.000000000000000000e+00
9.000000000000000000e+00
4.000000000000000000e+00
2.000000000000000000e+00
2.000000000000000000e+00
0.000000000000000000e+00
0.000000000000000000e+00
4.000000000000000000e+00
1.000000000000000000e+00
1.000000000000000000e+00
2.000000000000000000e+00
1.000000000000000000e+00
0.000000000000000000e+00
0.000000000000000000e+00
1.000000000000000000e+00
0.000000000000000000e+00
8.000000000000000000e+00
0.000000000000000000e+00
4.000000000000000000e+00
0.000000000000000000e+00
0.000000000000000000e+00
5.000000000000000000e+00
4.000000000000000000e+00
1.000000000000000000e+00
6.000000000000000000e+00
4.000000000000000000e+00
1.000000000000000000e+00
0.000000000000000000e+00
8.000000000000000000e+00
2.000000000000000000e+00
0.000000000000000000e+00
-1.000000000000000000e+00
1.000000000000000000e+00
1.000000000000000000e+00
0.000000000000000000e+00
1.000000000000000000e+00
5.000000000000000000e+00
2.000000000000000000e+00
5.000000000000000000e+00
1.000000000000000000e+00
3.000000000000000000e+00
1.000000000000000000e+00
6.000000000000000000e+00
0.000000000000000000e+00
1.000000000000000000e+00
0.000000000000000000e+00
1.000000000000000000e+00
0.000000000000000000e+00
0.000000000000000000e+00
2.000000000000000000e+00
1.000000000000000000e+00
0.000000000000000000e+00
6.000000000000000000e+00
2.000000000000000000e+00
1.000000000000000000e+00
0.000000000000000000e+00
0.000000000000000000e+00
0.000000000000000000e+00
1.000000000000000000e+01
4.000000000000000000e+00
1.000000000000000000e+00
5.000000000000000000e+00
0.000000000000000000e+00
6.000000000000000000e+00
1.000000000000000000e+00
0.000000000000000000e+00
2.000000000000000000e+00
2.000000000000000000e+00
1.000000000000000000e+00
0.000000000000000000e+00
4.000000000000000000e+00
2.000000000000000000e+00
0.000000000000000000e+00
3.000000000000000000e+00
0.000000000000000000e+00
2.000000000000000000e+00
4.000000000000000000e+00
0.000000000000000000e+00
9.000000000000000000e+00
3.000000000000000000e+00
1.000000000000000000e+00
0.000000000000000000e+00
0.000000000000000000e+00
0.000000000000000000e+00
9.000000000000000000e+00
7.000000000000000000e+00
0.000000000000000000e+00
5.000000000000000000e+00
1.000000000000000000e+00
1.000000000000000000e+00
0.000000000000000000e+00
2.000000000000000000e+00
1.000000000000000000e+00
1.800000000000000000e+01
4.000000000000000000e+00
4.000000000000000000e+00
9.000000000000000000e+00
0.000000000000000000e+00
1.100000000000000000e+01
3.000000000000000000e+00
5.000000000000000000e+00
6.000000000000000000e+00
7.000000000000000000e+00
2.000000000000000000e+01
0.000000000000000000e+00
7.000000000000000000e+00
1.000000000000000000e+00
0.000000000000000000e+00
1.000000000000000000e+00
3.000000000000000000e+00
3.000000000000000000e+00
0.000000000000000000e+00
3.000000000000000000e+00
4.000000000000000000e+00
0.000000000000000000e+00
2.000000000000000000e+00
1.000000000000000000e+00
0.000000000000000000e+00
0.000000000000000000e+00
6.000000000000000000e+00
4.000000000000000000e+00
1.200000000000000000e+01
2.000000000000000000e+00
9.000000000000000000e+00
1.000000000000000000e+00
0.000000000000000000e+00
5.000000000000000000e+00
7.000000000000000000e+00
0.000000000000000000e+00
1.000000000000000000e+01
0.000000000000000000e+00
3.200000000000000000e+01
2.400000000000000000e+01
2.400000000000000000e+01
3.800000000000000000e+01
4.200000000000000000e+01
6.300000000000000000e+01
6.800000000000000000e+01
7.000000000000000000e+01
8.300000000000000000e+01
8.400000000000000000e+01
5.500000000000000000e+01
0.000000000000000000e+00
5.000000000000000000e+01
7.600000000000000000e+01
8.400000000000000000e+01
1.900000000000000000e+01
2.000000000000000000e+01
2.400000000000000000e+01
2.100000000000000000e+01
1.600000000000000000e+01
1.800000000000000000e+01
1.900000000000000000e+01
2.400000000000000000e+01
2.300000000000000000e+01
3.600000000000000000e+01
1.700000000000000000e+01
1.500000000000000000e+01
1.800000000000000000e+01
1.500000000000000000e+01
2.400000000000000000e+01
2.200000000000000000e+01
2.200000000000000000e+01
1.300000000000000000e+01
2.400000000000000000e+01
1.600000000000000000e+01
9.000000000000000000e+00
1.800000000000000000e+01
2.100000000000000000e+01
1.100000000000000000e+01
1.000000000000000000e+01
4.400000000000000000e+01
2.500000000000000000e+01
1.800000000000000000e+01
2.800000000000000000e+01
3.300000000000000000e+01
3.000000000000000000e+01
2.600000000000000000e+01
4.200000000000000000e+01
3.000000000000000000e+01
4.700000000000000000e+01
3.600000000000000000e+01
6.100000000000000000e+01
3.500000000000000000e+01
4.500000000000000000e+01
5.500000000000000000e+01
7.200000000000000000e+01
6.600000000000000000e+01
4.200000000000000000e+01
5.200000000000000000e+01
6.400000000000000000e+01
9.800000000000000000e+01
6.000000000000000000e+01
1.020000000000000000e+02
1.340000000000000000e+02
1.050000000000000000e+02
8.400000000000000000e+01
1.110000000000000000e+02
7.300000000000000000e+01
7.700000000000000000e+01
9.600000000000000000e+01
1.290000000000000000e+02
1.610000000000000000e+02
1.430000000000000000e+02
1.660000000000000000e+02
1.290000000000000000e+02
1.090000000000000000e+02
1.400000000000000000e+02
1.660000000000000000e+02
2.040000000000000000e+02
1.140000000000000000e+02
1.920000000000000000e+02
1.270000000000000000e+02
1.470000000000000000e+02
1.850000000000000000e+02
1.990000000000000000e+02
1.760000000000000000e+02
2.100000000000000000e+02
1.740000000000000000e+02
2.220000000000000000e+02
1.970000000000000000e+02
1.670000000000000000e+02
2.000000000000000000e+02
1.710000000000000000e+02
1.490000000000000000e+02
2.040000000000000000e+02
2.170000000000000000e+02
2.160000000000000000e+02
1.800000000000000000e+02
1.770000000000000000e+02
1.480000000000000000e+02
1.460000000000000000e+02
1.840000000000000000e+02
1.320000000000000000e+02
1.470000000000000000e+02
1.720000000000000000e+02
9.700000000000000000e+01
9.600000000000000000e+01
1.080000000000000000e+02
1.360000000000000000e+02
9.700000000000000000e+01
8.800000000000000000e+01
1.050000000000000000e+02
0.000000000000000000e+00
1.600000000000000000e+02
1.030000000000000000e+02
1.020000000000000000e+02
8.100000000000000000e+01
7.600000000000000000e+01
9.500000000000000000e+01
7.900000000000000000e+01
4.900000000000000000e+01
5.900000000000000000e+01
7.000000000000000000e+01
3.600000000000000000e+01
5.800000000000000000e+01
5.900000000000000000e+01
7.100000000000000000e+01
0.000000000000000000e+00
1.360000000000000000e+02
4.400000000000000000e+01
3.300000000000000000e+01
5.400000000000000000e+01
7.100000000000000000e+01
6.100000000000000000e+01
0.000000000000000000e+00
1.370000000000000000e+02
5.100000000000000000e+01
5.900000000000000000e+01
4.000000000000000000e+01
6.200000000000000000e+01
5.800000000000000000e+01
0.000000000000000000e+00
1.480000000000000000e+02
6.000000000000000000e+01
2.300000000000000000e+01
9.200000000000000000e+01
3.900000000000000000e+01
6.000000000000000000e+01
5.400000000000000000e+01
6.800000000000000000e+01
5.800000000000000000e+01
4.300000000000000000e+01
7.900000000000000000e+01
8.500000000000000000e+01
6.700000000000000000e+01
7.800000000000000000e+01
7.100000000000000000e+01
7.500000000000000000e+01
6.200000000000000000e+01
5.800000000000000000e+01
9.700000000000000000e+01
1.490000000000000000e+02
1.550000000000000000e+02
1.400000000000000000e+02
1.300000000000000000e+02
2.040000000000000000e+02
1.970000000000000000e+02
1.880000000000000000e+02
2.720000000000000000e+02
2.690000000000000000e+02
2.270000000000000000e+02
2.150000000000000000e+02
2.650000000000000000e+02
2.500000000000000000e+02
3.340000000000000000e+02
4.760000000000000000e+02
4.640000000000000000e+02
0.000000000000000000e+00
1.796000000000000000e+03
7.550000000000000000e+02
1.181000000000000000e+03
1.541000000000000000e+03
1.886000000000000000e+03
1.816000000000000000e+03
2.337000000000000000e+03
2.230000000000000000e+03
2.845000000000000000e+03
3.183000000000000000e+03
6.130000000000000000e+03
1.202400000000000000e+04
1.362700000000000000e+04
0.000000000000000000e+00
1.501600000000000000e+04
3.267600000000000000e+04
2.412100000000000000e+04
2.320800000000000000e+04
2.260000000000000000e+04
1.889500000000000000e+04
1.520500000000000000e+04
1.755200000000000000e+04
2.398400000000000000e+04
2.250400000000000000e+04
3.300000000000000000e+01
2.108500000000000000e+04
3.981400000000000000e+04
1.453300000000000000e+04
1.557600000000000000e+04
2.174800000000000000e+04
4.100000000000000000e+01
3.929200000000000000e+04
1.426100000000000000e+04
1.862700000000000000e+04
1.206400000000000000e+04
1.450900000000000000e+04
2.104600000000000000e+04
2.026700000000000000e+04
1.849100000000000000e+04
1.602600000000000000e+04
1.442000000000000000e+04
1.027800000000000000e+04
1.308000000000000000e+04
1.739200000000000000e+04
1.614600000000000000e+04
1.543800000000000000e+04
1.364000000000000000e+04
1.179400000000000000e+04
8.845000000000000000e+03
1.042600000000000000e+04
1.441300000000000000e+04
1.282400000000000000e+04
1.186200000000000000e+04
1.600000000000000000e+02
1.868900000000000000e+04
6.755000000000000000e+03
7.633000000000000000e+03
1.140800000000000000e+04
9.683000000000000000e+03
9.738000000000000000e+03
7.930000000000000000e+03
5.812000000000000000e+03
6.138000000000000000e+03
6.282000000000000000e+03
0.000000000000000000e+00
1.985800000000000000e+04
1.057400000000000000e+04
9.559000000000000000e+03
8.103000000000000000e+03
5.714000000000000000e+03
5.868000000000000000e+03
6.456000000000000000e+03
1.002900000000000000e+04
9.203000000000000000e+03
8.383000000000000000e+03
7.163000000000000000e+03
5.728000000000000000e+03
6.770000000000000000e+03
9.315000000000000000e+03
8.649000000000000000e+03
8.726000000000000000e+03
7.438000000000000000e+03
6.859000000000000000e+03
5.728000000000000000e+03
6.471000000000000000e+03
9.296000000000000000e+03
8.077000000000000000e+03
9.515000000000000000e+03
7.551000000000000000e+03
7.142000000000000000e+03
5.828000000000000000e+03
7.114000000000000000e+03
9.946000000000000000e+03
9.700000000000000000e+03
9.212000000000000000e+03
7.909000000000000000e+03
6.761000000000000000e+03
5.058000000000000000e+03
6.067000000000000000e+03
8.511000000000000000e+03
8.303000000000000000e+03
7.688000000000000000e+03
6.959000000000000000e+03
6.461000000000000000e+03
4.899000000000000000e+03
5.901000000000000000e+03
8.574000000000000000e+03
8.334000000000000000e+03
8.007000000000000000e+03
6.346000000000000000e+03
6.414000000000000000e+03
4.473000000000000000e+03
0.000000000000000000e+00
1.037800000000000000e+04
7.149000000000000000e+03
8.179000000000000000e+03
6.463000000000000000e+03
5.268000000000000000e+03
4.529000000000000000e+03
4.518000000000000000e+03
6.355000000000000000e+03
5.711000000000000000e+03
5.888000000000000000e+03
5.014000000000000000e+03
4.584000000000000000e+03
3.350000000000000000e+03
4.179000000000000000e+03
5.907000000000000000e+03
5.688000000000000000e+03
5.531000000000000000e+03
4.000000000000000000e+00
9.122000000000000000e+03
4.608000000000000000e+03
5.758000000000000000e+03
8.331000000000000000e+03
8.068000000000000000e+03
7.963000000000000000e+03
7.295000000000000000e+03
6.892000000000000000e+03
5.174000000000000000e+03
