2.682281562138453523e+01
2.687300442601070571e+01
2.685968063349011459e+01
2.685888563095326731e+01
2.684262640395287391e+01
2.688179436447583015e+01
2.687048492791874565e+01
2.686322155840548476e+01
2.691341036303163747e+01
2.690008657051104635e+01
2.689929156797417420e+01
2.688303234097379502e+01
2.692220030149668375e+01
2.691089086493960991e+01
2.690362749542643073e+01
2.695381630005262608e+01
2.694049250753207403e+01
2.693969750499512728e+01
2.692343827799484046e+01
2.696260623851770788e+01
2.695129680196057365e+01
2.694403343244731630e+01
2.699422223707356139e+01
2.698089844455300934e+01
2.698010344201608390e+01
2.696384421501576867e+01
2.700301217553864674e+01
2.699170273898161554e+01
2.698443936946834398e+01
2.703462817409459973e+01
2.702130438157395886e+01
2.702050937903709027e+01
2.700425015203666135e+01
2.704341811255958561e+01
2.703210867600257927e+01
2.702484530648920824e+01
2.707503411111552793e+01
2.706171031859489062e+01
2.706091531605804335e+01
2.704465608905758955e+01
2.708382404958052803e+01
2.707251461302344353e+01
2.706525124351023948e+01
2.711544004813640996e+01
2.710211625561582593e+01
2.710132125307897510e+01
2.708506202607862789e+01
2.712422998660154860e+01
2.711292055004458135e+01
2.710565718053126716e+01
2.715584598515739145e+01
2.714252219263675769e+01
2.714172719009990686e+01
2.712546796309955255e+01
2.716463592362238089e+01
2.715332648706545271e+01
2.714606311755221668e+01
2.719625192217838361e+01
2.718292812965780314e+01
2.718213312712093810e+01
