0.000000000000000000e+00
0.000000000000000000e+00
0.000000000000000000e+00
0.000000000000000000e+00
0.000000000000000000e+00
0.000000000000000000e+00
0.000000000000000000e+00
0.000000000000000000e+00
0.000000000000000000e+00
0.000000000000000000e+00
0.000000000000000000e+00
0.000000000000000000e+00
0.000000000000000000e+00
0.000000000000000000e+00
0.000000000000000000e+00
0.000000000000000000e+00
0.000000000000000000e+00
0.000000000000000000e+00
0.000000000000000000e+00
0.000000000000000000e+00
0.000000000000000000e+00
0.000000000000000000e+00
0.000000000000000000e+00
0.000000000000000000e+00
0.000000000000000000e+00
0.000000000000000000e+00
0.000000000000000000e+00
0.000000000000000000e+00
0.000000000000000000e+00
0.000000000000000000e+00
0.000000000000000000e+00
0.000000000000000000e+00
0.000000000000000000e+00
0.000000000000000000e+00
0.000000000000000000e+00
0.000000000000000000e+00
0.000000000000000000e+00
0.000000000000000000e+00
0.000000000000000000e+00
0.000000000000000000e+00
0.000000000000000000e+00
0.000000000000000000e+00
0.000000000000000000e+00
0.000000000000000000e+00
0.000000000000000000e+00
0.000000000000000000e+00
0.000000000000000000e+00
0.000000000000000000e+00
0.000000000000000000e+00
0.000000000000000000e+00
0.000000000000000000e+00
0.000000000000000000e+00
0.000000000000000000e+00
0.000000000000000000e+00
0.000000000000000000e+00
0.000000000000000000e+00
0.000000000000000000e+00
0.000000000000000000e+00
0.000000000000000000e+00
0.000000000000000000e+00
0.000000000000000000e+00
0.000000000000000000e+00
0.000000000000000000e+00
0.000000000000000000e+00
0.000000000000000000e+00
0.000000000000000000e+00
1.000000000000000000e+00
1.000000000000000000e+00
2.000000000000000000e+00
2.000000000000000000e+00
3.000000000000000000e+00
4.000000000000000000e+00
4.000000000000000000e+00
5.000000000000000000e+00
5.000000000000000000e+00
5.000000000000000000e+00
6.000000000000000000e+00
7.000000000000000000e+00
7.000000000000000000e+00
7.000000000000000000e+00
7.000000000000000000e+00
7.000000000000000000e+00
7.000000000000000000e+00
7.000000000000000000e+00
7.000000000000000000e+00
7.000000000000000000e+00
7.000000000000000000e+00
7.000000000000000000e+00
7.000000000000000000e+00
7.000000000000000000e+00
7.000000000000000000e+00
7.000000000000000000e+00
7.000000000000000000e+00
7.000000000000000000e+00
7.000000000000000000e+00
7.000000000000000000e+00
7.000000000000000000e+00
7.000000000000000000e+00
7.000000000000000000e+00
7.000000000000000000e+00
7.000000000000000000e+00
7.000000000000000000e+00
7.000000000000000000e+00
8.000000000000000000e+00
9.000000000000000000e+00
9.000000000000000000e+00
9.000000000000000000e+00
9.000000000000000000e+00
9.000000000000000000e+00
9.000000000000000000e+00
9.000000000000000000e+00
9.000000000000000000e+00
9.000000000000000000e+00
9.000000000000000000e+00
9.000000000000000000e+00
9.000000000000000000e+00
9.000000000000000000e+00
9.000000000000000000e+00
9.000000000000000000e+00
9.000000000000000000e+00
9.000000000000000000e+00
9.000000000000000000e+00
9.000000000000000000e+00
9.000000000000000000e+00
1.000000000000000000e+01
1.000000000000000000e+01
1.000000000000000000e+01
1.000000000000000000e+01
1.000000000000000000e+01
1.000000000000000000e+01
1.000000000000000000e+01
1.100000000000000000e+01
1.100000000000000000e+01
1.100000000000000000e+01
1.100000000000000000e+01
1.100000000000000000e+01
1.100000000000000000e+01
1.100000000000000000e+01
1.100000000000000000e+01
1.100000000000000000e+01
1.100000000000000000e+01
1.100000000000000000e+01
1.100000000000000000e+01
1.100000000000000000e+01
1.100000000000000000e+01
1.100000000000000000e+01
1.100000000000000000e+01
1.100000000000000000e+01
1.100000000000000000e+01
1.100000000000000000e+01
1.100000000000000000e+01
1.100000000000000000e+01
1.100000000000000000e+01
1.100000000000000000e+01
1.100000000000000000e+01
1.100000000000000000e+01
1.100000000000000000e+01
1.100000000000000000e+01
1.100000000000000000e+01
1.100000000000000000e+01
1.100000000000000000e+01
1.100000000000000000e+01
1.100000000000000000e+01
1.100000000000000000e+01
1.100000000000000000e+01
1.100000000000000000e+01
1.100000000000000000e+01
1.100000000000000000e+01
1.100000000000000000e+01
1.100000000000000000e+01
1.100000000000000000e+01
1.100000000000000000e+01
1.100000000000000000e+01
1.100000000000000000e+01
1.100000000000000000e+01
1.100000000000000000e+01
1.100000000000000000e+01
1.100000000000000000e+01
1.100000000000000000e+01
1.100000000000000000e+01
1.100000000000000000e+01
1.100000000000000000e+01
1.100000000000000000e+01
1.100000000000000000e+01
1.100000000000000000e+01
1.100000000000000000e+01
1.100000000000000000e+01
1.100000000000000000e+01
1.100000000000000000e+01
1.100000000000000000e+01
1.100000000000000000e+01
1.100000000000000000e+01
1.100000000000000000e+01
1.100000000000000000e+01
1.100000000000000000e+01
1.100000000000000000e+01
1.100000000000000000e+01
1.100000000000000000e+01
1.100000000000000000e+01
1.100000000000000000e+01
1.100000000000000000e+01
1.100000000000000000e+01
1.100000000000000000e+01
1.100000000000000000e+01
1.100000000000000000e+01
1.100000000000000000e+01
1.100000000000000000e+01
1.100000000000000000e+01
1.100000000000000000e+01
1.100000000000000000e+01
1.100000000000000000e+01
1.100000000000000000e+01
1.100000000000000000e+01
1.200000000000000000e+01
1.200000000000000000e+01
1.200000000000000000e+01
1.200000000000000000e+01
1.200000000000000000e+01
1.200000000000000000e+01
1.200000000000000000e+01
1.200000000000000000e+01
1.200000000000000000e+01
1.200000000000000000e+01
1.200000000000000000e+01
1.200000000000000000e+01
1.200000000000000000e+01
1.200000000000000000e+01
1.200000000000000000e+01
1.200000000000000000e+01
1.200000000000000000e+01
1.200000000000000000e+01
1.200000000000000000e+01
1.200000000000000000e+01
1.200000000000000000e+01
1.200000000000000000e+01
1.200000000000000000e+01
1.300000000000000000e+01
1.300000000000000000e+01
1.300000000000000000e+01
1.300000000000000000e+01
1.300000000000000000e+01
1.300000000000000000e+01
1.300000000000000000e+01
1.300000000000000000e+01
1.300000000000000000e+01
1.300000000000000000e+01
1.300000000000000000e+01
1.300000000000000000e+01
1.300000000000000000e+01
1.300000000000000000e+01
1.300000000000000000e+01
1.300000000000000000e+01
1.300000000000000000e+01
1.300000000000000000e+01
1.300000000000000000e+01
1.300000000000000000e+01
1.300000000000000000e+01
1.300000000000000000e+01
1.300000000000000000e+01
1.300000000000000000e+01
1.300000000000000000e+01
1.300000000000000000e+01
1.300000000000000000e+01
1.300000000000000000e+01
1.300000000000000000e+01
1.300000000000000000e+01
1.300000000000000000e+01
1.300000000000000000e+01
1.300000000000000000e+01
1.300000000000000000e+01
1.300000000000000000e+01
1.300000000000000000e+01
1.300000000000000000e+01
1.300000000000000000e+01
1.400000000000000000e+01
1.400000000000000000e+01
1.500000000000000000e+01
1.600000000000000000e+01
1.600000000000000000e+01
1.900000000000000000e+01
1.900000000000000000e+01
1.900000000000000000e+01
1.900000000000000000e+01
2.000000000000000000e+01
2.100000000000000000e+01
2.100000000000000000e+01
2.300000000000000000e+01
2.400000000000000000e+01
2.900000000000000000e+01
3.000000000000000000e+01
3.400000000000000000e+01
3.500000000000000000e+01
3.600000000000000000e+01
4.100000000000000000e+01
4.600000000000000000e+01
4.800000000000000000e+01
5.300000000000000000e+01
5.300000000000000000e+01
5.800000000000000000e+01
6.100000000000000000e+01
6.600000000000000000e+01
6.900000000000000000e+01
7.300000000000000000e+01
7.400000000000000000e+01
8.300000000000000000e+01
8.700000000000000000e+01
9.000000000000000000e+01
9.400000000000000000e+01
9.600000000000000000e+01
9.900000000000000000e+01
1.070000000000000000e+02
1.090000000000000000e+02
1.160000000000000000e+02
1.180000000000000000e+02
1.220000000000000000e+02
1.240000000000000000e+02
1.290000000000000000e+02
1.300000000000000000e+02
1.370000000000000000e+02
1.400000000000000000e+02
1.420000000000000000e+02
1.420000000000000000e+02
1.440000000000000000e+02
1.460000000000000000e+02
1.470000000000000000e+02
1.490000000000000000e+02
1.520000000000000000e+02
1.540000000000000000e+02
1.540000000000000000e+02
1.600000000000000000e+02
1.600000000000000000e+02
1.650000000000000000e+02
1.710000000000000000e+02
1.760000000000000000e+02
1.810000000000000000e+02
1.830000000000000000e+02
1.840000000000000000e+02
1.850000000000000000e+02
1.860000000000000000e+02
1.870000000000000000e+02
1.910000000000000000e+02
1.940000000000000000e+02
1.950000000000000000e+02
1.990000000000000000e+02
2.040000000000000000e+02
2.080000000000000000e+02
2.110000000000000000e+02
2.110000000000000000e+02
2.150000000000000000e+02
2.170000000000000000e+02
2.190000000000000000e+02
2.220000000000000000e+02
2.250000000000000000e+02
2.290000000000000000e+02
2.320000000000000000e+02
2.400000000000000000e+02
2.440000000000000000e+02
2.470000000000000000e+02
2.510000000000000000e+02
2.550000000000000000e+02
2.560000000000000000e+02
2.640000000000000000e+02
2.700000000000000000e+02
2.730000000000000000e+02
2.740000000000000000e+02
2.760000000000000000e+02
2.780000000000000000e+02
2.800000000000000000e+02
2.830000000000000000e+02
2.870000000000000000e+02
2.880000000000000000e+02
2.900000000000000000e+02
2.970000000000000000e+02
3.050000000000000000e+02
3.130000000000000000e+02
3.160000000000000000e+02
3.230000000000000000e+02
3.300000000000000000e+02
3.320000000000000000e+02
3.390000000000000000e+02
3.430000000000000000e+02
3.510000000000000000e+02
3.560000000000000000e+02
3.650000000000000000e+02
3.700000000000000000e+02
3.750000000000000000e+02
3.790000000000000000e+02
3.840000000000000000e+02
3.900000000000000000e+02
3.970000000000000000e+02
4.030000000000000000e+02
4.090000000000000000e+02
4.220000000000000000e+02
4.300000000000000000e+02
4.330000000000000000e+02
4.350000000000000000e+02
4.450000000000000000e+02
4.500000000000000000e+02
4.530000000000000000e+02
4.570000000000000000e+02
4.590000000000000000e+02
4.640000000000000000e+02
4.640000000000000000e+02
4.640000000000000000e+02
4.760000000000000000e+02
4.830000000000000000e+02
4.840000000000000000e+02
4.890000000000000000e+02
4.930000000000000000e+02
4.930000000000000000e+02
5.020000000000000000e+02
5.070000000000000000e+02
5.110000000000000000e+02
5.110000000000000000e+02
5.200000000000000000e+02
5.250000000000000000e+02
5.260000000000000000e+02
5.270000000000000000e+02
5.320000000000000000e+02
5.320000000000000000e+02
5.370000000000000000e+02
5.370000000000000000e+02
5.440000000000000000e+02
5.440000000000000000e+02
5.460000000000000000e+02
5.510000000000000000e+02
5.520000000000000000e+02
5.520000000000000000e+02
5.540000000000000000e+02
5.570000000000000000e+02
5.580000000000000000e+02
5.610000000000000000e+02
5.660000000000000000e+02
5.660000000000000000e+02
5.680000000000000000e+02
5.710000000000000000e+02
5.710000000000000000e+02
5.750000000000000000e+02
5.810000000000000000e+02
5.810000000000000000e+02
5.860000000000000000e+02
5.880000000000000000e+02
5.910000000000000000e+02
5.930000000000000000e+02
5.950000000000000000e+02
5.980000000000000000e+02
5.980000000000000000e+02
6.020000000000000000e+02
6.020000000000000000e+02
6.080000000000000000e+02
6.150000000000000000e+02
6.150000000000000000e+02
6.180000000000000000e+02
6.200000000000000000e+02
6.200000000000000000e+02
6.300000000000000000e+02
6.340000000000000000e+02
6.340000000000000000e+02
6.380000000000000000e+02
6.420000000000000000e+02
6.470000000000000000e+02
6.470000000000000000e+02
6.610000000000000000e+02
6.610000000000000000e+02
6.780000000000000000e+02
6.870000000000000000e+02
6.960000000000000000e+02
7.090000000000000000e+02
7.090000000000000000e+02
7.340000000000000000e+02
7.450000000000000000e+02
7.640000000000000000e+02
7.860000000000000000e+02
8.010000000000000000e+02
8.270000000000000000e+02
8.500000000000000000e+02
8.500000000000000000e+02
8.920000000000000000e+02
9.230000000000000000e+02
9.410000000000000000e+02
9.620000000000000000e+02
9.810000000000000000e+02
1.015000000000000000e+03
1.051000000000000000e+03
1.051000000000000000e+03
1.133000000000000000e+03
1.178000000000000000e+03
1.210000000000000000e+03
1.243000000000000000e+03
1.269000000000000000e+03
1.298000000000000000e+03
1.298000000000000000e+03
1.363000000000000000e+03
1.363000000000000000e+03
1.441000000000000000e+03
1.441000000000000000e+03
1.484000000000000000e+03
1.566000000000000000e+03
1.608000000000000000e+03
1.656000000000000000e+03
1.656000000000000000e+03
1.696000000000000000e+03
1.789000000000000000e+03
1.844000000000000000e+03
1.910000000000000000e+03
1.910000000000000000e+03
2.011000000000000000e+03
2.073000000000000000e+03
2.136000000000000000e+03
2.260000000000000000e+03
2.315000000000000000e+03
2.374000000000000000e+03
2.425000000000000000e+03
2.480000000000000000e+03
2.534000000000000000e+03
2.581000000000000000e+03
2.633000000000000000e+03
2.704000000000000000e+03
2.769000000000000000e+03
2.814000000000000000e+03
2.862000000000000000e+03
2.905000000000000000e+03
2.944000000000000000e+03
2.985000000000000000e+03
3.030000000000000000e+03
3.077000000000000000e+03
3.120000000000000000e+03
3.157000000000000000e+03
3.191000000000000000e+03
3.236000000000000000e+03
3.268000000000000000e+03
3.313000000000000000e+03
3.351000000000000000e+03
3.391000000000000000e+03
3.434000000000000000e+03
3.467000000000000000e+03
3.502000000000000000e+03
3.533000000000000000e+03
3.574000000000000000e+03
3.611000000000000000e+03
3.661000000000000000e+03
3.702000000000000000e+03
3.733000000000000000e+03
3.779000000000000000e+03
3.827000000000000000e+03
3.870000000000000000e+03
3.917000000000000000e+03
3.959000000000000000e+03
4.002000000000000000e+03
4.054000000000000000e+03
4.099000000000000000e+03
4.147000000000000000e+03
4.195000000000000000e+03
4.258000000000000000e+03
4.324000000000000000e+03
4.380000000000000000e+03
4.436000000000000000e+03
4.503000000000000000e+03
4.571000000000000000e+03
4.645000000000000000e+03
4.727000000000000000e+03
4.821000000000000000e+03
4.919000000000000000e+03
5.017000000000000000e+03
5.111000000000000000e+03
5.222000000000000000e+03
5.340000000000000000e+03
5.464000000000000000e+03
5.620000000000000000e+03
5.776000000000000000e+03
5.936000000000000000e+03
6.096000000000000000e+03
6.263000000000000000e+03
6.434000000000000000e+03
6.604000000000000000e+03
6.790000000000000000e+03
6.985000000000000000e+03
7.183000000000000000e+03
7.366000000000000000e+03
7.560000000000000000e+03
7.750000000000000000e+03
7.948000000000000000e+03
8.157000000000000000e+03
8.371000000000000000e+03
8.583000000000000000e+03
8.775000000000000000e+03
8.991000000000000000e+03
9.185000000000000000e+03
9.400000000000000000e+03
9.604000000000000000e+03
9.806000000000000000e+03
9.806000000000000000e+03
1.014000000000000000e+04
1.032000000000000000e+04
1.050400000000000000e+04
1.068900000000000000e+04
1.086400000000000000e+04
1.099500000000000000e+04
1.115200000000000000e+04
1.129600000000000000e+04
1.143100000000000000e+04
1.156700000000000000e+04
1.169900000000000000e+04
1.181700000000000000e+04
1.193800000000000000e+04
1.202200000000000000e+04
1.212500000000000000e+04
1.221800000000000000e+04
1.228400000000000000e+04
1.237600000000000000e+04
1.244800000000000000e+04
1.253000000000000000e+04
1.260900000000000000e+04
1.268000000000000000e+04
1.273100000000000000e+04
1.278600000000000000e+04
1.284700000000000000e+04
1.290600000000000000e+04
1.296400000000000000e+04
1.301900000000000000e+04
1.305900000000000000e+04
1.310200000000000000e+04
1.314200000000000000e+04
1.318500000000000000e+04
1.322900000000000000e+04
1.326700000000000000e+04
1.329600000000000000e+04
1.333100000000000000e+04
1.335400000000000000e+04
1.337700000000000000e+04
1.340800000000000000e+04
1.342900000000000000e+04
1.344900000000000000e+04
1.347200000000000000e+04
1.348400000000000000e+04
1.350700000000000000e+04
1.352500000000000000e+04
1.354300000000000000e+04
1.356200000000000000e+04
1.357400000000000000e+04
1.359300000000000000e+04
1.361100000000000000e+04
1.364000000000000000e+04
1.365400000000000000e+04
1.367400000000000000e+04
1.369600000000000000e+04
1.370600000000000000e+04
1.372500000000000000e+04
1.374300000000000000e+04
1.376000000000000000e+04
1.377000000000000000e+04
1.379100000000000000e+04
1.380600000000000000e+04
1.382100000000000000e+04
1.384100000000000000e+04
1.385600000000000000e+04
1.387500000000000000e+04
1.389200000000000000e+04
1.390800000000000000e+04
1.392700000000000000e+04
1.395000000000000000e+04
1.397200000000000000e+04
1.399500000000000000e+04
1.401600000000000000e+04
1.403400000000000000e+04
1.405700000000000000e+04
1.407200000000000000e+04
1.408600000000000000e+04
1.410800000000000000e+04
1.412700000000000000e+04
1.415800000000000000e+04
1.418200000000000000e+04
1.420500000000000000e+04
1.423200000000000000e+04
1.425800000000000000e+04
1.427800000000000000e+04
1.430500000000000000e+04
1.432800000000000000e+04
1.434600000000000000e+04
1.437200000000000000e+04
1.439900000000000000e+04
1.441900000000000000e+04
1.444000000000000000e+04
1.446100000000000000e+04
1.448400000000000000e+04
1.450500000000000000e+04
1.453300000000000000e+04
1.455500000000000000e+04
1.457300000000000000e+04
1.459500000000000000e+04
1.461400000000000000e+04
1.464100000000000000e+04
1.466100000000000000e+04
1.467700000000000000e+04
1.469800000000000000e+04
1.472000000000000000e+04
1.473400000000000000e+04
1.475200000000000000e+04
1.477100000000000000e+04
1.479500000000000000e+04
1.481100000000000000e+04
1.483200000000000000e+04
1.485200000000000000e+04
1.487100000000000000e+04
1.488400000000000000e+04
1.490100000000000000e+04
1.492300000000000000e+04
1.494400000000000000e+04
1.496200000000000000e+04
1.497900000000000000e+04
1.499700000000000000e+04
1.501900000000000000e+04
1.503700000000000000e+04
1.505500000000000000e+04
1.506500000000000000e+04
1.508300000000000000e+04
1.509900000000000000e+04
1.511200000000000000e+04
1.511900000000000000e+04
1.513400000000000000e+04
1.514900000000000000e+04
1.516300000000000000e+04
1.517400000000000000e+04
1.519000000000000000e+04
1.519700000000000000e+04
1.521100000000000000e+04
1.521800000000000000e+04
1.523100000000000000e+04
1.524300000000000000e+04
1.525500000000000000e+04
1.527200000000000000e+04
1.528400000000000000e+04
1.529900000000000000e+04
1.531300000000000000e+04
1.533000000000000000e+04
1.534600000000000000e+04
1.536900000000000000e+04
1.538600000000000000e+04
1.540000000000000000e+04
1.542000000000000000e+04
1.544100000000000000e+04
1.547400000000000000e+04
1.549200000000000000e+04
1.551500000000000000e+04
1.554400000000000000e+04
1.557200000000000000e+04
1.559500000000000000e+04
1.562100000000000000e+04
1.565600000000000000e+04
1.569200000000000000e+04
1.572300000000000000e+04
1.575400000000000000e+04
1.577700000000000000e+04
1.580800000000000000e+04
1.584400000000000000e+04
1.587400000000000000e+04
1.589900000000000000e+04
1.592600000000000000e+04
1.594900000000000000e+04
1.596900000000000000e+04
1.599400000000000000e+04
1.602400000000000000e+04
1.605500000000000000e+04
1.608600000000000000e+04
1.611600000000000000e+04
1.614200000000000000e+04
1.616600000000000000e+04
1.619000000000000000e+04
1.622200000000000000e+04
1.624400000000000000e+04
1.626700000000000000e+04
1.628700000000000000e+04
1.630700000000000000e+04
1.632100000000000000e+04
1.633100000000000000e+04
1.633900000000000000e+04
1.633900000000000000e+04
1.636100000000000000e+04
1.637400000000000000e+04
1.638100000000000000e+04
1.639000000000000000e+04
1.639700000000000000e+04
1.640700000000000000e+04
1.641500000000000000e+04
1.641600000000000000e+04
1.641900000000000000e+04
1.642200000000000000e+04
1.642600000000000000e+04
1.643100000000000000e+04
1.643600000000000000e+04
1.644000000000000000e+04
1.644500000000000000e+04
1.645000000000000000e+04
1.645200000000000000e+04
1.645400000000000000e+04
1.645900000000000000e+04
1.646500000000000000e+04
1.646900000000000000e+04
1.647300000000000000e+04
1.647700000000000000e+04
1.647900000000000000e+04
1.648000000000000000e+04
1.648100000000000000e+04
1.648500000000000000e+04
1.648500000000000000e+04
1.648600000000000000e+04
1.648700000000000000e+04
1.648900000000000000e+04
1.648900000000000000e+04
1.648900000000000000e+04
1.649200000000000000e+04
1.649200000000000000e+04
1.649400000000000000e+04
1.649500000000000000e+04
1.649500000000000000e+04
1.649500000000000000e+04
1.649500000000000000e+04
1.649600000000000000e+04
1.649700000000000000e+04
1.649700000000000000e+04
1.649900000000000000e+04
1.650000000000000000e+04
1.650200000000000000e+04
1.650200000000000000e+04
1.650200000000000000e+04
1.650300000000000000e+04
1.650300000000000000e+04
1.650400000000000000e+04
1.650400000000000000e+04
1.650400000000000000e+04
1.650500000000000000e+04
1.650500000000000000e+04
1.650600000000000000e+04
1.650700000000000000e+04
1.650700000000000000e+04
1.650700000000000000e+04
1.650900000000000000e+04
1.650900000000000000e+04
1.650900000000000000e+04
1.650900000000000000e+04
1.651000000000000000e+04
1.651000000000000000e+04
1.651100000000000000e+04
1.651100000000000000e+04
1.651100000000000000e+04
1.651100000000000000e+04
1.651100000000000000e+04
1.651100000000000000e+04
1.651200000000000000e+04
1.651200000000000000e+04
1.651200000000000000e+04
1.651200000000000000e+04
1.651200000000000000e+04
1.651300000000000000e+04
1.651300000000000000e+04
1.651300000000000000e+04
1.651400000000000000e+04
1.651500000000000000e+04
1.651600000000000000e+04
1.651700000000000000e+04
1.651700000000000000e+04
1.651800000000000000e+04
1.651800000000000000e+04
1.651800000000000000e+04
1.651800000000000000e+04
1.651800000000000000e+04
1.651800000000000000e+04
1.651800000000000000e+04
1.651800000000000000e+04
1.651800000000000000e+04
1.651800000000000000e+04
1.651900000000000000e+04
1.651900000000000000e+04
1.651900000000000000e+04
1.651900000000000000e+04
1.651900000000000000e+04
1.651900000000000000e+04
1.652000000000000000e+04
1.652000000000000000e+04
1.652000000000000000e+04
1.652000000000000000e+04
1.652000000000000000e+04
1.652000000000000000e+04
1.652000000000000000e+04
1.652100000000000000e+04
1.652100000000000000e+04
1.652100000000000000e+04
1.652100000000000000e+04
1.652100000000000000e+04
1.652100000000000000e+04
1.652100000000000000e+04
1.652100000000000000e+04
1.652100000000000000e+04
1.652200000000000000e+04
1.652200000000000000e+04
1.652300000000000000e+04
1.652400000000000000e+04
1.652500000000000000e+04
1.652500000000000000e+04
1.652500000000000000e+04
1.652500000000000000e+04
1.652600000000000000e+04
1.652600000000000000e+04
1.652600000000000000e+04
1.652600000000000000e+04
1.652700000000000000e+04
1.652800000000000000e+04
1.652800000000000000e+04
1.652800000000000000e+04
1.653100000000000000e+04
1.653300000000000000e+04
1.653500000000000000e+04
1.653600000000000000e+04
1.653700000000000000e+04
1.653700000000000000e+04
1.653900000000000000e+04
1.654400000000000000e+04
1.654400000000000000e+04
1.654800000000000000e+04
1.655300000000000000e+04
1.655600000000000000e+04
1.655600000000000000e+04
1.655900000000000000e+04
1.656600000000000000e+04
1.657400000000000000e+04
1.657400000000000000e+04
1.657800000000000000e+04
1.658300000000000000e+04
1.658600000000000000e+04
1.658800000000000000e+04
1.659400000000000000e+04
1.660300000000000000e+04
1.660500000000000000e+04
1.661400000000000000e+04
1.661900000000000000e+04
1.662100000000000000e+04
1.662400000000000000e+04
1.663000000000000000e+04
1.663500000000000000e+04
1.664000000000000000e+04
