0.000000000000000000e+00
0.000000000000000000e+00
0.000000000000000000e+00
0.000000000000000000e+00
0.000000000000000000e+00
1.000000000000000000e+00
1.000000000000000000e+00
1.000000000000000000e+00
1.000000000000000000e+00
1.000000000000000000e+00
1.000000000000000000e+00
1.000000000000000000e+00
1.000000000000000000e+00
1.000000000000000000e+00
1.000000000000000000e+00
1.000000000000000000e+00
1.000000000000000000e+00
1.000000000000000000e+00
1.000000000000000000e+00
1.000000000000000000e+00
1.000000000000000000e+00
1.000000000000000000e+00
1.000000000000000000e+00
1.000000000000000000e+00
1.000000000000000000e+00
1.000000000000000000e+00
1.000000000000000000e+00
1.000000000000000000e+00
1.000000000000000000e+00
1.000000000000000000e+00
1.000000000000000000e+00
1.000000000000000000e+00
1.000000000000000000e+00
1.000000000000000000e+00
1.000000000000000000e+00
1.000000000000000000e+00
1.000000000000000000e+00
1.000000000000000000e+00
1.000000000000000000e+00
1.000000000000000000e+00
1.000000000000000000e+00
1.000000000000000000e+00
1.000000000000000000e+00
1.000000000000000000e+00
1.000000000000000000e+00
1.000000000000000000e+00
1.000000000000000000e+00
1.000000000000000000e+00
1.000000000000000000e+00
2.000000000000000000e+00
2.000000000000000000e+00
6.000000000000000000e+00
1.000000000000000000e+01
1.800000000000000000e+01
2.800000000000000000e+01
4.400000000000000000e+01
5.100000000000000000e+01
6.000000000000000000e+01
7.300000000000000000e+01
7.700000000000000000e+01
8.200000000000000000e+01
9.700000000000000000e+01
1.020000000000000000e+02
1.020000000000000000e+02
1.060000000000000000e+02
1.060000000000000000e+02
1.130000000000000000e+02
1.170000000000000000e+02
1.220000000000000000e+02
1.430000000000000000e+02
1.460000000000000000e+02
1.510000000000000000e+02
1.590000000000000000e+02
1.660000000000000000e+02
1.760000000000000000e+02
1.780000000000000000e+02
1.850000000000000000e+02
1.890000000000000000e+02
1.900000000000000000e+02
1.900000000000000000e+02
1.980000000000000000e+02
2.100000000000000000e+02
2.170000000000000000e+02
2.330000000000000000e+02
2.380000000000000000e+02
2.380000000000000000e+02
2.440000000000000000e+02
2.540000000000000000e+02
2.710000000000000000e+02
3.040000000000000000e+02
3.100000000000000000e+02
3.300000000000000000e+02
3.680000000000000000e+02
4.200000000000000000e+02
4.600000000000000000e+02
5.230000000000000000e+02
5.880000000000000000e+02
6.190000000000000000e+02
6.490000000000000000e+02
6.630000000000000000e+02
6.900000000000000000e+02
7.050000000000000000e+02
7.180000000000000000e+02
7.510000000000000000e+02
7.710000000000000000e+02
7.970000000000000000e+02
8.240000000000000000e+02
8.350000000000000000e+02
8.470000000000000000e+02
8.630000000000000000e+02
8.690000000000000000e+02
8.890000000000000000e+02
9.150000000000000000e+02
9.250000000000000000e+02
9.350000000000000000e+02
9.600000000000000000e+02
9.810000000000000000e+02
9.920000000000000000e+02
1.027000000000000000e+03
1.028000000000000000e+03
1.055000000000000000e+03
1.068000000000000000e+03
1.089000000000000000e+03
1.141000000000000000e+03
1.182000000000000000e+03
1.319000000000000000e+03
1.469000000000000000e+03
1.530000000000000000e+03
1.558000000000000000e+03
1.620000000000000000e+03
1.633000000000000000e+03
1.643000000000000000e+03
1.683000000000000000e+03
1.749000000000000000e+03
1.797000000000000000e+03
1.801000000000000000e+03
1.814000000000000000e+03
1.835000000000000000e+03
1.857000000000000000e+03
1.859000000000000000e+03
1.869000000000000000e+03
1.877000000000000000e+03
1.880000000000000000e+03
1.884000000000000000e+03
1.889000000000000000e+03
1.905000000000000000e+03
1.915000000000000000e+03
1.924000000000000000e+03
1.947000000000000000e+03
1.950000000000000000e+03
1.950000000000000000e+03
1.950000000000000000e+03
1.951000000000000000e+03
1.991000000000000000e+03
2.001000000000000000e+03
2.010000000000000000e+03
2.014000000000000000e+03
2.033000000000000000e+03
2.037000000000000000e+03
2.039000000000000000e+03
2.047000000000000000e+03
2.054000000000000000e+03
2.066000000000000000e+03
2.069000000000000000e+03
2.074000000000000000e+03
2.076000000000000000e+03
2.077000000000000000e+03
2.081000000000000000e+03
2.094000000000000000e+03
2.154000000000000000e+03
2.454000000000000000e+03
2.511000000000000000e+03
2.617000000000000000e+03
2.646000000000000000e+03
2.665000000000000000e+03
2.671000000000000000e+03
2.687000000000000000e+03
2.697000000000000000e+03
2.703000000000000000e+03
2.724000000000000000e+03
2.730000000000000000e+03
2.730000000000000000e+03
2.752000000000000000e+03
2.753000000000000000e+03
2.764000000000000000e+03
2.770000000000000000e+03
2.782000000000000000e+03
2.805000000000000000e+03
2.810000000000000000e+03
2.810000000000000000e+03
2.814000000000000000e+03
2.815000000000000000e+03
2.815000000000000000e+03
2.823000000000000000e+03
2.828000000000000000e+03
2.834000000000000000e+03
2.839000000000000000e+03
2.839000000000000000e+03
2.839000000000000000e+03
2.841000000000000000e+03
2.844000000000000000e+03
2.871000000000000000e+03
2.880000000000000000e+03
2.881000000000000000e+03
2.882000000000000000e+03
2.886000000000000000e+03
2.890000000000000000e+03
2.893000000000000000e+03
2.900000000000000000e+03
2.902000000000000000e+03
2.902000000000000000e+03
2.918000000000000000e+03
2.941000000000000000e+03
2.947000000000000000e+03
2.953000000000000000e+03
2.959000000000000000e+03
2.971000000000000000e+03
2.984000000000000000e+03
2.986000000000000000e+03
2.989000000000000000e+03
2.995000000000000000e+03
3.012000000000000000e+03
3.049000000000000000e+03
3.092000000000000000e+03
3.101000000000000000e+03
3.111000000000000000e+03
3.115000000000000000e+03
3.121000000000000000e+03
3.123000000000000000e+03
3.123000000000000000e+03
3.140000000000000000e+03
3.147000000000000000e+03
3.155000000000000000e+03
3.169000000000000000e+03
3.195000000000000000e+03
3.234000000000000000e+03
3.262000000000000000e+03
3.271000000000000000e+03
3.271000000000000000e+03
3.276000000000000000e+03
3.281000000000000000e+03
3.283000000000000000e+03
3.287000000000000000e+03
3.299000000000000000e+03
3.313000000000000000e+03
3.324000000000000000e+03
3.333000000000000000e+03
3.345000000000000000e+03
3.349000000000000000e+03
3.360000000000000000e+03
3.363000000000000000e+03
3.374000000000000000e+03
3.380000000000000000e+03
3.382000000000000000e+03
3.388000000000000000e+03
3.395000000000000000e+03
3.402000000000000000e+03
3.513000000000000000e+03
4.252000000000000000e+03
4.459000000000000000e+03
4.488000000000000000e+03
4.523000000000000000e+03
4.628000000000000000e+03
4.752000000000000000e+03
4.844000000000000000e+03
5.038000000000000000e+03
5.170000000000000000e+03
5.244000000000000000e+03
5.354000000000000000e+03
5.475000000000000000e+03
5.538000000000000000e+03
5.625000000000000000e+03
5.811000000000000000e+03
5.978000000000000000e+03
6.287000000000000000e+03
7.153000000000000000e+03
7.521000000000000000e+03
7.872000000000000000e+03
8.413000000000000000e+03
8.870000000000000000e+03
9.205000000000000000e+03
9.791000000000000000e+03
1.042400000000000000e+04
1.066300000000000000e+04
1.106000000000000000e+04
1.133500000000000000e+04
1.174400000000000000e+04
1.218700000000000000e+04
1.257000000000000000e+04
1.297000000000000000e+04
1.341900000000000000e+04
1.392900000000000000e+04
1.428500000000000000e+04
1.471500000000000000e+04
1.535000000000000000e+04
1.572300000000000000e+04
1.619100000000000000e+04
1.658300000000000000e+04
1.728700000000000000e+04
1.767400000000000000e+04
1.807500000000000000e+04
1.840200000000000000e+04
1.884100000000000000e+04
1.928000000000000000e+04
1.977100000000000000e+04
2.017100000000000000e+04
2.050800000000000000e+04
2.096700000000000000e+04
2.146900000000000000e+04
2.202800000000000000e+04
2.250100000000000000e+04
2.298800000000000000e+04
2.348400000000000000e+04
2.398700000000000000e+04
2.453200000000000000e+04
2.541000000000000000e+04
2.603800000000000000e+04
2.655900000000000000e+04
2.722800000000000000e+04
2.787700000000000000e+04
2.858000000000000000e+04
2.937800000000000000e+04
3.007200000000000000e+04
3.061300000000000000e+04
3.137500000000000000e+04
3.213500000000000000e+04
3.279000000000000000e+04
3.347800000000000000e+04
3.412100000000000000e+04
3.473700000000000000e+04
3.538700000000000000e+04
3.604900000000000000e+04
3.666700000000000000e+04
3.726100000000000000e+04
3.763100000000000000e+04
3.805900000000000000e+04
3.863900000000000000e+04
3.923100000000000000e+04
3.978200000000000000e+04
4.038000000000000000e+04
4.105400000000000000e+04
4.160300000000000000e+04
4.205600000000000000e+04
4.270200000000000000e+04
4.329900000000000000e+04
4.385600000000000000e+04
4.437100000000000000e+04
4.477400000000000000e+04
4.524200000000000000e+04
4.572600000000000000e+04
4.624800000000000000e+04
4.678000000000000000e+04
4.730500000000000000e+04
4.784000000000000000e+04
4.838000000000000000e+04
4.894900000000000000e+04
4.953700000000000000e+04
5.022900000000000000e+04
5.089900000000000000e+04
5.159400000000000000e+04
5.231300000000000000e+04
5.306200000000000000e+04
5.375000000000000000e+04
5.441900000000000000e+04
5.518900000000000000e+04
5.607600000000000000e+04
5.686300000000000000e+04
5.758700000000000000e+04
5.843000000000000000e+04
5.916700000000000000e+04
5.992200000000000000e+04
6.069400000000000000e+04
6.158600000000000000e+04
6.244500000000000000e+04
6.329300000000000000e+04
6.415700000000000000e+04
6.498300000000000000e+04
6.569800000000000000e+04
6.640900000000000000e+04
6.711500000000000000e+04
6.785000000000000000e+04
6.857600000000000000e+04
6.934800000000000000e+04
7.023500000000000000e+04
7.121100000000000000e+04
7.217400000000000000e+04
7.311600000000000000e+04
7.405600000000000000e+04
7.485200000000000000e+04
7.565400000000000000e+04
7.642800000000000000e+04
7.718400000000000000e+04
7.790600000000000000e+04
7.842000000000000000e+04
7.893700000000000000e+04
7.948000000000000000e+04
7.999900000000000000e+04
8.051700000000000000e+04
8.100900000000000000e+04
8.146700000000000000e+04
8.193300000000000000e+04
8.243000000000000000e+04
8.289000000000000000e+04
8.309400000000000000e+04
8.355200000000000000e+04
8.387000000000000000e+04
8.422600000000000000e+04
8.461000000000000000e+04
8.496000000000000000e+04
8.515000000000000000e+04
8.569500000000000000e+04
8.603900000000000000e+04
8.634300000000000000e+04
8.668500000000000000e+04
8.698900000000000000e+04
8.728600000000000000e+04
8.760000000000000000e+04
8.790700000000000000e+04
8.823800000000000000e+04
8.839200000000000000e+04
8.886200000000000000e+04
8.902400000000000000e+04
8.949700000000000000e+04
8.965500000000000000e+04
9.020000000000000000e+04
9.051400000000000000e+04
9.076500000000000000e+04
9.101800000000000000e+04
9.128900000000000000e+04
9.156100000000000000e+04
9.183900000000000000e+04
9.208800000000000000e+04
9.230300000000000000e+04
9.244200000000000000e+04
9.270600000000000000e+04
9.291700000000000000e+04
9.312800000000000000e+04
9.329500000000000000e+04
9.343600000000000000e+04
9.359500000000000000e+04
9.369000000000000000e+04
9.391000000000000000e+04
9.425300000000000000e+04
9.456400000000000000e+04
9.484800000000000000e+04
9.513100000000000000e+04
9.539400000000000000e+04
9.562000000000000000e+04
9.571900000000000000e+04
9.594900000000000000e+04
9.618600000000000000e+04
9.635400000000000000e+04
9.679600000000000000e+04
9.710500000000000000e+04
9.747200000000000000e+04
9.805000000000000000e+04
9.872200000000000000e+04
9.951800000000000000e+04
1.005860000000000000e+05
1.013790000000000000e+05
1.023760000000000000e+05
1.034870000000000000e+05
1.049530000000000000e+05
1.064840000000000000e+05
1.081460000000000000e+05
1.098620000000000000e+05
1.117530000000000000e+05
1.136760000000000000e+05
1.155900000000000000e+05
1.175290000000000000e+05
1.194240000000000000e+05
1.213380000000000000e+05
1.232340000000000000e+05
1.259060000000000000e+05
1.285300000000000000e+05
1.310980000000000000e+05
1.335270000000000000e+05
1.357960000000000000e+05
1.380850000000000000e+05
1.404710000000000000e+05
1.427460000000000000e+05
1.452020000000000000e+05
1.477200000000000000e+05
1.513430000000000000e+05
1.547860000000000000e+05
1.583330000000000000e+05
1.612420000000000000e+05
1.642010000000000000e+05
1.671720000000000000e+05
1.699000000000000000e+05
1.722770000000000000e+05
1.748610000000000000e+05
1.777110000000000000e+05
1.805930000000000000e+05
1.834520000000000000e+05
1.863640000000000000e+05
1.892410000000000000e+05
1.925470000000000000e+05
1.958440000000000000e+05
1.992540000000000000e+05
2.023570000000000000e+05
2.053330000000000000e+05
2.079790000000000000e+05
2.106610000000000000e+05
2.133960000000000000e+05
2.161340000000000000e+05
2.183660000000000000e+05
2.212770000000000000e+05
2.236380000000000000e+05
2.259220000000000000e+05
2.282560000000000000e+05
2.306920000000000000e+05
2.330640000000000000e+05
2.354130000000000000e+05
2.376610000000000000e+05
2.396890000000000000e+05
2.418200000000000000e+05
2.439130000000000000e+05
2.461090000000000000e+05
2.480500000000000000e+05
2.499260000000000000e+05
2.517510000000000000e+05
2.536180000000000000e+05
2.555080000000000000e+05
2.572250000000000000e+05
2.590890000000000000e+05
2.609720000000000000e+05
2.627950000000000000e+05
2.640570000000000000e+05
2.656300000000000000e+05
2.664990000000000000e+05
2.674330000000000000e+05
2.686760000000000000e+05
2.699460000000000000e+05
2.714830000000000000e+05
2.730310000000000000e+05
2.745380000000000000e+05
2.761060000000000000e+05
2.775190000000000000e+05
2.790590000000000000e+05
2.805430000000000000e+05
2.820600000000000000e+05
2.835120000000000000e+05
2.849320000000000000e+05
2.864190000000000000e+05
2.879730000000000000e+05
2.895770000000000000e+05
2.912980000000000000e+05
2.926080000000000000e+05
2.948500000000000000e+05
2.965160000000000000e+05
2.981810000000000000e+05
2.998920000000000000e+05
3.018320000000000000e+05
3.042020000000000000e+05
3.066620000000000000e+05
3.088120000000000000e+05
3.113490000000000000e+05
3.137690000000000000e+05
3.162190000000000000e+05
3.187750000000000000e+05
3.214290000000000000e+05
3.242230000000000000e+05
3.260430000000000000e+05
3.299940000000000000e+05
3.329470000000000000e+05
3.358510000000000000e+05
3.420790000000000000e+05
3.451180000000000000e+05
3.482700000000000000e+05
3.515330000000000000e+05
3.549680000000000000e+05
3.586080000000000000e+05
3.656830000000000000e+05
3.693590000000000000e+05
3.731650000000000000e+05
3.818120000000000000e+05
3.856960000000000000e+05
3.900000000000000000e+05
3.943550000000000000e+05
3.988010000000000000e+05
4.077680000000000000e+05
4.123700000000000000e+05
4.169610000000000000e+05
4.215570000000000000e+05
4.261690000000000000e+05
4.360810000000000000e+05
4.403020000000000000e+05
4.441300000000000000e+05
4.477570000000000000e+05
4.514010000000000000e+05
4.514010000000000000e+05
4.627670000000000000e+05
4.659490000000000000e+05
4.718630000000000000e+05
4.747800000000000000e+05
4.776360000000000000e+05
4.804780000000000000e+05
4.832800000000000000e+05
4.859220000000000000e+05
4.884820000000000000e+05
4.909570000000000000e+05
4.964230000000000000e+05
4.986940000000000000e+05
5.007720000000000000e+05
5.027580000000000000e+05
5.044910000000000000e+05
5.060090000000000000e+05
5.073300000000000000e+05
5.086720000000000000e+05
5.100400000000000000e+05
5.113720000000000000e+05
5.125310000000000000e+05
5.136090000000000000e+05
5.145920000000000000e+05
5.155240000000000000e+05
5.164650000000000000e+05
5.173770000000000000e+05
5.187750000000000000e+05
5.196300000000000000e+05
5.204320000000000000e+05
5.212180000000000000e+05
5.220020000000000000e+05
5.227780000000000000e+05
5.235500000000000000e+05
5.249370000000000000e+05
5.256630000000000000e+05
5.263830000000000000e+05
5.270640000000000000e+05
5.277350000000000000e+05
5.284150000000000000e+05
5.297550000000000000e+05
5.304210000000000000e+05
5.310700000000000000e+05
5.316480000000000000e+05
5.322180000000000000e+05
5.327660000000000000e+05
5.333050000000000000e+05
5.338600000000000000e+05
5.349750000000000000e+05
5.355290000000000000e+05
5.360840000000000000e+05
5.366450000000000000e+05
5.372010000000000000e+05
5.383200000000000000e+05
5.388600000000000000e+05
5.394160000000000000e+05
5.399810000000000000e+05
5.410730000000000000e+05
5.416390000000000000e+05
5.422120000000000000e+05
5.427930000000000000e+05
5.433850000000000000e+05
5.440130000000000000e+05
5.446300000000000000e+05
5.452560000000000000e+05
5.459350000000000000e+05
5.466530000000000000e+05
5.473460000000000000e+05
5.480610000000000000e+05
5.487840000000000000e+05
5.495000000000000000e+05
5.513430000000000000e+05
5.522740000000000000e+05
5.529940000000000000e+05
5.537220000000000000e+05
5.544590000000000000e+05
5.552040000000000000e+05
5.559290000000000000e+05
5.566260000000000000e+05
5.573610000000000000e+05
5.588600000000000000e+05
5.596050000000000000e+05
5.603450000000000000e+05
5.610590000000000000e+05
5.617780000000000000e+05
5.625200000000000000e+05
5.632670000000000000e+05
5.639890000000000000e+05
5.647330000000000000e+05
5.654710000000000000e+05
5.661960000000000000e+05
5.669360000000000000e+05
5.676820000000000000e+05
5.684230000000000000e+05
5.691710000000000000e+05
5.699280000000000000e+05
5.706720000000000000e+05
5.714260000000000000e+05
5.721880000000000000e+05
5.729020000000000000e+05
5.736490000000000000e+05
5.761940000000000000e+05
5.769660000000000000e+05
5.777240000000000000e+05
5.784390000000000000e+05
5.791340000000000000e+05
5.796850000000000000e+05
5.802090000000000000e+05
5.809220000000000000e+05
5.815950000000000000e+05
5.821490000000000000e+05
5.827220000000000000e+05
5.832510000000000000e+05
5.836490000000000000e+05
5.841070000000000000e+05
5.845860000000000000e+05
5.861830000000000000e+05
5.867460000000000000e+05
5.872450000000000000e+05
5.875960000000000000e+05
5.879350000000000000e+05
5.883000000000000000e+05
5.889290000000000000e+05
5.894790000000000000e+05
5.900630000000000000e+05
5.906510000000000000e+05
5.912310000000000000e+05
5.916670000000000000e+05
5.921280000000000000e+05
5.930720000000000000e+05
5.937250000000000000e+05
5.943190000000000000e+05
5.949960000000000000e+05
5.956570000000000000e+05
5.963470000000000000e+05
5.970350000000000000e+05
5.977070000000000000e+05
5.985360000000000000e+05
5.993630000000000000e+05
6.002030000000000000e+05
6.010480000000000000e+05
6.018860000000000000e+05
6.027630000000000000e+05
6.036540000000000000e+05
6.045810000000000000e+05
6.071040000000000000e+05
6.080650000000000000e+05
6.090470000000000000e+05
6.101030000000000000e+05
6.111850000000000000e+05
6.123220000000000000e+05
6.134780000000000000e+05
6.146590000000000000e+05
6.159020000000000000e+05
6.171890000000000000e+05
6.185200000000000000e+05
6.207320000000000000e+05
6.219850000000000000e+05
6.232480000000000000e+05
6.245450000000000000e+05
6.258040000000000000e+05
6.269660000000000000e+05
6.281160000000000000e+05
6.293470000000000000e+05
6.305990000000000000e+05
6.318160000000000000e+05
6.330510000000000000e+05
6.343330000000000000e+05
6.356060000000000000e+05
6.368370000000000000e+05
6.380430000000000000e+05
6.392970000000000000e+05
6.405780000000000000e+05
6.417860000000000000e+05
6.430720000000000000e+05
6.440600000000000000e+05
6.450370000000000000e+05
6.460340000000000000e+05
6.469480000000000000e+05
6.476990000000000000e+05
6.484100000000000000e+05
6.489930000000000000e+05
6.496320000000000000e+05
6.501400000000000000e+05
6.508020000000000000e+05
6.530290000000000000e+05
6.543360000000000000e+05
6.549160000000000000e+05
6.553830000000000000e+05
6.557300000000000000e+05
6.560410000000000000e+05
6.563860000000000000e+05
6.568140000000000000e+05
6.571340000000000000e+05
6.574350000000000000e+05
6.577230000000000000e+05
6.579610000000000000e+05
6.581970000000000000e+05
6.584930000000000000e+05
6.598590000000000000e+05
6.601510000000000000e+05
6.603990000000000000e+05
6.606330000000000000e+05
6.607970000000000000e+05
6.608900000000000000e+05
6.610530000000000000e+05
6.612850000000000000e+05
6.614530000000000000e+05
6.616310000000000000e+05
6.617810000000000000e+05
6.618850000000000000e+05
6.619910000000000000e+05
6.621030000000000000e+05
6.622160000000000000e+05
6.623420000000000000e+05
6.624250000000000000e+05
6.625050000000000000e+05
6.625590000000000000e+05
6.625920000000000000e+05
6.626570000000000000e+05
6.627170000000000000e+05
6.627480000000000000e+05
6.627750000000000000e+05
6.627940000000000000e+05
6.628270000000000000e+05
6.628270000000000000e+05
6.629120000000000000e+05
6.629450000000000000e+05
6.630060000000000000e+05
6.630410000000000000e+05
6.630910000000000000e+05
6.631310000000000000e+05
6.631310000000000000e+05
6.631950000000000000e+05
6.632390000000000000e+05
6.632390000000000000e+05
6.633010000000000000e+05
6.633290000000000000e+05
6.633620000000000000e+05
6.633730000000000000e+05
6.634080000000000000e+05
6.634260000000000000e+05
