6.454704513695105561e+02
7.222756530463119589e+02
-1.149151317215031440e+03
7.528351829901237124e+02
8.232196052795504784e+02
8.323834802684468741e+02
9.727500126340592033e+02
9.099507067852703130e+02
9.388473132951094158e+02
-9.863984591465130052e+02
8.575371960366253461e+02
8.674419385870847918e+02
8.155684204818822991e+02
8.962198118772694215e+02
7.768572756855643320e+02
7.540645345550760794e+02
-1.216436231938336732e+03
5.900291793975244445e+02
5.713469281353465021e+02
5.005824914168604209e+02
5.725414964908848106e+02
4.548623395080412024e+02
4.439761785875570013e+02
-1.504871339627577072e+03
3.322095154611786825e+02
3.520381961110414863e+02
3.263657938977110007e+02
4.484781793181437592e+02
3.843373365609227790e+02
4.285949404305691814e+02
-1.465329156716988564e+03
4.246408179297324637e+02
4.935798989431687005e+02
5.116197442167672307e+02
6.706032151186299188e+02
6.352715311316586622e+02
6.993166057045231128e+02
-1.184509987492734808e+03
7.055119694682758791e+02
7.644260140385215436e+02
7.626574333987454111e+02
8.926586117081352540e+02
8.200769373043499400e+02
8.397784779517095330e+02
-1.094080229464239665e+03
7.418122776090172010e+02
7.442265812901039226e+02
6.853959632284841064e+02
7.596042571161246997e+02
6.342954259069236969e+02
6.060399101660019596e+02
-1.369448096510516280e+03
4.325038317718726262e+02
4.097866918759418695e+02
3.354772943648297314e+02
4.043984596589950797e+02
2.842105127029069536e+02
2.713697170333334725e+02
-1.678851919016916781e+03
1.574607624325513484e+02
