0.000000000000000000e+00
0.000000000000000000e+00
0.000000000000000000e+00
0.000000000000000000e+00
0.000000000000000000e+00
0.000000000000000000e+00
0.000000000000000000e+00
0.000000000000000000e+00
0.000000000000000000e+00
0.000000000000000000e+00
0.000000000000000000e+00
0.000000000000000000e+00
0.000000000000000000e+00
0.000000000000000000e+00
0.000000000000000000e+00
0.000000000000000000e+00
0.000000000000000000e+00
0.000000000000000000e+00
0.000000000000000000e+00
0.000000000000000000e+00
0.000000000000000000e+00
0.000000000000000000e+00
0.000000000000000000e+00
0.000000000000000000e+00
0.000000000000000000e+00
0.000000000000000000e+00
0.000000000000000000e+00
0.000000000000000000e+00
0.000000000000000000e+00
0.000000000000000000e+00
0.000000000000000000e+00
0.000000000000000000e+00
0.000000000000000000e+00
0.000000000000000000e+00
0.000000000000000000e+00
1.000000000000000000e+00
0.000000000000000000e+00
5.000000000000000000e+00
9.000000000000000000e+00
4.000000000000000000e+00
6.000000000000000000e+00
7.000000000000000000e+00
2.400000000000000000e+01
3.100000000000000000e+01
2.100000000000000000e+01
3.900000000000000000e+01
2.900000000000000000e+01
2.900000000000000000e+01
1.950000000000000000e+02
1.980000000000000000e+02
1.040000000000000000e+02
2.940000000000000000e+02
9.400000000000000000e+01
1.310000000000000000e+02
1.120000000000000000e+02
1.300000000000000000e+02
8.700000000000000000e+01
1.960000000000000000e+02
1.680000000000000000e+02
2.040000000000000000e+02
2.670000000000000000e+02
2.360000000000000000e+02
2.420000000000000000e+02
2.210000000000000000e+02
2.850000000000000000e+02
3.860000000000000000e+02
2.600000000000000000e+02
2.690000000000000000e+02
1.610000000000000000e+02
1.960000000000000000e+02
2.220000000000000000e+02
2.840000000000000000e+02
2.230000000000000000e+02
1.800000000000000000e+02
1.370000000000000000e+02
1.780000000000000000e+02
2.210000000000000000e+02
0.000000000000000000e+00
1.250000000000000000e+02
1.030000000000000000e+02
9.500000000000000000e+01
1.160000000000000000e+02
7.800000000000000000e+01
2.000000000000000000e+01
1.170000000000000000e+02
1.560000000000000000e+02
4.100000000000000000e+01
9.900000000000000000e+01
4.200000000000000000e+01
7.800000000000000000e+01
3.500000000000000000e+01
1.470000000000000000e+02
6.300000000000000000e+01
6.200000000000000000e+01
3.600000000000000000e+01
2.800000000000000000e+01
7.200000000000000000e+01
6.100000000000000000e+01
5.000000000000000000e+01
2.800000000000000000e+01
4.500000000000000000e+01
2.600000000000000000e+01
3.800000000000000000e+01
5.700000000000000000e+01
5.100000000000000000e+01
4.100000000000000000e+01
3.800000000000000000e+01
3.600000000000000000e+01
2.900000000000000000e+01
6.000000000000000000e+00
2.700000000000000000e+01
2.500000000000000000e+01
1.800000000000000000e+01
2.100000000000000000e+01
2.300000000000000000e+01
1.800000000000000000e+01
1.200000000000000000e+01
8.000000000000000000e+00
1.000000000000000000e+01
1.400000000000000000e+01
2.800000000000000000e+01
2.300000000000000000e+01
1.400000000000000000e+01
6.000000000000000000e+00
1.200000000000000000e+01
1.900000000000000000e+01
1.800000000000000000e+01
1.000000000000000000e+01
1.100000000000000000e+01
1.500000000000000000e+01
3.000000000000000000e+00
6.000000000000000000e+00
9.000000000000000000e+00
2.200000000000000000e+01
2.700000000000000000e+01
1.800000000000000000e+01
9.000000000000000000e+00
1.600000000000000000e+01
1.400000000000000000e+01
1.500000000000000000e+01
1.800000000000000000e+01
1.400000000000000000e+01
1.200000000000000000e+01
8.000000000000000000e+00
3.000000000000000000e+00
1.600000000000000000e+01
1.300000000000000000e+01
3.200000000000000000e+01
1.600000000000000000e+01
1.800000000000000000e+01
1.600000000000000000e+01
3.000000000000000000e+00
6.000000000000000000e+00
2.100000000000000000e+01
1.600000000000000000e+01
0.000000000000000000e+00
4.400000000000000000e+01
1.400000000000000000e+01
9.000000000000000000e+00
7.000000000000000000e+00
1.700000000000000000e+01
1.700000000000000000e+01
6.000000000000000000e+00
1.900000000000000000e+01
5.000000000000000000e+00
4.000000000000000000e+00
6.000000000000000000e+00
1.100000000000000000e+01
3.000000000000000000e+00
1.500000000000000000e+01
9.000000000000000000e+00
3.000000000000000000e+00
4.000000000000000000e+00
3.000000000000000000e+00
1.700000000000000000e+01
1.000000000000000000e+01
4.000000000000000000e+00
1.000000000000000000e+01
3.000000000000000000e+00
0.000000000000000000e+00
6.000000000000000000e+00
1.900000000000000000e+01
6.000000000000000000e+00
2.600000000000000000e+01
7.000000000000000000e+00
1.900000000000000000e+01
6.000000000000000000e+00
1.500000000000000000e+01
1.800000000000000000e+01
2.200000000000000000e+01
3.600000000000000000e+01
3.200000000000000000e+01
1.300000000000000000e+01
1.500000000000000000e+01
6.600000000000000000e+01
2.800000000000000000e+01
4.700000000000000000e+01
5.900000000000000000e+01
8.300000000000000000e+01
4.800000000000000000e+01
3.900000000000000000e+01
4.600000000000000000e+01
6.700000000000000000e+01
3.200000000000000000e+01
6.800000000000000000e+01
5.700000000000000000e+01
5.700000000000000000e+01
4.000000000000000000e+01
5.500000000000000000e+01
5.100000000000000000e+01
5.100000000000000000e+01
3.500000000000000000e+01
7.800000000000000000e+01
2.400000000000000000e+01
2.400000000000000000e+01
7.200000000000000000e+01
5.900000000000000000e+01
5.000000000000000000e+01
3.800000000000000000e+01
4.000000000000000000e+01
2.900000000000000000e+01
3.200000000000000000e+01
1.390000000000000000e+02
8.900000000000000000e+01
1.630000000000000000e+02
8.600000000000000000e+01
1.110000000000000000e+02
6.500000000000000000e+01
9.200000000000000000e+01
1.330000000000000000e+02
1.020000000000000000e+02
1.230000000000000000e+02
1.210000000000000000e+02
1.360000000000000000e+02
7.600000000000000000e+01
7.500000000000000000e+01
1.220000000000000000e+02
1.170000000000000000e+02
1.050000000000000000e+02
1.460000000000000000e+02
1.250000000000000000e+02
8.900000000000000000e+01
3.900000000000000000e+01
1.080000000000000000e+02
1.480000000000000000e+02
1.240000000000000000e+02
1.290000000000000000e+02
1.390000000000000000e+02
8.200000000000000000e+01
7.100000000000000000e+01
9.000000000000000000e+01
1.270000000000000000e+02
1.120000000000000000e+02
1.220000000000000000e+02
1.350000000000000000e+02
7.800000000000000000e+01
9.500000000000000000e+01
1.480000000000000000e+02
1.790000000000000000e+02
2.290000000000000000e+02
2.080000000000000000e+02
1.670000000000000000e+02
7.800000000000000000e+01
5.800000000000000000e+01
1.150000000000000000e+02
1.540000000000000000e+02
1.600000000000000000e+02
1.840000000000000000e+02
1.350000000000000000e+02
9.700000000000000000e+01
8.800000000000000000e+01
1.460000000000000000e+02
1.690000000000000000e+02
1.920000000000000000e+02
2.700000000000000000e+02
2.980000000000000000e+02
2.170000000000000000e+02
1.600000000000000000e+02
4.330000000000000000e+02
3.240000000000000000e+02
4.030000000000000000e+02
4.950000000000000000e+02
4.980000000000000000e+02
2.690000000000000000e+02
3.040000000000000000e+02
7.040000000000000000e+02
6.170000000000000000e+02
6.220000000000000000e+02
6.510000000000000000e+02
6.060000000000000000e+02
4.080000000000000000e+02
4.890000000000000000e+02
5.930000000000000000e+02
5.620000000000000000e+02
6.240000000000000000e+02
7.170000000000000000e+02
6.880000000000000000e+02
5.180000000000000000e+02
0.000000000000000000e+00
0.000000000000000000e+00
1.680000000000000000e+03
6.560000000000000000e+02
6.710000000000000000e+02
5.730000000000000000e+02
3.380000000000000000e+02
4.130000000000000000e+02
4.180000000000000000e+02
5.340000000000000000e+02
5.510000000000000000e+02
4.800000000000000000e+02
4.450000000000000000e+02
3.530000000000000000e+02
2.820000000000000000e+02
3.220000000000000000e+02
4.410000000000000000e+02
3.780000000000000000e+02
4.020000000000000000e+02
4.300000000000000000e+02
2.720000000000000000e+02
2.500000000000000000e+02
3.800000000000000000e+02
4.600000000000000000e+02
3.620000000000000000e+02
4.980000000000000000e+02
4.160000000000000000e+02
3.640000000000000000e+02
2.000000000000000000e+02
3.310000000000000000e+02
5.180000000000000000e+02
4.600000000000000000e+02
4.640000000000000000e+02
4.310000000000000000e+02
3.750000000000000000e+02
3.230000000000000000e+02
4.310000000000000000e+02
5.960000000000000000e+02
5.230000000000000000e+02
4.760000000000000000e+02
3.170000000000000000e+02
4.300000000000000000e+02
3.810000000000000000e+02
5.260000000000000000e+02
6.930000000000000000e+02
7.320000000000000000e+02
5.570000000000000000e+02
2.360000000000000000e+02
4.630000000000000000e+02
4.500000000000000000e+02
5.290000000000000000e+02
9.350000000000000000e+02
7.870000000000000000e+02
8.250000000000000000e+02
6.840000000000000000e+02
4.430000000000000000e+02
5.550000000000000000e+02
4.290000000000000000e+02
7.120000000000000000e+02
6.670000000000000000e+02
4.540000000000000000e+02
4.660000000000000000e+02
2.430000000000000000e+02
2.060000000000000000e+02
3.830000000000000000e+02
4.220000000000000000e+02
4.310000000000000000e+02
3.720000000000000000e+02
3.060000000000000000e+02
2.380000000000000000e+02
2.790000000000000000e+02
2.330000000000000000e+02
2.790000000000000000e+02
3.670000000000000000e+02
3.150000000000000000e+02
2.990000000000000000e+02
2.180000000000000000e+02
1.730000000000000000e+02
2.960000000000000000e+02
2.910000000000000000e+02
2.860000000000000000e+02
3.730000000000000000e+02
2.710000000000000000e+02
1.700000000000000000e+02
1.190000000000000000e+02
3.460000000000000000e+02
2.200000000000000000e+02
2.090000000000000000e+02
2.640000000000000000e+02
4.250000000000000000e+02
1.560000000000000000e+02
1.090000000000000000e+02
3.530000000000000000e+02
2.860000000000000000e+02
3.580000000000000000e+02
3.260000000000000000e+02
2.830000000000000000e+02
2.080000000000000000e+02
2.170000000000000000e+02
2.260000000000000000e+02
3.900000000000000000e+02
3.410000000000000000e+02
5.510000000000000000e+02
5.240000000000000000e+02
2.620000000000000000e+02
1.800000000000000000e+02
7.290000000000000000e+02
4.990000000000000000e+02
6.890000000000000000e+02
5.700000000000000000e+02
6.900000000000000000e+02
3.630000000000000000e+02
3.960000000000000000e+02
8.280000000000000000e+02
7.140000000000000000e+02
6.850000000000000000e+02
8.720000000000000000e+02
9.050000000000000000e+02
8.540000000000000000e+02
6.400000000000000000e+02
8.650000000000000000e+02
1.150000000000000000e+03
1.064000000000000000e+03
1.034000000000000000e+03
9.890000000000000000e+02
8.200000000000000000e+02
5.770000000000000000e+02
1.096000000000000000e+03
1.085000000000000000e+03
9.840000000000000000e+02
8.310000000000000000e+02
1.072000000000000000e+03
4.620000000000000000e+02
6.810000000000000000e+02
9.890000000000000000e+02
1.069000000000000000e+03
8.710000000000000000e+02
6.910000000000000000e+02
6.400000000000000000e+02
6.920000000000000000e+02
5.740000000000000000e+02
5.730000000000000000e+02
9.000000000000000000e+02
9.330000000000000000e+02
8.780000000000000000e+02
7.590000000000000000e+02
2.550000000000000000e+02
6.470000000000000000e+02
6.480000000000000000e+02
7.390000000000000000e+02
5.990000000000000000e+02
6.170000000000000000e+02
5.030000000000000000e+02
4.170000000000000000e+02
3.660000000000000000e+02
5.180000000000000000e+02
3.140000000000000000e+02
7.950000000000000000e+02
4.440000000000000000e+02
4.800000000000000000e+02
3.290000000000000000e+02
2.220000000000000000e+02
5.500000000000000000e+02
5.240000000000000000e+02
4.700000000000000000e+02
3.850000000000000000e+02
4.290000000000000000e+02
2.890000000000000000e+02
2.100000000000000000e+02
4.830000000000000000e+02
4.840000000000000000e+02
4.690000000000000000e+02
5.060000000000000000e+02
4.070000000000000000e+02
3.160000000000000000e+02
2.310000000000000000e+02
6.570000000000000000e+02
4.730000000000000000e+02
5.000000000000000000e+02
3.200000000000000000e+02
4.250000000000000000e+02
3.120000000000000000e+02
2.470000000000000000e+02
2.010000000000000000e+02
3.140000000000000000e+02
4.780000000000000000e+02
5.050000000000000000e+02
7.140000000000000000e+02
4.520000000000000000e+02
4.510000000000000000e+02
2.380000000000000000e+02
5.110000000000000000e+02
4.990000000000000000e+02
4.090000000000000000e+02
3.390000000000000000e+02
2.450000000000000000e+02
1.690000000000000000e+02
2.920000000000000000e+02
4.600000000000000000e+02
3.530000000000000000e+02
2.890000000000000000e+02
3.030000000000000000e+02
1.680000000000000000e+02
1.280000000000000000e+02
2.490000000000000000e+02
1.880000000000000000e+02
2.120000000000000000e+02
2.100000000000000000e+02
1.980000000000000000e+02
1.120000000000000000e+02
6.000000000000000000e+01
2.310000000000000000e+02
2.220000000000000000e+02
1.800000000000000000e+02
2.190000000000000000e+02
1.970000000000000000e+02
1.300000000000000000e+02
1.080000000000000000e+02
2.120000000000000000e+02
2.210000000000000000e+02
1.780000000000000000e+02
3.260000000000000000e+02
7.200000000000000000e+01
1.490000000000000000e+02
9.700000000000000000e+01
1.560000000000000000e+02
2.930000000000000000e+02
2.790000000000000000e+02
1.930000000000000000e+02
2.400000000000000000e+02
1.120000000000000000e+02
8.800000000000000000e+01
1.870000000000000000e+02
2.270000000000000000e+02
2.110000000000000000e+02
9.900000000000000000e+01
2.930000000000000000e+02
1.340000000000000000e+02
9.700000000000000000e+01
1.700000000000000000e+02
1.820000000000000000e+02
1.710000000000000000e+02
1.560000000000000000e+02
2.160000000000000000e+02
1.380000000000000000e+02
1.090000000000000000e+02
1.950000000000000000e+02
2.460000000000000000e+02
1.890000000000000000e+02
2.660000000000000000e+02
2.280000000000000000e+02
1.680000000000000000e+02
1.360000000000000000e+02
3.300000000000000000e+02
2.730000000000000000e+02
1.710000000000000000e+02
5.860000000000000000e+02
3.440000000000000000e+02
1.560000000000000000e+02
2.260000000000000000e+02
4.120000000000000000e+02
4.750000000000000000e+02
4.780000000000000000e+02
5.600000000000000000e+02
4.260000000000000000e+02
2.620000000000000000e+02
3.700000000000000000e+02
4.970000000000000000e+02
6.660000000000000000e+02
3.220000000000000000e+02
5.740000000000000000e+02
8.720000000000000000e+02
2.680000000000000000e+02
4.490000000000000000e+02
5.300000000000000000e+02
7.470000000000000000e+02
6.120000000000000000e+02
6.850000000000000000e+02
7.200000000000000000e+02
2.770000000000000000e+02
5.530000000000000000e+02
1.124000000000000000e+03
1.093000000000000000e+03
1.294000000000000000e+03
1.415000000000000000e+03
1.552000000000000000e+03
1.047000000000000000e+03
9.070000000000000000e+02
1.349000000000000000e+03
1.785000000000000000e+03
1.640000000000000000e+03
1.550000000000000000e+03
1.687000000000000000e+03
1.149000000000000000e+03
1.065000000000000000e+03
1.204000000000000000e+03
1.704000000000000000e+03
1.546000000000000000e+03
1.629000000000000000e+03
1.301000000000000000e+03
8.400000000000000000e+02
6.530000000000000000e+02
1.120000000000000000e+03
1.219000000000000000e+03
9.690000000000000000e+02
9.820000000000000000e+02
7.630000000000000000e+02
5.700000000000000000e+02
4.740000000000000000e+02
6.790000000000000000e+02
4.840000000000000000e+02
1.207000000000000000e+03
7.210000000000000000e+02
7.050000000000000000e+02
5.190000000000000000e+02
3.810000000000000000e+02
6.580000000000000000e+02
7.020000000000000000e+02
5.550000000000000000e+02
5.810000000000000000e+02
4.840000000000000000e+02
3.090000000000000000e+02
3.090000000000000000e+02
4.840000000000000000e+02
5.820000000000000000e+02
4.800000000000000000e+02
5.080000000000000000e+02
4.670000000000000000e+02
2.210000000000000000e+02
2.870000000000000000e+02
1.720000000000000000e+02
8.960000000000000000e+02
3.990000000000000000e+02
3.560000000000000000e+02
4.230000000000000000e+02
3.340000000000000000e+02
2.090000000000000000e+02
5.450000000000000000e+02
6.080000000000000000e+02
6.570000000000000000e+02
7.480000000000000000e+02
6.410000000000000000e+02
5.430000000000000000e+02
4.240000000000000000e+02
8.930000000000000000e+02
1.144000000000000000e+03
1.180000000000000000e+03
9.960000000000000000e+02
1.125000000000000000e+03
7.980000000000000000e+02
6.270000000000000000e+02
1.335000000000000000e+03
1.626000000000000000e+03
1.514000000000000000e+03
1.534000000000000000e+03
1.506000000000000000e+03
1.062000000000000000e+03
9.980000000000000000e+02
1.532000000000000000e+03
2.126000000000000000e+03
1.783000000000000000e+03
2.006000000000000000e+03
1.762000000000000000e+03
1.306000000000000000e+03
1.156000000000000000e+03
7.830000000000000000e+02
3.530000000000000000e+03
2.475000000000000000e+03
2.425000000000000000e+03
2.364000000000000000e+03
1.338000000000000000e+03
1.470000000000000000e+03
2.391000000000000000e+03
1.520000000000000000e+03
4.575000000000000000e+03
2.970000000000000000e+03
2.942000000000000000e+03
1.891000000000000000e+03
1.721000000000000000e+03
2.877000000000000000e+03
4.045000000000000000e+03
3.780000000000000000e+03
4.140000000000000000e+03
4.191000000000000000e+03
2.964000000000000000e+03
1.530000000000000000e+03
2.675000000000000000e+03
7.631000000000000000e+03
5.259000000000000000e+03
5.355000000000000000e+03
5.413000000000000000e+03
3.477000000000000000e+03
3.622000000000000000e+03
0.000000000000000000e+00
1.086700000000000000e+04
5.741000000000000000e+03
4.520000000000000000e+03
4.689000000000000000e+03
3.705000000000000000e+03
3.022000000000000000e+03
4.041000000000000000e+03
4.799000000000000000e+03
4.290000000000000000e+03
4.312000000000000000e+03
2.268000000000000000e+03
1.989000000000000000e+03
2.214000000000000000e+03
3.750000000000000000e+03
4.702000000000000000e+03
4.407000000000000000e+03
4.018000000000000000e+03
3.045000000000000000e+03
2.156000000000000000e+03
2.903000000000000000e+03
5.233000000000000000e+03
7.921000000000000000e+03
8.385000000000000000e+03
7.879000000000000000e+03
6.160000000000000000e+03
5.288000000000000000e+03
4.184000000000000000e+03
6.540000000000000000e+03
9.622000000000000000e+03
1.182500000000000000e+04
1.159700000000000000e+04
1.236000000000000000e+04
8.477000000000000000e+03
7.604000000000000000e+03
1.103100000000000000e+04
1.536700000000000000e+04
1.598700000000000000e+04
1.687700000000000000e+04
2.495800000000000000e+04
1.333700000000000000e+04
