0.000000000000000000e+00
0.000000000000000000e+00
0.000000000000000000e+00
0.000000000000000000e+00
0.000000000000000000e+00
0.000000000000000000e+00
0.000000000000000000e+00
0.000000000000000000e+00
0.000000000000000000e+00
0.000000000000000000e+00
0.000000000000000000e+00
0.000000000000000000e+00
0.000000000000000000e+00
0.000000000000000000e+00
0.000000000000000000e+00
0.000000000000000000e+00
0.000000000000000000e+00
0.000000000000000000e+00
0.000000000000000000e+00
0.000000000000000000e+00
0.000000000000000000e+00
0.000000000000000000e+00
0.000000000000000000e+00
0.000000000000000000e+00
0.000000000000000000e+00
0.000000000000000000e+00
0.000000000000000000e+00
0.000000000000000000e+00
0.000000000000000000e+00
0.000000000000000000e+00
0.000000000000000000e+00
0.000000000000000000e+00
0.000000000000000000e+00
0.000000000000000000e+00
0.000000000000000000e+00
0.000000000000000000e+00
0.000000000000000000e+00
0.000000000000000000e+00
0.000000000000000000e+00
0.000000000000000000e+00
0.000000000000000000e+00
0.000000000000000000e+00
0.000000000000000000e+00
0.000000000000000000e+00
0.000000000000000000e+00
0.000000000000000000e+00
0.000000000000000000e+00
0.000000000000000000e+00
0.000000000000000000e+00
0.000000000000000000e+00
0.000000000000000000e+00
0.000000000000000000e+00
0.000000000000000000e+00
0.000000000000000000e+00
0.000000000000000000e+00
0.000000000000000000e+00
1.000000000000000000e+00
1.000000000000000000e+00
1.000000000000000000e+00
1.000000000000000000e+00
0.000000000000000000e+00
0.000000000000000000e+00
0.000000000000000000e+00
0.000000000000000000e+00
0.000000000000000000e+00
0.000000000000000000e+00
0.000000000000000000e+00
0.000000000000000000e+00
0.000000000000000000e+00
0.000000000000000000e+00
1.000000000000000000e+00
1.000000000000000000e+00
1.000000000000000000e+00
1.000000000000000000e+00
1.000000000000000000e+00
2.000000000000000000e+00
2.000000000000000000e+00
2.000000000000000000e+00
2.000000000000000000e+00
2.000000000000000000e+00
2.000000000000000000e+00
2.000000000000000000e+00
2.000000000000000000e+00
2.000000000000000000e+00
6.000000000000000000e+00
8.000000000000000000e+00
9.000000000000000000e+00
1.100000000000000000e+01
1.200000000000000000e+01
1.300000000000000000e+01
1.400000000000000000e+01
1.400000000000000000e+01
1.500000000000000000e+01
1.700000000000000000e+01
1.700000000000000000e+01
1.800000000000000000e+01
1.800000000000000000e+01
2.000000000000000000e+01
2.200000000000000000e+01
2.300000000000000000e+01
2.300000000000000000e+01
2.400000000000000000e+01
2.400000000000000000e+01
2.500000000000000000e+01
2.500000000000000000e+01
2.500000000000000000e+01
2.600000000000000000e+01
2.600000000000000000e+01
2.600000000000000000e+01
2.600000000000000000e+01
2.600000000000000000e+01
2.700000000000000000e+01
2.700000000000000000e+01
2.700000000000000000e+01
2.700000000000000000e+01
2.800000000000000000e+01
2.800000000000000000e+01
2.800000000000000000e+01
2.800000000000000000e+01
2.800000000000000000e+01
2.800000000000000000e+01
2.800000000000000000e+01
2.800000000000000000e+01
2.800000000000000000e+01
2.800000000000000000e+01
2.800000000000000000e+01
2.800000000000000000e+01
2.800000000000000000e+01
2.800000000000000000e+01
2.800000000000000000e+01
2.800000000000000000e+01
2.800000000000000000e+01
2.800000000000000000e+01
2.800000000000000000e+01
2.800000000000000000e+01
2.800000000000000000e+01
2.800000000000000000e+01
2.800000000000000000e+01
2.800000000000000000e+01
2.800000000000000000e+01
2.800000000000000000e+01
2.800000000000000000e+01
2.800000000000000000e+01
2.800000000000000000e+01
2.800000000000000000e+01
2.800000000000000000e+01
2.800000000000000000e+01
2.800000000000000000e+01
2.800000000000000000e+01
2.800000000000000000e+01
2.800000000000000000e+01
2.800000000000000000e+01
2.800000000000000000e+01
2.800000000000000000e+01
2.800000000000000000e+01
2.800000000000000000e+01
2.800000000000000000e+01
2.800000000000000000e+01
2.800000000000000000e+01
2.800000000000000000e+01
2.800000000000000000e+01
2.800000000000000000e+01
2.800000000000000000e+01
2.800000000000000000e+01
2.800000000000000000e+01
2.800000000000000000e+01
2.800000000000000000e+01
2.800000000000000000e+01
2.800000000000000000e+01
2.800000000000000000e+01
2.800000000000000000e+01
2.800000000000000000e+01
2.800000000000000000e+01
2.800000000000000000e+01
2.800000000000000000e+01
2.800000000000000000e+01
2.800000000000000000e+01
2.800000000000000000e+01
2.800000000000000000e+01
2.800000000000000000e+01
2.800000000000000000e+01
2.800000000000000000e+01
2.800000000000000000e+01
2.800000000000000000e+01
2.800000000000000000e+01
2.800000000000000000e+01
2.800000000000000000e+01
2.800000000000000000e+01
2.800000000000000000e+01
2.800000000000000000e+01
2.800000000000000000e+01
2.900000000000000000e+01
2.900000000000000000e+01
2.900000000000000000e+01
2.900000000000000000e+01
2.900000000000000000e+01
2.900000000000000000e+01
2.900000000000000000e+01
3.100000000000000000e+01
3.100000000000000000e+01
3.100000000000000000e+01
3.100000000000000000e+01
3.100000000000000000e+01
3.100000000000000000e+01
3.100000000000000000e+01
3.100000000000000000e+01
3.100000000000000000e+01
3.100000000000000000e+01
3.100000000000000000e+01
3.100000000000000000e+01
3.300000000000000000e+01
3.300000000000000000e+01
3.300000000000000000e+01
3.300000000000000000e+01
3.300000000000000000e+01
3.300000000000000000e+01
3.300000000000000000e+01
3.300000000000000000e+01
3.300000000000000000e+01
3.300000000000000000e+01
3.300000000000000000e+01
3.300000000000000000e+01
3.300000000000000000e+01
3.300000000000000000e+01
3.300000000000000000e+01
3.700000000000000000e+01
3.700000000000000000e+01
3.700000000000000000e+01
3.700000000000000000e+01
3.700000000000000000e+01
3.700000000000000000e+01
3.700000000000000000e+01
3.700000000000000000e+01
3.700000000000000000e+01
3.800000000000000000e+01
3.800000000000000000e+01
3.800000000000000000e+01
3.800000000000000000e+01
3.800000000000000000e+01
3.900000000000000000e+01
3.900000000000000000e+01
3.900000000000000000e+01
3.900000000000000000e+01
3.900000000000000000e+01
4.000000000000000000e+01
4.100000000000000000e+01
4.100000000000000000e+01
4.100000000000000000e+01
4.400000000000000000e+01
4.400000000000000000e+01
4.400000000000000000e+01
4.500000000000000000e+01
4.800000000000000000e+01
4.800000000000000000e+01
5.400000000000000000e+01
5.400000000000000000e+01
5.500000000000000000e+01
5.500000000000000000e+01
5.500000000000000000e+01
5.500000000000000000e+01
5.700000000000000000e+01
5.700000000000000000e+01
6.100000000000000000e+01
6.100000000000000000e+01
6.100000000000000000e+01
6.100000000000000000e+01
6.600000000000000000e+01
7.100000000000000000e+01
7.100000000000000000e+01
8.200000000000000000e+01
8.800000000000000000e+01
9.200000000000000000e+01
9.800000000000000000e+01
9.800000000000000000e+01
1.150000000000000000e+02
1.340000000000000000e+02
1.590000000000000000e+02
1.590000000000000000e+02
1.650000000000000000e+02
1.760000000000000000e+02
1.840000000000000000e+02
2.000000000000000000e+02
2.120000000000000000e+02
2.190000000000000000e+02
2.190000000000000000e+02
2.190000000000000000e+02
2.350000000000000000e+02
2.610000000000000000e+02
2.860000000000000000e+02
3.170000000000000000e+02
3.510000000000000000e+02
3.510000000000000000e+02
3.660000000000000000e+02
3.900000000000000000e+02
4.140000000000000000e+02
4.640000000000000000e+02
4.910000000000000000e+02
5.100000000000000000e+02
5.100000000000000000e+02
5.260000000000000000e+02
5.570000000000000000e+02
5.790000000000000000e+02
5.790000000000000000e+02
6.140000000000000000e+02
6.440000000000000000e+02
6.710000000000000000e+02
6.930000000000000000e+02
7.090000000000000000e+02
7.320000000000000000e+02
7.490000000000000000e+02
7.710000000000000000e+02
7.980000000000000000e+02
8.160000000000000000e+02
8.390000000000000000e+02
8.680000000000000000e+02
8.980000000000000000e+02
9.300000000000000000e+02
9.570000000000000000e+02
9.810000000000000000e+02
9.960000000000000000e+02
1.018000000000000000e+03
1.046000000000000000e+03
1.084000000000000000e+03
1.104000000000000000e+03
1.122000000000000000e+03
1.148000000000000000e+03
1.175000000000000000e+03
1.205000000000000000e+03
1.251000000000000000e+03
1.309000000000000000e+03
1.378000000000000000e+03
1.440000000000000000e+03
1.510000000000000000e+03
1.555000000000000000e+03
1.618000000000000000e+03
1.618000000000000000e+03
1.686000000000000000e+03
1.732000000000000000e+03
1.732000000000000000e+03
1.732000000000000000e+03
1.773000000000000000e+03
1.879000000000000000e+03
1.983000000000000000e+03
2.065000000000000000e+03
2.138000000000000000e+03
2.250000000000000000e+03
2.250000000000000000e+03
2.317000000000000000e+03
2.521000000000000000e+03
2.603000000000000000e+03
2.657000000000000000e+03
2.717000000000000000e+03
2.788000000000000000e+03
2.836000000000000000e+03
2.918000000000000000e+03
3.007000000000000000e+03
3.102000000000000000e+03
3.163000000000000000e+03
3.260000000000000000e+03
3.362000000000000000e+03
3.417000000000000000e+03
3.474000000000000000e+03
3.526000000000000000e+03
3.637000000000000000e+03
3.737000000000000000e+03
3.801000000000000000e+03
3.894000000000000000e+03
3.965000000000000000e+03
4.068000000000000000e+03
4.068000000000000000e+03
4.260000000000000000e+03
4.361000000000000000e+03
4.411000000000000000e+03
4.495000000000000000e+03
4.565000000000000000e+03
4.642000000000000000e+03
4.711000000000000000e+03
4.784000000000000000e+03
4.889000000000000000e+03
4.976000000000000000e+03
5.050000000000000000e+03
5.135000000000000000e+03
5.199000000000000000e+03
5.271000000000000000e+03
5.382000000000000000e+03
5.502000000000000000e+03
5.629000000000000000e+03
5.733000000000000000e+03
5.812000000000000000e+03
5.885000000000000000e+03
5.952000000000000000e+03
6.063000000000000000e+03
6.168000000000000000e+03
6.271000000000000000e+03
6.350000000000000000e+03
6.424000000000000000e+03
6.505000000000000000e+03
6.577000000000000000e+03
6.671000000000000000e+03
6.775000000000000000e+03
6.859000000000000000e+03
6.966000000000000000e+03
7.075000000000000000e+03
7.189000000000000000e+03
7.270000000000000000e+03
7.388000000000000000e+03
7.489000000000000000e+03
7.560000000000000000e+03
7.665000000000000000e+03
7.739000000000000000e+03
7.836000000000000000e+03
7.921000000000000000e+03
8.037000000000000000e+03
8.146000000000000000e+03
8.244000000000000000e+03
8.346000000000000000e+03
8.440000000000000000e+03
8.528000000000000000e+03
8.605000000000000000e+03
8.669000000000000000e+03
8.738000000000000000e+03
8.814000000000000000e+03
8.894000000000000000e+03
8.978000000000000000e+03
9.044000000000000000e+03
9.104000000000000000e+03
9.190000000000000000e+03
9.261000000000000000e+03
9.313000000000000000e+03
9.373000000000000000e+03
9.426000000000000000e+03
9.496000000000000000e+03
9.542000000000000000e+03
9.624000000000000000e+03
9.719000000000000000e+03
9.790000000000000000e+03
9.877000000000000000e+03
9.948000000000000000e+03
1.002500000000000000e+04
1.009400000000000000e+04
1.009400000000000000e+04
1.024300000000000000e+04
1.032200000000000000e+04
1.041100000000000000e+04
1.048700000000000000e+04
1.056500000000000000e+04
1.063000000000000000e+04
1.071600000000000000e+04
1.079800000000000000e+04
1.087700000000000000e+04
1.097000000000000000e+04
1.104300000000000000e+04
1.110600000000000000e+04
1.117200000000000000e+04
1.124400000000000000e+04
1.130400000000000000e+04
1.135700000000000000e+04
1.140500000000000000e+04
1.145800000000000000e+04
1.149500000000000000e+04
1.153100000000000000e+04
1.157200000000000000e+04
1.161100000000000000e+04
1.164700000000000000e+04
1.168400000000000000e+04
1.173200000000000000e+04
1.176600000000000000e+04
1.180700000000000000e+04
1.185500000000000000e+04
1.188600000000000000e+04
1.192000000000000000e+04
1.194600000000000000e+04
1.199000000000000000e+04
1.201900000000000000e+04
1.205100000000000000e+04
1.207700000000000000e+04
1.209600000000000000e+04
1.213500000000000000e+04
1.216800000000000000e+04
1.220300000000000000e+04
1.222400000000000000e+04
1.223800000000000000e+04
1.224800000000000000e+04
1.226200000000000000e+04
1.227200000000000000e+04
1.228000000000000000e+04
1.228600000000000000e+04
1.229200000000000000e+04
1.229600000000000000e+04
1.230100000000000000e+04
1.231200000000000000e+04
1.232000000000000000e+04
1.233300000000000000e+04
1.233300000000000000e+04
1.233900000000000000e+04
1.234300000000000000e+04
1.235300000000000000e+04
1.236600000000000000e+04
1.237500000000000000e+04
1.238200000000000000e+04
1.239500000000000000e+04
1.240400000000000000e+04
1.241400000000000000e+04
1.242300000000000000e+04
1.243000000000000000e+04
1.243300000000000000e+04
1.243300000000000000e+04
1.243600000000000000e+04
1.243900000000000000e+04
1.244100000000000000e+04
1.244600000000000000e+04
1.245600000000000000e+04
1.246400000000000000e+04
1.247800000000000000e+04
1.247800000000000000e+04
1.247800000000000000e+04
1.249600000000000000e+04
1.250200000000000000e+04
1.250200000000000000e+04
1.250200000000000000e+04
1.250500000000000000e+04
1.250500000000000000e+04
1.250500000000000000e+04
1.250900000000000000e+04
1.251000000000000000e+04
1.251000000000000000e+04
1.251100000000000000e+04
1.251100000000000000e+04
1.251300000000000000e+04
1.251300000000000000e+04
1.251300000000000000e+04
1.251400000000000000e+04
1.251600000000000000e+04
1.251600000000000000e+04
1.251700000000000000e+04
1.251900000000000000e+04
1.251900000000000000e+04
1.252100000000000000e+04
1.252200000000000000e+04
1.252300000000000000e+04
1.252400000000000000e+04
1.252400000000000000e+04
1.252400000000000000e+04
1.252400000000000000e+04
1.252700000000000000e+04
1.253100000000000000e+04
1.253400000000000000e+04
1.253400000000000000e+04
1.253400000000000000e+04
1.253400000000000000e+04
1.253400000000000000e+04
1.253400000000000000e+04
1.253400000000000000e+04
1.253400000000000000e+04
1.253600000000000000e+04
1.253600000000000000e+04
1.254000000000000000e+04
1.254000000000000000e+04
1.254000000000000000e+04
1.254100000000000000e+04
1.254100000000000000e+04
1.254100000000000000e+04
1.254100000000000000e+04
1.254100000000000000e+04
1.254100000000000000e+04
1.254100000000000000e+04
1.254300000000000000e+04
1.254400000000000000e+04
1.254400000000000000e+04
1.254400000000000000e+04
1.254400000000000000e+04
1.254400000000000000e+04
1.254400000000000000e+04
1.254600000000000000e+04
1.254700000000000000e+04
1.254700000000000000e+04
1.254700000000000000e+04
1.254700000000000000e+04
1.254700000000000000e+04
1.254700000000000000e+04
1.254700000000000000e+04
1.254700000000000000e+04
1.254700000000000000e+04
1.254800000000000000e+04
1.254800000000000000e+04
1.254800000000000000e+04
1.254800000000000000e+04
1.254800000000000000e+04
1.254800000000000000e+04
1.254800000000000000e+04
1.254900000000000000e+04
1.254900000000000000e+04
1.254900000000000000e+04
1.255100000000000000e+04
1.255200000000000000e+04
1.255300000000000000e+04
1.255600000000000000e+04
1.255800000000000000e+04
1.255800000000000000e+04
1.255800000000000000e+04
1.256000000000000000e+04
1.256200000000000000e+04
1.256600000000000000e+04
1.256600000000000000e+04
1.256900000000000000e+04
1.256900000000000000e+04
1.256900000000000000e+04
1.257300000000000000e+04
1.258000000000000000e+04
1.258900000000000000e+04
1.259200000000000000e+04
1.259400000000000000e+04
1.259600000000000000e+04
1.259600000000000000e+04
1.259600000000000000e+04
1.260600000000000000e+04
1.262000000000000000e+04
1.263700000000000000e+04
1.264900000000000000e+04
1.264900000000000000e+04
1.266800000000000000e+04
1.267600000000000000e+04
1.269000000000000000e+04
1.269700000000000000e+04
1.270500000000000000e+04
1.272000000000000000e+04
1.272900000000000000e+04
1.273100000000000000e+04
1.273500000000000000e+04
1.275200000000000000e+04
1.277200000000000000e+04
1.279100000000000000e+04
1.281600000000000000e+04
1.281600000000000000e+04
1.284600000000000000e+04
1.285400000000000000e+04
1.286400000000000000e+04
1.287200000000000000e+04
1.288300000000000000e+04
1.288600000000000000e+04
1.289500000000000000e+04
1.290300000000000000e+04
1.291700000000000000e+04
1.293500000000000000e+04
1.295700000000000000e+04
1.297700000000000000e+04
1.300000000000000000e+04
1.301800000000000000e+04
1.303400000000000000e+04
1.304500000000000000e+04
1.307600000000000000e+04
1.311200000000000000e+04
1.314600000000000000e+04
1.316600000000000000e+04
1.320500000000000000e+04
1.322900000000000000e+04
1.326900000000000000e+04
1.331400000000000000e+04
1.336700000000000000e+04
1.340500000000000000e+04
1.344600000000000000e+04
1.348500000000000000e+04
1.353700000000000000e+04
1.359800000000000000e+04
1.364400000000000000e+04
1.368700000000000000e+04
1.372500000000000000e+04
1.378100000000000000e+04
1.381800000000000000e+04
1.386100000000000000e+04
1.391900000000000000e+04
1.398500000000000000e+04
1.405600000000000000e+04
1.410700000000000000e+04
1.417700000000000000e+04
1.422800000000000000e+04
1.427400000000000000e+04
1.434100000000000000e+04
1.441800000000000000e+04
1.450300000000000000e+04
1.460600000000000000e+04
1.469600000000000000e+04
1.477100000000000000e+04
1.482600000000000000e+04
1.490000000000000000e+04
1.500400000000000000e+04
1.509500000000000000e+04
1.517900000000000000e+04
1.523600000000000000e+04
1.530400000000000000e+04
1.535400000000000000e+04
1.541500000000000000e+04
1.551600000000000000e+04
1.562100000000000000e+04
1.573000000000000000e+04
1.584300000000000000e+04
1.593100000000000000e+04
1.601400000000000000e+04
1.606800000000000000e+04
1.612900000000000000e+04
1.619800000000000000e+04
1.623900000000000000e+04
1.629000000000000000e+04
1.633600000000000000e+04
1.639800000000000000e+04
1.644500000000000000e+04
1.648600000000000000e+04
1.655400000000000000e+04
1.659800000000000000e+04
1.663500000000000000e+04
1.666500000000000000e+04
1.670100000000000000e+04
1.674000000000000000e+04
1.678800000000000000e+04
1.682400000000000000e+04
1.687100000000000000e+04
1.689600000000000000e+04
1.693300000000000000e+04
1.696200000000000000e+04
1.698900000000000000e+04
1.703900000000000000e+04
1.708100000000000000e+04
1.712800000000000000e+04
1.718800000000000000e+04
1.725200000000000000e+04
1.730000000000000000e+04
1.735200000000000000e+04
1.739800000000000000e+04
1.745900000000000000e+04
1.752000000000000000e+04
1.757700000000000000e+04
1.761200000000000000e+04
1.764300000000000000e+04
1.767500000000000000e+04
1.769800000000000000e+04
1.772500000000000000e+04
1.775500000000000000e+04
1.777900000000000000e+04
1.779600000000000000e+04
1.781700000000000000e+04
1.783000000000000000e+04
1.785000000000000000e+04
1.787700000000000000e+04
1.789600000000000000e+04
1.792100000000000000e+04
1.793800000000000000e+04
1.795800000000000000e+04
1.797300000000000000e+04
1.799500000000000000e+04
1.801400000000000000e+04
1.804000000000000000e+04
1.806400000000000000e+04
1.808100000000000000e+04
1.809500000000000000e+04
1.810500000000000000e+04
1.812300000000000000e+04
1.814500000000000000e+04
1.817900000000000000e+04
1.820100000000000000e+04
1.822500000000000000e+04
1.824000000000000000e+04
1.825200000000000000e+04
1.827900000000000000e+04
1.831400000000000000e+04
1.833800000000000000e+04
1.837500000000000000e+04
1.841300000000000000e+04
1.845300000000000000e+04
1.848500000000000000e+04
