0.000000000000000000e+00
0.000000000000000000e+00
0.000000000000000000e+00
0.000000000000000000e+00
0.000000000000000000e+00
0.000000000000000000e+00
0.000000000000000000e+00
0.000000000000000000e+00
0.000000000000000000e+00
0.000000000000000000e+00
0.000000000000000000e+00
0.000000000000000000e+00
0.000000000000000000e+00
0.000000000000000000e+00
0.000000000000000000e+00
0.000000000000000000e+00
0.000000000000000000e+00
0.000000000000000000e+00
0.000000000000000000e+00
0.000000000000000000e+00
0.000000000000000000e+00
0.000000000000000000e+00
0.000000000000000000e+00
0.000000000000000000e+00
0.000000000000000000e+00
0.000000000000000000e+00
0.000000000000000000e+00
0.000000000000000000e+00
0.000000000000000000e+00
0.000000000000000000e+00
0.000000000000000000e+00
0.000000000000000000e+00
0.000000000000000000e+00
0.000000000000000000e+00
0.000000000000000000e+00
0.000000000000000000e+00
0.000000000000000000e+00
0.000000000000000000e+00
0.000000000000000000e+00
0.000000000000000000e+00
0.000000000000000000e+00
0.000000000000000000e+00
0.000000000000000000e+00
0.000000000000000000e+00
0.000000000000000000e+00
0.000000000000000000e+00
0.000000000000000000e+00
0.000000000000000000e+00
0.000000000000000000e+00
0.000000000000000000e+00
0.000000000000000000e+00
0.000000000000000000e+00
0.000000000000000000e+00
0.000000000000000000e+00
0.000000000000000000e+00
0.000000000000000000e+00
0.000000000000000000e+00
0.000000000000000000e+00
0.000000000000000000e+00
0.000000000000000000e+00
7.000000000000000000e+00
0.000000000000000000e+00
0.000000000000000000e+00
0.000000000000000000e+00
-5.000000000000000000e+00
0.000000000000000000e+00
0.000000000000000000e+00
0.000000000000000000e+00
5.000000000000000000e+00
-4.000000000000000000e+00
0.000000000000000000e+00
2.000000000000000000e+00
5.000000000000000000e+00
0.000000000000000000e+00
0.000000000000000000e+00
-2.000000000000000000e+00
5.000000000000000000e+00
3.000000000000000000e+00
7.000000000000000000e+00
0.000000000000000000e+00
0.000000000000000000e+00
0.000000000000000000e+00
8.400000000000000000e+01
6.000000000000000000e+00
3.800000000000000000e+01
1.600000000000000000e+01
8.000000000000000000e+00
3.800000000000000000e+01
1.600000000000000000e+01
2.200000000000000000e+01
7.000000000000000000e+00
2.600000000000000000e+01
4.000000000000000000e+00
6.700000000000000000e+01
3.100000000000000000e+01
8.000000000000000000e+00
9.000000000000000000e+00
2.000000000000000000e+01
6.100000000000000000e+01
4.000000000000000000e+01
3.400000000000000000e+01
5.000000000000000000e+01
1.100000000000000000e+01
2.400000000000000000e+01
9.800000000000000000e+01
2.100000000000000000e+01
4.400000000000000000e+01
9.900000000000000000e+01
1.400000000000000000e+01
2.200000000000000000e+01
1.800000000000000000e+01
2.400000000000000000e+01
7.700000000000000000e+01
5.200000000000000000e+01
1.900000000000000000e+01
2.000000000000000000e+01
1.200000000000000000e+01
2.200000000000000000e+01
7.000000000000000000e+00
3.900000000000000000e+01
1.400000000000000000e+01
1.100000000000000000e+01
2.400000000000000000e+01
2.100000000000000000e+01
6.000000000000000000e+00
1.500000000000000000e+01
5.000000000000000000e+00
5.000000000000000000e+00
6.000000000000000000e+00
1.800000000000000000e+01
1.000000000000000000e+01
2.000000000000000000e+00
4.000000000000000000e+00
3.000000000000000000e+00
1.000000000000000000e+00
3.000000000000000000e+00
0.000000000000000000e+00
1.000000000000000000e+01
7.000000000000000000e+00
6.000000000000000000e+00
2.000000000000000000e+00
5.000000000000000000e+00
0.000000000000000000e+00
1.000000000000000000e+00
0.000000000000000000e+00
0.000000000000000000e+00
1.600000000000000000e+01
1.100000000000000000e+01
6.000000000000000000e+00
4.000000000000000000e+00
0.000000000000000000e+00
0.000000000000000000e+00
0.000000000000000000e+00
1.000000000000000000e+00
0.000000000000000000e+00
4.000000000000000000e+00
3.000000000000000000e+00
0.000000000000000000e+00
6.000000000000000000e+00
3.000000000000000000e+00
0.000000000000000000e+00
2.000000000000000000e+00
0.000000000000000000e+00
0.000000000000000000e+00
0.000000000000000000e+00
0.000000000000000000e+00
0.000000000000000000e+00
7.000000000000000000e+00
0.000000000000000000e+00
4.000000000000000000e+00
4.000000000000000000e+00
1.200000000000000000e+01
0.000000000000000000e+00
0.000000000000000000e+00
0.000000000000000000e+00
1.400000000000000000e+01
7.000000000000000000e+00
9.000000000000000000e+00
0.000000000000000000e+00
7.000000000000000000e+00
8.000000000000000000e+00
0.000000000000000000e+00
1.800000000000000000e+01
0.000000000000000000e+00
2.100000000000000000e+01
0.000000000000000000e+00
0.000000000000000000e+00
3.900000000000000000e+01
2.800000000000000000e+01
1.600000000000000000e+01
1.500000000000000000e+01
2.000000000000000000e+01
4.700000000000000000e+01
0.000000000000000000e+00
4.000000000000000000e+00
2.500000000000000000e+01
6.000000000000000000e+00
4.700000000000000000e+01
2.200000000000000000e+01
1.500000000000000000e+01
3.000000000000000000e+00
2.000000000000000000e+00
8.000000000000000000e+00
1.000000000000000000e+01
5.500000000000000000e+01
5.000000000000000000e+00
2.500000000000000000e+01
0.000000000000000000e+00
0.000000000000000000e+00
1.100000000000000000e+01
1.700000000000000000e+01
1.700000000000000000e+01
3.100000000000000000e+01
1.020000000000000000e+02
1.000000000000000000e+00
5.000000000000000000e+00
1.400000000000000000e+01
2.500000000000000000e+01
1.400000000000000000e+01
1.900000000000000000e+01
2.900000000000000000e+01
2.400000000000000000e+01
9.900000000000000000e+01
1.010000000000000000e+02
4.500000000000000000e+01
9.400000000000000000e+01
7.600000000000000000e+01
1.040000000000000000e+02
5.000000000000000000e+00
3.400000000000000000e+01
7.700000000000000000e+01
3.400000000000000000e+01
5.400000000000000000e+01
8.000000000000000000e+01
3.300000000000000000e+01
1.000000000000000000e+01
5.000000000000000000e+00
8.500000000000000000e+01
6.000000000000000000e+00
6.800000000000000000e+01
1.020000000000000000e+02
1.290000000000000000e+02
2.900000000000000000e+01
2.300000000000000000e+01
9.700000000000000000e+01
2.200000000000000000e+02
9.000000000000000000e+01
5.800000000000000000e+01
6.200000000000000000e+01
8.000000000000000000e+01
3.500000000000000000e+01
1.160000000000000000e+02
6.600000000000000000e+01
2.250000000000000000e+02
1.360000000000000000e+02
3.700000000000000000e+01
3.500000000000000000e+01
3.700000000000000000e+01
1.620000000000000000e+02
1.730000000000000000e+02
1.530000000000000000e+02
9.900000000000000000e+01
1.010000000000000000e+02
7.800000000000000000e+01
4.000000000000000000e+02
3.570000000000000000e+02
3.210000000000000000e+02
2.170000000000000000e+02
2.560000000000000000e+02
1.150000000000000000e+02
6.200000000000000000e+01
1.770000000000000000e+02
4.680000000000000000e+02
4.000000000000000000e+02
3.590000000000000000e+02
9.600000000000000000e+01
1.061000000000000000e+03
4.000000000000000000e+01
1.700000000000000000e+02
8.780000000000000000e+02
7.910000000000000000e+02
4.280000000000000000e+02
2.810000000000000000e+02
1.090000000000000000e+02
1.810000000000000000e+02
2.140000000000000000e+02
1.245000000000000000e+03
1.217000000000000000e+03
9.520000000000000000e+02
5.640000000000000000e+02
1.364000000000000000e+03
1.127000000000000000e+03
2.760000000000000000e+02
1.961000000000000000e+03
1.529000000000000000e+03
1.067000000000000000e+03
2.125000000000000000e+03
2.585000000000000000e+03
1.495000000000000000e+03
5.340000000000000000e+02
2.853000000000000000e+03
2.018000000000000000e+03
2.771000000000000000e+03
2.121000000000000000e+03
2.372000000000000000e+03
2.695000000000000000e+03
2.050000000000000000e+03
2.805000000000000000e+03
2.809000000000000000e+03
2.831000000000000000e+03
2.907000000000000000e+03
2.809000000000000000e+03
2.103000000000000000e+03
1.844000000000000000e+03
2.818000000000000000e+03
2.879000000000000000e+03
2.535000000000000000e+03
2.869000000000000000e+03
2.814000000000000000e+03
2.710000000000000000e+03
2.184000000000000000e+03
2.583000000000000000e+03
2.336000000000000000e+03
1.686000000000000000e+03
2.078000000000000000e+03
1.883000000000000000e+03
1.652000000000000000e+03
1.517000000000000000e+03
1.718000000000000000e+03
1.281000000000000000e+03
1.153000000000000000e+03
1.823000000000000000e+03
1.801000000000000000e+03
1.467000000000000000e+03
1.979000000000000000e+03
7.580000000000000000e+02
2.062000000000000000e+03
1.640000000000000000e+03
1.396000000000000000e+03
1.285000000000000000e+03
2.138000000000000000e+03
1.324000000000000000e+03
1.350000000000000000e+03
2.667000000000000000e+03
1.544000000000000000e+03
1.219000000000000000e+03
1.095000000000000000e+03
1.709000000000000000e+03
9.030000000000000000e+02
1.955000000000000000e+03
2.908000000000000000e+03
2.623000000000000000e+03
3.107000000000000000e+03
3.122000000000000000e+03
2.663000000000000000e+03
2.964000000000000000e+03
3.516000000000000000e+03
3.273000000000000000e+03
3.373000000000000000e+03
2.922000000000000000e+03
3.232000000000000000e+03
2.360000000000000000e+03
2.177000000000000000e+03
2.669000000000000000e+03
3.103000000000000000e+03
4.265000000000000000e+03
2.813000000000000000e+03
2.741000000000000000e+03
3.276000000000000000e+03
3.421000000000000000e+03
3.811000000000000000e+03
4.957000000000000000e+03
3.099000000000000000e+03
3.159000000000000000e+03
3.865000000000000000e+03
3.781000000000000000e+03
2.871000000000000000e+03
3.719000000000000000e+03
3.829000000000000000e+03
3.985000000000000000e+03
3.915000000000000000e+03
3.850000000000000000e+03
3.465000000000000000e+03
4.016000000000000000e+03
2.684000000000000000e+03
3.232000000000000000e+03
1.900000000000000000e+03
1.782000000000000000e+03
0.000000000000000000e+00
0.000000000000000000e+00
0.000000000000000000e+00
0.000000000000000000e+00
0.000000000000000000e+00
0.000000000000000000e+00
0.000000000000000000e+00
0.000000000000000000e+00
0.000000000000000000e+00
0.000000000000000000e+00
0.000000000000000000e+00
0.000000000000000000e+00
0.000000000000000000e+00
0.000000000000000000e+00
0.000000000000000000e+00
0.000000000000000000e+00
0.000000000000000000e+00
0.000000000000000000e+00
0.000000000000000000e+00
0.000000000000000000e+00
0.000000000000000000e+00
0.000000000000000000e+00
0.000000000000000000e+00
0.000000000000000000e+00
0.000000000000000000e+00
0.000000000000000000e+00
0.000000000000000000e+00
0.000000000000000000e+00
0.000000000000000000e+00
0.000000000000000000e+00
0.000000000000000000e+00
0.000000000000000000e+00
0.000000000000000000e+00
0.000000000000000000e+00
0.000000000000000000e+00
0.000000000000000000e+00
0.000000000000000000e+00
0.000000000000000000e+00
0.000000000000000000e+00
0.000000000000000000e+00
0.000000000000000000e+00
0.000000000000000000e+00
0.000000000000000000e+00
0.000000000000000000e+00
0.000000000000000000e+00
0.000000000000000000e+00
0.000000000000000000e+00
0.000000000000000000e+00
0.000000000000000000e+00
0.000000000000000000e+00
0.000000000000000000e+00
0.000000000000000000e+00
0.000000000000000000e+00
0.000000000000000000e+00
0.000000000000000000e+00
0.000000000000000000e+00
0.000000000000000000e+00
0.000000000000000000e+00
0.000000000000000000e+00
0.000000000000000000e+00
0.000000000000000000e+00
0.000000000000000000e+00
0.000000000000000000e+00
0.000000000000000000e+00
0.000000000000000000e+00
0.000000000000000000e+00
0.000000000000000000e+00
0.000000000000000000e+00
0.000000000000000000e+00
0.000000000000000000e+00
0.000000000000000000e+00
0.000000000000000000e+00
0.000000000000000000e+00
0.000000000000000000e+00
0.000000000000000000e+00
0.000000000000000000e+00
0.000000000000000000e+00
0.000000000000000000e+00
0.000000000000000000e+00
0.000000000000000000e+00
0.000000000000000000e+00
0.000000000000000000e+00
0.000000000000000000e+00
0.000000000000000000e+00
0.000000000000000000e+00
0.000000000000000000e+00
0.000000000000000000e+00
0.000000000000000000e+00
0.000000000000000000e+00
0.000000000000000000e+00
0.000000000000000000e+00
0.000000000000000000e+00
0.000000000000000000e+00
0.000000000000000000e+00
0.000000000000000000e+00
0.000000000000000000e+00
0.000000000000000000e+00
0.000000000000000000e+00
0.000000000000000000e+00
0.000000000000000000e+00
0.000000000000000000e+00
0.000000000000000000e+00
0.000000000000000000e+00
0.000000000000000000e+00
0.000000000000000000e+00
0.000000000000000000e+00
0.000000000000000000e+00
0.000000000000000000e+00
0.000000000000000000e+00
0.000000000000000000e+00
0.000000000000000000e+00
0.000000000000000000e+00
0.000000000000000000e+00
0.000000000000000000e+00
0.000000000000000000e+00
0.000000000000000000e+00
0.000000000000000000e+00
0.000000000000000000e+00
0.000000000000000000e+00
0.000000000000000000e+00
0.000000000000000000e+00
0.000000000000000000e+00
0.000000000000000000e+00
0.000000000000000000e+00
0.000000000000000000e+00
0.000000000000000000e+00
0.000000000000000000e+00
0.000000000000000000e+00
0.000000000000000000e+00
0.000000000000000000e+00
0.000000000000000000e+00
0.000000000000000000e+00
0.000000000000000000e+00
0.000000000000000000e+00
0.000000000000000000e+00
0.000000000000000000e+00
0.000000000000000000e+00
0.000000000000000000e+00
0.000000000000000000e+00
0.000000000000000000e+00
0.000000000000000000e+00
0.000000000000000000e+00
0.000000000000000000e+00
0.000000000000000000e+00
0.000000000000000000e+00
0.000000000000000000e+00
0.000000000000000000e+00
0.000000000000000000e+00
0.000000000000000000e+00
0.000000000000000000e+00
0.000000000000000000e+00
0.000000000000000000e+00
0.000000000000000000e+00
0.000000000000000000e+00
0.000000000000000000e+00
0.000000000000000000e+00
0.000000000000000000e+00
0.000000000000000000e+00
0.000000000000000000e+00
0.000000000000000000e+00
0.000000000000000000e+00
0.000000000000000000e+00
0.000000000000000000e+00
0.000000000000000000e+00
0.000000000000000000e+00
0.000000000000000000e+00
0.000000000000000000e+00
0.000000000000000000e+00
0.000000000000000000e+00
0.000000000000000000e+00
0.000000000000000000e+00
0.000000000000000000e+00
0.000000000000000000e+00
-2.553000000000000000e+05
0.000000000000000000e+00
0.000000000000000000e+00
0.000000000000000000e+00
0.000000000000000000e+00
0.000000000000000000e+00
0.000000000000000000e+00
0.000000000000000000e+00
0.000000000000000000e+00
0.000000000000000000e+00
0.000000000000000000e+00
0.000000000000000000e+00
0.000000000000000000e+00
0.000000000000000000e+00
0.000000000000000000e+00
0.000000000000000000e+00
0.000000000000000000e+00
0.000000000000000000e+00
0.000000000000000000e+00
0.000000000000000000e+00
0.000000000000000000e+00
0.000000000000000000e+00
0.000000000000000000e+00
0.000000000000000000e+00
0.000000000000000000e+00
0.000000000000000000e+00
0.000000000000000000e+00
0.000000000000000000e+00
0.000000000000000000e+00
0.000000000000000000e+00
0.000000000000000000e+00
0.000000000000000000e+00
0.000000000000000000e+00
0.000000000000000000e+00
0.000000000000000000e+00
0.000000000000000000e+00
0.000000000000000000e+00
0.000000000000000000e+00
0.000000000000000000e+00
0.000000000000000000e+00
0.000000000000000000e+00
0.000000000000000000e+00
0.000000000000000000e+00
0.000000000000000000e+00
0.000000000000000000e+00
0.000000000000000000e+00
0.000000000000000000e+00
0.000000000000000000e+00
0.000000000000000000e+00
0.000000000000000000e+00
0.000000000000000000e+00
0.000000000000000000e+00
0.000000000000000000e+00
0.000000000000000000e+00
0.000000000000000000e+00
0.000000000000000000e+00
0.000000000000000000e+00
0.000000000000000000e+00
0.000000000000000000e+00
0.000000000000000000e+00
0.000000000000000000e+00
0.000000000000000000e+00
0.000000000000000000e+00
0.000000000000000000e+00
0.000000000000000000e+00
0.000000000000000000e+00
0.000000000000000000e+00
0.000000000000000000e+00
0.000000000000000000e+00
0.000000000000000000e+00
0.000000000000000000e+00
0.000000000000000000e+00
0.000000000000000000e+00
0.000000000000000000e+00
0.000000000000000000e+00
0.000000000000000000e+00
0.000000000000000000e+00
0.000000000000000000e+00
0.000000000000000000e+00
0.000000000000000000e+00
0.000000000000000000e+00
0.000000000000000000e+00
0.000000000000000000e+00
0.000000000000000000e+00
0.000000000000000000e+00
0.000000000000000000e+00
0.000000000000000000e+00
0.000000000000000000e+00
0.000000000000000000e+00
0.000000000000000000e+00
0.000000000000000000e+00
0.000000000000000000e+00
0.000000000000000000e+00
0.000000000000000000e+00
0.000000000000000000e+00
0.000000000000000000e+00
0.000000000000000000e+00
0.000000000000000000e+00
0.000000000000000000e+00
0.000000000000000000e+00
0.000000000000000000e+00
0.000000000000000000e+00
0.000000000000000000e+00
0.000000000000000000e+00
0.000000000000000000e+00
0.000000000000000000e+00
0.000000000000000000e+00
0.000000000000000000e+00
0.000000000000000000e+00
0.000000000000000000e+00
0.000000000000000000e+00
0.000000000000000000e+00
0.000000000000000000e+00
0.000000000000000000e+00
0.000000000000000000e+00
0.000000000000000000e+00
0.000000000000000000e+00
0.000000000000000000e+00
0.000000000000000000e+00
0.000000000000000000e+00
0.000000000000000000e+00
0.000000000000000000e+00
0.000000000000000000e+00
0.000000000000000000e+00
0.000000000000000000e+00
0.000000000000000000e+00
0.000000000000000000e+00
0.000000000000000000e+00
0.000000000000000000e+00
0.000000000000000000e+00
0.000000000000000000e+00
0.000000000000000000e+00
0.000000000000000000e+00
0.000000000000000000e+00
0.000000000000000000e+00
0.000000000000000000e+00
0.000000000000000000e+00
0.000000000000000000e+00
0.000000000000000000e+00
0.000000000000000000e+00
0.000000000000000000e+00
0.000000000000000000e+00
0.000000000000000000e+00
0.000000000000000000e+00
0.000000000000000000e+00
0.000000000000000000e+00
0.000000000000000000e+00
0.000000000000000000e+00
0.000000000000000000e+00
0.000000000000000000e+00
0.000000000000000000e+00
0.000000000000000000e+00
0.000000000000000000e+00
0.000000000000000000e+00
0.000000000000000000e+00
0.000000000000000000e+00
0.000000000000000000e+00
0.000000000000000000e+00
0.000000000000000000e+00
0.000000000000000000e+00
0.000000000000000000e+00
0.000000000000000000e+00
0.000000000000000000e+00
0.000000000000000000e+00
0.000000000000000000e+00
0.000000000000000000e+00
0.000000000000000000e+00
