-2.456148594664241500e+02
-1.732568618463883240e+03
6.114592013124240566e+02
1.049806361883840054e+03
1.435106458270030771e+03
1.792313044803598132e+03
2.216765823516066121e+03
2.541665813403333232e+03
8.783204383765659031e+02
3.009597105777173056e+03
3.204234164811862229e+03
3.320834384439926907e+03
3.390740550390953558e+03
3.515944791920073840e+03
3.536402578686413108e+03
1.570116423257797578e+03
3.406431926975007173e+03
3.320198986145704112e+03
3.175626985399539080e+03
3.009036929838913238e+03
2.926665058297350697e+03
2.771891315720028615e+03
6.652596044994368185e+02
2.397733739127734225e+03
2.244842582324002251e+03
2.070543214286953571e+03
1.910004481790313093e+03
1.867464257736155105e+03
1.783532010630074637e+03
-2.246986879884482278e+02
1.629713469710223535e+03
1.617822661686971060e+03
1.598788040998667157e+03
1.602791593222209940e+03
1.729031426785293434e+03
1.813158459289951907e+03
-3.248239548075844141e+01
1.974631330172925573e+03
2.101572936970325372e+03
2.204052376193003965e+03
2.309411171431224375e+03
2.514674400665554913e+03
2.654026508674019169e+03
8.390714164393366445e+02
2.852314723777558356e+03
2.961515838947460452e+03
3.023733869841990781e+03
3.068265358013150035e+03
3.194623774172393496e+03
3.239929893450985674e+03
1.319076178656393040e+03
3.218105863559103454e+03
3.208457614554773954e+03
3.150902711429177998e+03
3.078375907169262973e+03
3.093852851320154514e+03
3.037645965808482288e+03
1.027484402659157922e+03
2.851820940897203400e+03
2.784018475014873275e+03
