0.000000000000000000e+00
0.000000000000000000e+00
0.000000000000000000e+00
0.000000000000000000e+00
0.000000000000000000e+00
0.000000000000000000e+00
0.000000000000000000e+00
0.000000000000000000e+00
0.000000000000000000e+00
0.000000000000000000e+00
0.000000000000000000e+00
0.000000000000000000e+00
0.000000000000000000e+00
0.000000000000000000e+00
0.000000000000000000e+00
0.000000000000000000e+00
1.000000000000000000e+00
1.000000000000000000e+00
1.000000000000000000e+00
1.000000000000000000e+00
3.000000000000000000e+00
3.000000000000000000e+00
3.000000000000000000e+00
3.000000000000000000e+00
7.000000000000000000e+00
7.000000000000000000e+00
7.000000000000000000e+00
1.300000000000000000e+01
1.500000000000000000e+01
1.500000000000000000e+01
1.500000000000000000e+01
1.500000000000000000e+01
1.500000000000000000e+01
1.800000000000000000e+01
1.800000000000000000e+01
1.800000000000000000e+01
1.800000000000000000e+01
1.800000000000000000e+01
1.800000000000000000e+01
1.800000000000000000e+01
1.800000000000000000e+01
2.200000000000000000e+01
2.200000000000000000e+01
2.200000000000000000e+01
2.200000000000000000e+01
2.300000000000000000e+01
2.400000000000000000e+01
2.400000000000000000e+01
2.400000000000000000e+01
2.600000000000000000e+01
2.600000000000000000e+01
2.600000000000000000e+01
3.500000000000000000e+01
4.200000000000000000e+01
4.200000000000000000e+01
4.900000000000000000e+01
6.000000000000000000e+01
7.500000000000000000e+01
8.700000000000000000e+01
1.140000000000000000e+02
1.390000000000000000e+02
1.390000000000000000e+02
1.830000000000000000e+02
1.990000000000000000e+02
2.150000000000000000e+02
2.590000000000000000e+02
3.200000000000000000e+02
3.880000000000000000e+02
4.790000000000000000e+02
5.370000000000000000e+02
6.450000000000000000e+02
7.670000000000000000e+02
8.270000000000000000e+02
9.150000000000000000e+02
1.005000000000000000e+03
1.241000000000000000e+03
1.321000000000000000e+03
1.487000000000000000e+03
1.608000000000000000e+03
1.830000000000000000e+03
1.995000000000000000e+03
2.108000000000000000e+03
2.276000000000000000e+03
2.478000000000000000e+03
2.647000000000000000e+03
2.766000000000000000e+03
2.967000000000000000e+03
3.102000000000000000e+03
3.197000000000000000e+03
3.295000000000000000e+03
3.349000000000000000e+03
3.452000000000000000e+03
3.542000000000000000e+03
3.663000000000000000e+03
3.762000000000000000e+03
3.862000000000000000e+03
3.957000000000000000e+03
4.032000000000000000e+03
4.087000000000000000e+03
4.171000000000000000e+03
4.210000000000000000e+03
4.326000000000000000e+03
4.413000000000000000e+03
4.484000000000000000e+03
4.567000000000000000e+03
4.702000000000000000e+03
4.776000000000000000e+03
4.864000000000000000e+03
4.929000000000000000e+03
5.025000000000000000e+03
5.113000000000000000e+03
5.223000000000000000e+03
5.281000000000000000e+03
5.351000000000000000e+03
5.439000000000000000e+03
5.512000000000000000e+03
5.571000000000000000e+03
5.615000000000000000e+03
5.646000000000000000e+03
5.706000000000000000e+03
5.796000000000000000e+03
5.859000000000000000e+03
5.912000000000000000e+03
5.945000000000000000e+03
5.979000000000000000e+03
6.041000000000000000e+03
6.083000000000000000e+03
6.169000000000000000e+03
6.235000000000000000e+03
6.330000000000000000e+03
6.353000000000000000e+03
6.404000000000000000e+03
6.470000000000000000e+03
6.531000000000000000e+03
6.559000000000000000e+03
6.610000000000000000e+03
6.635000000000000000e+03
6.674000000000000000e+03
6.694000000000000000e+03
6.975000000000000000e+03
7.014000000000000000e+03
7.065000000000000000e+03
7.168000000000000000e+03
7.311000000000000000e+03
7.346000000000000000e+03
7.400000000000000000e+03
7.733000000000000000e+03
7.873000000000000000e+03
8.000000000000000000e+03
8.070000000000000000e+03
8.146000000000000000e+03
8.156000000000000000e+03
8.177000000000000000e+03
8.186000000000000000e+03
8.231000000000000000e+03
8.271000000000000000e+03
8.294000000000000000e+03
8.308000000000000000e+03
8.318000000000000000e+03
8.334000000000000000e+03
8.354000000000000000e+03
8.375000000000000000e+03
8.437000000000000000e+03
8.446000000000000000e+03
8.461000000000000000e+03
8.465000000000000000e+03
8.476000000000000000e+03
8.481000000000000000e+03
8.486000000000000000e+03
8.499000000000000000e+03
8.511000000000000000e+03
8.515000000000000000e+03
8.519000000000000000e+03
8.520000000000000000e+03
8.524000000000000000e+03
8.526000000000000000e+03
8.538000000000000000e+03
8.541000000000000000e+03
8.546000000000000000e+03
8.553000000000000000e+03
8.555000000000000000e+03
8.562000000000000000e+03
8.566000000000000000e+03
8.574000000000000000e+03
8.577000000000000000e+03
8.594000000000000000e+03
8.600000000000000000e+03
8.601000000000000000e+03
8.607000000000000000e+03
8.612000000000000000e+03
8.617000000000000000e+03
8.644000000000000000e+03
8.647000000000000000e+03
8.664000000000000000e+03
8.668000000000000000e+03
8.684000000000000000e+03
8.702000000000000000e+03
8.713000000000000000e+03
8.728000000000000000e+03
8.775000000000000000e+03
8.784000000000000000e+03
8.803000000000000000e+03
8.809000000000000000e+03
8.817000000000000000e+03
8.821000000000000000e+03
8.828000000000000000e+03
8.831000000000000000e+03
8.859000000000000000e+03
8.876000000000000000e+03
8.902000000000000000e+03
8.925000000000000000e+03
8.932000000000000000e+03
8.945000000000000000e+03
8.949000000000000000e+03
8.959000000000000000e+03
8.965000000000000000e+03
8.971000000000000000e+03
8.978000000000000000e+03
8.994000000000000000e+03
9.030000000000000000e+03
9.038000000000000000e+03
9.048000000000000000e+03
9.054000000000000000e+03
9.075000000000000000e+03
9.079000000000000000e+03
9.083000000000000000e+03
9.092000000000000000e+03
9.113000000000000000e+03
9.115000000000000000e+03
9.124000000000000000e+03
9.136000000000000000e+03
9.143000000000000000e+03
9.167000000000000000e+03
9.181000000000000000e+03
9.189000000000000000e+03
9.196000000000000000e+03
9.203000000000000000e+03
9.209000000000000000e+03
9.235000000000000000e+03
9.250000000000000000e+03
9.264000000000000000e+03
9.315000000000000000e+03
9.355000000000000000e+03
9.395000000000000000e+03
9.563000000000000000e+03
9.602000000000000000e+03
9.666000000000000000e+03
9.696000000000000000e+03
9.785000000000000000e+03
9.835000000000000000e+03
9.889000000000000000e+03
9.939000000000000000e+03
9.967000000000000000e+03
1.001400000000000000e+04
1.009500000000000000e+04
1.021600000000000000e+04
1.028300000000000000e+04
1.034000000000000000e+04
1.042700000000000000e+04
1.050100000000000000e+04
1.051900000000000000e+04
1.070700000000000000e+04
1.078000000000000000e+04
1.091300000000000000e+04
1.102200000000000000e+04
1.137200000000000000e+04
1.160500000000000000e+04
1.201400000000000000e+04
1.225900000000000000e+04
1.256100000000000000e+04
1.326200000000000000e+04
1.371700000000000000e+04
1.435100000000000000e+04
1.493100000000000000e+04
1.541700000000000000e+04
1.588400000000000000e+04
1.655500000000000000e+04
1.713400000000000000e+04
1.782500000000000000e+04
1.849900000000000000e+04
1.907200000000000000e+04
1.975700000000000000e+04
2.024800000000000000e+04
2.124800000000000000e+04
2.222000000000000000e+04
2.312000000000000000e+04
2.399500000000000000e+04
2.481500000000000000e+04
2.565400000000000000e+04
2.638000000000000000e+04
2.740900000000000000e+04
2.823400000000000000e+04
2.957900000000000000e+04
3.030400000000000000e+04
3.107300000000000000e+04
3.206900000000000000e+04
3.296900000000000000e+04
3.377200000000000000e+04
3.478500000000000000e+04
3.560600000000000000e+04
3.662400000000000000e+04
3.725400000000000000e+04
3.813200000000000000e+04
3.908800000000000000e+04
4.049300000000000000e+04
4.159700000000000000e+04
4.248000000000000000e+04
4.415300000000000000e+04
4.650100000000000000e+04
4.905600000000000000e+04
5.020400000000000000e+04
5.131400000000000000e+04
5.264700000000000000e+04
5.475900000000000000e+04
5.631100000000000000e+04
5.696900000000000000e+04
5.791700000000000000e+04
5.906100000000000000e+04
6.020400000000000000e+04
6.127300000000000000e+04
6.230600000000000000e+04
6.405600000000000000e+04
6.512400000000000000e+04
6.623600000000000000e+04
6.717300000000000000e+04
6.808400000000000000e+04
6.939300000000000000e+04
7.059700000000000000e+04
7.168100000000000000e+04
7.273300000000000000e+04
7.403000000000000000e+04
7.524400000000000000e+04
7.624200000000000000e+04
7.730900000000000000e+04
7.839300000000000000e+04
7.930400000000000000e+04
8.001400000000000000e+04
8.109900000000000000e+04
8.254000000000000000e+04
8.341400000000000000e+04
8.441100000000000000e+04
8.559200000000000000e+04
8.671500000000000000e+04
8.746000000000000000e+04
8.894100000000000000e+04
9.117100000000000000e+04
9.449200000000000000e+04
9.721800000000000000e+04
9.822800000000000000e+04
9.944900000000000000e+04
1.005780000000000000e+05
1.027230000000000000e+05
1.054310000000000000e+05
1.068320000000000000e+05
1.081090000000000000e+05
1.091150000000000000e+05
1.105840000000000000e+05
1.115780000000000000e+05
1.132880000000000000e+05
1.152270000000000000e+05
1.173750000000000000e+05
1.200510000000000000e+05
1.223440000000000000e+05
1.252880000000000000e+05
1.276620000000000000e+05
1.301520000000000000e+05
1.327060000000000000e+05
1.370190000000000000e+05
1.414460000000000000e+05
1.450840000000000000e+05
1.491600000000000000e+05
1.510180000000000000e+05
1.542990000000000000e+05
1.577220000000000000e+05
1.615270000000000000e+05
1.660490000000000000e+05
1.703290000000000000e+05
1.739900000000000000e+05
1.777940000000000000e+05
1.818860000000000000e+05
1.852780000000000000e+05
1.869700000000000000e+05
1.903390000000000000e+05
1.926790000000000000e+05
1.965660000000000000e+05
1.984950000000000000e+05
2.022690000000000000e+05
2.057740000000000000e+05
2.092890000000000000e+05
2.138140000000000000e+05
2.183350000000000000e+05
2.240530000000000000e+05
2.297620000000000000e+05
2.350820000000000000e+05
2.399710000000000000e+05
2.447530000000000000e+05
2.492090000000000000e+05
2.526230000000000000e+05
2.566780000000000000e+05
2.600090000000000000e+05
2.637610000000000000e+05
2.668460000000000000e+05
2.701660000000000000e+05
2.734170000000000000e+05
2.759030000000000000e+05
2.784310000000000000e+05
2.807070000000000000e+05
2.836290000000000000e+05
2.869040000000000000e+05
2.894520000000000000e+05
2.919580000000000000e+05
2.940340000000000000e+05
2.963790000000000000e+05
2.985160000000000000e+05
3.006200000000000000e+05
3.026620000000000000e+05
3.044920000000000000e+05
3.062740000000000000e+05
3.082470000000000000e+05
3.096120000000000000e+05
3.109580000000000000e+05
3.124610000000000000e+05
3.144570000000000000e+05
3.160420000000000000e+05
3.172890000000000000e+05
3.187840000000000000e+05
3.198420000000000000e+05
3.209250000000000000e+05
3.224160000000000000e+05
3.239250000000000000e+05
3.251820000000000000e+05
3.263090000000000000e+05
3.274060000000000000e+05
3.285540000000000000e+05
3.296240000000000000e+05
3.310010000000000000e+05
3.324430000000000000e+05
3.338920000000000000e+05
3.351620000000000000e+05
3.364560000000000000e+05
3.378680000000000000e+05
3.390670000000000000e+05
3.402420000000000000e+05
3.414890000000000000e+05
3.427370000000000000e+05
3.439530000000000000e+05
3.450050000000000000e+05
3.462950000000000000e+05
3.477800000000000000e+05
3.490390000000000000e+05
3.505630000000000000e+05
3.523950000000000000e+05
3.538220000000000000e+05
3.552240000000000000e+05
3.568160000000000000e+05
3.587260000000000000e+05
3.612670000000000000e+05
3.636080000000000000e+05
3.659000000000000000e+05
3.677530000000000000e+05
3.695560000000000000e+05
3.715750000000000000e+05
3.733970000000000000e+05
3.753400000000000000e+05
3.779800000000000000e+05
3.804420000000000000e+05
3.831400000000000000e+05
3.852080000000000000e+05
3.875420000000000000e+05
3.898460000000000000e+05
3.925550000000000000e+05
3.960040000000000000e+05
3.987230000000000000e+05
4.019340000000000000e+05
4.053880000000000000e+05
4.082360000000000000e+05
4.113600000000000000e+05
4.147070000000000000e+05
4.188970000000000000e+05
4.223290000000000000e+05
4.263190000000000000e+05
4.291030000000000000e+05
4.326000000000000000e+05
4.361160000000000000e+05
4.400320000000000000e+05
4.445400000000000000e+05
4.492340000000000000e+05
4.528210000000000000e+05
4.562730000000000000e+05
4.600620000000000000e+05
4.647270000000000000e+05
4.693250000000000000e+05
4.741390000000000000e+05
4.796660000000000000e+05
4.847870000000000000e+05
4.900380000000000000e+05
4.961210000000000000e+05
5.018980000000000000e+05
5.089470000000000000e+05
5.155710000000000000e+05
5.216760000000000000e+05
5.268090000000000000e+05
5.343570000000000000e+05
5.413190000000000000e+05
5.487050000000000000e+05
5.560300000000000000e+05
5.637790000000000000e+05
5.721130000000000000e+05
5.802760000000000000e+05
5.868640000000000000e+05
5.936950000000000000e+05
6.009350000000000000e+05
6.084650000000000000e+05
6.153260000000000000e+05
6.222440000000000000e+05
6.281850000000000000e+05
6.336240000000000000e+05
6.391810000000000000e+05
6.455530000000000000e+05
6.509640000000000000e+05
6.577390000000000000e+05
6.629320000000000000e+05
6.677090000000000000e+05
6.724530000000000000e+05
6.777510000000000000e+05
6.826800000000000000e+05
6.882600000000000000e+05
6.945380000000000000e+05
7.002150000000000000e+05
7.054860000000000000e+05
7.100180000000000000e+05
7.148150000000000000e+05
7.196780000000000000e+05
7.254800000000000000e+05
7.311930000000000000e+05
7.371030000000000000e+05
7.422970000000000000e+05
7.473380000000000000e+05
7.533280000000000000e+05
7.597050000000000000e+05
7.658000000000000000e+05
7.725420000000000000e+05
7.791710000000000000e+05
7.849490000000000000e+05
7.913880000000000000e+05
7.989550000000000000e+05
8.068570000000000000e+05
8.152930000000000000e+05
8.253870000000000000e+05
8.348580000000000000e+05
8.445410000000000000e+05
8.539130000000000000e+05
8.654390000000000000e+05
8.778120000000000000e+05
8.907420000000000000e+05
9.029210000000000000e+05
9.146390000000000000e+05
9.259650000000000000e+05
9.377320000000000000e+05
9.500290000000000000e+05
9.627330000000000000e+05
0.000000000000000000e+00
0.000000000000000000e+00
0.000000000000000000e+00
0.000000000000000000e+00
0.000000000000000000e+00
