0.000000000000000000e+00
0.000000000000000000e+00
0.000000000000000000e+00
0.000000000000000000e+00
0.000000000000000000e+00
0.000000000000000000e+00
0.000000000000000000e+00
0.000000000000000000e+00
0.000000000000000000e+00
0.000000000000000000e+00
0.000000000000000000e+00
0.000000000000000000e+00
0.000000000000000000e+00
0.000000000000000000e+00
0.000000000000000000e+00
0.000000000000000000e+00
0.000000000000000000e+00
0.000000000000000000e+00
0.000000000000000000e+00
0.000000000000000000e+00
0.000000000000000000e+00
0.000000000000000000e+00
0.000000000000000000e+00
0.000000000000000000e+00
0.000000000000000000e+00
0.000000000000000000e+00
0.000000000000000000e+00
0.000000000000000000e+00
0.000000000000000000e+00
0.000000000000000000e+00
0.000000000000000000e+00
0.000000000000000000e+00
0.000000000000000000e+00
0.000000000000000000e+00
0.000000000000000000e+00
0.000000000000000000e+00
0.000000000000000000e+00
0.000000000000000000e+00
0.000000000000000000e+00
0.000000000000000000e+00
0.000000000000000000e+00
0.000000000000000000e+00
0.000000000000000000e+00
0.000000000000000000e+00
0.000000000000000000e+00
0.000000000000000000e+00
0.000000000000000000e+00
0.000000000000000000e+00
0.000000000000000000e+00
0.000000000000000000e+00
0.000000000000000000e+00
0.000000000000000000e+00
0.000000000000000000e+00
0.000000000000000000e+00
0.000000000000000000e+00
2.000000000000000000e+00
2.000000000000000000e+00
2.000000000000000000e+00
3.000000000000000000e+00
7.000000000000000000e+00
1.100000000000000000e+01
1.600000000000000000e+01
1.800000000000000000e+01
2.100000000000000000e+01
2.600000000000000000e+01
2.800000000000000000e+01
3.400000000000000000e+01
3.900000000000000000e+01
4.300000000000000000e+01
4.800000000000000000e+01
5.000000000000000000e+01
5.200000000000000000e+01
5.700000000000000000e+01
6.000000000000000000e+01
6.200000000000000000e+01
6.400000000000000000e+01
6.500000000000000000e+01
6.600000000000000000e+01
6.800000000000000000e+01
7.100000000000000000e+01
7.400000000000000000e+01
7.900000000000000000e+01
8.000000000000000000e+01
8.300000000000000000e+01
8.500000000000000000e+01
8.700000000000000000e+01
8.800000000000000000e+01
8.800000000000000000e+01
8.900000000000000000e+01
9.000000000000000000e+01
9.200000000000000000e+01
9.400000000000000000e+01
9.500000000000000000e+01
9.600000000000000000e+01
9.800000000000000000e+01
9.800000000000000000e+01
9.900000000000000000e+01
1.000000000000000000e+02
1.010000000000000000e+02
1.030000000000000000e+02
1.030000000000000000e+02
1.040000000000000000e+02
1.050000000000000000e+02
1.050000000000000000e+02
1.070000000000000000e+02
1.070000000000000000e+02
1.080000000000000000e+02
1.080000000000000000e+02
1.090000000000000000e+02
1.100000000000000000e+02
1.100000000000000000e+02
1.110000000000000000e+02
1.130000000000000000e+02
1.130000000000000000e+02
1.130000000000000000e+02
1.130000000000000000e+02
1.130000000000000000e+02
1.140000000000000000e+02
1.140000000000000000e+02
1.140000000000000000e+02
1.150000000000000000e+02
1.150000000000000000e+02
1.150000000000000000e+02
1.150000000000000000e+02
1.150000000000000000e+02
1.150000000000000000e+02
1.150000000000000000e+02
1.150000000000000000e+02
1.150000000000000000e+02
1.150000000000000000e+02
1.150000000000000000e+02
1.150000000000000000e+02
1.150000000000000000e+02
1.150000000000000000e+02
1.160000000000000000e+02
1.170000000000000000e+02
1.170000000000000000e+02
1.170000000000000000e+02
1.170000000000000000e+02
1.170000000000000000e+02
1.180000000000000000e+02
1.190000000000000000e+02
1.210000000000000000e+02
1.210000000000000000e+02
1.210000000000000000e+02
1.210000000000000000e+02
1.210000000000000000e+02
1.210000000000000000e+02
1.210000000000000000e+02
1.210000000000000000e+02
1.210000000000000000e+02
1.210000000000000000e+02
1.210000000000000000e+02
1.210000000000000000e+02
1.210000000000000000e+02
1.210000000000000000e+02
1.210000000000000000e+02
1.210000000000000000e+02
1.210000000000000000e+02
1.210000000000000000e+02
1.210000000000000000e+02
1.210000000000000000e+02
1.210000000000000000e+02
1.210000000000000000e+02
1.210000000000000000e+02
1.210000000000000000e+02
1.210000000000000000e+02
1.210000000000000000e+02
1.210000000000000000e+02
1.210000000000000000e+02
1.220000000000000000e+02
1.220000000000000000e+02
1.220000000000000000e+02
1.220000000000000000e+02
1.220000000000000000e+02
1.220000000000000000e+02
1.220000000000000000e+02
1.230000000000000000e+02
1.230000000000000000e+02
1.230000000000000000e+02
1.230000000000000000e+02
1.230000000000000000e+02
1.230000000000000000e+02
1.230000000000000000e+02
1.230000000000000000e+02
1.230000000000000000e+02
1.240000000000000000e+02
1.240000000000000000e+02
1.240000000000000000e+02
1.250000000000000000e+02
1.250000000000000000e+02
1.250000000000000000e+02
1.250000000000000000e+02
1.250000000000000000e+02
1.250000000000000000e+02
1.250000000000000000e+02
1.250000000000000000e+02
1.250000000000000000e+02
1.250000000000000000e+02
1.250000000000000000e+02
1.250000000000000000e+02
1.250000000000000000e+02
1.250000000000000000e+02
1.250000000000000000e+02
1.250000000000000000e+02
1.250000000000000000e+02
1.250000000000000000e+02
1.250000000000000000e+02
1.250000000000000000e+02
1.250000000000000000e+02
1.250000000000000000e+02
1.250000000000000000e+02
1.250000000000000000e+02
1.250000000000000000e+02
1.250000000000000000e+02
1.250000000000000000e+02
1.250000000000000000e+02
1.250000000000000000e+02
1.250000000000000000e+02
1.250000000000000000e+02
1.260000000000000000e+02
1.270000000000000000e+02
1.270000000000000000e+02
1.280000000000000000e+02
1.280000000000000000e+02
1.280000000000000000e+02
1.280000000000000000e+02
1.280000000000000000e+02
1.280000000000000000e+02
1.280000000000000000e+02
1.280000000000000000e+02
1.280000000000000000e+02
1.280000000000000000e+02
1.280000000000000000e+02
1.280000000000000000e+02
1.280000000000000000e+02
1.290000000000000000e+02
1.290000000000000000e+02
1.290000000000000000e+02
1.290000000000000000e+02
1.300000000000000000e+02
1.310000000000000000e+02
1.310000000000000000e+02
1.310000000000000000e+02
1.320000000000000000e+02
1.330000000000000000e+02
1.330000000000000000e+02
1.330000000000000000e+02
1.340000000000000000e+02
1.350000000000000000e+02
1.360000000000000000e+02
1.360000000000000000e+02
1.360000000000000000e+02
1.360000000000000000e+02
1.380000000000000000e+02
1.390000000000000000e+02
1.410000000000000000e+02
1.440000000000000000e+02
1.450000000000000000e+02
1.480000000000000000e+02
1.530000000000000000e+02
1.570000000000000000e+02
1.600000000000000000e+02
1.630000000000000000e+02
1.660000000000000000e+02
1.700000000000000000e+02
1.740000000000000000e+02
1.760000000000000000e+02
1.820000000000000000e+02
1.880000000000000000e+02
1.900000000000000000e+02
1.970000000000000000e+02
2.010000000000000000e+02
2.080000000000000000e+02
2.190000000000000000e+02
2.280000000000000000e+02
2.310000000000000000e+02
2.370000000000000000e+02
2.390000000000000000e+02
2.410000000000000000e+02
2.510000000000000000e+02
2.550000000000000000e+02
2.580000000000000000e+02
2.630000000000000000e+02
2.660000000000000000e+02
2.680000000000000000e+02
2.700000000000000000e+02
2.710000000000000000e+02
2.770000000000000000e+02
2.790000000000000000e+02
2.820000000000000000e+02
2.860000000000000000e+02
2.940000000000000000e+02
3.000000000000000000e+02
3.020000000000000000e+02
3.030000000000000000e+02
3.040000000000000000e+02
3.060000000000000000e+02
3.090000000000000000e+02
3.130000000000000000e+02
3.180000000000000000e+02
3.220000000000000000e+02
3.260000000000000000e+02
3.290000000000000000e+02
3.320000000000000000e+02
3.350000000000000000e+02
3.370000000000000000e+02
3.410000000000000000e+02
3.450000000000000000e+02
3.480000000000000000e+02
3.500000000000000000e+02
3.540000000000000000e+02
3.570000000000000000e+02
3.600000000000000000e+02
3.620000000000000000e+02
3.640000000000000000e+02
3.750000000000000000e+02
3.750000000000000000e+02
3.790000000000000000e+02
3.820000000000000000e+02
3.840000000000000000e+02
3.880000000000000000e+02
3.930000000000000000e+02
3.960000000000000000e+02
4.020000000000000000e+02
4.110000000000000000e+02
4.150000000000000000e+02
4.190000000000000000e+02
4.220000000000000000e+02
4.290000000000000000e+02
4.320000000000000000e+02
4.320000000000000000e+02
4.330000000000000000e+02
4.370000000000000000e+02
4.380000000000000000e+02
4.390000000000000000e+02
4.440000000000000000e+02
4.460000000000000000e+02
4.490000000000000000e+02
4.510000000000000000e+02
4.520000000000000000e+02
4.550000000000000000e+02
4.570000000000000000e+02
4.630000000000000000e+02
4.710000000000000000e+02
4.740000000000000000e+02
4.830000000000000000e+02
4.940000000000000000e+02
5.010000000000000000e+02
5.120000000000000000e+02
5.130000000000000000e+02
5.210000000000000000e+02
5.370000000000000000e+02
5.420000000000000000e+02
5.510000000000000000e+02
5.550000000000000000e+02
5.590000000000000000e+02
5.630000000000000000e+02
5.780000000000000000e+02
5.860000000000000000e+02
5.940000000000000000e+02
6.010000000000000000e+02
6.050000000000000000e+02
6.190000000000000000e+02
6.300000000000000000e+02
6.420000000000000000e+02
6.600000000000000000e+02
6.670000000000000000e+02
6.780000000000000000e+02
6.890000000000000000e+02
7.000000000000000000e+02
7.070000000000000000e+02
7.170000000000000000e+02
7.330000000000000000e+02
7.460000000000000000e+02
7.600000000000000000e+02
7.700000000000000000e+02
7.910000000000000000e+02
8.090000000000000000e+02
8.260000000000000000e+02
8.450000000000000000e+02
8.570000000000000000e+02
8.720000000000000000e+02
8.960000000000000000e+02
9.090000000000000000e+02
9.230000000000000000e+02
9.240000000000000000e+02
9.420000000000000000e+02
9.480000000000000000e+02
9.560000000000000000e+02
9.670000000000000000e+02
9.760000000000000000e+02
9.990000000000000000e+02
1.000000000000000000e+03
1.039000000000000000e+03
1.048000000000000000e+03
1.054000000000000000e+03
1.061000000000000000e+03
1.081000000000000000e+03
1.093000000000000000e+03
1.106000000000000000e+03
1.116000000000000000e+03
1.126000000000000000e+03
1.135000000000000000e+03
1.140000000000000000e+03
1.146000000000000000e+03
1.153000000000000000e+03
1.158000000000000000e+03
1.164000000000000000e+03
1.171000000000000000e+03
1.174000000000000000e+03
1.182000000000000000e+03
1.191000000000000000e+03
1.196000000000000000e+03
1.205000000000000000e+03
1.208000000000000000e+03
1.211000000000000000e+03
1.215000000000000000e+03
1.218000000000000000e+03
1.223000000000000000e+03
1.225000000000000000e+03
1.228000000000000000e+03
1.230000000000000000e+03
1.234000000000000000e+03
1.238000000000000000e+03
1.243000000000000000e+03
1.244000000000000000e+03
1.246000000000000000e+03
1.248000000000000000e+03
1.249000000000000000e+03
1.251000000000000000e+03
1.255000000000000000e+03
1.260000000000000000e+03
1.264000000000000000e+03
1.272000000000000000e+03
1.278000000000000000e+03
1.283000000000000000e+03
1.286000000000000000e+03
1.288000000000000000e+03
1.295000000000000000e+03
1.300000000000000000e+03
1.304000000000000000e+03
1.308000000000000000e+03
1.313000000000000000e+03
1.321000000000000000e+03
1.329000000000000000e+03
1.333000000000000000e+03
1.345000000000000000e+03
1.353000000000000000e+03
1.363000000000000000e+03
1.365000000000000000e+03
1.370000000000000000e+03
1.378000000000000000e+03
1.386000000000000000e+03
1.389000000000000000e+03
1.400000000000000000e+03
1.407000000000000000e+03
1.415000000000000000e+03
1.426000000000000000e+03
1.436000000000000000e+03
1.449000000000000000e+03
1.462000000000000000e+03
1.477000000000000000e+03
1.492000000000000000e+03
1.506000000000000000e+03
1.521000000000000000e+03
1.533000000000000000e+03
1.551000000000000000e+03
1.574000000000000000e+03
1.591000000000000000e+03
1.610000000000000000e+03
1.632000000000000000e+03
1.657000000000000000e+03
1.683000000000000000e+03
1.700000000000000000e+03
1.722000000000000000e+03
1.761000000000000000e+03
1.788000000000000000e+03
1.822000000000000000e+03
1.866000000000000000e+03
1.902000000000000000e+03
1.947000000000000000e+03
1.994000000000000000e+03
2.040000000000000000e+03
2.099000000000000000e+03
2.149000000000000000e+03
2.199000000000000000e+03
2.248000000000000000e+03
2.309000000000000000e+03
2.369000000000000000e+03
2.432000000000000000e+03
2.491000000000000000e+03
2.552000000000000000e+03
2.650000000000000000e+03
2.729000000000000000e+03
2.796000000000000000e+03
2.867000000000000000e+03
2.993000000000000000e+03
3.096000000000000000e+03
3.182000000000000000e+03
3.291000000000000000e+03
3.378000000000000000e+03
3.460000000000000000e+03
3.536000000000000000e+03
3.611000000000000000e+03
3.684000000000000000e+03
3.768000000000000000e+03
3.844000000000000000e+03
3.908000000000000000e+03
3.968000000000000000e+03
4.069000000000000000e+03
4.142000000000000000e+03
4.202000000000000000e+03
4.276000000000000000e+03
4.348000000000000000e+03
4.408000000000000000e+03
4.477000000000000000e+03
4.554000000000000000e+03
4.637000000000000000e+03
4.721000000000000000e+03
4.803000000000000000e+03
4.884000000000000000e+03
4.944000000000000000e+03
5.001000000000000000e+03
5.108000000000000000e+03
5.170000000000000000e+03
5.254000000000000000e+03
5.327000000000000000e+03
5.434000000000000000e+03
5.497000000000000000e+03
5.574000000000000000e+03
5.677000000000000000e+03
5.768000000000000000e+03
5.903000000000000000e+03
5.980000000000000000e+03
6.067000000000000000e+03
6.157000000000000000e+03
6.260000000000000000e+03
6.385000000000000000e+03
6.503000000000000000e+03
6.613000000000000000e+03
6.728000000000000000e+03
6.866000000000000000e+03
7.019000000000000000e+03
7.148000000000000000e+03
7.241000000000000000e+03
7.440000000000000000e+03
7.574000000000000000e+03
7.718000000000000000e+03
7.902000000000000000e+03
7.994000000000000000e+03
8.201000000000000000e+03
8.408000000000000000e+03
8.551000000000000000e+03
8.725000000000000000e+03
8.859000000000000000e+03
9.024000000000000000e+03
9.184000000000000000e+03
9.403000000000000000e+03
9.598000000000000000e+03
9.855000000000000000e+03
1.001900000000000000e+04
1.017900000000000000e+04
1.038900000000000000e+04
1.074900000000000000e+04
1.096100000000000000e+04
1.116200000000000000e+04
1.137300000000000000e+04
1.169100000000000000e+04
1.196800000000000000e+04
1.222800000000000000e+04
1.251000000000000000e+04
1.278400000000000000e+04
1.307700000000000000e+04
1.330200000000000000e+04
1.348000000000000000e+04
1.371300000000000000e+04
1.393600000000000000e+04
1.416800000000000000e+04
1.434200000000000000e+04
1.455300000000000000e+04
1.481800000000000000e+04
1.521100000000000000e+04
1.555000000000000000e+04
1.580200000000000000e+04
1.608700000000000000e+04
1.638200000000000000e+04
1.666400000000000000e+04
1.694200000000000000e+04
1.719100000000000000e+04
1.752100000000000000e+04
1.788300000000000000e+04
1.821900000000000000e+04
1.849100000000000000e+04
1.880200000000000000e+04
1.916400000000000000e+04
1.948600000000000000e+04
1.982700000000000000e+04
2.041900000000000000e+04
2.071100000000000000e+04
2.112400000000000000e+04
2.158700000000000000e+04
2.200900000000000000e+04
2.235500000000000000e+04
2.274300000000000000e+04
2.306700000000000000e+04
2.344300000000000000e+04
2.374400000000000000e+04
2.407800000000000000e+04
2.456500000000000000e+04
2.468100000000000000e+04
2.493100000000000000e+04
2.515900000000000000e+04
2.543700000000000000e+04
2.569500000000000000e+04
2.593500000000000000e+04
2.614300000000000000e+04
2.633500000000000000e+04
2.645600000000000000e+04
2.656500000000000000e+04
2.668300000000000000e+04
2.675900000000000000e+04
2.687600000000000000e+04
2.698100000000000000e+04
2.711300000000000000e+04
2.719100000000000000e+04
2.726500000000000000e+04
2.732900000000000000e+04
2.742200000000000000e+04
2.752500000000000000e+04
2.759300000000000000e+04
2.768100000000000000e+04
2.777000000000000000e+04
2.785800000000000000e+04
2.792100000000000000e+04
2.799300000000000000e+04
2.806200000000000000e+04
2.813800000000000000e+04
2.823400000000000000e+04
2.831200000000000000e+04
2.835400000000000000e+04
2.840000000000000000e+04
2.849200000000000000e+04
2.857600000000000000e+04
2.867400000000000000e+04
2.876900000000000000e+04
2.883200000000000000e+04
2.887600000000000000e+04
2.891200000000000000e+04
2.897500000000000000e+04
2.904500000000000000e+04
2.909100000000000000e+04
2.915500000000000000e+04
2.920200000000000000e+04
2.925600000000000000e+04
2.929100000000000000e+04
2.934900000000000000e+04
2.942700000000000000e+04
2.948600000000000000e+04
2.953500000000000000e+04
2.957600000000000000e+04
2.963100000000000000e+04
2.967600000000000000e+04
2.972900000000000000e+04
2.976900000000000000e+04
2.983700000000000000e+04
2.989200000000000000e+04
2.993700000000000000e+04
2.997800000000000000e+04
3.000200000000000000e+04
3.006300000000000000e+04
3.011000000000000000e+04
3.014700000000000000e+04
3.019500000000000000e+04
3.024000000000000000e+04
3.028000000000000000e+04
3.030900000000000000e+04
3.037000000000000000e+04
3.042500000000000000e+04
3.047400000000000000e+04
3.052100000000000000e+04
3.053800000000000000e+04
3.057400000000000000e+04
3.061400000000000000e+04
3.065200000000000000e+04
3.071800000000000000e+04
3.074600000000000000e+04
3.078700000000000000e+04
3.083100000000000000e+04
3.086200000000000000e+04
3.087900000000000000e+04
3.090800000000000000e+04
3.095600000000000000e+04
3.098900000000000000e+04
3.102600000000000000e+04
3.104400000000000000e+04
3.107300000000000000e+04
3.109200000000000000e+04
3.113500000000000000e+04
3.119200000000000000e+04
3.122100000000000000e+04
3.126500000000000000e+04
3.129000000000000000e+04
3.131500000000000000e+04
3.133400000000000000e+04
3.136900000000000000e+04
3.139200000000000000e+04
3.142800000000000000e+04
3.146200000000000000e+04
3.148700000000000000e+04
3.151300000000000000e+04
3.153200000000000000e+04
3.156000000000000000e+04
3.159100000000000000e+04
3.160900000000000000e+04
3.162800000000000000e+04
3.164400000000000000e+04
3.165500000000000000e+04
3.167800000000000000e+04
3.169600000000000000e+04
3.172300000000000000e+04
3.173800000000000000e+04
3.175000000000000000e+04
3.176200000000000000e+04
3.178100000000000000e+04
3.179300000000000000e+04
3.180900000000000000e+04
3.181800000000000000e+04
3.183100000000000000e+04
3.185300000000000000e+04
3.186900000000000000e+04
3.188200000000000000e+04
3.189200000000000000e+04
3.190200000000000000e+04
3.191800000000000000e+04
3.193000000000000000e+04
3.194000000000000000e+04
3.195200000000000000e+04
3.195700000000000000e+04
3.196500000000000000e+04
3.197800000000000000e+04
3.198500000000000000e+04
3.199200000000000000e+04
3.200000000000000000e+04
3.201100000000000000e+04
3.202500000000000000e+04
3.203400000000000000e+04
3.204300000000000000e+04
3.205600000000000000e+04
3.206500000000000000e+04
3.207500000000000000e+04
3.209900000000000000e+04
3.211400000000000000e+04
3.212500000000000000e+04
3.214900000000000000e+04
3.218000000000000000e+04
3.220100000000000000e+04
3.224000000000000000e+04
3.227600000000000000e+04
3.231000000000000000e+04
3.234700000000000000e+04
3.239000000000000000e+04
3.243300000000000000e+04
3.248800000000000000e+04
3.253400000000000000e+04
3.259100000000000000e+04
3.263400000000000000e+04
3.267400000000000000e+04
3.274900000000000000e+04
3.282700000000000000e+04
3.294200000000000000e+04
3.302800000000000000e+04
3.310600000000000000e+04
3.317300000000000000e+04
3.322800000000000000e+04
3.330500000000000000e+04
3.338400000000000000e+04
3.349700000000000000e+04
3.356700000000000000e+04
3.364300000000000000e+04
3.372000000000000000e+04
3.380700000000000000e+04
3.389900000000000000e+04
3.399400000000000000e+04
3.409900000000000000e+04
3.418500000000000000e+04
3.424400000000000000e+04
3.432900000000000000e+04
3.440000000000000000e+04
3.446300000000000000e+04
3.453500000000000000e+04
3.460000000000000000e+04
3.466400000000000000e+04
3.471700000000000000e+04
3.475100000000000000e+04
3.475800000000000000e+04
3.484200000000000000e+04
3.490600000000000000e+04
3.493900000000000000e+04
3.498300000000000000e+04
3.501300000000000000e+04
3.506900000000000000e+04
3.509900000000000000e+04
3.512700000000000000e+04
3.516000000000000000e+04
3.519200000000000000e+04
3.522800000000000000e+04
3.525900000000000000e+04
3.528000000000000000e+04
3.529200000000000000e+04
3.531100000000000000e+04
3.534100000000000000e+04
3.536300000000000000e+04
3.538100000000000000e+04
3.539700000000000000e+04
3.540900000000000000e+04
3.542100000000000000e+04
3.543700000000000000e+04
3.544900000000000000e+04
3.546500000000000000e+04
3.547000000000000000e+04
3.548200000000000000e+04
3.549100000000000000e+04
3.549900000000000000e+04
3.550700000000000000e+04
3.552000000000000000e+04
3.552600000000000000e+04
3.553600000000000000e+04
3.554200000000000000e+04
3.554700000000000000e+04
3.555000000000000000e+04
3.555500000000000000e+04
3.556400000000000000e+04
3.556700000000000000e+04
3.556900000000000000e+04
3.557600000000000000e+04
3.557900000000000000e+04
3.558300000000000000e+04
3.558400000000000000e+04
3.559000000000000000e+04
3.559800000000000000e+04
3.560200000000000000e+04
3.560700000000000000e+04
3.561200000000000000e+04
3.561500000000000000e+04
3.562000000000000000e+04
3.562300000000000000e+04
3.563000000000000000e+04
3.563300000000000000e+04
3.563800000000000000e+04
3.564100000000000000e+04
3.564300000000000000e+04
3.564500000000000000e+04
3.564700000000000000e+04
3.565300000000000000e+04
3.565600000000000000e+04
3.565800000000000000e+04
3.566000000000000000e+04
3.566500000000000000e+04
3.566900000000000000e+04
3.567600000000000000e+04
3.567800000000000000e+04
3.568000000000000000e+04
3.568100000000000000e+04
3.568600000000000000e+04
3.568800000000000000e+04
3.569000000000000000e+04
3.569900000000000000e+04
3.570500000000000000e+04
3.570800000000000000e+04
3.570900000000000000e+04
3.571100000000000000e+04
3.571200000000000000e+04
3.571600000000000000e+04
3.572000000000000000e+04
3.572500000000000000e+04
3.573000000000000000e+04
3.573100000000000000e+04
3.573200000000000000e+04
3.573200000000000000e+04
3.573500000000000000e+04
3.573700000000000000e+04
3.574100000000000000e+04
3.574200000000000000e+04
3.574500000000000000e+04
3.574500000000000000e+04
3.574600000000000000e+04
3.575400000000000000e+04
3.575800000000000000e+04
3.576300000000000000e+04
3.576500000000000000e+04
3.577100000000000000e+04
3.577100000000000000e+04
3.577600000000000000e+04
3.578400000000000000e+04
3.578700000000000000e+04
3.579200000000000000e+04
3.579500000000000000e+04
3.580100000000000000e+04
3.580900000000000000e+04
3.581100000000000000e+04
3.581600000000000000e+04
3.581900000000000000e+04
3.582800000000000000e+04
3.583600000000000000e+04
3.584400000000000000e+04
3.584800000000000000e+04
3.585500000000000000e+04
3.586200000000000000e+04
3.587000000000000000e+04
3.587800000000000000e+04
3.588800000000000000e+04
3.590200000000000000e+04
3.591100000000000000e+04
3.591400000000000000e+04
3.592300000000000000e+04
3.593200000000000000e+04
3.594200000000000000e+04
3.594600000000000000e+04
3.595600000000000000e+04
3.596000000000000000e+04
3.596900000000000000e+04
3.597700000000000000e+04
3.598500000000000000e+04
3.599500000000000000e+04
3.600300000000000000e+04
3.600900000000000000e+04
