-1.332937911698182631e+01
-1.859989509589938805e+01
-2.168539690730943903e+01
-2.176693494147976438e+01
-2.707147605602525431e+01
-2.738639846345121143e+01
-2.609679918981294122e+01
-2.815252501625783665e+01
-3.302993425954944229e+01
-3.560485516938676653e+01
-3.507736145311012876e+01
-3.969538124953065505e+01
-3.926851814233204152e+01
-3.720466292842941414e+01
-3.847632865380650458e+01
-4.258173756082915418e+01
-4.441714604726706739e+01
-4.320104689201372139e+01
-4.719728167348913672e+01
-4.622845594805382063e+01
-4.371224684901812907e+01
-4.462754322799010964e+01
-4.847545105485283301e+01
-5.015165062638970994e+01
-4.887074168973946087e+01
-5.288960279791464814e+01
-5.202114764081814258e+01
-4.967105531537205820e+01
-5.080439951784227048e+01
-5.490719229697349846e+01
-5.685931046234567532e+01
-5.585942152032786367e+01
-6.014891606293045356e+01
-5.952621042375868399e+01
-5.738397870118403432e+01
-5.867622289752010545e+01
-6.288018271911275292e+01
-6.486954161661793705e+01
-6.383953735690210607e+01
-6.803097866475754074e+01
-6.724452971241107946e+01
-6.487782292169192999e+01
-6.589231353333839536e+01
-6.977488537129050883e+01
-7.141067517287279998e+01
-7.000773712028771456e+01
-7.382056456650239795e+01
-7.266384779497070667e+01
-6.994904638736836944e+01
-7.065070822365230185e+01
-7.426756296628325060e+01
-7.569487507998198339e+01
-7.414869438350638120e+01
-7.788903563436609545e+01
-7.673337816655255494e+01
-7.409307360736499959e+01
-7.493960010705117725e+01
-7.876569408195699395e+01
-8.045784429782582947e+01
-7.922078268238702492e+01
