4.475713077886554413e+06
4.478395325332115404e+06
4.481841438276450150e+06
4.485549946169912815e+06
4.490342051988647319e+06
4.495260041640198790e+06
4.500207967946186662e+06
4.505119164050052874e+06
4.509741701683816500e+06
4.515158535964722745e+06
4.520825837970064022e+06
4.527523776312396862e+06
4.534255877973828465e+06
4.540890603933881037e+06
4.547329670154574327e+06
4.553294207434945740e+06
4.559845482870151289e+06
4.566423668752920814e+06
4.573798908691407181e+06
4.580970804037778638e+06
4.587809953482758254e+06
4.594226078253363259e+06
4.599953832793653943e+06
4.606073034333283082e+06
4.612046811840487644e+06
4.618671942352017388e+06
4.624977519023557194e+06
4.630865607417247258e+06
4.636278447853162885e+06
4.640983330087384209e+06
4.646091900337333791e+06
4.651097427232500166e+06
4.656824319482487626e+06
4.662326062411469407e+06
4.667525250037683174e+06
4.672380287469961680e+06
4.676669903134319000e+06
4.681512240037340671e+06
4.686402057515889406e+06
4.692160336696566083e+06
4.697832452810943127e+06
4.703328582741149701e+06
4.708590910221286118e+06
4.713378752194122411e+06
4.718788356331306510e+06
4.724290879355181009e+06
4.730682815609429032e+06
4.736985013987197541e+06
4.743083926029255614e+06
4.748899622284315526e+06
4.754171676067258231e+06
4.759979641942431219e+06
4.765781618232109584e+06
4.772365145593938418e+06
4.778746565808642656e+06
4.784812473461845890e+06
4.790487791608089581e+06
4.795521568840265274e+06
4.801007227708322927e+06
4.806420760647485964e+06
