3.559191830049073906e+04
3.559603295806450478e+04
3.560303968450639513e+04
3.560705488774132391e+04
3.561692435898766416e+04
3.562998129783704644e+04
3.564474041500368912e+04
3.565686925222937134e+04
3.566917934925323789e+04
3.568478046327758057e+04
3.569763472600530076e+04
3.571643606514791463e+04
3.573837204058009229e+04
3.576182154017735593e+04
3.578232937078698160e+04
3.580260028009307280e+04
3.582565553331388946e+04
3.584538886335773714e+04
3.587044707187447057e+04
3.589799240033579554e+04
3.592640010445654480e+04
3.595123227531393059e+04
3.597523047020860395e+04
3.600147032303536253e+04
3.602391501578085445e+04
3.605129296686614543e+04
3.608085694669459917e+04
3.611107815518123971e+04
3.613761641330477141e+04
3.616330914440167544e+04
3.619132242828780727e+04
3.621570112042226538e+04
3.624524349641329172e+04
3.627725772768598836e+04
3.631025380657058849e+04
3.633991214186430443e+04
3.636907155304662592e+04
3.640087998055122443e+04
3.642934491941885062e+04
3.646320903202881163e+04
3.649970822148778825e+04
3.653726574070004426e+04
3.657146349714532698e+04
3.660503320444815472e+04
3.664101060716838401e+04
3.667328968388717476e+04
3.671050217369519669e+04
3.674977959190710681e+04
3.678945119244925445e+04
3.682501892094183131e+04
3.685915189848691080e+04
3.689484355967321608e+04
3.692596825810890005e+04
3.696116260665562731e+04
3.699758865638318821e+04
3.703363232784460706e+04
3.706487811413083546e+04
3.709410259121692798e+04
3.712442987488257495e+04
3.714988587319318322e+04
