0.000000000000000000e+00
0.000000000000000000e+00
0.000000000000000000e+00
0.000000000000000000e+00
0.000000000000000000e+00
0.000000000000000000e+00
0.000000000000000000e+00
0.000000000000000000e+00
0.000000000000000000e+00
0.000000000000000000e+00
0.000000000000000000e+00
0.000000000000000000e+00
0.000000000000000000e+00
0.000000000000000000e+00
0.000000000000000000e+00
0.000000000000000000e+00
0.000000000000000000e+00
0.000000000000000000e+00
0.000000000000000000e+00
0.000000000000000000e+00
0.000000000000000000e+00
0.000000000000000000e+00
0.000000000000000000e+00
0.000000000000000000e+00
0.000000000000000000e+00
0.000000000000000000e+00
0.000000000000000000e+00
0.000000000000000000e+00
0.000000000000000000e+00
0.000000000000000000e+00
0.000000000000000000e+00
0.000000000000000000e+00
0.000000000000000000e+00
0.000000000000000000e+00
0.000000000000000000e+00
0.000000000000000000e+00
0.000000000000000000e+00
0.000000000000000000e+00
0.000000000000000000e+00
0.000000000000000000e+00
0.000000000000000000e+00
0.000000000000000000e+00
0.000000000000000000e+00
0.000000000000000000e+00
0.000000000000000000e+00
0.000000000000000000e+00
0.000000000000000000e+00
0.000000000000000000e+00
0.000000000000000000e+00
0.000000000000000000e+00
0.000000000000000000e+00
0.000000000000000000e+00
0.000000000000000000e+00
0.000000000000000000e+00
0.000000000000000000e+00
0.000000000000000000e+00
0.000000000000000000e+00
0.000000000000000000e+00
0.000000000000000000e+00
0.000000000000000000e+00
0.000000000000000000e+00
0.000000000000000000e+00
0.000000000000000000e+00
0.000000000000000000e+00
0.000000000000000000e+00
0.000000000000000000e+00
0.000000000000000000e+00
0.000000000000000000e+00
0.000000000000000000e+00
0.000000000000000000e+00
0.000000000000000000e+00
0.000000000000000000e+00
0.000000000000000000e+00
1.000000000000000000e+00
1.000000000000000000e+00
1.000000000000000000e+00
1.000000000000000000e+00
1.000000000000000000e+00
1.000000000000000000e+00
1.000000000000000000e+00
1.000000000000000000e+00
1.000000000000000000e+00
2.000000000000000000e+00
3.000000000000000000e+00
3.000000000000000000e+00
3.000000000000000000e+00
5.000000000000000000e+00
6.000000000000000000e+00
7.000000000000000000e+00
9.000000000000000000e+00
1.100000000000000000e+01
1.300000000000000000e+01
1.400000000000000000e+01
1.500000000000000000e+01
1.900000000000000000e+01
2.000000000000000000e+01
2.200000000000000000e+01
2.300000000000000000e+01
2.400000000000000000e+01
2.600000000000000000e+01
3.000000000000000000e+01
3.300000000000000000e+01
3.800000000000000000e+01
4.000000000000000000e+01
4.000000000000000000e+01
4.200000000000000000e+01
4.400000000000000000e+01
4.700000000000000000e+01
4.900000000000000000e+01
5.800000000000000000e+01
6.500000000000000000e+01
7.500000000000000000e+01
8.200000000000000000e+01
8.800000000000000000e+01
9.600000000000000000e+01
1.070000000000000000e+02
1.120000000000000000e+02
1.180000000000000000e+02
1.210000000000000000e+02
1.240000000000000000e+02
1.290000000000000000e+02
1.380000000000000000e+02
1.480000000000000000e+02
1.560000000000000000e+02
1.650000000000000000e+02
1.720000000000000000e+02
1.750000000000000000e+02
1.850000000000000000e+02
1.940000000000000000e+02
2.050000000000000000e+02
2.120000000000000000e+02
2.200000000000000000e+02
2.260000000000000000e+02
2.300000000000000000e+02
2.360000000000000000e+02
2.440000000000000000e+02
2.540000000000000000e+02
2.640000000000000000e+02
2.690000000000000000e+02
2.730000000000000000e+02
2.750000000000000000e+02
2.790000000000000000e+02
2.850000000000000000e+02
2.890000000000000000e+02
2.960000000000000000e+02
2.980000000000000000e+02
3.030000000000000000e+02
3.060000000000000000e+02
3.080000000000000000e+02
3.130000000000000000e+02
3.190000000000000000e+02
3.260000000000000000e+02
3.300000000000000000e+02
3.340000000000000000e+02
3.370000000000000000e+02
3.390000000000000000e+02
3.410000000000000000e+02
3.440000000000000000e+02
3.480000000000000000e+02
3.500000000000000000e+02
3.540000000000000000e+02
3.580000000000000000e+02
3.590000000000000000e+02
3.600000000000000000e+02
3.650000000000000000e+02
3.680000000000000000e+02
3.730000000000000000e+02
3.770000000000000000e+02
3.790000000000000000e+02
3.820000000000000000e+02
3.830000000000000000e+02
3.860000000000000000e+02
3.900000000000000000e+02
3.930000000000000000e+02
3.960000000000000000e+02
3.990000000000000000e+02
4.020000000000000000e+02
4.040000000000000000e+02
4.070000000000000000e+02
4.080000000000000000e+02
4.080000000000000000e+02
4.120000000000000000e+02
4.170000000000000000e+02
4.210000000000000000e+02
4.250000000000000000e+02
4.290000000000000000e+02
4.330000000000000000e+02
4.380000000000000000e+02
4.420000000000000000e+02
4.440000000000000000e+02
4.450000000000000000e+02
4.470000000000000000e+02
4.530000000000000000e+02
4.570000000000000000e+02
4.610000000000000000e+02
4.650000000000000000e+02
4.680000000000000000e+02
4.690000000000000000e+02
4.710000000000000000e+02
4.740000000000000000e+02
4.780000000000000000e+02
4.820000000000000000e+02
4.860000000000000000e+02
4.890000000000000000e+02
4.890000000000000000e+02
4.940000000000000000e+02
4.980000000000000000e+02
5.010000000000000000e+02
5.020000000000000000e+02
5.050000000000000000e+02
5.070000000000000000e+02
5.090000000000000000e+02
5.110000000000000000e+02
5.130000000000000000e+02
5.150000000000000000e+02
5.180000000000000000e+02
5.190000000000000000e+02
5.210000000000000000e+02
5.220000000000000000e+02
5.250000000000000000e+02
5.280000000000000000e+02
5.300000000000000000e+02
5.310000000000000000e+02
5.340000000000000000e+02
5.350000000000000000e+02
5.360000000000000000e+02
5.370000000000000000e+02
5.400000000000000000e+02
5.440000000000000000e+02
5.460000000000000000e+02
5.480000000000000000e+02
5.520000000000000000e+02
5.560000000000000000e+02
5.570000000000000000e+02
5.580000000000000000e+02
5.600000000000000000e+02
5.630000000000000000e+02
5.680000000000000000e+02
5.710000000000000000e+02
5.750000000000000000e+02
5.800000000000000000e+02
5.810000000000000000e+02
5.840000000000000000e+02
5.850000000000000000e+02
5.880000000000000000e+02
5.900000000000000000e+02
5.920000000000000000e+02
5.950000000000000000e+02
5.970000000000000000e+02
6.010000000000000000e+02
6.050000000000000000e+02
6.070000000000000000e+02
6.100000000000000000e+02
6.120000000000000000e+02
6.150000000000000000e+02
6.200000000000000000e+02
6.240000000000000000e+02
6.280000000000000000e+02
6.320000000000000000e+02
6.390000000000000000e+02
6.420000000000000000e+02
6.490000000000000000e+02
6.550000000000000000e+02
6.580000000000000000e+02
6.640000000000000000e+02
6.720000000000000000e+02
6.760000000000000000e+02
6.840000000000000000e+02
6.900000000000000000e+02
6.940000000000000000e+02
7.010000000000000000e+02
7.100000000000000000e+02
7.140000000000000000e+02
7.210000000000000000e+02
7.300000000000000000e+02
7.400000000000000000e+02
7.440000000000000000e+02
7.460000000000000000e+02
7.490000000000000000e+02
7.560000000000000000e+02
7.630000000000000000e+02
7.670000000000000000e+02
7.730000000000000000e+02
7.790000000000000000e+02
7.820000000000000000e+02
7.860000000000000000e+02
7.890000000000000000e+02
7.940000000000000000e+02
7.990000000000000000e+02
8.040000000000000000e+02
8.080000000000000000e+02
8.110000000000000000e+02
8.160000000000000000e+02
8.210000000000000000e+02
8.260000000000000000e+02
8.300000000000000000e+02
8.330000000000000000e+02
8.350000000000000000e+02
8.380000000000000000e+02
8.420000000000000000e+02
8.480000000000000000e+02
8.570000000000000000e+02
8.590000000000000000e+02
8.610000000000000000e+02
8.630000000000000000e+02
8.660000000000000000e+02
8.680000000000000000e+02
8.700000000000000000e+02
8.710000000000000000e+02
8.720000000000000000e+02
8.740000000000000000e+02
8.750000000000000000e+02
8.780000000000000000e+02
8.800000000000000000e+02
8.810000000000000000e+02
8.820000000000000000e+02
8.840000000000000000e+02
8.860000000000000000e+02
8.890000000000000000e+02
8.910000000000000000e+02
8.970000000000000000e+02
9.000000000000000000e+02
9.050000000000000000e+02
9.100000000000000000e+02
9.100000000000000000e+02
9.110000000000000000e+02
9.110000000000000000e+02
9.120000000000000000e+02
9.130000000000000000e+02
9.130000000000000000e+02
9.130000000000000000e+02
9.160000000000000000e+02
9.180000000000000000e+02
9.210000000000000000e+02
9.220000000000000000e+02
9.230000000000000000e+02
9.240000000000000000e+02
9.260000000000000000e+02
9.260000000000000000e+02
9.290000000000000000e+02
9.310000000000000000e+02
9.320000000000000000e+02
9.320000000000000000e+02
9.330000000000000000e+02
9.340000000000000000e+02
9.360000000000000000e+02
9.370000000000000000e+02
9.370000000000000000e+02
9.380000000000000000e+02
9.380000000000000000e+02
9.380000000000000000e+02
9.380000000000000000e+02
9.400000000000000000e+02
9.420000000000000000e+02
9.430000000000000000e+02
9.450000000000000000e+02
9.460000000000000000e+02
9.460000000000000000e+02
9.460000000000000000e+02
9.470000000000000000e+02
9.470000000000000000e+02
9.470000000000000000e+02
9.480000000000000000e+02
9.500000000000000000e+02
9.510000000000000000e+02
9.510000000000000000e+02
9.520000000000000000e+02
9.520000000000000000e+02
9.520000000000000000e+02
9.540000000000000000e+02
9.570000000000000000e+02
9.570000000000000000e+02
9.580000000000000000e+02
9.580000000000000000e+02
9.590000000000000000e+02
9.590000000000000000e+02
9.590000000000000000e+02
9.600000000000000000e+02
9.610000000000000000e+02
9.620000000000000000e+02
9.640000000000000000e+02
9.640000000000000000e+02
9.660000000000000000e+02
9.690000000000000000e+02
9.750000000000000000e+02
9.800000000000000000e+02
9.850000000000000000e+02
9.920000000000000000e+02
9.980000000000000000e+02
1.003000000000000000e+03
1.009000000000000000e+03
1.014000000000000000e+03
1.019000000000000000e+03
1.027000000000000000e+03
1.034000000000000000e+03
1.039000000000000000e+03
1.044000000000000000e+03
1.049000000000000000e+03
1.057000000000000000e+03
1.062000000000000000e+03
1.067000000000000000e+03
1.072000000000000000e+03
1.078000000000000000e+03
1.083000000000000000e+03
1.085000000000000000e+03
1.092000000000000000e+03
1.097000000000000000e+03
1.105000000000000000e+03
1.113000000000000000e+03
1.120000000000000000e+03
1.127000000000000000e+03
1.133000000000000000e+03
1.141000000000000000e+03
1.144000000000000000e+03
1.148000000000000000e+03
1.156000000000000000e+03
1.165000000000000000e+03
1.172000000000000000e+03
1.179000000000000000e+03
1.186000000000000000e+03
1.194000000000000000e+03
1.202000000000000000e+03
1.210000000000000000e+03
1.215000000000000000e+03
1.226000000000000000e+03
1.233000000000000000e+03
1.246000000000000000e+03
1.256000000000000000e+03
1.258000000000000000e+03
1.270000000000000000e+03
1.279000000000000000e+03
1.286000000000000000e+03
1.298000000000000000e+03
1.308000000000000000e+03
1.313000000000000000e+03
1.319000000000000000e+03
1.327000000000000000e+03
1.339000000000000000e+03
1.353000000000000000e+03
1.365000000000000000e+03
1.373000000000000000e+03
1.379000000000000000e+03
1.383000000000000000e+03
1.393000000000000000e+03
1.403000000000000000e+03
1.407000000000000000e+03
1.412000000000000000e+03
1.419000000000000000e+03
1.423000000000000000e+03
1.428000000000000000e+03
1.436000000000000000e+03
1.440000000000000000e+03
1.448000000000000000e+03
1.456000000000000000e+03
1.468000000000000000e+03
1.482000000000000000e+03
1.493000000000000000e+03
1.502000000000000000e+03
1.511000000000000000e+03
1.516000000000000000e+03
1.527000000000000000e+03
1.535000000000000000e+03
1.546000000000000000e+03
1.554000000000000000e+03
1.563000000000000000e+03
1.569000000000000000e+03
1.578000000000000000e+03
1.590000000000000000e+03
1.601000000000000000e+03
1.610000000000000000e+03
1.621000000000000000e+03
1.628000000000000000e+03
1.635000000000000000e+03
1.645000000000000000e+03
1.652000000000000000e+03
1.660000000000000000e+03
1.669000000000000000e+03
1.674000000000000000e+03
1.681000000000000000e+03
1.687000000000000000e+03
1.693000000000000000e+03
1.696000000000000000e+03
1.701000000000000000e+03
1.703000000000000000e+03
1.711000000000000000e+03
1.719000000000000000e+03
1.724000000000000000e+03
1.734000000000000000e+03
1.741000000000000000e+03
1.746000000000000000e+03
1.751000000000000000e+03
1.755000000000000000e+03
1.760000000000000000e+03
1.764000000000000000e+03
1.771000000000000000e+03
1.772000000000000000e+03
1.775000000000000000e+03
1.779000000000000000e+03
1.783000000000000000e+03
1.787000000000000000e+03
1.794000000000000000e+03
1.795000000000000000e+03
1.798000000000000000e+03
1.801000000000000000e+03
1.806000000000000000e+03
1.810000000000000000e+03
1.813000000000000000e+03
1.817000000000000000e+03
1.820000000000000000e+03
1.828000000000000000e+03
1.831000000000000000e+03
1.837000000000000000e+03
1.842000000000000000e+03
1.851000000000000000e+03
1.862000000000000000e+03
1.870000000000000000e+03
1.877000000000000000e+03
1.888000000000000000e+03
1.894000000000000000e+03
1.903000000000000000e+03
1.913000000000000000e+03
1.919000000000000000e+03
1.933000000000000000e+03
1.943000000000000000e+03
1.961000000000000000e+03
1.969000000000000000e+03
1.979000000000000000e+03
1.995000000000000000e+03
2.005000000000000000e+03
2.017000000000000000e+03
2.029000000000000000e+03
2.049000000000000000e+03
2.059000000000000000e+03
2.071000000000000000e+03
2.089000000000000000e+03
2.100000000000000000e+03
2.117000000000000000e+03
2.136000000000000000e+03
2.147000000000000000e+03
2.158000000000000000e+03
2.174000000000000000e+03
2.193000000000000000e+03
2.211000000000000000e+03
2.221000000000000000e+03
2.238000000000000000e+03
2.247000000000000000e+03
2.255000000000000000e+03
2.264000000000000000e+03
2.273000000000000000e+03
2.279000000000000000e+03
2.284000000000000000e+03
2.293000000000000000e+03
2.298000000000000000e+03
2.303000000000000000e+03
2.309000000000000000e+03
2.314000000000000000e+03
2.320000000000000000e+03
2.328000000000000000e+03
2.339000000000000000e+03
2.345000000000000000e+03
2.351000000000000000e+03
2.356000000000000000e+03
2.361000000000000000e+03
2.366000000000000000e+03
2.369000000000000000e+03
2.372000000000000000e+03
2.375000000000000000e+03
2.378000000000000000e+03
2.380000000000000000e+03
2.383000000000000000e+03
2.386000000000000000e+03
2.389000000000000000e+03
