7.467626199807000376e+01
-5.906816309073155935e+01
-3.445341458293607502e+03
-3.347814738881191943e+02
-4.478268515330651098e+02
-5.324894842421936119e+02
-6.031300967531933566e+02
-6.552804767050522514e+02
-6.715340756366113055e+02
-3.916952091637355807e+03
-6.458417650907620100e+02
-5.830200010704502347e+02
-4.814675996055481733e+02
-3.609658191500413977e+02
-2.227626106282756382e+02
-5.529463370840585412e+01
-3.129417023145563689e+03
2.949971815609237638e+02
4.879694713635263952e+02
6.919295089595113950e+02
8.832330141186754418e+02
1.057631617835821089e+03
1.224664087216253392e+03
-1.887486941252850102e+03
1.461462190182262930e+03
1.542832907433308947e+03
1.601488643976634194e+03
1.617309134660994914e+03
1.590583010695777830e+03
1.536289620645821742e+03
-1.811183287766167496e+03
1.295252300819588072e+03
1.134134151988159601e+03
9.577497536416825596e+02
7.533949124118273630e+02
5.285452386538087239e+02
3.049177407569562774e+02
-3.177024438648189971e+03
-1.649795011120644403e+02
-3.762372033426614735e+02
-5.555333116887622964e+02
-7.139151604206142565e+02
-8.436598068214128716e+02
-9.242642153435319869e+02
-4.217952097185113416e+03
-9.765515101331337746e+02
-9.228536279791891275e+02
-8.083552465337360218e+02
-6.519740977759715861e+02
-4.547817873080859954e+02
-2.057781466200641489e+02
-3.177156917024593440e+03
3.690770404642801168e+02
7.000218681589631160e+02
1.054414403210760611e+03
1.404190895015007527e+03
1.740020390253658888e+03
2.065779586276029022e+03
-8.964878323687170223e+02
2.587005902153024181e+03
