0.000000000000000000e+00
0.000000000000000000e+00
0.000000000000000000e+00
0.000000000000000000e+00
0.000000000000000000e+00
0.000000000000000000e+00
0.000000000000000000e+00
0.000000000000000000e+00
0.000000000000000000e+00
0.000000000000000000e+00
0.000000000000000000e+00
0.000000000000000000e+00
0.000000000000000000e+00
0.000000000000000000e+00
0.000000000000000000e+00
0.000000000000000000e+00
0.000000000000000000e+00
0.000000000000000000e+00
3.000000000000000000e+00
0.000000000000000000e+00
0.000000000000000000e+00
0.000000000000000000e+00
0.000000000000000000e+00
0.000000000000000000e+00
0.000000000000000000e+00
0.000000000000000000e+00
0.000000000000000000e+00
0.000000000000000000e+00
0.000000000000000000e+00
0.000000000000000000e+00
2.000000000000000000e+00
0.000000000000000000e+00
0.000000000000000000e+00
0.000000000000000000e+00
1.000000000000000000e+00
0.000000000000000000e+00
0.000000000000000000e+00
1.000000000000000000e+00
0.000000000000000000e+00
0.000000000000000000e+00
0.000000000000000000e+00
0.000000000000000000e+00
0.000000000000000000e+00
0.000000000000000000e+00
0.000000000000000000e+00
0.000000000000000000e+00
0.000000000000000000e+00
0.000000000000000000e+00
1.000000000000000000e+00
0.000000000000000000e+00
4.000000000000000000e+00
0.000000000000000000e+00
0.000000000000000000e+00
0.000000000000000000e+00
5.000000000000000000e+00
0.000000000000000000e+00
8.800000000000000000e+01
1.600000000000000000e+01
2.600000000000000000e+01
2.900000000000000000e+01
2.000000000000000000e+00
0.000000000000000000e+00
1.700000000000000000e+02
1.300000000000000000e+01
3.200000000000000000e+02
1.880000000000000000e+02
2.030000000000000000e+02
1.593000000000000000e+03
2.979000000000000000e+03
1.380000000000000000e+03
1.450000000000000000e+03
5.270000000000000000e+02
7.060000000000000000e+02
4.945000000000000000e+03
2.796000000000000000e+03
2.133000000000000000e+03
2.182000000000000000e+03
1.796000000000000000e+03
1.851000000000000000e+03
3.380000000000000000e+03
2.480000000000000000e+03
1.718000000000000000e+03
1.049400000000000000e+04
4.281000000000000000e+03
4.333000000000000000e+03
2.607000000000000000e+03
3.842000000000000000e+03
6.295000000000000000e+03
5.497000000000000000e+03
1.992000000000000000e+03
2.875000000000000000e+03
2.162000000000000000e+03
2.837000000000000000e+03
1.887600000000000000e+04
1.293000000000000000e+03
6.616000000000000000e+03
4.436000000000000000e+03
4.512000000000000000e+03
4.784000000000000000e+03
3.322700000000000000e+04
1.006800000000000000e+04
1.136700000000000000e+04
4.770000000000000000e+03
7.028000000000000000e+03
2.611000000000000000e+03
1.190000000000000000e+02
5.126000000000000000e+03
3.957000000000000000e+03
1.354100000000000000e+04
3.635000000000000000e+03
1.656400000000000000e+04
-2.446000000000000000e+03
1.314300000000000000e+04
2.984000000000000000e+03
4.333000000000000000e+03
1.762900000000000000e+04
3.889000000000000000e+03
1.091300000000000000e+04
6.214000000000000000e+03
4.920000000000000000e+03
4.106000000000000000e+03
5.171700000000000000e+04
1.110400000000000000e+04
5.497000000000000000e+03
1.242100000000000000e+04
5.745000000000000000e+03
6.606000000000000000e+03
8.483000000000000000e+03
6.455000000000000000e+03
1.001500000000000000e+04
2.829700000000000000e+04
1.347300000000000000e+04
5.637000000000000000e+03
1.539000000000000000e+04
5.744000000000000000e+03
6.704000000000000000e+03
9.143000000000000000e+03
5.518000000000000000e+03
1.215500000000000000e+04
6.333000000000000000e+03
8.649000000000000000e+03
6.788000000000000000e+03
7.094000000000000000e+03
9.220000000000000000e+03
5.210000000000000000e+03
1.451800000000000000e+04
7.169000000000000000e+03
8.688000000000000000e+03
6.924000000000000000e+03
7.600000000000000000e+03
1.074500000000000000e+04
4.673000000000000000e+03
1.806500000000000000e+04
7.350000000000000000e+03
8.613000000000000000e+03
7.401000000000000000e+03
7.247000000000000000e+03
8.499000000000000000e+03
5.856000000000000000e+03
2.003900000000000000e+04
1.542800000000000000e+04
9.363000000000000000e+03
5.197600000000000000e+04
8.434000000000000000e+03
1.039210000000000000e+05
1.243800000000000000e+04
1.738500000000000000e+04
1.232800000000000000e+04
1.698600000000000000e+04
1.564900000000000000e+04
1.407400000000000000e+04
1.239100000000000000e+04
1.075000000000000000e+04
2.561300000000000000e+04
1.715900000000000000e+04
2.678400000000000000e+04
1.476300000000000000e+04
1.655900000000000000e+04
1.551600000000000000e+04
8.401000000000000000e+03
2.896600000000000000e+04
2.193100000000000000e+04
2.883100000000000000e+04
2.242000000000000000e+04
2.835500000000000000e+04
1.779000000000000000e+04
1.844900000000000000e+04
2.794100000000000000e+04
2.955900000000000000e+04
3.406200000000000000e+04
2.473000000000000000e+04
2.400500000000000000e+04
2.372500000000000000e+04
6.804000000000000000e+03
4.475700000000000000e+04
1.553300000000000000e+04
4.887200000000000000e+04
2.077300000000000000e+04
2.524600000000000000e+04
1.924800000000000000e+04
1.374600000000000000e+04
1.389100000000000000e+04
4.420500000000000000e+04
3.880000000000000000e+04
2.088800000000000000e+04
2.167800000000000000e+04
2.220100000000000000e+04
1.454000000000000000e+04
3.251300000000000000e+04
3.257900000000000000e+04
2.689000000000000000e+04
2.198600000000000000e+04
1.802100000000000000e+04
2.042800000000000000e+04
1.227700000000000000e+04
2.301300000000000000e+04
3.292500000000000000e+04
3.076600000000000000e+04
1.686100000000000000e+04
1.704100000000000000e+04
2.224700000000000000e+04
1.332500000000000000e+04
3.088600000000000000e+04
1.783800000000000000e+04
2.909400000000000000e+04
3.520000000000000000e+04
1.649700000000000000e+04
1.873300000000000000e+04
1.380800000000000000e+04
1.755600000000000000e+04
2.556000000000000000e+04
2.836800000000000000e+04
1.603200000000000000e+04
1.436700000000000000e+04
1.678000000000000000e+04
1.674800000000000000e+04
2.316400000000000000e+04
2.055700000000000000e+04
3.044600000000000000e+04
1.476100000000000000e+04
1.613100000000000000e+04
2.098100000000000000e+04
1.322500000000000000e+04
2.527800000000000000e+04
3.101000000000000000e+04
2.329700000000000000e+04
3.992700000000000000e+04
1.715200000000000000e+04
2.312400000000000000e+04
1.582100000000000000e+04
2.832800000000000000e+04
1.869700000000000000e+04
2.738300000000000000e+04
1.996200000000000000e+04
1.271900000000000000e+04
2.395300000000000000e+04
1.437700000000000000e+04
2.344300000000000000e+04
1.724800000000000000e+04
4.750500000000000000e+04
2.135700000000000000e+04
1.783700000000000000e+04
2.389400000000000000e+04
1.209400000000000000e+04
3.165100000000000000e+04
1.786500000000000000e+04
3.120100000000000000e+04
2.160300000000000000e+04
2.014200000000000000e+04
2.303400000000000000e+04
1.356500000000000000e+04
3.846500000000000000e+04
2.254500000000000000e+04
2.820600000000000000e+04
2.970200000000000000e+04
2.237100000000000000e+04
3.122900000000000000e+04
1.622200000000000000e+04
3.757700000000000000e+04
2.721100000000000000e+04
3.047400000000000000e+04
3.619600000000000000e+04
2.411600000000000000e+04
3.402600000000000000e+04
1.810100000000000000e+04
4.440200000000000000e+04
3.014900000000000000e+04
3.839700000000000000e+04
3.822400000000000000e+04
2.904000000000000000e+04
4.067400000000000000e+04
3.002600000000000000e+04
4.735400000000000000e+04
3.302800000000000000e+04
3.530200000000000000e+04
5.408100000000000000e+04
4.389000000000000000e+04
5.329800000000000000e+04
2.644000000000000000e+04
6.992700000000000000e+04
4.882900000000000000e+04
5.714900000000000000e+04
5.992000000000000000e+04
4.722100000000000000e+04
7.177000000000000000e+04
-3.187000000000000000e+03
1.070870000000000000e+05
6.306400000000000000e+04
1.392920000000000000e+05
3.524700000000000000e+04
7.624300000000000000e+04
7.561700000000000000e+04
4.196700000000000000e+04
8.128900000000000000e+04
8.026200000000000000e+04
9.554700000000000000e+04
8.189000000000000000e+04
6.637100000000000000e+04
1.056370000000000000e+05
4.841800000000000000e+04
9.011300000000000000e+04
7.235800000000000000e+04
1.029810000000000000e+05
9.515100000000000000e+04
1.502670000000000000e+05
1.112910000000000000e+05
5.147700000000000000e+04
-6.298082000000000000e+06
0.000000000000000000e+00
0.000000000000000000e+00
0.000000000000000000e+00
0.000000000000000000e+00
0.000000000000000000e+00
0.000000000000000000e+00
0.000000000000000000e+00
0.000000000000000000e+00
0.000000000000000000e+00
0.000000000000000000e+00
0.000000000000000000e+00
0.000000000000000000e+00
0.000000000000000000e+00
0.000000000000000000e+00
0.000000000000000000e+00
0.000000000000000000e+00
0.000000000000000000e+00
0.000000000000000000e+00
0.000000000000000000e+00
0.000000000000000000e+00
0.000000000000000000e+00
0.000000000000000000e+00
0.000000000000000000e+00
0.000000000000000000e+00
0.000000000000000000e+00
0.000000000000000000e+00
0.000000000000000000e+00
0.000000000000000000e+00
0.000000000000000000e+00
0.000000000000000000e+00
0.000000000000000000e+00
0.000000000000000000e+00
0.000000000000000000e+00
0.000000000000000000e+00
0.000000000000000000e+00
0.000000000000000000e+00
0.000000000000000000e+00
0.000000000000000000e+00
0.000000000000000000e+00
0.000000000000000000e+00
0.000000000000000000e+00
0.000000000000000000e+00
0.000000000000000000e+00
0.000000000000000000e+00
0.000000000000000000e+00
0.000000000000000000e+00
0.000000000000000000e+00
0.000000000000000000e+00
0.000000000000000000e+00
0.000000000000000000e+00
0.000000000000000000e+00
0.000000000000000000e+00
0.000000000000000000e+00
0.000000000000000000e+00
0.000000000000000000e+00
0.000000000000000000e+00
0.000000000000000000e+00
0.000000000000000000e+00
0.000000000000000000e+00
0.000000000000000000e+00
0.000000000000000000e+00
0.000000000000000000e+00
0.000000000000000000e+00
0.000000000000000000e+00
0.000000000000000000e+00
0.000000000000000000e+00
0.000000000000000000e+00
0.000000000000000000e+00
0.000000000000000000e+00
0.000000000000000000e+00
0.000000000000000000e+00
0.000000000000000000e+00
0.000000000000000000e+00
0.000000000000000000e+00
0.000000000000000000e+00
0.000000000000000000e+00
0.000000000000000000e+00
0.000000000000000000e+00
0.000000000000000000e+00
0.000000000000000000e+00
0.000000000000000000e+00
0.000000000000000000e+00
0.000000000000000000e+00
0.000000000000000000e+00
0.000000000000000000e+00
0.000000000000000000e+00
0.000000000000000000e+00
0.000000000000000000e+00
0.000000000000000000e+00
0.000000000000000000e+00
0.000000000000000000e+00
0.000000000000000000e+00
0.000000000000000000e+00
0.000000000000000000e+00
0.000000000000000000e+00
0.000000000000000000e+00
0.000000000000000000e+00
0.000000000000000000e+00
0.000000000000000000e+00
0.000000000000000000e+00
0.000000000000000000e+00
0.000000000000000000e+00
0.000000000000000000e+00
0.000000000000000000e+00
0.000000000000000000e+00
0.000000000000000000e+00
0.000000000000000000e+00
0.000000000000000000e+00
0.000000000000000000e+00
0.000000000000000000e+00
0.000000000000000000e+00
0.000000000000000000e+00
0.000000000000000000e+00
0.000000000000000000e+00
0.000000000000000000e+00
0.000000000000000000e+00
0.000000000000000000e+00
0.000000000000000000e+00
0.000000000000000000e+00
0.000000000000000000e+00
0.000000000000000000e+00
0.000000000000000000e+00
0.000000000000000000e+00
0.000000000000000000e+00
0.000000000000000000e+00
0.000000000000000000e+00
0.000000000000000000e+00
0.000000000000000000e+00
0.000000000000000000e+00
0.000000000000000000e+00
0.000000000000000000e+00
0.000000000000000000e+00
0.000000000000000000e+00
0.000000000000000000e+00
0.000000000000000000e+00
0.000000000000000000e+00
0.000000000000000000e+00
0.000000000000000000e+00
0.000000000000000000e+00
0.000000000000000000e+00
0.000000000000000000e+00
0.000000000000000000e+00
0.000000000000000000e+00
0.000000000000000000e+00
0.000000000000000000e+00
0.000000000000000000e+00
0.000000000000000000e+00
0.000000000000000000e+00
0.000000000000000000e+00
0.000000000000000000e+00
0.000000000000000000e+00
0.000000000000000000e+00
0.000000000000000000e+00
0.000000000000000000e+00
0.000000000000000000e+00
0.000000000000000000e+00
0.000000000000000000e+00
0.000000000000000000e+00
0.000000000000000000e+00
0.000000000000000000e+00
0.000000000000000000e+00
0.000000000000000000e+00
0.000000000000000000e+00
0.000000000000000000e+00
0.000000000000000000e+00
0.000000000000000000e+00
0.000000000000000000e+00
0.000000000000000000e+00
0.000000000000000000e+00
0.000000000000000000e+00
0.000000000000000000e+00
0.000000000000000000e+00
0.000000000000000000e+00
0.000000000000000000e+00
0.000000000000000000e+00
0.000000000000000000e+00
0.000000000000000000e+00
0.000000000000000000e+00
0.000000000000000000e+00
0.000000000000000000e+00
0.000000000000000000e+00
0.000000000000000000e+00
0.000000000000000000e+00
0.000000000000000000e+00
0.000000000000000000e+00
0.000000000000000000e+00
0.000000000000000000e+00
0.000000000000000000e+00
0.000000000000000000e+00
0.000000000000000000e+00
0.000000000000000000e+00
0.000000000000000000e+00
0.000000000000000000e+00
0.000000000000000000e+00
0.000000000000000000e+00
0.000000000000000000e+00
0.000000000000000000e+00
0.000000000000000000e+00
0.000000000000000000e+00
0.000000000000000000e+00
0.000000000000000000e+00
0.000000000000000000e+00
0.000000000000000000e+00
0.000000000000000000e+00
0.000000000000000000e+00
0.000000000000000000e+00
0.000000000000000000e+00
0.000000000000000000e+00
0.000000000000000000e+00
0.000000000000000000e+00
0.000000000000000000e+00
0.000000000000000000e+00
0.000000000000000000e+00
0.000000000000000000e+00
0.000000000000000000e+00
0.000000000000000000e+00
0.000000000000000000e+00
0.000000000000000000e+00
0.000000000000000000e+00
0.000000000000000000e+00
0.000000000000000000e+00
0.000000000000000000e+00
0.000000000000000000e+00
0.000000000000000000e+00
0.000000000000000000e+00
0.000000000000000000e+00
0.000000000000000000e+00
0.000000000000000000e+00
0.000000000000000000e+00
0.000000000000000000e+00
0.000000000000000000e+00
0.000000000000000000e+00
0.000000000000000000e+00
0.000000000000000000e+00
0.000000000000000000e+00
0.000000000000000000e+00
0.000000000000000000e+00
0.000000000000000000e+00
0.000000000000000000e+00
0.000000000000000000e+00
0.000000000000000000e+00
0.000000000000000000e+00
0.000000000000000000e+00
0.000000000000000000e+00
0.000000000000000000e+00
0.000000000000000000e+00
0.000000000000000000e+00
0.000000000000000000e+00
0.000000000000000000e+00
0.000000000000000000e+00
0.000000000000000000e+00
0.000000000000000000e+00
0.000000000000000000e+00
0.000000000000000000e+00
0.000000000000000000e+00
0.000000000000000000e+00
0.000000000000000000e+00
0.000000000000000000e+00
0.000000000000000000e+00
0.000000000000000000e+00
0.000000000000000000e+00
0.000000000000000000e+00
0.000000000000000000e+00
0.000000000000000000e+00
0.000000000000000000e+00
0.000000000000000000e+00
0.000000000000000000e+00
0.000000000000000000e+00
0.000000000000000000e+00
0.000000000000000000e+00
0.000000000000000000e+00
0.000000000000000000e+00
0.000000000000000000e+00
0.000000000000000000e+00
0.000000000000000000e+00
0.000000000000000000e+00
0.000000000000000000e+00
0.000000000000000000e+00
0.000000000000000000e+00
0.000000000000000000e+00
0.000000000000000000e+00
0.000000000000000000e+00
0.000000000000000000e+00
0.000000000000000000e+00
0.000000000000000000e+00
0.000000000000000000e+00
0.000000000000000000e+00
0.000000000000000000e+00
0.000000000000000000e+00
0.000000000000000000e+00
0.000000000000000000e+00
0.000000000000000000e+00
0.000000000000000000e+00
0.000000000000000000e+00
0.000000000000000000e+00
0.000000000000000000e+00
0.000000000000000000e+00
0.000000000000000000e+00
0.000000000000000000e+00
0.000000000000000000e+00
0.000000000000000000e+00
0.000000000000000000e+00
0.000000000000000000e+00
0.000000000000000000e+00
0.000000000000000000e+00
0.000000000000000000e+00
0.000000000000000000e+00
0.000000000000000000e+00
0.000000000000000000e+00
0.000000000000000000e+00
0.000000000000000000e+00
0.000000000000000000e+00
0.000000000000000000e+00
0.000000000000000000e+00
0.000000000000000000e+00
0.000000000000000000e+00
0.000000000000000000e+00
0.000000000000000000e+00
0.000000000000000000e+00
0.000000000000000000e+00
0.000000000000000000e+00
0.000000000000000000e+00
0.000000000000000000e+00
0.000000000000000000e+00
0.000000000000000000e+00
0.000000000000000000e+00
0.000000000000000000e+00
0.000000000000000000e+00
0.000000000000000000e+00
0.000000000000000000e+00
0.000000000000000000e+00
0.000000000000000000e+00
0.000000000000000000e+00
0.000000000000000000e+00
0.000000000000000000e+00
0.000000000000000000e+00
0.000000000000000000e+00
0.000000000000000000e+00
0.000000000000000000e+00
0.000000000000000000e+00
0.000000000000000000e+00
0.000000000000000000e+00
0.000000000000000000e+00
0.000000000000000000e+00
0.000000000000000000e+00
0.000000000000000000e+00
0.000000000000000000e+00
0.000000000000000000e+00
0.000000000000000000e+00
0.000000000000000000e+00
0.000000000000000000e+00
0.000000000000000000e+00
0.000000000000000000e+00
0.000000000000000000e+00
0.000000000000000000e+00
0.000000000000000000e+00
0.000000000000000000e+00
0.000000000000000000e+00
0.000000000000000000e+00
0.000000000000000000e+00
0.000000000000000000e+00
0.000000000000000000e+00
0.000000000000000000e+00
0.000000000000000000e+00
0.000000000000000000e+00
0.000000000000000000e+00
