0.000000000000000000e+00
0.000000000000000000e+00
0.000000000000000000e+00
0.000000000000000000e+00
0.000000000000000000e+00
0.000000000000000000e+00
0.000000000000000000e+00
0.000000000000000000e+00
0.000000000000000000e+00
0.000000000000000000e+00
0.000000000000000000e+00
0.000000000000000000e+00
0.000000000000000000e+00
0.000000000000000000e+00
0.000000000000000000e+00
0.000000000000000000e+00
0.000000000000000000e+00
0.000000000000000000e+00
0.000000000000000000e+00
0.000000000000000000e+00
0.000000000000000000e+00
0.000000000000000000e+00
0.000000000000000000e+00
0.000000000000000000e+00
0.000000000000000000e+00
0.000000000000000000e+00
0.000000000000000000e+00
0.000000000000000000e+00
0.000000000000000000e+00
0.000000000000000000e+00
0.000000000000000000e+00
0.000000000000000000e+00
0.000000000000000000e+00
0.000000000000000000e+00
0.000000000000000000e+00
0.000000000000000000e+00
0.000000000000000000e+00
0.000000000000000000e+00
1.000000000000000000e+00
0.000000000000000000e+00
5.000000000000000000e+00
1.000000000000000000e+00
4.000000000000000000e+00
1.000000000000000000e+00
2.000000000000000000e+00
3.000000000000000000e+00
4.000000000000000000e+00
1.000000000000000000e+00
6.000000000000000000e+00
5.000000000000000000e+00
1.000000000000000000e+01
8.000000000000000000e+00
7.000000000000000000e+00
1.200000000000000000e+01
2.700000000000000000e+01
3.700000000000000000e+01
6.000000000000000000e+01
7.200000000000000000e+01
1.060000000000000000e+02
1.030000000000000000e+02
1.280000000000000000e+02
1.870000000000000000e+02
2.430000000000000000e+02
3.330000000000000000e+02
4.170000000000000000e+02
5.220000000000000000e+02
7.130000000000000000e+02
5.550000000000000000e+02
7.070000000000000000e+02
1.079000000000000000e+03
1.637000000000000000e+03
1.560000000000000000e+03
1.428000000000000000e+03
1.620000000000000000e+03
1.622000000000000000e+03
1.763000000000000000e+03
2.606000000000000000e+03
2.152000000000000000e+03
2.256000000000000000e+03
2.214000000000000000e+03
2.103000000000000000e+03
1.883000000000000000e+03
2.001000000000000000e+03
2.481000000000000000e+03
2.624000000000000000e+03
2.187000000000000000e+03
2.104000000000000000e+03
1.943000000000000000e+03
1.967000000000000000e+03
2.285000000000000000e+03
2.451000000000000000e+03
2.465000000000000000e+03
2.427000000000000000e+03
2.064000000000000000e+03
1.738000000000000000e+03
1.415000000000000000e+03
1.487000000000000000e+03
2.232000000000000000e+03
2.374000000000000000e+03
2.190000000000000000e+03
1.880000000000000000e+03
1.773000000000000000e+03
1.203000000000000000e+03
1.370000000000000000e+03
2.179000000000000000e+03
2.318000000000000000e+03
1.903000000000000000e+03
1.769000000000000000e+03
1.471000000000000000e+03
1.001000000000000000e+03
1.026000000000000000e+03
1.590000000000000000e+03
1.695000000000000000e+03
1.765000000000000000e+03
1.626000000000000000e+03
1.169000000000000000e+03
8.150000000000000000e+02
1.222000000000000000e+03
1.428000000000000000e+03
1.469000000000000000e+03
1.182000000000000000e+03
1.204000000000000000e+03
1.078000000000000000e+03
6.370000000000000000e+02
6.000000000000000000e+02
6.530000000000000000e+02
1.452000000000000000e+03
1.065000000000000000e+03
1.109000000000000000e+03
9.470000000000000000e+02
6.210000000000000000e+02
7.670000000000000000e+02
9.790000000000000000e+02
9.990000000000000000e+02
9.980000000000000000e+02
8.690000000000000000e+02
6.380000000000000000e+02
4.600000000000000000e+02
5.020000000000000000e+02
9.090000000000000000e+02
8.580000000000000000e+02
8.070000000000000000e+02
8.230000000000000000e+02
7.060000000000000000e+02
3.480000000000000000e+02
3.980000000000000000e+02
7.760000000000000000e+02
7.400000000000000000e+02
6.960000000000000000e+02
6.300000000000000000e+02
5.630000000000000000e+02
3.190000000000000000e+02
3.790000000000000000e+02
7.300000000000000000e+02
7.550000000000000000e+02
5.510000000000000000e+02
6.290000000000000000e+02
4.990000000000000000e+02
3.230000000000000000e+02
3.710000000000000000e+02
5.490000000000000000e+02
7.020000000000000000e+02
7.480000000000000000e+02
6.790000000000000000e+02
3.070000000000000000e+02
3.230000000000000000e+02
3.850000000000000000e+02
1.144000000000000000e+03
8.420000000000000000e+02
1.036000000000000000e+03
8.050000000000000000e+02
7.530000000000000000e+02
4.770000000000000000e+02
4.430000000000000000e+02
8.950000000000000000e+02
9.610000000000000000e+02
9.710000000000000000e+02
9.230000000000000000e+02
8.900000000000000000e+02
4.830000000000000000e+02
5.310000000000000000e+02
1.094000000000000000e+03
1.224000000000000000e+03
1.075000000000000000e+03
1.090000000000000000e+03
9.680000000000000000e+02
5.390000000000000000e+02
1.112000000000000000e+03
1.212000000000000000e+03
1.433000000000000000e+03
1.301000000000000000e+03
1.166000000000000000e+03
1.116000000000000000e+03
4.760000000000000000e+02
5.650000000000000000e+02
1.251000000000000000e+03
1.418000000000000000e+03
1.187000000000000000e+03
1.292000000000000000e+03
1.089000000000000000e+03
5.770000000000000000e+02
5.240000000000000000e+02
1.077000000000000000e+03
1.509000000000000000e+03
1.034000000000000000e+03
1.303000000000000000e+03
1.038000000000000000e+03
6.150000000000000000e+02
4.770000000000000000e+02
1.227000000000000000e+03
6.810000000000000000e+02
1.100000000000000000e+03
1.095000000000000000e+03
9.550000000000000000e+02
5.060000000000000000e+02
4.330000000000000000e+02
1.223000000000000000e+03
1.158000000000000000e+03
1.107000000000000000e+03
9.220000000000000000e+02
9.620000000000000000e+02
4.400000000000000000e+02
4.820000000000000000e+02
1.066000000000000000e+03
1.076000000000000000e+03
1.022000000000000000e+03
9.500000000000000000e+02
7.930000000000000000e+02
4.360000000000000000e+02
3.230000000000000000e+02
4.730000000000000000e+02
1.100000000000000000e+03
9.080000000000000000e+02
1.140000000000000000e+03
7.370000000000000000e+02
3.940000000000000000e+02
4.210000000000000000e+02
1.191000000000000000e+03
9.320000000000000000e+02
8.480000000000000000e+02
9.570000000000000000e+02
6.660000000000000000e+02
2.650000000000000000e+02
4.120000000000000000e+02
1.020000000000000000e+03
1.051000000000000000e+03
8.870000000000000000e+02
9.140000000000000000e+02
7.620000000000000000e+02
3.040000000000000000e+02
3.370000000000000000e+02
8.900000000000000000e+02
9.050000000000000000e+02
8.950000000000000000e+02
8.900000000000000000e+02
6.720000000000000000e+02
3.690000000000000000e+02
4.740000000000000000e+02
6.880000000000000000e+02
9.050000000000000000e+02
9.730000000000000000e+02
9.620000000000000000e+02
6.470000000000000000e+02
4.630000000000000000e+02
3.940000000000000000e+02
7.360000000000000000e+02
9.860000000000000000e+02
8.390000000000000000e+02
9.260000000000000000e+02
7.890000000000000000e+02
4.820000000000000000e+02
5.110000000000000000e+02
9.480000000000000000e+02
1.168000000000000000e+03
8.590000000000000000e+02
9.540000000000000000e+02
9.720000000000000000e+02
4.520000000000000000e+02
5.570000000000000000e+02
1.022000000000000000e+03
1.042000000000000000e+03
9.950000000000000000e+02
1.071000000000000000e+03
9.390000000000000000e+02
5.090000000000000000e+02
7.270000000000000000e+02
1.623000000000000000e+03
1.114000000000000000e+03
1.182000000000000000e+03
1.215000000000000000e+03
1.126000000000000000e+03
5.750000000000000000e+02
8.020000000000000000e+02
1.436000000000000000e+03
1.462000000000000000e+03
1.239000000000000000e+03
1.223000000000000000e+03
1.369000000000000000e+03
7.900000000000000000e+02
8.760000000000000000e+02
1.744000000000000000e+03
1.933000000000000000e+03
2.009000000000000000e+03
1.969000000000000000e+03
1.631000000000000000e+03
1.076000000000000000e+03
1.136000000000000000e+03
2.174000000000000000e+03
2.254000000000000000e+03
1.393000000000000000e+03
1.620000000000000000e+03
1.409000000000000000e+03
1.048000000000000000e+03
1.378000000000000000e+03
2.530000000000000000e+03
2.842000000000000000e+03
2.906000000000000000e+03
2.658000000000000000e+03
2.393000000000000000e+03
1.420000000000000000e+03
1.631000000000000000e+03
2.597000000000000000e+03
2.933000000000000000e+03
2.912000000000000000e+03
3.333000000000000000e+03
2.505000000000000000e+03
1.596000000000000000e+03
1.696000000000000000e+03
2.896000000000000000e+03
3.676000000000000000e+03
3.411000000000000000e+03
2.926000000000000000e+03
2.736000000000000000e+03
1.699000000000000000e+03
1.823000000000000000e+03
3.330000000000000000e+03
3.305000000000000000e+03
2.858000000000000000e+03
1.498000000000000000e+03
1.912000000000000000e+03
1.431000000000000000e+03
1.897000000000000000e+03
3.570000000000000000e+03
3.850000000000000000e+03
3.247000000000000000e+03
2.205000000000000000e+03
2.591000000000000000e+03
1.426000000000000000e+03
2.014000000000000000e+03
3.571000000000000000e+03
3.872000000000000000e+03
3.998000000000000000e+03
4.150000000000000000e+03
3.202000000000000000e+03
2.089000000000000000e+03
1.850000000000000000e+03
4.372000000000000000e+03
3.984000000000000000e+03
3.774000000000000000e+03
3.811000000000000000e+03
3.551000000000000000e+03
1.982000000000000000e+03
1.581000000000000000e+03
2.401000000000000000e+03
4.381000000000000000e+03
4.099000000000000000e+03
3.772000000000000000e+03
3.523000000000000000e+03
1.826000000000000000e+03
1.779000000000000000e+03
3.978000000000000000e+03
4.061000000000000000e+03
3.806000000000000000e+03
3.557000000000000000e+03
2.857000000000000000e+03
1.931000000000000000e+03
1.780000000000000000e+03
3.555000000000000000e+03
3.859000000000000000e+03
3.881000000000000000e+03
3.660000000000000000e+03
2.727000000000000000e+03
1.462000000000000000e+03
1.449000000000000000e+03
3.026000000000000000e+03
3.360000000000000000e+03
3.157000000000000000e+03
2.836000000000000000e+03
2.251000000000000000e+03
1.151000000000000000e+03
9.460000000000000000e+02
1.644000000000000000e+03
2.407000000000000000e+03
2.558000000000000000e+03
2.516000000000000000e+03
1.915000000000000000e+03
1.210000000000000000e+03
1.205000000000000000e+03
2.257000000000000000e+03
3.213000000000000000e+03
2.412000000000000000e+03
2.130000000000000000e+03
1.513000000000000000e+03
1.086000000000000000e+03
1.315000000000000000e+03
1.921000000000000000e+03
2.521000000000000000e+03
1.922000000000000000e+03
1.714000000000000000e+03
1.519000000000000000e+03
7.020000000000000000e+02
7.190000000000000000e+02
1.761000000000000000e+03
1.536000000000000000e+03
1.542000000000000000e+03
1.421000000000000000e+03
9.670000000000000000e+02
5.150000000000000000e+02
7.030000000000000000e+02
1.251000000000000000e+03
1.193000000000000000e+03
1.631000000000000000e+03
1.023000000000000000e+03
7.700000000000000000e+02
7.060000000000000000e+02
5.520000000000000000e+02
9.420000000000000000e+02
1.461000000000000000e+03
1.344000000000000000e+03
1.154000000000000000e+03
8.050000000000000000e+02
4.420000000000000000e+02
6.340000000000000000e+02
8.890000000000000000e+02
1.069000000000000000e+03
1.099000000000000000e+03
8.950000000000000000e+02
7.560000000000000000e+02
3.130000000000000000e+02
4.660000000000000000e+02
8.300000000000000000e+02
2.600000000000000000e+03
1.010000000000000000e+03
9.030000000000000000e+02
7.600000000000000000e+02
2.920000000000000000e+02
4.530000000000000000e+02
8.640000000000000000e+02
9.350000000000000000e+02
9.060000000000000000e+02
8.700000000000000000e+02
7.090000000000000000e+02
3.500000000000000000e+02
4.950000000000000000e+02
8.370000000000000000e+02
8.980000000000000000e+02
9.400000000000000000e+02
7.630000000000000000e+02
7.500000000000000000e+02
3.090000000000000000e+02
4.810000000000000000e+02
6.660000000000000000e+02
9.840000000000000000e+02
8.830000000000000000e+02
8.030000000000000000e+02
7.490000000000000000e+02
3.280000000000000000e+02
4.860000000000000000e+02
8.730000000000000000e+02
8.140000000000000000e+02
7.950000000000000000e+02
7.580000000000000000e+02
6.390000000000000000e+02
2.630000000000000000e+02
4.020000000000000000e+02
6.800000000000000000e+02
7.660000000000000000e+02
7.440000000000000000e+02
6.310000000000000000e+02
5.240000000000000000e+02
2.690000000000000000e+02
4.020000000000000000e+02
7.790000000000000000e+02
6.540000000000000000e+02
6.840000000000000000e+02
6.020000000000000000e+02
4.880000000000000000e+02
2.050000000000000000e+02
4.410000000000000000e+02
6.390000000000000000e+02
9.850000000000000000e+02
1.350000000000000000e+03
5.330000000000000000e+02
3.280000000000000000e+02
1.480000000000000000e+02
1.810000000000000000e+02
6.430000000000000000e+02
5.650000000000000000e+02
6.310000000000000000e+02
5.170000000000000000e+02
5.840000000000000000e+02
1.690000000000000000e+02
3.100000000000000000e+02
3.070000000000000000e+02
4.750000000000000000e+02
4.030000000000000000e+02
5.260000000000000000e+02
2.680000000000000000e+02
1.120000000000000000e+02
1.890000000000000000e+02
3.230000000000000000e+02
3.830000000000000000e+02
2.990000000000000000e+02
6.000000000000000000e+02
1.700000000000000000e+02
7.900000000000000000e+01
2.600000000000000000e+02
3.440000000000000000e+02
3.860000000000000000e+02
3.420000000000000000e+02
5.270000000000000000e+02
1.610000000000000000e+02
7.500000000000000000e+01
1.590000000000000000e+02
3.290000000000000000e+02
2.980000000000000000e+02
2.830000000000000000e+02
4.390000000000000000e+02
8.300000000000000000e+01
4.000000000000000000e+01
1.210000000000000000e+02
3.050000000000000000e+02
3.270000000000000000e+02
2.500000000000000000e+02
4.620000000000000000e+02
7.800000000000000000e+01
1.210000000000000000e+02
2.350000000000000000e+02
3.570000000000000000e+02
3.270000000000000000e+02
3.560000000000000000e+02
4.530000000000000000e+02
7.200000000000000000e+01
9.500000000000000000e+01
1.980000000000000000e+02
2.900000000000000000e+02
3.630000000000000000e+02
2.880000000000000000e+02
5.520000000000000000e+02
1.360000000000000000e+02
1.020000000000000000e+02
2.500000000000000000e+02
4.580000000000000000e+02
3.810000000000000000e+02
3.170000000000000000e+02
8.850000000000000000e+02
1.760000000000000000e+02
2.330000000000000000e+02
3.760000000000000000e+02
5.850000000000000000e+02
5.460000000000000000e+02
5.260000000000000000e+02
1.133000000000000000e+03
2.660000000000000000e+02
1.350000000000000000e+02
5.170000000000000000e+02
8.310000000000000000e+02
8.040000000000000000e+02
1.030000000000000000e+03
1.059000000000000000e+03
2.700000000000000000e+02
2.170000000000000000e+02
1.040000000000000000e+03
1.021000000000000000e+03
1.204000000000000000e+03
1.784000000000000000e+03
1.458000000000000000e+03
5.770000000000000000e+02
2.200000000000000000e+02
1.336000000000000000e+03
1.431000000000000000e+03
1.552000000000000000e+03
2.220000000000000000e+03
1.743000000000000000e+03
6.520000000000000000e+02
3.260000000000000000e+02
1.712000000000000000e+03
1.443000000000000000e+03
2.043000000000000000e+03
3.057000000000000000e+03
1.940000000000000000e+03
6.530000000000000000e+02
4.280000000000000000e+02
6.080000000000000000e+02
2.096000000000000000e+03
2.308000000000000000e+03
3.227000000000000000e+03
2.460000000000000000e+03
8.390000000000000000e+02
3.800000000000000000e+02
2.154000000000000000e+03
1.923000000000000000e+03
2.737000000000000000e+03
3.489000000000000000e+03
2.453000000000000000e+03
1.010000000000000000e+03
4.040000000000000000e+02
2.307000000000000000e+03
2.441000000000000000e+03
2.691000000000000000e+03
3.307000000000000000e+03
2.483000000000000000e+03
8.570000000000000000e+02
5.920000000000000000e+02
2.258000000000000000e+03
2.514000000000000000e+03
2.640000000000000000e+03
2.825000000000000000e+03
2.130000000000000000e+03
8.750000000000000000e+02
5.430000000000000000e+02
1.931000000000000000e+03
1.894000000000000000e+03
2.657000000000000000e+03
2.473000000000000000e+03
1.804000000000000000e+03
4.520000000000000000e+02
4.940000000000000000e+02
1.180000000000000000e+03
2.289000000000000000e+03
3.188000000000000000e+03
2.190000000000000000e+03
1.822000000000000000e+03
5.960000000000000000e+02
4.800000000000000000e+02
1.767000000000000000e+03
1.965000000000000000e+03
3.189000000000000000e+03
2.016000000000000000e+03
1.871000000000000000e+03
5.740000000000000000e+02
2.800000000000000000e+02
1.467000000000000000e+03
1.606000000000000000e+03
2.061000000000000000e+03
1.854000000000000000e+03
1.733000000000000000e+03
4.000000000000000000e+02
2.580000000000000000e+02
1.251000000000000000e+03
1.312000000000000000e+03
1.988000000000000000e+03
1.202000000000000000e+03
2.123000000000000000e+03
5.060000000000000000e+02
2.310000000000000000e+02
1.213000000000000000e+03
1.449000000000000000e+03
1.695000000000000000e+03
9.010000000000000000e+02
2.451000000000000000e+03
5.990000000000000000e+02
2.300000000000000000e+02
1.285000000000000000e+03
1.322000000000000000e+03
1.664000000000000000e+03
1.336000000000000000e+03
1.767000000000000000e+03
4.750000000000000000e+02
2.480000000000000000e+02
1.250000000000000000e+03
1.359000000000000000e+03
1.698000000000000000e+03
4.850000000000000000e+02
3.890000000000000000e+02
3.380000000000000000e+02
2.770000000000000000e+02
1.918000000000000000e+03
1.643000000000000000e+03
2.001000000000000000e+03
3.941000000000000000e+03
1.610000000000000000e+03
6.990000000000000000e+02
4.120000000000000000e+02
1.429000000000000000e+03
1.513000000000000000e+03
1.821000000000000000e+03
1.552000000000000000e+03
1.753000000000000000e+03
6.240000000000000000e+02
3.700000000000000000e+02
1.394000000000000000e+03
1.512000000000000000e+03
2.233000000000000000e+03
1.269000000000000000e+03
1.863000000000000000e+03
6.790000000000000000e+02
3.200000000000000000e+02
1.552000000000000000e+03
1.913000000000000000e+03
4.186000000000000000e+03
1.405000000000000000e+03
6.890000000000000000e+02
2.420000000000000000e+02
3.700000000000000000e+02
1.846000000000000000e+03
2.291000000000000000e+03
2.355000000000000000e+03
1.487000000000000000e+03
7.310000000000000000e+02
4.010000000000000000e+02
4.580000000000000000e+02
1.904000000000000000e+03
2.327000000000000000e+03
2.228000000000000000e+03
2.094000000000000000e+03
2.439000000000000000e+03
8.710000000000000000e+02
6.190000000000000000e+02
2.053000000000000000e+03
2.521000000000000000e+03
2.849000000000000000e+03
2.559000000000000000e+03
2.795000000000000000e+03
1.008000000000000000e+03
7.620000000000000000e+02
1.036000000000000000e+03
2.738000000000000000e+03
3.479000000000000000e+03
2.929000000000000000e+03
3.390000000000000000e+03
1.030000000000000000e+03
7.380000000000000000e+02
2.180000000000000000e+03
3.156000000000000000e+03
3.859000000000000000e+03
2.620000000000000000e+03
4.090000000000000000e+03
1.210000000000000000e+03
4.850000000000000000e+02
2.607000000000000000e+03
3.351000000000000000e+03
3.613000000000000000e+03
2.483000000000000000e+03
4.122000000000000000e+03
9.250000000000000000e+02
4.660000000000000000e+02
2.887000000000000000e+03
2.999000000000000000e+03
3.336000000000000000e+03
3.250000000000000000e+03
2.702000000000000000e+03
8.220000000000000000e+02
5.820000000000000000e+02
3.180000000000000000e+03
2.607000000000000000e+03
3.181000000000000000e+03
2.947000000000000000e+03
2.503000000000000000e+03
6.860000000000000000e+02
4.460000000000000000e+02
9.140000000000000000e+02
2.169000000000000000e+03
3.091000000000000000e+03
2.953000000000000000e+03
2.078000000000000000e+03
7.620000000000000000e+02
2.250000000000000000e+02
2.141000000000000000e+03
1.768000000000000000e+03
2.098000000000000000e+03
1.705000000000000000e+03
1.734000000000000000e+03
3.090000000000000000e+02
2.140000000000000000e+02
1.697000000000000000e+03
1.416000000000000000e+03
2.024000000000000000e+03
1.771000000000000000e+03
1.658000000000000000e+03
2.790000000000000000e+02
1.930000000000000000e+02
1.311000000000000000e+03
1.081000000000000000e+03
1.847000000000000000e+03
1.497000000000000000e+03
8.140000000000000000e+02
2.850000000000000000e+02
8.800000000000000000e+01
1.284000000000000000e+03
7.740000000000000000e+02
1.639000000000000000e+03
8.660000000000000000e+02
6.180000000000000000e+02
1.510000000000000000e+02
6.100000000000000000e+01
1.019000000000000000e+03
9.850000000000000000e+02
1.167000000000000000e+03
5.160000000000000000e+02
8.300000000000000000e+02
1.590000000000000000e+02
6.000000000000000000e+01
5.920000000000000000e+02
5.120000000000000000e+02
1.105000000000000000e+03
8.560000000000000000e+02
6.160000000000000000e+02
1.690000000000000000e+02
3.000000000000000000e+01
3.260000000000000000e+02
6.010000000000000000e+02
9.350000000000000000e+02
7.420000000000000000e+02
4.390000000000000000e+02
5.400000000000000000e+01
1.100000000000000000e+01
2.390000000000000000e+02
4.540000000000000000e+02
8.770000000000000000e+02
4.130000000000000000e+02
5.100000000000000000e+02
6.800000000000000000e+01
3.200000000000000000e+01
2.640000000000000000e+02
3.230000000000000000e+02
7.860000000000000000e+02
4.290000000000000000e+02
4.060000000000000000e+02
1.320000000000000000e+02
2.300000000000000000e+01
2.950000000000000000e+02
4.530000000000000000e+02
1.952000000000000000e+03
3.000000000000000000e+02
3.580000000000000000e+02
2.110000000000000000e+02
3.000000000000000000e+01
2.500000000000000000e+02
3.320000000000000000e+02
6.730000000000000000e+02
3.130000000000000000e+02
2.010000000000000000e+02
6.600000000000000000e+01
3.700000000000000000e+01
2.430000000000000000e+02
4.000000000000000000e+02
9.490000000000000000e+02
3.570000000000000000e+02
3.990000000000000000e+02
9.500000000000000000e+01
4.700000000000000000e+01
2.440000000000000000e+02
3.440000000000000000e+02
1.077000000000000000e+03
3.660000000000000000e+02
5.240000000000000000e+02
4.700000000000000000e+01
1.700000000000000000e+01
4.200000000000000000e+01
3.670000000000000000e+02
6.650000000000000000e+02
3.410000000000000000e+02
3.720000000000000000e+02
1.840000000000000000e+02
3.400000000000000000e+01
2.780000000000000000e+02
4.810000000000000000e+02
1.174000000000000000e+03
3.210000000000000000e+02
3.590000000000000000e+02
1.170000000000000000e+02
2.900000000000000000e+01
2.710000000000000000e+02
3.840000000000000000e+02
7.020000000000000000e+02
4.490000000000000000e+02
3.170000000000000000e+02
4.300000000000000000e+01
5.400000000000000000e+01
7.200000000000000000e+01
4.760000000000000000e+02
8.430000000000000000e+02
3.930000000000000000e+02
4.320000000000000000e+02
1.630000000000000000e+02
2.200000000000000000e+01
2.980000000000000000e+02
5.760000000000000000e+02
7.060000000000000000e+02
-2.540000000000000000e+02
4.970000000000000000e+02
5.400000000000000000e+01
7.000000000000000000e+00
7.900000000000000000e+01
4.620000000000000000e+02
7.510000000000000000e+02
1.090000000000000000e+03
4.820000000000000000e+02
9.800000000000000000e+01
3.100000000000000000e+01
4.560000000000000000e+02
5.800000000000000000e+02
9.550000000000000000e+02
3.940000000000000000e+02
4.920000000000000000e+02
7.100000000000000000e+01
5.400000000000000000e+01
4.370000000000000000e+02
6.350000000000000000e+02
8.860000000000000000e+02
5.130000000000000000e+02
5.480000000000000000e+02
1.020000000000000000e+02
3.200000000000000000e+01
4.230000000000000000e+02
5.520000000000000000e+02
9.320000000000000000e+02
4.250000000000000000e+02
6.050000000000000000e+02
5.100000000000000000e+01
1.300000000000000000e+01
5.650000000000000000e+02
5.190000000000000000e+02
1.055000000000000000e+03
6.630000000000000000e+02
6.870000000000000000e+02
7.100000000000000000e+01
3.200000000000000000e+01
4.960000000000000000e+02
6.510000000000000000e+02
9.130000000000000000e+02
5.890000000000000000e+02
6.170000000000000000e+02
8.600000000000000000e+01
1.700000000000000000e+01
4.620000000000000000e+02
5.200000000000000000e+02
1.068000000000000000e+03
6.490000000000000000e+02
5.640000000000000000e+02
7.300000000000000000e+01
7.880000000000000000e+02
-2.540000000000000000e+02
6.210000000000000000e+02
9.300000000000000000e+02
6.500000000000000000e+02
6.710000000000000000e+02
7.100000000000000000e+01
1.900000000000000000e+01
4.740000000000000000e+02
4.110000000000000000e+02
1.490000000000000000e+03
7.170000000000000000e+02
4.520000000000000000e+02
6.700000000000000000e+01
1.400000000000000000e+01
8.900000000000000000e+01
6.060000000000000000e+02
7.800000000000000000e+02
7.110000000000000000e+02
5.040000000000000000e+02
8.100000000000000000e+01
2.100000000000000000e+01
4.530000000000000000e+02
5.280000000000000000e+02
9.500000000000000000e+02
6.950000000000000000e+02
4.080000000000000000e+02
5.800000000000000000e+01
2.200000000000000000e+01
3.900000000000000000e+02
4.490000000000000000e+02
9.660000000000000000e+02
6.900000000000000000e+02
3.980000000000000000e+02
8.100000000000000000e+01
1.800000000000000000e+01
3.660000000000000000e+02
4.520000000000000000e+02
1.271000000000000000e+03
7.270000000000000000e+02
3.190000000000000000e+02
3.500000000000000000e+01
1.800000000000000000e+01
2.930000000000000000e+02
5.050000000000000000e+02
1.027000000000000000e+03
6.250000000000000000e+02
4.000000000000000000e+02
5.100000000000000000e+01
1.200000000000000000e+01
1.370000000000000000e+02
6.090000000000000000e+02
7.700000000000000000e+02
5.940000000000000000e+02
3.310000000000000000e+02
4.200000000000000000e+01
1.100000000000000000e+01
3.370000000000000000e+02
4.370000000000000000e+02
7.100000000000000000e+02
6.050000000000000000e+02
5.810000000000000000e+02
2.300000000000000000e+01
1.200000000000000000e+01
2.100000000000000000e+02
4.350000000000000000e+02
1.100000000000000000e+03
5.930000000000000000e+02
1.920000000000000000e+02
3.500000000000000000e+01
9.000000000000000000e+00
1.320000000000000000e+02
4.450000000000000000e+02
7.230000000000000000e+02
6.450000000000000000e+02
3.550000000000000000e+02
3.200000000000000000e+01
1.800000000000000000e+01
1.340000000000000000e+02
2.200000000000000000e+02
9.070000000000000000e+02
5.920000000000000000e+02
5.600000000000000000e+01
5.000000000000000000e+00
1.300000000000000000e+01
2.540000000000000000e+02
4.020000000000000000e+02
8.010000000000000000e+02
5.280000000000000000e+02
5.100000000000000000e+02
2.300000000000000000e+01
2.000000000000000000e+01
2.110000000000000000e+02
5.670000000000000000e+02
9.860000000000000000e+02
1.890000000000000000e+02
1.540000000000000000e+02
1.300000000000000000e+01
1.200000000000000000e+01
2.980000000000000000e+02
4.120000000000000000e+02
5.610000000000000000e+02
6.860000000000000000e+02
3.120000000000000000e+02
2.800000000000000000e+01
1.100000000000000000e+01
2.220000000000000000e+02
6.050000000000000000e+02
1.004000000000000000e+03
8.910000000000000000e+02
2.000000000000000000e+02
3.000000000000000000e+01
1.100000000000000000e+01
2.280000000000000000e+02
5.930000000000000000e+02
8.820000000000000000e+02
8.190000000000000000e+02
4.270000000000000000e+02
2.500000000000000000e+01
1.800000000000000000e+01
2.810000000000000000e+02
5.830000000000000000e+02
1.041000000000000000e+03
5.940000000000000000e+02
2.100000000000000000e+02
2.100000000000000000e+01
1.200000000000000000e+01
2.800000000000000000e+01
3.520000000000000000e+02
9.850000000000000000e+02
9.210000000000000000e+02
2.120000000000000000e+02
2.100000000000000000e+01
1.200000000000000000e+01
2.000000000000000000e+01
4.030000000000000000e+02
1.280000000000000000e+03
8.330000000000000000e+02
4.520000000000000000e+02
2.300000000000000000e+01
1.000000000000000000e+01
2.960000000000000000e+02
8.800000000000000000e+02
1.817000000000000000e+03
7.130000000000000000e+02
3.750000000000000000e+02
4.100000000000000000e+01
9.000000000000000000e+00
3.400000000000000000e+01
7.330000000000000000e+02
1.568000000000000000e+03
1.310000000000000000e+03
4.310000000000000000e+02
1.500000000000000000e+01
0.000000000000000000e+00
2.720000000000000000e+02
7.860000000000000000e+02
1.333000000000000000e+03
8.450000000000000000e+02
9.200000000000000000e+01
