8.322828998052573297e+03
3.736835303549270066e+03
-3.970080162157717859e+04
5.283109914240559192e+03
7.566897265498216257e+03
6.711836152893827602e+03
7.418162892045746958e+03
9.848461006102927058e+03
7.320376582007808793e+03
-3.411785613968819234e+04
1.274127753745029804e+04
1.671329083043581704e+04
1.730154994223876929e+04
1.915520336951674471e+04
2.239429914414875748e+04
2.030398759224487731e+04
-2.108875885793203997e+04
2.541440613092177227e+04
2.863241396310903656e+04
2.808474147997772525e+04
2.844904991244483608e+04
2.988561857175904879e+04
2.573048612732074980e+04
-1.792924184132767186e+04
2.617243431086272540e+04
2.692763097513067260e+04
2.393234677470982570e+04
2.194176485623016924e+04
2.119227811289006058e+04
1.509222343132161041e+04
-3.020514201237416273e+04
1.262400409725445934e+04
1.251930831197605949e+04
9.112326247626360782e+03
7.180483733336049227e+03
6.968147567479404643e+03
1.876828126587099177e+03
-4.196192926658922806e+04
2.739473000709050211e+03
4.870770846270523180e+03
4.001187841748059782e+03
4.835068125572874123e+03
7.534982967631051906e+03
5.414278285642887568e+03
-3.548744521427914879e+04
1.202444420405267192e+04
1.674854416974931519e+04
1.816762202160912420e+04
2.090702176970019354e+04
2.506037907111729874e+04
2.388452966185964397e+04
-1.662297309312310608e+04
3.070656411957104137e+04
3.466310668245943816e+04
3.473879900296900450e+04
3.558654894439143391e+04
3.734537793744089140e+04
3.333442119961903518e+04
-1.037099136420700052e+04
3.348915276689874008e+04
