0.000000000000000000e+00
0.000000000000000000e+00
0.000000000000000000e+00
0.000000000000000000e+00
0.000000000000000000e+00
0.000000000000000000e+00
0.000000000000000000e+00
0.000000000000000000e+00
0.000000000000000000e+00
0.000000000000000000e+00
0.000000000000000000e+00
1.000000000000000000e+00
1.000000000000000000e+00
1.000000000000000000e+00
1.000000000000000000e+00
1.000000000000000000e+00
1.000000000000000000e+00
1.000000000000000000e+00
1.000000000000000000e+00
1.000000000000000000e+00
1.000000000000000000e+00
1.000000000000000000e+00
1.000000000000000000e+00
1.000000000000000000e+00
1.000000000000000000e+00
1.000000000000000000e+00
1.000000000000000000e+00
1.000000000000000000e+00
1.000000000000000000e+00
1.000000000000000000e+00
1.000000000000000000e+00
1.000000000000000000e+00
1.000000000000000000e+00
1.000000000000000000e+00
1.000000000000000000e+00
1.000000000000000000e+00
1.000000000000000000e+00
1.000000000000000000e+00
1.000000000000000000e+00
1.000000000000000000e+00
1.000000000000000000e+00
1.000000000000000000e+00
1.000000000000000000e+00
1.000000000000000000e+00
1.000000000000000000e+00
1.000000000000000000e+00
1.000000000000000000e+00
1.000000000000000000e+00
1.000000000000000000e+00
1.000000000000000000e+00
2.000000000000000000e+00
5.000000000000000000e+00
8.000000000000000000e+00
1.100000000000000000e+01
1.200000000000000000e+01
1.200000000000000000e+01
1.900000000000000000e+01
1.700000000000000000e+01
1.800000000000000000e+01
1.900000000000000000e+01
2.500000000000000000e+01
3.300000000000000000e+01
3.500000000000000000e+01
3.800000000000000000e+01
4.500000000000000000e+01
5.400000000000000000e+01
6.800000000000000000e+01
7.100000000000000000e+01
7.800000000000000000e+01
8.800000000000000000e+01
9.600000000000000000e+01
1.070000000000000000e+02
1.360000000000000000e+02
1.440000000000000000e+02
1.520000000000000000e+02
1.630000000000000000e+02
1.770000000000000000e+02
1.820000000000000000e+02
2.030000000000000000e+02
2.210000000000000000e+02
2.470000000000000000e+02
2.970000000000000000e+02
3.150000000000000000e+02
3.350000000000000000e+02
3.490000000000000000e+02
3.620000000000000000e+02
3.870000000000000000e+02
3.970000000000000000e+02
4.090000000000000000e+02
4.280000000000000000e+02
4.370000000000000000e+02
4.460000000000000000e+02
4.620000000000000000e+02
4.770000000000000000e+02
4.940000000000000000e+02
5.010000000000000000e+02
5.110000000000000000e+02
5.300000000000000000e+02
5.580000000000000000e+02
5.680000000000000000e+02
5.790000000000000000e+02
6.030000000000000000e+02
6.070000000000000000e+02
6.230000000000000000e+02
6.370000000000000000e+02
6.580000000000000000e+02
6.850000000000000000e+02
6.960000000000000000e+02
7.040000000000000000e+02
7.190000000000000000e+02
7.260000000000000000e+02
7.510000000000000000e+02
7.720000000000000000e+02
7.900000000000000000e+02
8.060000000000000000e+02
8.170000000000000000e+02
8.240000000000000000e+02
8.310000000000000000e+02
8.370000000000000000e+02
8.420000000000000000e+02
8.460000000000000000e+02
8.570000000000000000e+02
8.630000000000000000e+02
8.680000000000000000e+02
8.730000000000000000e+02
8.860000000000000000e+02
9.040000000000000000e+02
9.210000000000000000e+02
9.420000000000000000e+02
9.500000000000000000e+02
9.570000000000000000e+02
9.600000000000000000e+02
9.660000000000000000e+02
9.740000000000000000e+02
9.840000000000000000e+02
9.870000000000000000e+02
9.940000000000000000e+02
1.003000000000000000e+03
1.011000000000000000e+03
1.017000000000000000e+03
1.027000000000000000e+03
1.036000000000000000e+03
1.052000000000000000e+03
1.074000000000000000e+03
1.088000000000000000e+03
1.098000000000000000e+03
1.103000000000000000e+03
1.108000000000000000e+03
1.116000000000000000e+03
1.130000000000000000e+03
1.150000000000000000e+03
1.169000000000000000e+03
1.177000000000000000e+03
1.186000000000000000e+03
1.204000000000000000e+03
1.212000000000000000e+03
1.224000000000000000e+03
1.236000000000000000e+03
1.244000000000000000e+03
1.255000000000000000e+03
1.266000000000000000e+03
1.270000000000000000e+03
1.274000000000000000e+03
1.280000000000000000e+03
1.290000000000000000e+03
1.297000000000000000e+03
1.303000000000000000e+03
1.309000000000000000e+03
1.314000000000000000e+03
1.314000000000000000e+03
1.360000000000000000e+03
1.372000000000000000e+03
1.534000000000000000e+03
1.599000000000000000e+03
1.603000000000000000e+03
1.614000000000000000e+03
1.643000000000000000e+03
1.660000000000000000e+03
1.773000000000000000e+03
1.831000000000000000e+03
1.835000000000000000e+03
1.837000000000000000e+03
1.843000000000000000e+03
1.871000000000000000e+03
1.879000000000000000e+03
1.897000000000000000e+03
1.932000000000000000e+03
1.945000000000000000e+03
1.947000000000000000e+03
1.962000000000000000e+03
1.983000000000000000e+03
2.023000000000000000e+03
2.039000000000000000e+03
2.059000000000000000e+03
2.104000000000000000e+03
2.115000000000000000e+03
2.123000000000000000e+03
2.150000000000000000e+03
2.168000000000000000e+03
2.209000000000000000e+03
2.270000000000000000e+03
2.294000000000000000e+03
2.312000000000000000e+03
2.404000000000000000e+03
2.426000000000000000e+03
2.442000000000000000e+03
2.600000000000000000e+03
2.665000000000000000e+03
2.681000000000000000e+03
2.687000000000000000e+03
2.795000000000000000e+03
2.883000000000000000e+03
2.940000000000000000e+03
2.966000000000000000e+03
2.998000000000000000e+03
3.010000000000000000e+03
3.038000000000000000e+03
3.137000000000000000e+03
3.234000000000000000e+03
3.325000000000000000e+03
3.419000000000000000e+03
3.520000000000000000e+03
3.558000000000000000e+03
3.597000000000000000e+03
3.623000000000000000e+03
3.688000000000000000e+03
3.737000000000000000e+03
3.790000000000000000e+03
3.875000000000000000e+03
3.890000000000000000e+03
3.916000000000000000e+03
3.986000000000000000e+03
4.066000000000000000e+03
4.108000000000000000e+03
4.292000000000000000e+03
4.371000000000000000e+03
4.630000000000000000e+03
4.663000000000000000e+03
4.732000000000000000e+03
4.785000000000000000e+03
4.830000000000000000e+03
4.930000000000000000e+03
4.984000000000000000e+03
4.999000000000000000e+03
5.049000000000000000e+03
5.091000000000000000e+03
5.127000000000000000e+03
5.196000000000000000e+03
5.284000000000000000e+03
5.344000000000000000e+03
5.381000000000000000e+03
5.448000000000000000e+03
5.504000000000000000e+03
5.562000000000000000e+03
5.616000000000000000e+03
5.678000000000000000e+03
5.776000000000000000e+03
5.840000000000000000e+03
5.865000000000000000e+03
5.925000000000000000e+03
6.069000000000000000e+03
6.152000000000000000e+03
6.238000000000000000e+03
6.321000000000000000e+03
6.332000000000000000e+03
6.372000000000000000e+03
6.449000000000000000e+03
6.497000000000000000e+03
6.531000000000000000e+03
6.603000000000000000e+03
6.652000000000000000e+03
6.675000000000000000e+03
6.690000000000000000e+03
6.747000000000000000e+03
6.783000000000000000e+03
6.915000000000000000e+03
6.934000000000000000e+03
6.977000000000000000e+03
7.039000000000000000e+03
7.053000000000000000e+03
7.114000000000000000e+03
7.147000000000000000e+03
7.185000000000000000e+03
7.221000000000000000e+03
7.238000000000000000e+03
7.269000000000000000e+03
7.318000000000000000e+03
7.367000000000000000e+03
7.409000000000000000e+03
7.461000000000000000e+03
7.485000000000000000e+03
7.539000000000000000e+03
7.647000000000000000e+03
7.661000000000000000e+03
7.710000000000000000e+03
7.721000000000000000e+03
7.752000000000000000e+03
7.791000000000000000e+03
7.832000000000000000e+03
7.839000000000000000e+03
7.862000000000000000e+03
7.957000000000000000e+03
7.998000000000000000e+03
8.025000000000000000e+03
8.080000000000000000e+03
8.123000000000000000e+03
8.173000000000000000e+03
8.185000000000000000e+03
8.215000000000000000e+03
8.242000000000000000e+03
8.255000000000000000e+03
8.333000000000000000e+03
8.373000000000000000e+03
8.392000000000000000e+03
8.418000000000000000e+03
8.436000000000000000e+03
8.446000000000000000e+03
8.509000000000000000e+03
8.526000000000000000e+03
8.554000000000000000e+03
8.572000000000000000e+03
8.670000000000000000e+03
8.677000000000000000e+03
8.701000000000000000e+03
8.709000000000000000e+03
8.730000000000000000e+03
8.733000000000000000e+03
8.757000000000000000e+03
8.812000000000000000e+03
8.833000000000000000e+03
8.850000000000000000e+03
8.875000000000000000e+03
8.911000000000000000e+03
8.947000000000000000e+03
8.957000000000000000e+03
9.021000000000000000e+03
9.048000000000000000e+03
9.055000000000000000e+03
9.062000000000000000e+03
9.067000000000000000e+03
9.109000000000000000e+03
9.124000000000000000e+03
9.162000000000000000e+03
9.230000000000000000e+03
9.244000000000000000e+03
9.248000000000000000e+03
9.253000000000000000e+03
9.257000000000000000e+03
9.263000000000000000e+03
9.321000000000000000e+03
9.347000000000000000e+03
9.356000000000000000e+03
9.364000000000000000e+03
9.398000000000000000e+03
9.405000000000000000e+03
9.416000000000000000e+03
9.554000000000000000e+03
9.699000000000000000e+03
9.739000000000000000e+03
9.876000000000000000e+03
9.884000000000000000e+03
9.895000000000000000e+03
9.909000000000000000e+03
9.978000000000000000e+03
1.004200000000000000e+04
1.011600000000000000e+04
1.013600000000000000e+04
1.019000000000000000e+04
1.024200000000000000e+04
1.029200000000000000e+04
1.038600000000000000e+04
1.048100000000000000e+04
1.055200000000000000e+04
1.060000000000000000e+04
1.066900000000000000e+04
1.074900000000000000e+04
1.080700000000000000e+04
1.087400000000000000e+04
1.094200000000000000e+04
1.099700000000000000e+04
1.105800000000000000e+04
1.111000000000000000e+04
1.117900000000000000e+04
1.123100000000000000e+04
1.129600000000000000e+04
1.140100000000000000e+04
1.146900000000000000e+04
1.149500000000000000e+04
1.150700000000000000e+04
1.151500000000000000e+04
1.151700000000000000e+04
1.152400000000000000e+04
1.157700000000000000e+04
1.167300000000000000e+04
1.182900000000000000e+04
1.206800000000000000e+04
1.208800000000000000e+04
1.209400000000000000e+04
1.210700000000000000e+04
1.212900000000000000e+04
1.220100000000000000e+04
1.224700000000000000e+04
1.228900000000000000e+04
1.231800000000000000e+04
1.232200000000000000e+04
1.236900000000000000e+04
1.238900000000000000e+04
1.240400000000000000e+04
1.242300000000000000e+04
1.246500000000000000e+04
1.251600000000000000e+04
1.252100000000000000e+04
1.252800000000000000e+04
1.254500000000000000e+04
1.260800000000000000e+04
1.269400000000000000e+04
1.276600000000000000e+04
1.282900000000000000e+04
1.283700000000000000e+04
1.284800000000000000e+04
1.286600000000000000e+04
1.288700000000000000e+04
1.290000000000000000e+04
1.293000000000000000e+04
1.296800000000000000e+04
1.297200000000000000e+04
1.299200000000000000e+04
1.303900000000000000e+04
1.309500000000000000e+04
1.314900000000000000e+04
1.315900000000000000e+04
1.317000000000000000e+04
1.318600000000000000e+04
1.319100000000000000e+04
1.329700000000000000e+04
1.330300000000000000e+04
1.332000000000000000e+04
1.342300000000000000e+04
1.342500000000000000e+04
1.343500000000000000e+04
1.381700000000000000e+04
1.405900000000000000e+04
1.411900000000000000e+04
1.452000000000000000e+04
1.474400000000000000e+04
1.494500000000000000e+04
1.514900000000000000e+04
1.528600000000000000e+04
1.544700000000000000e+04
1.559400000000000000e+04
1.573800000000000000e+04
1.581000000000000000e+04
1.596000000000000000e+04
1.604800000000000000e+04
1.614100000000000000e+04
1.626500000000000000e+04
1.637000000000000000e+04
1.652900000000000000e+04
1.667400000000000000e+04
1.678300000000000000e+04
1.685300000000000000e+04
1.691600000000000000e+04
1.703100000000000000e+04
1.714500000000000000e+04
1.723400000000000000e+04
1.735400000000000000e+04
1.743100000000000000e+04
1.752500000000000000e+04
1.762200000000000000e+04
1.780000000000000000e+04
1.799100000000000000e+04
1.809900000000000000e+04
1.826900000000000000e+04
1.847200000000000000e+04
1.856200000000000000e+04
1.862000000000000000e+04
1.871400000000000000e+04
1.882100000000000000e+04
1.895800000000000000e+04
1.905100000000000000e+04
1.919100000000000000e+04
1.926200000000000000e+04
1.937200000000000000e+04
1.950700000000000000e+04
1.964100000000000000e+04
1.976300000000000000e+04
1.994600000000000000e+04
1.995100000000000000e+04
1.998300000000000000e+04
2.001900000000000000e+04
2.016900000000000000e+04
2.037900000000000000e+04
2.056600000000000000e+04
2.072200000000000000e+04
2.086000000000000000e+04
2.096600000000000000e+04
2.101200000000000000e+04
2.115800000000000000e+04
2.135700000000000000e+04
2.153700000000000000e+04
2.173200000000000000e+04
2.189800000000000000e+04
2.196900000000000000e+04
2.206400000000000000e+04
2.219000000000000000e+04
2.231200000000000000e+04
2.250700000000000000e+04
2.265200000000000000e+04
2.278800000000000000e+04
2.284500000000000000e+04
2.296300000000000000e+04
2.312100000000000000e+04
2.327600000000000000e+04
2.338500000000000000e+04
2.353800000000000000e+04
2.362100000000000000e+04
2.374900000000000000e+04
2.380900000000000000e+04
2.392800000000000000e+04
2.403600000000000000e+04
2.415200000000000000e+04
2.424400000000000000e+04
2.437200000000000000e+04
2.445600000000000000e+04
2.455700000000000000e+04
2.466200000000000000e+04
2.479700000000000000e+04
2.497300000000000000e+04
2.506300000000000000e+04
2.514900000000000000e+04
2.519200000000000000e+04
2.529600000000000000e+04
2.545900000000000000e+04
2.565000000000000000e+04
2.572000000000000000e+04
2.581600000000000000e+04
2.592100000000000000e+04
2.601500000000000000e+04
2.609200000000000000e+04
2.623200000000000000e+04
2.631400000000000000e+04
2.647600000000000000e+04
2.659800000000000000e+04
2.671400000000000000e+04
2.678600000000000000e+04
2.684400000000000000e+04
2.687400000000000000e+04
2.689100000000000000e+04
2.689100000000000000e+04
2.713100000000000000e+04
2.722400000000000000e+04
2.724700000000000000e+04
2.731800000000000000e+04
2.740100000000000000e+04
2.757700000000000000e+04
2.772200000000000000e+04
2.788900000000000000e+04
2.801600000000000000e+04
2.809300000000000000e+04
2.814100000000000000e+04
2.823100000000000000e+04
2.842700000000000000e+04
2.867300000000000000e+04
2.883500000000000000e+04
2.912200000000000000e+04
2.912800000000000000e+04
2.922000000000000000e+04
2.937400000000000000e+04
2.953900000000000000e+04
2.983800000000000000e+04
3.007000000000000000e+04
3.034000000000000000e+04
3.036600000000000000e+04
3.046200000000000000e+04
3.062300000000000000e+04
3.088100000000000000e+04
3.119800000000000000e+04
3.159600000000000000e+04
3.181000000000000000e+04
3.196100000000000000e+04
3.226400000000000000e+04
3.249200000000000000e+04
3.272800000000000000e+04
3.284100000000000000e+04
3.300800000000000000e+04
3.310900000000000000e+04
3.333000000000000000e+04
3.344800000000000000e+04
3.353300000000000000e+04
3.368000000000000000e+04
3.387300000000000000e+04
3.406200000000000000e+04
3.423400000000000000e+04
3.433700000000000000e+04
3.449800000000000000e+04
3.467200000000000000e+04
3.473300000000000000e+04
3.489900000000000000e+04
3.497800000000000000e+04
3.514500000000000000e+04
3.530700000000000000e+04
3.552900000000000000e+04
3.574200000000000000e+04
3.601800000000000000e+04
3.632800000000000000e+04
3.658300000000000000e+04
3.678800000000000000e+04
3.693400000000000000e+04
3.707400000000000000e+04
3.722800000000000000e+04
3.740500000000000000e+04
3.740500000000000000e+04
3.740500000000000000e+04
3.740500000000000000e+04
3.749400000000000000e+04
3.768600000000000000e+04
3.816400000000000000e+04
3.829400000000000000e+04
3.849300000000000000e+04
3.865600000000000000e+04
3.876800000000000000e+04
3.882800000000000000e+04
3.882800000000000000e+04
3.882800000000000000e+04
3.883700000000000000e+04
3.923200000000000000e+04
3.950500000000000000e+04
3.962400000000000000e+04
3.966000000000000000e+04
3.989600000000000000e+04
4.006900000000000000e+04
4.022100000000000000e+04
4.042400000000000000e+04
4.058000000000000000e+04
4.067500000000000000e+04
4.076100000000000000e+04
4.097200000000000000e+04
4.097700000000000000e+04
4.123700000000000000e+04
4.152000000000000000e+04
4.158500000000000000e+04
4.179300000000000000e+04
4.194200000000000000e+04
4.207700000000000000e+04
4.234800000000000000e+04
4.257500000000000000e+04
4.262100000000000000e+04
4.304400000000000000e+04
4.317200000000000000e+04
4.327600000000000000e+04
4.340400000000000000e+04
4.358600000000000000e+04
4.382500000000000000e+04
4.408500000000000000e+04
4.423900000000000000e+04
4.443000000000000000e+04
4.452100000000000000e+04
4.456700000000000000e+04
4.466500000000000000e+04
4.486600000000000000e+04
4.503500000000000000e+04
4.527200000000000000e+04
4.558100000000000000e+04
4.570900000000000000e+04
4.580800000000000000e+04
4.611700000000000000e+04
4.642200000000000000e+04
4.669800000000000000e+04
4.690300000000000000e+04
4.707400000000000000e+04
4.728800000000000000e+04
4.748200000000000000e+04
4.768200000000000000e+04
4.787500000000000000e+04
4.801700000000000000e+04
4.820500000000000000e+04
4.836100000000000000e+04
4.850100000000000000e+04
4.854500000000000000e+04
4.871200000000000000e+04
4.875200000000000000e+04
4.898700000000000000e+04
4.923000000000000000e+04
4.938600000000000000e+04
4.949900000000000000e+04
4.959100000000000000e+04
4.976100000000000000e+04
4.993600000000000000e+04
4.996100000000000000e+04
5.009600000000000000e+04
5.028000000000000000e+04
5.034100000000000000e+04
5.035100000000000000e+04
5.044900000000000000e+04
5.049600000000000000e+04
5.057000000000000000e+04
5.067500000000000000e+04
5.073900000000000000e+04
5.078400000000000000e+04
5.079400000000000000e+04
5.091600000000000000e+04
5.098100000000000000e+04
5.105000000000000000e+04
5.118700000000000000e+04
5.120000000000000000e+04
5.121100000000000000e+04
5.121300000000000000e+04
5.124100000000000000e+04
5.137300000000000000e+04
5.150400000000000000e+04
5.154500000000000000e+04
5.157000000000000000e+04
5.158600000000000000e+04
5.160400000000000000e+04
5.166200000000000000e+04
5.174300000000000000e+04
5.187100000000000000e+04
5.213500000000000000e+04
5.215000000000000000e+04
5.229300000000000000e+04
5.251100000000000000e+04
5.265400000000000000e+04
5.273600000000000000e+04
5.281500000000000000e+04
5.285800000000000000e+04
5.290700000000000000e+04
5.292900000000000000e+04
5.296200000000000000e+04
5.304400000000000000e+04
5.315300000000000000e+04
5.330900000000000000e+04
5.340600000000000000e+04
5.347200000000000000e+04
5.351900000000000000e+04
5.359800000000000000e+04
5.366400000000000000e+04
5.373600000000000000e+04
5.380100000000000000e+04
5.387100000000000000e+04
5.389100000000000000e+04
5.400300000000000000e+04
5.405400000000000000e+04
5.409700000000000000e+04
5.416800000000000000e+04
5.421400000000000000e+04
5.421400000000000000e+04
5.452600000000000000e+04
5.453800000000000000e+04
5.462100000000000000e+04
5.469000000000000000e+04
5.478300000000000000e+04
5.485400000000000000e+04
5.493000000000000000e+04
5.493000000000000000e+04
5.509400000000000000e+04
5.514600000000000000e+04
5.522300000000000000e+04
5.533000000000000000e+04
5.540900000000000000e+04
5.560700000000000000e+04
5.568400000000000000e+04
5.576300000000000000e+04
5.577600000000000000e+04
5.597700000000000000e+04
5.616500000000000000e+04
5.622400000000000000e+04
5.635100000000000000e+04
5.640100000000000000e+04
5.645100000000000000e+04
5.645100000000000000e+04
5.650400000000000000e+04
5.653800000000000000e+04
5.677000000000000000e+04
5.687900000000000000e+04
5.702300000000000000e+04
5.706600000000000000e+04
5.707200000000000000e+04
5.718200000000000000e+04
5.725800000000000000e+04
5.731700000000000000e+04
5.744100000000000000e+04
5.761000000000000000e+04
5.762500000000000000e+04
5.762500000000000000e+04
5.773500000000000000e+04
5.788000000000000000e+04
5.799900000000000000e+04
5.802300000000000000e+04
5.826300000000000000e+04
5.827600000000000000e+04
5.828100000000000000e+04
5.856300000000000000e+04
5.877100000000000000e+04
5.883100000000000000e+04
5.888400000000000000e+04
5.901500000000000000e+04
5.903000000000000000e+04
5.903800000000000000e+04
5.912500000000000000e+04
5.924900000000000000e+04
5.929800000000000000e+04
5.932400000000000000e+04
5.934300000000000000e+04
5.936500000000000000e+04
5.937000000000000000e+04
5.942200000000000000e+04
5.959100000000000000e+04
5.966000000000000000e+04
5.973000000000000000e+04
5.976900000000000000e+04
5.977700000000000000e+04
5.977800000000000000e+04
5.989100000000000000e+04
5.993200000000000000e+04
5.995600000000000000e+04
5.996400000000000000e+04
5.996900000000000000e+04
5.997600000000000000e+04
5.998200000000000000e+04
5.999000000000000000e+04
6.005600000000000000e+04
6.011800000000000000e+04
6.017900000000000000e+04
6.018200000000000000e+04
6.019400000000000000e+04
6.019500000000000000e+04
6.021500000000000000e+04
6.026700000000000000e+04
6.030500000000000000e+04
6.034100000000000000e+04
6.039700000000000000e+04
6.041000000000000000e+04
6.041200000000000000e+04
6.043900000000000000e+04
6.043900000000000000e+04
6.043900000000000000e+04
6.043900000000000000e+04
6.043900000000000000e+04
6.043900000000000000e+04
6.043900000000000000e+04
6.043900000000000000e+04
6.045200000000000000e+04
6.045500000000000000e+04
6.045500000000000000e+04
6.045500000000000000e+04
6.045800000000000000e+04
6.045200000000000000e+04
6.045200000000000000e+04
6.045200000000000000e+04
6.045500000000000000e+04
6.045500000000000000e+04
6.045500000000000000e+04
6.045500000000000000e+04
6.045500000000000000e+04
6.045500000000000000e+04
6.045500000000000000e+04
6.045500000000000000e+04
6.045500000000000000e+04
6.045500000000000000e+04
6.045500000000000000e+04
6.045500000000000000e+04
6.045500000000000000e+04
6.045500000000000000e+04
6.045600000000000000e+04
6.045600000000000000e+04
6.045600000000000000e+04
6.045600000000000000e+04
6.045600000000000000e+04
6.045600000000000000e+04
6.045600000000000000e+04
6.046100000000000000e+04
6.046100000000000000e+04
6.046100000000000000e+04
6.046100000000000000e+04
6.046100000000000000e+04
6.046100000000000000e+04
6.046100000000000000e+04
6.046700000000000000e+04
6.046700000000000000e+04
6.046700000000000000e+04
6.046700000000000000e+04
6.047600000000000000e+04
6.048400000000000000e+04
6.049500000000000000e+04
6.050700000000000000e+04
6.050700000000000000e+04
6.051800000000000000e+04
6.051800000000000000e+04
6.053100000000000000e+04
6.054200000000000000e+04
6.055500000000000000e+04
6.056500000000000000e+04
6.057800000000000000e+04
6.059200000000000000e+04
6.060200000000000000e+04
6.061000000000000000e+04
6.062200000000000000e+04
6.062500000000000000e+04
6.063900000000000000e+04
6.063900000000000000e+04
6.064000000000000000e+04
6.064000000000000000e+04
6.064000000000000000e+04
6.064000000000000000e+04
6.064100000000000000e+04
6.064100000000000000e+04
6.064100000000000000e+04
6.064100000000000000e+04
6.064100000000000000e+04
6.064100000000000000e+04
6.064100000000000000e+04
6.064100000000000000e+04
6.065600000000000000e+04
6.067000000000000000e+04
6.068300000000000000e+04
6.069400000000000000e+04
6.069400000000000000e+04
6.069400000000000000e+04
6.070400000000000000e+04
6.071800000000000000e+04
6.071900000000000000e+04
6.072700000000000000e+04
6.073700000000000000e+04
6.074900000000000000e+04
6.076200000000000000e+04
6.077300000000000000e+04
6.077400000000000000e+04
6.078900000000000000e+04
6.080700000000000000e+04
6.083700000000000000e+04
6.086400000000000000e+04
6.088900000000000000e+04
6.091600000000000000e+04
6.094400000000000000e+04
6.099200000000000000e+04
6.103600000000000000e+04
6.107800000000000000e+04
6.112700000000000000e+04
6.117300000000000000e+04
6.122100000000000000e+04
6.126100000000000000e+04
6.130800000000000000e+04
6.135700000000000000e+04
6.138600000000000000e+04
6.142600000000000000e+04
6.147600000000000000e+04
6.151900000000000000e+04
6.155900000000000000e+04
6.161300000000000000e+04
6.166700000000000000e+04
6.172000000000000000e+04
6.177300000000000000e+04
6.181400000000000000e+04
6.186400000000000000e+04
6.191000000000000000e+04
6.196200000000000000e+04
6.201100000000000000e+04
6.206200000000000000e+04
6.211800000000000000e+04
6.216700000000000000e+04
6.220600000000000000e+04
6.224900000000000000e+04
6.228800000000000000e+04
6.230400000000000000e+04
6.234200000000000000e+04
6.238200000000000000e+04
6.241600000000000000e+04
6.244700000000000000e+04
6.247900000000000000e+04
6.251400000000000000e+04
6.254900000000000000e+04
6.258700000000000000e+04
6.262000000000000000e+04
6.265700000000000000e+04
6.269500000000000000e+04
6.273000000000000000e+04
6.275900000000000000e+04
6.279000000000000000e+04
6.281900000000000000e+04
6.284900000000000000e+04
6.288200000000000000e+04
6.291600000000000000e+04
6.294700000000000000e+04
6.298100000000000000e+04
6.301300000000000000e+04
6.304200000000000000e+04
6.307800000000000000e+04
6.311100000000000000e+04
6.314900000000000000e+04
6.319100000000000000e+04
6.323000000000000000e+04
6.326400000000000000e+04
6.329700000000000000e+04
6.332900000000000000e+04
6.336300000000000000e+04
6.340300000000000000e+04
6.343900000000000000e+04
6.347700000000000000e+04
6.351000000000000000e+04
6.354700000000000000e+04
6.358100000000000000e+04
6.362500000000000000e+04
6.366900000000000000e+04
6.370600000000000000e+04
6.374200000000000000e+04
6.377900000000000000e+04
6.381400000000000000e+04
6.384600000000000000e+04
6.388300000000000000e+04
6.392100000000000000e+04
6.395900000000000000e+04
6.399500000000000000e+04
6.403300000000000000e+04
6.407400000000000000e+04
6.410900000000000000e+04
6.414500000000000000e+04
6.417900000000000000e+04
6.421100000000000000e+04
6.424000000000000000e+04
6.427400000000000000e+04
6.429100000000000000e+04
6.429800000000000000e+04
6.432200000000000000e+04
6.432900000000000000e+04
6.435500000000000000e+04
6.438200000000000000e+04
6.438700000000000000e+04
6.440500000000000000e+04
6.442000000000000000e+04
6.443200000000000000e+04
6.444100000000000000e+04
6.445800000000000000e+04
6.446800000000000000e+04
6.447600000000000000e+04
6.448500000000000000e+04
6.450000000000000000e+04
6.450400000000000000e+04
6.452400000000000000e+04
6.454800000000000000e+04
6.457100000000000000e+04
6.459400000000000000e+04
6.460800000000000000e+04
6.462000000000000000e+04
6.464100000000000000e+04
6.465800000000000000e+04
6.468200000000000000e+04
6.470100000000000000e+04
6.472500000000000000e+04
6.475000000000000000e+04
6.477000000000000000e+04
6.479400000000000000e+04
6.482000000000000000e+04
6.484500000000000000e+04
6.485600000000000000e+04
6.488000000000000000e+04
6.490200000000000000e+04
6.492100000000000000e+04
6.494400000000000000e+04
6.496800000000000000e+04
6.499500000000000000e+04
6.503400000000000000e+04
6.506400000000000000e+04
6.509400000000000000e+04
6.512700000000000000e+04
6.514200000000000000e+04
6.517200000000000000e+04
6.519300000000000000e+04
6.521500000000000000e+04
6.523600000000000000e+04
6.526200000000000000e+04
6.528300000000000000e+04
6.530900000000000000e+04
6.533200000000000000e+04
6.535900000000000000e+04
6.538500000000000000e+04
6.539700000000000000e+04
6.541500000000000000e+04
6.543500000000000000e+04
6.544500000000000000e+04
6.545100000000000000e+04
6.545400000000000000e+04
6.546400000000000000e+04
6.547600000000000000e+04
6.548600000000000000e+04
6.549800000000000000e+04
6.550900000000000000e+04
6.552600000000000000e+04
6.555300000000000000e+04
6.557500000000000000e+04
6.559000000000000000e+04
