0.000000000000000000e+00
0.000000000000000000e+00
0.000000000000000000e+00
0.000000000000000000e+00
0.000000000000000000e+00
0.000000000000000000e+00
0.000000000000000000e+00
0.000000000000000000e+00
0.000000000000000000e+00
0.000000000000000000e+00
0.000000000000000000e+00
0.000000000000000000e+00
0.000000000000000000e+00
0.000000000000000000e+00
0.000000000000000000e+00
0.000000000000000000e+00
0.000000000000000000e+00
0.000000000000000000e+00
0.000000000000000000e+00
0.000000000000000000e+00
0.000000000000000000e+00
1.000000000000000000e+00
0.000000000000000000e+00
0.000000000000000000e+00
0.000000000000000000e+00
0.000000000000000000e+00
0.000000000000000000e+00
0.000000000000000000e+00
0.000000000000000000e+00
0.000000000000000000e+00
0.000000000000000000e+00
0.000000000000000000e+00
0.000000000000000000e+00
0.000000000000000000e+00
0.000000000000000000e+00
0.000000000000000000e+00
0.000000000000000000e+00
0.000000000000000000e+00
0.000000000000000000e+00
0.000000000000000000e+00
0.000000000000000000e+00
0.000000000000000000e+00
0.000000000000000000e+00
0.000000000000000000e+00
0.000000000000000000e+00
0.000000000000000000e+00
0.000000000000000000e+00
0.000000000000000000e+00
1.000000000000000000e+00
0.000000000000000000e+00
0.000000000000000000e+00
0.000000000000000000e+00
0.000000000000000000e+00
0.000000000000000000e+00
0.000000000000000000e+00
3.000000000000000000e+00
0.000000000000000000e+00
3.000000000000000000e+00
0.000000000000000000e+00
5.000000000000000000e+00
4.000000000000000000e+00
0.000000000000000000e+00
3.000000000000000000e+00
6.000000000000000000e+00
2.000000000000000000e+00
3.000000000000000000e+00
4.000000000000000000e+00
7.000000000000000000e+00
0.000000000000000000e+00
7.000000000000000000e+00
1.000000000000000000e+00
1.000000000000000000e+00
1.000000000000000000e+00
5.000000000000000000e+00
7.000000000000000000e+00
9.000000000000000000e+00
1.100000000000000000e+01
1.200000000000000000e+01
2.800000000000000000e+01
1.600000000000000000e+01
1.700000000000000000e+01
4.000000000000000000e+01
4.500000000000000000e+01
5.300000000000000000e+01
5.800000000000000000e+01
8.200000000000000000e+01
5.200000000000000000e+01
2.900000000000000000e+01
5.600000000000000000e+01
4.100000000000000000e+01
4.100000000000000000e+01
3.900000000000000000e+01
2.900000000000000000e+01
4.000000000000000000e+01
3.000000000000000000e+01
7.000000000000000000e+01
7.000000000000000000e+01
4.300000000000000000e+01
4.800000000000000000e+01
2.000000000000000000e+01
4.100000000000000000e+01
4.000000000000000000e+01
9.000000000000000000e+01
1.010000000000000000e+02
9.300000000000000000e+01
9.800000000000000000e+01
1.120000000000000000e+02
1.160000000000000000e+02
1.080000000000000000e+02
8.200000000000000000e+01
7.500000000000000000e+01
1.070000000000000000e+02
1.450000000000000000e+02
8.600000000000000000e+01
1.230000000000000000e+02
1.010000000000000000e+02
7.400000000000000000e+01
9.400000000000000000e+01
1.140000000000000000e+02
8.900000000000000000e+01
6.800000000000000000e+01
9.200000000000000000e+01
8.500000000000000000e+01
7.200000000000000000e+01
7.400000000000000000e+01
8.900000000000000000e+01
9.400000000000000000e+01
9.200000000000000000e+01
1.220000000000000000e+02
8.800000000000000000e+01
1.010000000000000000e+02
7.000000000000000000e+01
8.400000000000000000e+01
9.000000000000000000e+01
9.500000000000000000e+01
8.200000000000000000e+01
1.110000000000000000e+02
8.900000000000000000e+01
1.070000000000000000e+02
9.900000000000000000e+01
1.590000000000000000e+02
2.700000000000000000e+02
2.890000000000000000e+02
2.520000000000000000e+02
2.480000000000000000e+02
2.980000000000000000e+02
3.000000000000000000e+02
2.680000000000000000e+02
2.700000000000000000e+02
2.880000000000000000e+02
2.720000000000000000e+02
2.430000000000000000e+02
2.500000000000000000e+02
2.990000000000000000e+02
2.140000000000000000e+02
2.540000000000000000e+02
2.720000000000000000e+02
2.480000000000000000e+02
2.560000000000000000e+02
2.700000000000000000e+02
2.770000000000000000e+02
2.050000000000000000e+02
2.350000000000000000e+02
4.000000000000000000e+02
3.800000000000000000e+02
4.890000000000000000e+02
2.430000000000000000e+02
2.010000000000000000e+02
2.020000000000000000e+02
2.250000000000000000e+02
4.170000000000000000e+02
8.070000000000000000e+02
2.009000000000000000e+03
4.325000000000000000e+03
8.800000000000000000e+01
5.170000000000000000e+02
4.640000000000000000e+02
3.080000000000000000e+02
3.190000000000000000e+02
3.980000000000000000e+02
6.070000000000000000e+02
2.090000000000000000e+02
3.420000000000000000e+02
7.600000000000000000e+02
1.190000000000000000e+02
1.250000000000000000e+03
3.580000000000000000e+02
3.360000000000000000e+02
1.710000000000000000e+02
3.790000000000000000e+02
3.806800000000000000e+04
1.140000000000000000e+02
8.700000000000000000e+01
2.920000000000000000e+02
2.640000000000000000e+02
2.280000000000000000e+02
2.210000000000000000e+02
5.670000000000000000e+02
1.500000000000000000e+01
2.650000000000000000e+02
5.560000000000000000e+02
4.860000000000000000e+02
2.730000000000000000e+02
5.650000000000000000e+02
1.390000000000000000e+03
1.018000000000000000e+03
8.040000000000000000e+02
4.037700000000000000e+04
1.730000000000000000e+02
1.020000000000000000e+02
6.200000000000000000e+02
6.330000000000000000e+02
4.050000000000000000e+02
4.020000000000000000e+02
1.644600000000000000e+04
6.750000000000000000e+02
3.540000000000000000e+02
1.064000000000000000e+03
5.300000000000000000e+02
4.840000000000000000e+02
6.270000000000000000e+02
2.230200000000000000e+04
1.590000000000000000e+02
4.500000000000000000e+02
5.980000000000000000e+02
8.650000000000000000e+02
1.074000000000000000e+03
1.119000000000000000e+03
2.301900000000000000e+04
2.190000000000000000e+02
2.720000000000000000e+02
3.650000000000000000e+02
5.150000000000000000e+02
5.480000000000000000e+02
5.100000000000000000e+02
2.045200000000000000e+04
-6.400000000000000000e+01
-1.520000000000000000e+02
5.060000000000000000e+02
2.380000000000000000e+02
6.940000000000000000e+02
1.095000000000000000e+03
1.998000000000000000e+04
3.680000000000000000e+02
4.100000000000000000e+02
7.300000000000000000e+02
5.550000000000000000e+02
4.710000000000000000e+02
5.070000000000000000e+02
1.960400000000000000e+04
1.550000000000000000e+02
2.650000000000000000e+02
5.580000000000000000e+02
7.350000000000000000e+02
3.940000000000000000e+02
4.290000000000000000e+02
1.803300000000000000e+04
4.400000000000000000e+01
1.900000000000000000e+02
4.100000000000000000e+02
5.950000000000000000e+02
9.890000000000000000e+02
7.870000000000000000e+02
1.698100000000000000e+04
7.700000000000000000e+01
2.310000000000000000e+02
4.770000000000000000e+02
3.010000000000000000e+02
7.040000000000000000e+02
4.470000000000000000e+02
1.484600000000000000e+04
1.450000000000000000e+02
3.390000000000000000e+02
8.640000000000000000e+02
8.270000000000000000e+02
3.580000000000000000e+02
4.210000000000000000e+02
1.492400000000000000e+04
2.220000000000000000e+02
3.440000000000000000e+02
5.090000000000000000e+02
7.370000000000000000e+02
6.090000000000000000e+02
5.890000000000000000e+02
1.771400000000000000e+04
7.000000000000000000e+01
1.370000000000000000e+02
1.240000000000000000e+02
4.520000000000000000e+02
4.310000000000000000e+02
2.420000000000000000e+02
1.142200000000000000e+04
1.460000000000000000e+02
1.350000000000000000e+02
2.980000000000000000e+02
2.000000000000000000e+02
4.860000000000000000e+02
1.650000000000000000e+02
1.126100000000000000e+04
3.700000000000000000e+01
1.770000000000000000e+02
1.230000000000000000e+02
2.730000000000000000e+02
2.980000000000000000e+02
3.110000000000000000e+02
1.093800000000000000e+04
1.180000000000000000e+02
1.880000000000000000e+02
1.630000000000000000e+02
3.110000000000000000e+02
3.500000000000000000e+02
4.460000000000000000e+02
1.056200000000000000e+04
3.400000000000000000e+01
1.240000000000000000e+02
2.230000000000000000e+02
3.200000000000000000e+02
2.000000000000000000e+01
2.370000000000000000e+02
9.052000000000000000e+03
6.800000000000000000e+01
8.800000000000000000e+01
1.520000000000000000e+02
1.160000000000000000e+02
2.710000000000000000e+02
1.040000000000000000e+02
9.254000000000000000e+03
3.600000000000000000e+01
1.440000000000000000e+02
4.150000000000000000e+02
6.200000000000000000e+02
7.640000000000000000e+02
4.200000000000000000e+02
8.048000000000000000e+03
7.300000000000000000e+01
2.120000000000000000e+02
5.530000000000000000e+02
5.180000000000000000e+02
3.010000000000000000e+02
2.640000000000000000e+02
7.623000000000000000e+03
1.020000000000000000e+02
2.360000000000000000e+02
4.930000000000000000e+02
2.870000000000000000e+02
9.900000000000000000e+01
4.700000000000000000e+01
8.316000000000000000e+03
2.100000000000000000e+01
9.600000000000000000e+01
3.250000000000000000e+02
3.520000000000000000e+02
2.780000000000000000e+02
2.850000000000000000e+02
8.583000000000000000e+03
8.000000000000000000e+00
-3.400000000000000000e+01
3.510000000000000000e+02
7.290000000000000000e+02
4.850000000000000000e+02
3.960000000000000000e+02
5.858000000000000000e+03
-3.000000000000000000e+00
2.610000000000000000e+02
7.440000000000000000e+02
4.820000000000000000e+02
2.450000000000000000e+02
1.660000000000000000e+02
7.726000000000000000e+03
-1.900000000000000000e+02
1.000000000000000000e+00
1.190000000000000000e+02
5.400000000000000000e+01
1.690000000000000000e+02
1.390000000000000000e+02
1.164700000000000000e+04
2.300000000000000000e+01
3.700000000000000000e+01
1.100000000000000000e+02
2.060000000000000000e+02
3.470000000000000000e+02
1.910000000000000000e+02
1.133300000000000000e+04
-2.600000000000000000e+01
-8.000000000000000000e+00
2.070000000000000000e+02
3.640000000000000000e+02
3.190000000000000000e+02
1.270000000000000000e+02
1.096200000000000000e+04
1.200000000000000000e+01
4.100000000000000000e+01
2.370000000000000000e+02
1.300000000000000000e+02
6.260000000000000000e+02
3.310000000000000000e+02
9.723000000000000000e+03
3.100000000000000000e+01
6.700000000000000000e+01
3.800000000000000000e+02
7.210000000000000000e+02
5.400000000000000000e+02
2.830000000000000000e+02
9.406000000000000000e+03
8.000000000000000000e+01
1.120000000000000000e+02
3.150000000000000000e+02
2.590000000000000000e+02
1.700000000000000000e+02
1.430000000000000000e+02
1.050300000000000000e+04
5.900000000000000000e+01
1.660000000000000000e+02
2.150000000000000000e+02
3.780000000000000000e+02
2.410000000000000000e+02
2.540000000000000000e+02
1.334600000000000000e+04
6.500000000000000000e+01
1.590000000000000000e+02
3.630000000000000000e+02
4.310000000000000000e+02
3.720000000000000000e+02
5.820000000000000000e+02
1.527000000000000000e+04
9.600000000000000000e+01
6.110000000000000000e+02
1.057000000000000000e+03
5.440000000000000000e+02
6.270000000000000000e+02
4.720000000000000000e+02
2.199300000000000000e+04
5.900000000000000000e+01
9.700000000000000000e+01
4.360000000000000000e+02
2.020000000000000000e+02
4.200000000000000000e+02
5.370000000000000000e+02
4.119500000000000000e+04
1.370000000000000000e+02
1.440000000000000000e+02
2.300000000000000000e+01
5.640000000000000000e+02
7.150000000000000000e+02
5.370000000000000000e+02
5.518400000000000000e+04
2.210000000000000000e+02
3.380000000000000000e+02
4.230000000000000000e+02
7.780000000000000000e+02
5.930000000000000000e+02
7.750000000000000000e+02
7.255200000000000000e+04
9.238000000000000000e+03
2.163700000000000000e+04
1.964900000000000000e+04
1.708300000000000000e+04
1.372100000000000000e+04
2.280900000000000000e+04
2.044400000000000000e+04
1.128700000000000000e+04
1.007500000000000000e+04
1.066800000000000000e+04
6.544000000000000000e+03
4.079000000000000000e+03
1.073300000000000000e+04
9.029000000000000000e+03
9.154000000000000000e+03
8.976000000000000000e+03
8.832000000000000000e+03
5.969000000000000000e+03
4.149000000000000000e+03
1.004400000000000000e+04
9.020000000000000000e+03
8.143000000000000000e+03
7.808000000000000000e+03
8.256000000000000000e+03
4.212000000000000000e+03
2.880000000000000000e+03
8.904000000000000000e+03
7.441000000000000000e+03
6.560000000000000000e+03
6.297000000000000000e+03
6.888000000000000000e+03
3.989000000000000000e+03
2.507000000000000000e+03
7.836000000000000000e+03
5.281000000000000000e+03
6.580000000000000000e+03
4.646000000000000000e+03
7.318000000000000000e+03
4.172000000000000000e+03
2.876000000000000000e+03
7.428000000000000000e+03
6.764000000000000000e+03
6.035000000000000000e+03
6.207000000000000000e+03
6.174000000000000000e+03
3.326000000000000000e+03
2.254000000000000000e+03
7.992000000000000000e+03
7.245000000000000000e+03
6.938000000000000000e+03
7.076000000000000000e+03
7.770000000000000000e+03
4.427000000000000000e+03
2.043000000000000000e+03
8.862000000000000000e+03
7.627000000000000000e+03
7.126000000000000000e+03
6.293000000000000000e+03
7.136000000000000000e+03
4.233000000000000000e+03
3.341000000000000000e+03
9.128000000000000000e+03
7.472000000000000000e+03
6.928000000000000000e+03
6.746000000000000000e+03
7.053000000000000000e+03
4.372000000000000000e+03
2.794000000000000000e+03
8.612000000000000000e+03
6.830000000000000000e+03
6.053000000000000000e+03
6.361000000000000000e+03
5.784000000000000000e+03
2.725000000000000000e+03
2.090000000000000000e+03
7.628000000000000000e+03
6.821000000000000000e+03
6.448000000000000000e+03
5.963000000000000000e+03
6.209000000000000000e+03
3.767000000000000000e+03
2.934000000000000000e+03
7.502000000000000000e+03
6.068000000000000000e+03
5.515000000000000000e+03
5.716000000000000000e+03
6.183000000000000000e+03
4.039000000000000000e+03
2.516000000000000000e+03
7.132000000000000000e+03
5.347000000000000000e+03
5.198000000000000000e+03
5.204000000000000000e+03
5.326000000000000000e+03
3.234000000000000000e+03
2.324000000000000000e+03
6.612000000000000000e+03
5.520000000000000000e+03
5.740000000000000000e+03
5.616000000000000000e+03
6.089000000000000000e+03
3.723000000000000000e+03
2.745000000000000000e+03
9.007000000000000000e+03
5.838000000000000000e+03
9.027000000000000000e+03
6.209000000000000000e+03
7.159000000000000000e+03
-1.528422000000000000e+06
0.000000000000000000e+00
0.000000000000000000e+00
0.000000000000000000e+00
0.000000000000000000e+00
0.000000000000000000e+00
0.000000000000000000e+00
0.000000000000000000e+00
0.000000000000000000e+00
0.000000000000000000e+00
0.000000000000000000e+00
0.000000000000000000e+00
0.000000000000000000e+00
0.000000000000000000e+00
0.000000000000000000e+00
0.000000000000000000e+00
0.000000000000000000e+00
0.000000000000000000e+00
0.000000000000000000e+00
0.000000000000000000e+00
0.000000000000000000e+00
0.000000000000000000e+00
0.000000000000000000e+00
0.000000000000000000e+00
0.000000000000000000e+00
0.000000000000000000e+00
0.000000000000000000e+00
0.000000000000000000e+00
0.000000000000000000e+00
0.000000000000000000e+00
0.000000000000000000e+00
0.000000000000000000e+00
0.000000000000000000e+00
0.000000000000000000e+00
0.000000000000000000e+00
0.000000000000000000e+00
0.000000000000000000e+00
0.000000000000000000e+00
0.000000000000000000e+00
0.000000000000000000e+00
0.000000000000000000e+00
0.000000000000000000e+00
0.000000000000000000e+00
0.000000000000000000e+00
0.000000000000000000e+00
0.000000000000000000e+00
0.000000000000000000e+00
0.000000000000000000e+00
0.000000000000000000e+00
0.000000000000000000e+00
0.000000000000000000e+00
0.000000000000000000e+00
0.000000000000000000e+00
0.000000000000000000e+00
0.000000000000000000e+00
0.000000000000000000e+00
0.000000000000000000e+00
0.000000000000000000e+00
0.000000000000000000e+00
0.000000000000000000e+00
0.000000000000000000e+00
0.000000000000000000e+00
0.000000000000000000e+00
0.000000000000000000e+00
0.000000000000000000e+00
0.000000000000000000e+00
0.000000000000000000e+00
0.000000000000000000e+00
0.000000000000000000e+00
0.000000000000000000e+00
0.000000000000000000e+00
0.000000000000000000e+00
0.000000000000000000e+00
0.000000000000000000e+00
0.000000000000000000e+00
0.000000000000000000e+00
0.000000000000000000e+00
0.000000000000000000e+00
0.000000000000000000e+00
0.000000000000000000e+00
0.000000000000000000e+00
0.000000000000000000e+00
0.000000000000000000e+00
0.000000000000000000e+00
0.000000000000000000e+00
0.000000000000000000e+00
0.000000000000000000e+00
0.000000000000000000e+00
0.000000000000000000e+00
0.000000000000000000e+00
0.000000000000000000e+00
0.000000000000000000e+00
0.000000000000000000e+00
0.000000000000000000e+00
0.000000000000000000e+00
0.000000000000000000e+00
0.000000000000000000e+00
0.000000000000000000e+00
0.000000000000000000e+00
0.000000000000000000e+00
0.000000000000000000e+00
0.000000000000000000e+00
0.000000000000000000e+00
0.000000000000000000e+00
0.000000000000000000e+00
0.000000000000000000e+00
0.000000000000000000e+00
0.000000000000000000e+00
0.000000000000000000e+00
0.000000000000000000e+00
0.000000000000000000e+00
0.000000000000000000e+00
0.000000000000000000e+00
0.000000000000000000e+00
0.000000000000000000e+00
0.000000000000000000e+00
0.000000000000000000e+00
0.000000000000000000e+00
0.000000000000000000e+00
0.000000000000000000e+00
0.000000000000000000e+00
0.000000000000000000e+00
0.000000000000000000e+00
0.000000000000000000e+00
0.000000000000000000e+00
0.000000000000000000e+00
0.000000000000000000e+00
0.000000000000000000e+00
0.000000000000000000e+00
0.000000000000000000e+00
0.000000000000000000e+00
0.000000000000000000e+00
0.000000000000000000e+00
0.000000000000000000e+00
0.000000000000000000e+00
0.000000000000000000e+00
0.000000000000000000e+00
0.000000000000000000e+00
0.000000000000000000e+00
0.000000000000000000e+00
0.000000000000000000e+00
0.000000000000000000e+00
0.000000000000000000e+00
0.000000000000000000e+00
0.000000000000000000e+00
0.000000000000000000e+00
0.000000000000000000e+00
0.000000000000000000e+00
0.000000000000000000e+00
0.000000000000000000e+00
0.000000000000000000e+00
0.000000000000000000e+00
0.000000000000000000e+00
0.000000000000000000e+00
0.000000000000000000e+00
0.000000000000000000e+00
0.000000000000000000e+00
0.000000000000000000e+00
0.000000000000000000e+00
0.000000000000000000e+00
0.000000000000000000e+00
0.000000000000000000e+00
0.000000000000000000e+00
0.000000000000000000e+00
0.000000000000000000e+00
0.000000000000000000e+00
0.000000000000000000e+00
0.000000000000000000e+00
0.000000000000000000e+00
0.000000000000000000e+00
0.000000000000000000e+00
0.000000000000000000e+00
0.000000000000000000e+00
0.000000000000000000e+00
0.000000000000000000e+00
0.000000000000000000e+00
0.000000000000000000e+00
0.000000000000000000e+00
0.000000000000000000e+00
0.000000000000000000e+00
0.000000000000000000e+00
0.000000000000000000e+00
0.000000000000000000e+00
0.000000000000000000e+00
0.000000000000000000e+00
0.000000000000000000e+00
0.000000000000000000e+00
0.000000000000000000e+00
0.000000000000000000e+00
0.000000000000000000e+00
0.000000000000000000e+00
0.000000000000000000e+00
0.000000000000000000e+00
0.000000000000000000e+00
0.000000000000000000e+00
0.000000000000000000e+00
0.000000000000000000e+00
0.000000000000000000e+00
0.000000000000000000e+00
0.000000000000000000e+00
0.000000000000000000e+00
0.000000000000000000e+00
0.000000000000000000e+00
0.000000000000000000e+00
0.000000000000000000e+00
0.000000000000000000e+00
0.000000000000000000e+00
0.000000000000000000e+00
0.000000000000000000e+00
0.000000000000000000e+00
0.000000000000000000e+00
0.000000000000000000e+00
0.000000000000000000e+00
0.000000000000000000e+00
0.000000000000000000e+00
0.000000000000000000e+00
0.000000000000000000e+00
0.000000000000000000e+00
0.000000000000000000e+00
0.000000000000000000e+00
0.000000000000000000e+00
0.000000000000000000e+00
0.000000000000000000e+00
0.000000000000000000e+00
0.000000000000000000e+00
0.000000000000000000e+00
0.000000000000000000e+00
0.000000000000000000e+00
0.000000000000000000e+00
0.000000000000000000e+00
0.000000000000000000e+00
0.000000000000000000e+00
0.000000000000000000e+00
0.000000000000000000e+00
0.000000000000000000e+00
0.000000000000000000e+00
0.000000000000000000e+00
0.000000000000000000e+00
0.000000000000000000e+00
0.000000000000000000e+00
0.000000000000000000e+00
0.000000000000000000e+00
0.000000000000000000e+00
0.000000000000000000e+00
0.000000000000000000e+00
0.000000000000000000e+00
0.000000000000000000e+00
0.000000000000000000e+00
0.000000000000000000e+00
0.000000000000000000e+00
0.000000000000000000e+00
0.000000000000000000e+00
0.000000000000000000e+00
0.000000000000000000e+00
0.000000000000000000e+00
0.000000000000000000e+00
0.000000000000000000e+00
0.000000000000000000e+00
0.000000000000000000e+00
0.000000000000000000e+00
0.000000000000000000e+00
0.000000000000000000e+00
0.000000000000000000e+00
0.000000000000000000e+00
0.000000000000000000e+00
0.000000000000000000e+00
0.000000000000000000e+00
0.000000000000000000e+00
0.000000000000000000e+00
0.000000000000000000e+00
0.000000000000000000e+00
0.000000000000000000e+00
0.000000000000000000e+00
0.000000000000000000e+00
0.000000000000000000e+00
0.000000000000000000e+00
0.000000000000000000e+00
0.000000000000000000e+00
0.000000000000000000e+00
0.000000000000000000e+00
0.000000000000000000e+00
0.000000000000000000e+00
0.000000000000000000e+00
0.000000000000000000e+00
0.000000000000000000e+00
0.000000000000000000e+00
0.000000000000000000e+00
0.000000000000000000e+00
0.000000000000000000e+00
0.000000000000000000e+00
0.000000000000000000e+00
0.000000000000000000e+00
0.000000000000000000e+00
0.000000000000000000e+00
0.000000000000000000e+00
0.000000000000000000e+00
0.000000000000000000e+00
0.000000000000000000e+00
0.000000000000000000e+00
0.000000000000000000e+00
0.000000000000000000e+00
0.000000000000000000e+00
0.000000000000000000e+00
0.000000000000000000e+00
0.000000000000000000e+00
0.000000000000000000e+00
0.000000000000000000e+00
0.000000000000000000e+00
0.000000000000000000e+00
0.000000000000000000e+00
0.000000000000000000e+00
0.000000000000000000e+00
0.000000000000000000e+00
0.000000000000000000e+00
0.000000000000000000e+00
0.000000000000000000e+00
0.000000000000000000e+00
0.000000000000000000e+00
0.000000000000000000e+00
0.000000000000000000e+00
0.000000000000000000e+00
0.000000000000000000e+00
0.000000000000000000e+00
0.000000000000000000e+00
0.000000000000000000e+00
0.000000000000000000e+00
0.000000000000000000e+00
0.000000000000000000e+00
0.000000000000000000e+00
0.000000000000000000e+00
0.000000000000000000e+00
0.000000000000000000e+00
0.000000000000000000e+00
0.000000000000000000e+00
0.000000000000000000e+00
0.000000000000000000e+00
0.000000000000000000e+00
0.000000000000000000e+00
0.000000000000000000e+00
0.000000000000000000e+00
0.000000000000000000e+00
0.000000000000000000e+00
0.000000000000000000e+00
0.000000000000000000e+00
0.000000000000000000e+00
0.000000000000000000e+00
0.000000000000000000e+00
0.000000000000000000e+00
0.000000000000000000e+00
0.000000000000000000e+00
0.000000000000000000e+00
0.000000000000000000e+00
0.000000000000000000e+00
0.000000000000000000e+00
0.000000000000000000e+00
0.000000000000000000e+00
0.000000000000000000e+00
0.000000000000000000e+00
0.000000000000000000e+00
0.000000000000000000e+00
0.000000000000000000e+00
0.000000000000000000e+00
0.000000000000000000e+00
0.000000000000000000e+00
0.000000000000000000e+00
0.000000000000000000e+00
0.000000000000000000e+00
0.000000000000000000e+00
0.000000000000000000e+00
0.000000000000000000e+00
0.000000000000000000e+00
0.000000000000000000e+00
0.000000000000000000e+00
0.000000000000000000e+00
0.000000000000000000e+00
0.000000000000000000e+00
0.000000000000000000e+00
0.000000000000000000e+00
0.000000000000000000e+00
0.000000000000000000e+00
0.000000000000000000e+00
0.000000000000000000e+00
0.000000000000000000e+00
0.000000000000000000e+00
0.000000000000000000e+00
0.000000000000000000e+00
0.000000000000000000e+00
0.000000000000000000e+00
0.000000000000000000e+00
0.000000000000000000e+00
0.000000000000000000e+00
0.000000000000000000e+00
0.000000000000000000e+00
0.000000000000000000e+00
0.000000000000000000e+00
0.000000000000000000e+00
0.000000000000000000e+00
0.000000000000000000e+00
0.000000000000000000e+00
0.000000000000000000e+00
0.000000000000000000e+00
0.000000000000000000e+00
0.000000000000000000e+00
0.000000000000000000e+00
0.000000000000000000e+00
0.000000000000000000e+00
0.000000000000000000e+00
0.000000000000000000e+00
0.000000000000000000e+00
0.000000000000000000e+00
0.000000000000000000e+00
0.000000000000000000e+00
0.000000000000000000e+00
0.000000000000000000e+00
0.000000000000000000e+00
0.000000000000000000e+00
0.000000000000000000e+00
0.000000000000000000e+00
0.000000000000000000e+00
0.000000000000000000e+00
0.000000000000000000e+00
0.000000000000000000e+00
0.000000000000000000e+00
0.000000000000000000e+00
0.000000000000000000e+00
0.000000000000000000e+00
0.000000000000000000e+00
0.000000000000000000e+00
0.000000000000000000e+00
0.000000000000000000e+00
0.000000000000000000e+00
0.000000000000000000e+00
0.000000000000000000e+00
0.000000000000000000e+00
0.000000000000000000e+00
0.000000000000000000e+00
0.000000000000000000e+00
0.000000000000000000e+00
0.000000000000000000e+00
0.000000000000000000e+00
0.000000000000000000e+00
0.000000000000000000e+00
0.000000000000000000e+00
0.000000000000000000e+00
0.000000000000000000e+00
0.000000000000000000e+00
0.000000000000000000e+00
0.000000000000000000e+00
0.000000000000000000e+00
0.000000000000000000e+00
0.000000000000000000e+00
0.000000000000000000e+00
0.000000000000000000e+00
0.000000000000000000e+00
0.000000000000000000e+00
0.000000000000000000e+00
0.000000000000000000e+00
0.000000000000000000e+00
0.000000000000000000e+00
0.000000000000000000e+00
0.000000000000000000e+00
0.000000000000000000e+00
0.000000000000000000e+00
0.000000000000000000e+00
0.000000000000000000e+00
0.000000000000000000e+00
0.000000000000000000e+00
0.000000000000000000e+00
0.000000000000000000e+00
0.000000000000000000e+00
0.000000000000000000e+00
0.000000000000000000e+00
0.000000000000000000e+00
0.000000000000000000e+00
0.000000000000000000e+00
0.000000000000000000e+00
0.000000000000000000e+00
0.000000000000000000e+00
0.000000000000000000e+00
0.000000000000000000e+00
0.000000000000000000e+00
0.000000000000000000e+00
0.000000000000000000e+00
0.000000000000000000e+00
0.000000000000000000e+00
0.000000000000000000e+00
0.000000000000000000e+00
0.000000000000000000e+00
0.000000000000000000e+00
0.000000000000000000e+00
0.000000000000000000e+00
0.000000000000000000e+00
0.000000000000000000e+00
0.000000000000000000e+00
0.000000000000000000e+00
0.000000000000000000e+00
0.000000000000000000e+00
0.000000000000000000e+00
0.000000000000000000e+00
0.000000000000000000e+00
0.000000000000000000e+00
0.000000000000000000e+00
0.000000000000000000e+00
0.000000000000000000e+00
