-3.276527168423160219e+03
2.762862944236473595e+03
-3.629369845117450495e+03
-3.612335433188983188e+03
-3.501805529828347517e+03
-1.890269691247531591e+04
-4.241289606055093827e+03
-3.415773018994698305e+03
2.623617093665284301e+03
-3.768615695705741018e+03
-3.751581283723265642e+03
-3.641051380390138547e+03
-1.904194276302882645e+04
-4.380535456604924548e+03
-3.555018869547468967e+03
2.484371243094094098e+03
-3.907861546258035105e+03
-3.890827134325524639e+03
-3.780297230977099844e+03
-1.918118861360600931e+04
-4.519781307154754359e+03
-3.694264720121695518e+03
2.345125392522903894e+03
-4.047107396811092258e+03
-4.030072984860742508e+03
-3.919543081538890874e+03
-1.932043446415952349e+04
-4.659027157753252141e+03
-3.833510570674467090e+03
2.205879541981682451e+03
-4.186353247364149865e+03
-4.169318835395962196e+03
-4.058788932064439905e+03
-1.945968031472487201e+04
-4.798273008306927295e+03
-3.972756421246004720e+03
2.066633691380525306e+03
-4.325599097951676413e+03
-4.308564685998224377e+03
-4.198034782626227752e+03
-1.959892616529022052e+04
-4.937518858860605178e+03
-4.112002271817537803e+03
1.927387840858187701e+03
-4.464844948504734930e+03
-4.447810536533440427e+03
-4.337280633213189503e+03
-1.973817201585556904e+04
-5.076764709455258526e+03
-4.251248122351547863e+03
1.788141990286996588e+03
-4.604090799057792537e+03
-4.587056387102180452e+03
-4.476526483749808904e+03
-1.987741786639963539e+04
-5.216010560012779024e+03
-4.390493972923083675e+03
1.648896139715806385e+03
-4.743336649610847417e+03
-4.726302237669982787e+03
