4.812391696897149086e+04
4.888415765262217610e+04
5.093728920860242215e+04
4.169339093961575418e+04
4.513359578222810524e+04
5.041027127326096524e+04
6.164567638785918825e+04
6.950252003574467381e+04
7.817473037969699362e+04
8.828371113445830997e+04
8.700155107770042378e+04
9.805780764933340834e+04
1.103456419629823649e+05
1.277268365431528364e+05
1.406089651991238643e+05
1.529428578144696367e+05
1.651254640962567646e+05
1.641294091876126186e+05
1.735156920699084585e+05
1.820451420897876669e+05
1.934880153142710915e+05
1.982048670417601243e+05
2.001467304519174213e+05
1.997596161880836298e+05
1.841145627454987261e+05
1.769196537866871222e+05
1.671296124142152839e+05
1.587523788098474615e+05
1.424258620017513749e+05
1.224129788325241534e+05
9.950010483434080379e+04
6.112030105518142227e+04
3.135788816923054401e+04
-4.498496479848399758e+02
-2.991423925942994538e+04
-6.602668704331188928e+04
-1.041717311073365272e+05
-1.432363570215387153e+05
-1.954940241298893816e+05
-2.366066536918952479e+05
-2.770286350199095905e+05
-3.122131166891876492e+05
-3.510470811616646242e+05
-3.888668024371297215e+05
-4.245683056833740557e+05
-4.704912460594569566e+05
-5.024194599251780892e+05
-5.309822783309838269e+05
-5.518569345384541666e+05
-5.741986578986010281e+05
-5.936501745971979108e+05
-6.094453789330092259e+05
-6.342857571607272839e+05
-6.443329977919529192e+05
-6.506020701935787220e+05
-6.491553015199564397e+05
-6.495242438630277757e+05
-6.477112478848027531e+05
-6.432856935864727711e+05
-6.492536337586198933e+05
