8.194169714124251414e+01
5.859663240269676976e+01
6.521454207329142605e+01
8.841327122517967041e+01
8.720611463871341584e+01
9.565741378388732130e+01
1.003233818623270395e+02
8.592409258521124116e+01
6.469073551686039991e+01
7.343615939353921362e+01
9.874834337885845059e+01
9.961059909580356475e+01
1.100576202224709448e+02
1.166167523884378596e+02
1.039804131912628691e+02
8.435375965931820019e+01
9.452561943884224149e+01
1.210623209282112782e+02
1.229282208599824742e+02
1.341420421837082415e+02
1.412183914659421475e+02
1.288403825188503617e+02
1.092074609013331070e+02
1.191064433219062977e+02
1.451054053713272651e+02
1.461742147617896421e+02
1.563408221097211026e+02
1.621326781923505678e+02
1.482492046815154367e+02
1.269094138994098131e+02
1.349226931827514875e+02
1.588823895234833401e+02
1.577859946334145320e+02
1.656910461785099926e+02
1.691561185859184206e+02
1.529128356569979132e+02
1.292130065023614520e+02
1.348989070627809781e+02
1.565963502113688151e+02
1.533343524822391828e+02
1.592005215416646422e+02
1.607815465248491478e+02
1.428347323979571115e+02
1.176346888367050525e+02
1.220432047267195088e+02
1.427019598066926847e+02
1.386518895037087589e+02
1.439883343691992366e+02
1.453013626093133439e+02
1.273472121394257499e+02
1.023949666381336385e+02
1.072964992518114542e+02
1.286793364453739343e+02
1.255662573483871967e+02
1.320307575674153213e+02
1.346377617522650496e+02
1.181155253881666596e+02
9.470283263730226508e+01
1.012195146374132264e+02
1.242599300678378285e+02
