2.938884299560791113e+00
2.909231023521297921e+00
3.101657229435112129e+00
3.125322005225201316e+00
2.749301439806837166e+00
2.712698911403334634e+00
2.658404164377347279e+00
3.041453686245304766e+00
2.887191167132221015e+00
2.958574552468456798e+00
2.866423442791121268e+00
2.381315181263162994e+00
2.243666172812975645e+00
2.097466948526468755e+00
2.398624019207515445e+00
2.173107688340031540e+00
2.184252570024174389e+00
2.043004642392172610e+00
1.519823094907686745e+00
1.354773275898338403e+00
1.191278868628408372e+00
1.484485818122869283e+00
1.259436535841139015e+00
1.278400381178157463e+00
1.151153420866518617e+00
6.469148349616162808e-01
5.044753497538708720e-01
3.659848883044357626e-01
6.853510363824117935e-01
4.864459637763497435e-01
5.304669730729798527e-01
4.262429314182156759e-01
-5.780669167816965270e-02
-1.835253299408445837e-01
-3.092185801276349233e-01
1.875211754917371909e-02
-1.758211032698208665e-01
-1.316348257625615248e-01
-2.395759294488518654e-01
-7.307754367278631591e-01
-8.664793517376767618e-01
-1.004269165723811863e+00
-6.896800621311021118e-01
-8.980185913877398729e-01
-8.670338509462751642e-01
-9.866489441317934928e-01
-1.487044873456269123e+00
-1.628560778059266356e+00
-1.767942402242126620e+00
-1.449986089984720561e+00
-1.649379404894424805e+00
-1.603391825084197198e+00
-1.701621799339213759e+00
-2.174091943144063954e+00
-2.281156025638590101e+00
-2.379749499245707334e+00
-2.015030856795811509e+00
-2.162215028711088394e+00
-2.059252501312593520e+00
-2.096560784421738433e+00
