0.000000000000000000e+00
0.000000000000000000e+00
0.000000000000000000e+00
0.000000000000000000e+00
0.000000000000000000e+00
0.000000000000000000e+00
0.000000000000000000e+00
0.000000000000000000e+00
0.000000000000000000e+00
0.000000000000000000e+00
0.000000000000000000e+00
0.000000000000000000e+00
0.000000000000000000e+00
0.000000000000000000e+00
0.000000000000000000e+00
0.000000000000000000e+00
0.000000000000000000e+00
0.000000000000000000e+00
0.000000000000000000e+00
0.000000000000000000e+00
0.000000000000000000e+00
0.000000000000000000e+00
0.000000000000000000e+00
0.000000000000000000e+00
0.000000000000000000e+00
0.000000000000000000e+00
0.000000000000000000e+00
0.000000000000000000e+00
0.000000000000000000e+00
0.000000000000000000e+00
0.000000000000000000e+00
0.000000000000000000e+00
0.000000000000000000e+00
0.000000000000000000e+00
0.000000000000000000e+00
0.000000000000000000e+00
0.000000000000000000e+00
0.000000000000000000e+00
0.000000000000000000e+00
0.000000000000000000e+00
1.000000000000000000e+00
1.000000000000000000e+00
1.000000000000000000e+00
2.000000000000000000e+00
2.000000000000000000e+00
2.000000000000000000e+00
2.000000000000000000e+00
2.000000000000000000e+00
3.000000000000000000e+00
5.000000000000000000e+00
6.000000000000000000e+00
7.000000000000000000e+00
1.700000000000000000e+01
2.800000000000000000e+01
2.900000000000000000e+01
3.800000000000000000e+01
4.900000000000000000e+01
6.300000000000000000e+01
7.700000000000000000e+01
9.600000000000000000e+01
1.150000000000000000e+02
1.430000000000000000e+02
1.700000000000000000e+02
2.250000000000000000e+02
2.750000000000000000e+02
3.450000000000000000e+02
4.020000000000000000e+02
4.790000000000000000e+02
5.560000000000000000e+02
6.170000000000000000e+02
6.540000000000000000e+02
7.080000000000000000e+02
7.910000000000000000e+02
9.190000000000000000e+02
1.021000000000000000e+03
1.120000000000000000e+03
1.184000000000000000e+03
1.275000000000000000e+03
1.374000000000000000e+03
1.448000000000000000e+03
1.545000000000000000e+03
1.661000000000000000e+03
1.763000000000000000e+03
1.888000000000000000e+03
2.024000000000000000e+03
2.283000000000000000e+03
2.564000000000000000e+03
2.685000000000000000e+03
2.855000000000000000e+03
3.046000000000000000e+03
3.209000000000000000e+03
3.446000000000000000e+03
3.568000000000000000e+03
3.758000000000000000e+03
3.897000000000000000e+03
4.065000000000000000e+03
4.120000000000000000e+03
4.252000000000000000e+03
4.321000000000000000e+03
4.423000000000000000e+03
4.569000000000000000e+03
4.729000000000000000e+03
4.903000000000000000e+03
5.053000000000000000e+03
5.219000000000000000e+03
5.408000000000000000e+03
5.548000000000000000e+03
5.711000000000000000e+03
5.910000000000000000e+03
6.063000000000000000e+03
6.281000000000000000e+03
6.418000000000000000e+03
6.512000000000000000e+03
6.607000000000000000e+03
6.652000000000000000e+03
6.741000000000000000e+03
6.870000000000000000e+03
6.952000000000000000e+03
7.023000000000000000e+03
7.133000000000000000e+03
7.211000000000000000e+03
7.332000000000000000e+03
7.406000000000000000e+03
7.433000000000000000e+03
7.532000000000000000e+03
7.577000000000000000e+03
7.601000000000000000e+03
7.643000000000000000e+03
7.714000000000000000e+03
7.780000000000000000e+03
7.807000000000000000e+03
7.833000000000000000e+03
7.866000000000000000e+03
7.922000000000000000e+03
8.003000000000000000e+03
8.071000000000000000e+03
8.151000000000000000e+03
8.224000000000000000e+03
8.302000000000000000e+03
8.437000000000000000e+03
8.508000000000000000e+03
8.537000000000000000e+03
8.610000000000000000e+03
8.692000000000000000e+03
8.793000000000000000e+03
8.885000000000000000e+03
8.931000000000000000e+03
8.997000000000000000e+03
9.074000000000000000e+03
9.613000000000000000e+03
9.839000000000000000e+03
9.977000000000000000e+03
1.017200000000000000e+04
1.034400000000000000e+04
1.090700000000000000e+04
1.133800000000000000e+04
1.163300000000000000e+04
1.187700000000000000e+04
1.205200000000000000e+04
1.229000000000000000e+04
1.253300000000000000e+04
1.263600000000000000e+04
1.296900000000000000e+04
1.328800000000000000e+04
1.382200000000000000e+04
1.421500000000000000e+04
1.437900000000000000e+04
1.460700000000000000e+04
1.477100000000000000e+04
1.507900000000000000e+04
1.532800000000000000e+04
1.554200000000000000e+04
1.574500000000000000e+04
1.593600000000000000e+04
1.609700000000000000e+04
1.626200000000000000e+04
1.654500000000000000e+04
1.672600000000000000e+04
1.701500000000000000e+04
1.723600000000000000e+04
1.756200000000000000e+04
1.774200000000000000e+04
1.796200000000000000e+04
1.826400000000000000e+04
1.883400000000000000e+04
1.964500000000000000e+04
2.027800000000000000e+04
2.088700000000000000e+04
2.138700000000000000e+04
2.221300000000000000e+04
2.325900000000000000e+04
2.432200000000000000e+04
2.501500000000000000e+04
2.553700000000000000e+04
2.619600000000000000e+04
2.721700000000000000e+04
2.850000000000000000e+04
2.964400000000000000e+04
3.066200000000000000e+04
3.200700000000000000e+04
3.323700000000000000e+04
3.406300000000000000e+04
3.519500000000000000e+04
3.669400000000000000e+04
3.793500000000000000e+04
3.924100000000000000e+04
4.101700000000000000e+04
4.248900000000000000e+04
4.355800000000000000e+04
4.480300000000000000e+04
4.631300000000000000e+04
4.763800000000000000e+04
4.924700000000000000e+04
5.081200000000000000e+04
5.234900000000000000e+04
5.325200000000000000e+04
5.452800000000000000e+04
5.586400000000000000e+04
5.708500000000000000e+04
5.848900000000000000e+04
6.005600000000000000e+04
6.139900000000000000e+04
6.259000000000000000e+04
6.378100000000000000e+04
6.545300000000000000e+04
6.685500000000000000e+04
6.860500000000000000e+04
7.016000000000000000e+04
7.239400000000000000e+04
7.378000000000000000e+04
7.572100000000000000e+04
7.787800000000000000e+04
7.976700000000000000e+04
8.219700000000000000e+04
8.443500000000000000e+04
8.668600000000000000e+04
8.820300000000000000e+04
9.032400000000000000e+04
9.201600000000000000e+04
9.450400000000000000e+04
9.726400000000000000e+04
9.981600000000000000e+04
1.017430000000000000e+05
1.031190000000000000e+05
1.053460000000000000e+05
1.077430000000000000e+05
1.100990000000000000e+05
1.125220000000000000e+05
1.152410000000000000e+05
1.176850000000000000e+05
1.191070000000000000e+05
1.211830000000000000e+05
1.236530000000000000e+05
1.260440000000000000e+05
1.285650000000000000e+05
1.312280000000000000e+05
1.332720000000000000e+05
1.346950000000000000e+05
1.372480000000000000e+05
1.400240000000000000e+05
1.429530000000000000e+05
1.463980000000000000e+05
1.498410000000000000e+05
1.524040000000000000e+05
1.537610000000000000e+05
1.569460000000000000e+05
1.603330000000000000e+05
1.636500000000000000e+05
1.671480000000000000e+05
1.709110000000000000e+05
1.736320000000000000e+05
1.757490000000000000e+05
1.790030000000000000e+05
1.825800000000000000e+05
1.867310000000000000e+05
1.904160000000000000e+05
1.944610000000000000e+05
1.974810000000000000e+05
1.997450000000000000e+05
2.037330000000000000e+05
2.077180000000000000e+05
2.120380000000000000e+05
2.152940000000000000e+05
2.190840000000000000e+05
2.225440000000000000e+05
2.250700000000000000e+05
2.295650000000000000e+05
2.353100000000000000e+05
2.409510000000000000e+05
2.463490000000000000e+05
2.521850000000000000e+05
2.567810000000000000e+05
2.599510000000000000e+05
2.651650000000000000e+05
2.706260000000000000e+05
2.768210000000000000e+05
2.823360000000000000e+05
2.882110000000000000e+05
2.931770000000000000e+05
2.961890000000000000e+05
3.016040000000000000e+05
3.069950000000000000e+05
3.115540000000000000e+05
3.162600000000000000e+05
3.209620000000000000e+05
3.249410000000000000e+05
3.275280000000000000e+05
3.315270000000000000e+05
3.365060000000000000e+05
3.406840000000000000e+05
3.452760000000000000e+05
3.496880000000000000e+05
3.538030000000000000e+05
3.563360000000000000e+05
3.598440000000000000e+05
3.641900000000000000e+05
3.686240000000000000e+05
3.726200000000000000e+05
3.767380000000000000e+05
3.796570000000000000e+05
3.811880000000000000e+05
3.840880000000000000e+05
3.881840000000000000e+05
3.915290000000000000e+05
3.945640000000000000e+05
3.975970000000000000e+05
3.996090000000000000e+05
4.008260000000000000e+05
4.036190000000000000e+05
4.069700000000000000e+05
4.097460000000000000e+05
4.123930000000000000e+05
4.152260000000000000e+05
4.171250000000000000e+05
4.180020000000000000e+05
4.206480000000000000e+05
4.232140000000000000e+05
4.258640000000000000e+05
4.281930000000000000e+05
4.305620000000000000e+05
4.320790000000000000e+05
4.330290000000000000e+05
4.351890000000000000e+05
4.373320000000000000e+05
4.391930000000000000e+05
4.409700000000000000e+05
4.421410000000000000e+05
4.431460000000000000e+05
4.438020000000000000e+05
4.454390000000000000e+05
4.470810000000000000e+05
4.486780000000000000e+05
4.502210000000000000e+05
4.516370000000000000e+05
4.525320000000000000e+05
4.529880000000000000e+05
4.537890000000000000e+05
4.550550000000000000e+05
4.563340000000000000e+05
4.576250000000000000e+05
4.588650000000000000e+05
4.596710000000000000e+05
4.601440000000000000e+05
4.613900000000000000e+05
4.625420000000000000e+05
4.637060000000000000e+05
4.648440000000000000e+05
4.657690000000000000e+05
4.662890000000000000e+05
4.666260000000000000e+05
4.674930000000000000e+05
4.683830000000000000e+05
4.691390000000000000e+05
4.699900000000000000e+05
4.706910000000000000e+05
4.711570000000000000e+05
4.714380000000000000e+05
4.722730000000000000e+05
4.730470000000000000e+05
4.736670000000000000e+05
4.743790000000000000e+05
4.749660000000000000e+05
4.753550000000000000e+05
4.755890000000000000e+05
4.761250000000000000e+05
4.766890000000000000e+05
4.771600000000000000e+05
4.776560000000000000e+05
4.781350000000000000e+05
4.784740000000000000e+05
4.785950000000000000e+05
4.790710000000000000e+05
4.795790000000000000e+05
4.800560000000000000e+05
4.805040000000000000e+05
4.809480000000000000e+05
4.811550000000000000e+05
4.812630000000000000e+05
4.817090000000000000e+05
4.821280000000000000e+05
4.825140000000000000e+05
4.829940000000000000e+05
4.834100000000000000e+05
4.836540000000000000e+05
4.837660000000000000e+05
4.841590000000000000e+05
4.847530000000000000e+05
4.851470000000000000e+05
4.855670000000000000e+05
4.859740000000000000e+05
4.862230000000000000e+05
4.863250000000000000e+05
4.868330000000000000e+05
4.872860000000000000e+05
4.877500000000000000e+05
4.881810000000000000e+05
4.886320000000000000e+05
4.889370000000000000e+05
4.890960000000000000e+05
4.896220000000000000e+05
4.900880000000000000e+05
4.905750000000000000e+05
4.910190000000000000e+05
4.914630000000000000e+05
4.917090000000000000e+05
4.918340000000000000e+05
4.924030000000000000e+05
4.928420000000000000e+05
4.933530000000000000e+05
4.938670000000000000e+05
4.943580000000000000e+05
4.946590000000000000e+05
4.947560000000000000e+05
4.954210000000000000e+05
4.960970000000000000e+05
4.966760000000000000e+05
4.972570000000000000e+05
4.978320000000000000e+05
4.981970000000000000e+05
4.983290000000000000e+05
4.990250000000000000e+05
4.996880000000000000e+05
5.003230000000000000e+05
5.009480000000000000e+05
5.016880000000000000e+05
5.021020000000000000e+05
5.022770000000000000e+05
5.029610000000000000e+05
5.036640000000000000e+05
5.042600000000000000e+05
5.048470000000000000e+05
5.054470000000000000e+05
5.058110000000000000e+05
5.059490000000000000e+05
5.066690000000000000e+05
5.073380000000000000e+05
5.079380000000000000e+05
5.085300000000000000e+05
5.090370000000000000e+05
5.093630000000000000e+05
5.094650000000000000e+05
5.099720000000000000e+05
5.104650000000000000e+05
5.108860000000000000e+05
5.112490000000000000e+05
5.115620000000000000e+05
5.118560000000000000e+05
5.119120000000000000e+05
5.122850000000000000e+05
5.126560000000000000e+05
5.130160000000000000e+05
5.133140000000000000e+05
5.136280000000000000e+05
5.138640000000000000e+05
5.139220000000000000e+05
5.141640000000000000e+05
5.144320000000000000e+05
5.146700000000000000e+05
5.147050000000000000e+05
5.148170000000000000e+05
5.149440000000000000e+05
5.150230000000000000e+05
5.154200000000000000e+05
5.157580000000000000e+05
5.160910000000000000e+05
5.164490000000000000e+05
5.168120000000000000e+05
5.170230000000000000e+05
5.171130000000000000e+05
5.174230000000000000e+05
5.178080000000000000e+05
5.181220000000000000e+05
5.184580000000000000e+05
5.188680000000000000e+05
5.191080000000000000e+05
5.192160000000000000e+05
5.196100000000000000e+05
5.200280000000000000e+05
5.204230000000000000e+05
5.207690000000000000e+05
5.211950000000000000e+05
5.214260000000000000e+05
5.215300000000000000e+05
5.220030000000000000e+05
5.223890000000000000e+05
5.227650000000000000e+05
5.231650000000000000e+05
5.236200000000000000e+05
5.238900000000000000e+05
5.239990000000000000e+05
5.244750000000000000e+05
5.249750000000000000e+05
5.254430000000000000e+05
5.259240000000000000e+05
5.263630000000000000e+05
5.266510000000000000e+05
5.267370000000000000e+05
5.271740000000000000e+05
5.276960000000000000e+05
5.281800000000000000e+05
5.287310000000000000e+05
5.292240000000000000e+05
5.296760000000000000e+05
5.298950000000000000e+05
5.305850000000000000e+05
5.313610000000000000e+05
5.321500000000000000e+05
5.329940000000000000e+05
5.339450000000000000e+05
5.345500000000000000e+05
5.347970000000000000e+05
5.359740000000000000e+05
5.372530000000000000e+05
5.385890000000000000e+05
5.398390000000000000e+05
5.414050000000000000e+05
5.424620000000000000e+05
5.431190000000000000e+05
5.450160000000000000e+05
5.472730000000000000e+05
5.498440000000000000e+05
5.526350000000000000e+05
5.554880000000000000e+05
5.576320000000000000e+05
5.587850000000000000e+05
5.624160000000000000e+05
5.663560000000000000e+05
5.677580000000000000e+05
5.696680000000000000e+05
5.751620000000000000e+05
5.792720000000000000e+05
5.814770000000000000e+05
5.884480000000000000e+05
5.978760000000000000e+05
6.068710000000000000e+05
6.159990000000000000e+05
6.235280000000000000e+05
6.297170000000000000e+05
6.339230000000000000e+05
6.426830000000000000e+05
6.532860000000000000e+05
6.653250000000000000e+05
6.766830000000000000e+05
6.872920000000000000e+05
6.962820000000000000e+05
7.013250000000000000e+05
7.111030000000000000e+05
7.202560000000000000e+05
7.310840000000000000e+05
7.418360000000000000e+05
7.520760000000000000e+05
7.594560000000000000e+05
7.633530000000000000e+05
7.723940000000000000e+05
7.820970000000000000e+05
7.915590000000000000e+05
7.997750000000000000e+05
8.062880000000000000e+05
8.109490000000000000e+05
8.139450000000000000e+05
8.211290000000000000e+05
8.291370000000000000e+05
8.364940000000000000e+05
8.433570000000000000e+05
8.495320000000000000e+05
8.533730000000000000e+05
8.560490000000000000e+05
8.609480000000000000e+05
8.669680000000000000e+05
8.723510000000000000e+05
8.767320000000000000e+05
8.810420000000000000e+05
8.840850000000000000e+05
8.860080000000000000e+05
8.895320000000000000e+05
8.934620000000000000e+05
8.969130000000000000e+05
8.995810000000000000e+05
9.026940000000000000e+05
9.046470000000000000e+05
9.055640000000000000e+05
9.083490000000000000e+05
9.109910000000000000e+05
9.134230000000000000e+05
9.158350000000000000e+05
9.181260000000000000e+05
9.196810000000000000e+05
9.203740000000000000e+05
9.222220000000000000e+05
9.239240000000000000e+05
9.255070000000000000e+05
9.271270000000000000e+05
9.285710000000000000e+05
9.293050000000000000e+05
9.296990000000000000e+05
9.308910000000000000e+05
9.319730000000000000e+05
9.330710000000000000e+05
9.340070000000000000e+05
9.348280000000000000e+05
9.353320000000000000e+05
9.355600000000000000e+05
9.362360000000000000e+05
9.369630000000000000e+05
9.376310000000000000e+05
9.382860000000000000e+05
9.388010000000000000e+05
9.391870000000000000e+05
9.393560000000000000e+05
9.399220000000000000e+05
9.405030000000000000e+05
9.410090000000000000e+05
9.414460000000000000e+05
9.418630000000000000e+05
9.421320000000000000e+05
9.422800000000000000e+05
9.427790000000000000e+05
9.429670000000000000e+05
9.432220000000000000e+05
9.436520000000000000e+05
9.440760000000000000e+05
9.442770000000000000e+05
9.443780000000000000e+05
9.448030000000000000e+05
9.452010000000000000e+05
9.455040000000000000e+05
9.457200000000000000e+05
9.459600000000000000e+05
9.461450000000000000e+05
9.462830000000000000e+05
9.465430000000000000e+05
9.467660000000000000e+05
9.469570000000000000e+05
9.471390000000000000e+05
9.473070000000000000e+05
9.473960000000000000e+05
9.474510000000000000e+05
9.476100000000000000e+05
9.477610000000000000e+05
9.479020000000000000e+05
9.480250000000000000e+05
9.481570000000000000e+05
9.482260000000000000e+05
9.482710000000000000e+05
9.483910000000000000e+05
9.485390000000000000e+05
9.486330000000000000e+05
9.487050000000000000e+05
9.488300000000000000e+05
9.489230000000000000e+05
9.489760000000000000e+05
9.491330000000000000e+05
9.492630000000000000e+05
9.493780000000000000e+05
9.495320000000000000e+05
9.496480000000000000e+05
9.497320000000000000e+05
9.497850000000000000e+05
9.499170000000000000e+05
9.500880000000000000e+05
9.502230000000000000e+05
9.503740000000000000e+05
9.505010000000000000e+05
9.505910000000000000e+05
9.506430000000000000e+05
9.508010000000000000e+05
9.509460000000000000e+05
9.510920000000000000e+05
9.512670000000000000e+05
9.513800000000000000e+05
9.514820000000000000e+05
9.515440000000000000e+05
9.517630000000000000e+05
9.519840000000000000e+05
9.521890000000000000e+05
9.523980000000000000e+05
9.526280000000000000e+05
9.528140000000000000e+05
9.529160000000000000e+05
9.532970000000000000e+05
9.537240000000000000e+05
9.541990000000000000e+05
9.548530000000000000e+05
9.555870000000000000e+05
9.561190000000000000e+05
9.564100000000000000e+05
9.575940000000000000e+05
9.590980000000000000e+05
9.610580000000000000e+05
9.630920000000000000e+05
9.654200000000000000e+05
9.667770000000000000e+05
9.676620000000000000e+05
9.719610000000000000e+05
9.775790000000000000e+05
9.836290000000000000e+05
9.900570000000000000e+05
9.971210000000000000e+05
1.002084000000000000e+06
1.004706000000000000e+06
1.012042000000000000e+06
1.017560000000000000e+06
1.025898000000000000e+06
1.034399000000000000e+06
1.043225000000000000e+06
1.048653000000000000e+06
1.051830000000000000e+06
1.059586000000000000e+06
1.068941000000000000e+06
1.078002000000000000e+06
1.086340000000000000e+06
1.093978000000000000e+06
1.098413000000000000e+06
1.101163000000000000e+06
1.107525000000000000e+06
1.114527000000000000e+06
1.120087000000000000e+06
1.124986000000000000e+06
1.129140000000000000e+06
1.131395000000000000e+06
1.132716000000000000e+06
1.135796000000000000e+06
1.138847000000000000e+06
1.141708000000000000e+06
1.143974000000000000e+06
1.146041000000000000e+06
1.147243000000000000e+06
1.147964000000000000e+06
1.149582000000000000e+06
1.151081000000000000e+06
1.152414000000000000e+06
1.153562000000000000e+06
1.154531000000000000e+06
1.155165000000000000e+06
1.155534000000000000e+06
1.156356000000000000e+06
1.157001000000000000e+06
1.157637000000000000e+06
1.158145000000000000e+06
1.158669000000000000e+06
1.158967000000000000e+06
1.159157000000000000e+06
1.159584000000000000e+06
1.159941000000000000e+06
1.160303000000000000e+06
1.160562000000000000e+06
1.160750000000000000e+06
1.160892000000000000e+06
1.160975000000000000e+06
1.161131000000000000e+06
1.161290000000000000e+06
1.161392000000000000e+06
1.161506000000000000e+06
1.161586000000000000e+06
1.161646000000000000e+06
1.161698000000000000e+06
1.161776000000000000e+06
1.161848000000000000e+06
1.161925000000000000e+06
1.161980000000000000e+06
1.162040000000000000e+06
1.162096000000000000e+06
1.162125000000000000e+06
1.162236000000000000e+06
1.162288000000000000e+06
1.162322000000000000e+06
1.162374000000000000e+06
1.162444000000000000e+06
1.162497000000000000e+06
1.162539000000000000e+06
1.162626000000000000e+06
1.162686000000000000e+06
1.162764000000000000e+06
