9.968856349130793433e+02
1.139762168222095170e+03
1.119076200275616884e+03
1.074323548034003124e+03
1.069732234555148807e+03
6.217961498853107969e+02
1.338484179252507147e+02
9.907636807873547014e+02
1.117133296585842345e+03
1.081887080078828149e+03
1.024913137478761200e+03
1.010738929730753512e+03
5.560625913641260922e+02
6.432636243573483625e+01
9.204212357926835466e+02
1.048866656789955186e+03
1.018438702451543236e+03
9.687980518225108426e+02
9.641806124520416006e+02
5.209395386081341712e+02
4.213019276117529444e+01
9.122268401811854801e+02
1.055314602444910633e+03
1.039729793951225929e+03
1.004699665433010182e+03
1.014044152990427961e+03
5.837281283075644751e+02
1.164554928657937580e+02
9.963937316546573584e+02
1.147372315170774073e+03
1.137527975362096413e+03
1.105947820448178845e+03
1.116372867065708078e+03
6.847505030874679051e+02
2.138272773834489726e+02
1.087870718505202603e+03
1.230863687254409342e+03
1.211144430687621934e+03
1.168043466108466646e+03
1.165580053913389065e+03
7.200069655917018281e+02
2.343951434840612364e+02
1.093347157691505345e+03
1.221183166638248849e+03
1.186572744631120941e+03
1.129163890657715456e+03
1.113272149560379830e+03
6.554187073569480617e+02
1.589091934722296173e+02
1.008542209753924794e+03
1.128791384054479749e+03
1.088434378502104664e+03
1.027180208418943948e+03
1.009357819492620479e+03
5.514547765109582542e+02
5.669776381165638668e+01
9.097638617419876255e+02
1.034966319942610426e+03
1.000888161037627810e+03
9.470148569892870682e+02
