1.258780748006055830e+06
1.258216641797379591e+06
1.257170780748002464e+06
1.255657038568979129e+06
1.254872607462819433e+06
1.254275251859687967e+06
1.253517263912986498e+06
1.252663017345189350e+06
1.251883564236824866e+06
1.250708326169726439e+06
1.249157361107900972e+06
1.248431611342859222e+06
1.247990051949311746e+06
1.247483611138843698e+06
1.246972760058289859e+06
1.246622215633091517e+06
1.245952804947102442e+06
1.244973967769510578e+06
1.244874296054717852e+06
1.245099021804769989e+06
1.245284315286211669e+06
1.245475280666420003e+06
1.245821081386770820e+06
1.245827231987646781e+06
1.245488521048363298e+06
1.245979952278411947e+06
1.246734603844226804e+06
1.247378257416243665e+06
1.247947674587030662e+06
1.248585944921338232e+06
1.248794935884403298e+06
1.248568304617656395e+06
1.249082455818577437e+06
1.249774345030969242e+06
1.250275980087675853e+06
1.250632501625619363e+06
1.250997272137822118e+06
1.250884010814727750e+06
1.250299442770958180e+06
1.250433856934168842e+06
1.250738483048393391e+06
1.250859552506033797e+06
1.250855936402491294e+06
1.250893802913582884e+06
1.250498343698203564e+06
1.249686049842390232e+06
1.249654942679365398e+06
1.249861679822363192e+06
1.249955409553739941e+06
1.249995273694928037e+06
1.250145005889319349e+06
1.249924677784306929e+06
1.249343074269175297e+06
1.249588101562574273e+06
1.250104144784955774e+06
1.250526242376578739e+06
1.250897969756947365e+06
1.251366469672440784e+06
1.251434670714044245e+06
1.251094162918504793e+06
