1.531634544310360724e+00
1.375811987033933370e+00
1.230132009897694001e+00
1.205961423797707432e+00
1.172793415034458331e+00
1.322454691633177193e+00
1.298266876727559360e+00
1.301366941674420463e+00
1.129025029545890124e+00
9.675076951024750294e-01
9.278281934714223134e-01
8.791489726468253441e-01
1.013001406873601518e+00
9.724584198064263330e-01
9.584644539783702122e-01
7.681608552343550667e-01
5.877544784228403429e-01
5.282709952042681234e-01
4.589579802209572401e-01
5.715028082449995495e-01
5.092010808473661498e-01
4.732801802953542358e-01
2.612162273679443647e-01
5.959251759512029789e-02
-2.015876326185050971e-02
-1.083661064864402945e-01
-1.291410540740811630e-02
-9.008860852649958062e-02
-1.382665858591262120e-01
-3.596120210828348540e-01
-5.672293630966317446e-01
-6.494323748520093309e-01
-7.363626214376284285e-01
-6.357919030959160445e-01
-7.039722929085212577e-01
-7.393286182229087400e-01
-9.441546211076611295e-01
-1.131764324871552319e+00
-1.190756508446675355e+00
-1.251626662807326706e+00
-1.122560931203627543e+00
-1.160275946688570370e+00
-1.163699709450374264e+00
-1.335655082978954855e+00
-1.489997809537668250e+00
-1.515867338479000903e+00
-1.544285239711886248e+00
-1.383936096591260601e+00
-1.391995166790263028e+00
-1.367798300135866230e+00
-1.514516000049909383e+00
-1.646283788816427673e+00
-1.652447374591026197e+00
-1.664157535710776736e+00
-1.490149694824757010e+00
-1.487572482786702510e+00
-1.455660725996485105e+00
-1.597414624099311897e+00
-1.726737098231311496e+00
-1.732687573472739162e+00
