0.000000000000000000e+00
0.000000000000000000e+00
0.000000000000000000e+00
0.000000000000000000e+00
0.000000000000000000e+00
0.000000000000000000e+00
0.000000000000000000e+00
0.000000000000000000e+00
0.000000000000000000e+00
0.000000000000000000e+00
0.000000000000000000e+00
0.000000000000000000e+00
0.000000000000000000e+00
0.000000000000000000e+00
0.000000000000000000e+00
0.000000000000000000e+00
0.000000000000000000e+00
0.000000000000000000e+00
0.000000000000000000e+00
0.000000000000000000e+00
0.000000000000000000e+00
0.000000000000000000e+00
0.000000000000000000e+00
0.000000000000000000e+00
0.000000000000000000e+00
0.000000000000000000e+00
0.000000000000000000e+00
0.000000000000000000e+00
0.000000000000000000e+00
0.000000000000000000e+00
0.000000000000000000e+00
0.000000000000000000e+00
0.000000000000000000e+00
0.000000000000000000e+00
0.000000000000000000e+00
0.000000000000000000e+00
0.000000000000000000e+00
0.000000000000000000e+00
0.000000000000000000e+00
0.000000000000000000e+00
0.000000000000000000e+00
0.000000000000000000e+00
0.000000000000000000e+00
0.000000000000000000e+00
0.000000000000000000e+00
0.000000000000000000e+00
0.000000000000000000e+00
0.000000000000000000e+00
0.000000000000000000e+00
0.000000000000000000e+00
0.000000000000000000e+00
0.000000000000000000e+00
0.000000000000000000e+00
0.000000000000000000e+00
0.000000000000000000e+00
0.000000000000000000e+00
0.000000000000000000e+00
0.000000000000000000e+00
0.000000000000000000e+00
2.000000000000000000e+00
2.000000000000000000e+00
2.000000000000000000e+00
1.000000000000000000e+01
1.700000000000000000e+01
1.700000000000000000e+01
3.100000000000000000e+01
3.100000000000000000e+01
3.300000000000000000e+01
4.400000000000000000e+01
5.200000000000000000e+01
6.700000000000000000e+01
7.600000000000000000e+01
8.900000000000000000e+01
9.900000000000000000e+01
1.040000000000000000e+02
1.160000000000000000e+02
1.310000000000000000e+02
1.540000000000000000e+02
1.650000000000000000e+02
1.820000000000000000e+02
1.970000000000000000e+02
2.170000000000000000e+02
2.320000000000000000e+02
2.480000000000000000e+02
2.510000000000000000e+02
2.770000000000000000e+02
2.830000000000000000e+02
3.020000000000000000e+02
3.140000000000000000e+02
3.270000000000000000e+02
3.450000000000000000e+02
3.560000000000000000e+02
3.850000000000000000e+02
3.940000000000000000e+02
4.030000000000000000e+02
4.100000000000000000e+02
4.220000000000000000e+02
4.310000000000000000e+02
4.550000000000000000e+02
4.700000000000000000e+02
4.880000000000000000e+02
5.190000000000000000e+02
5.310000000000000000e+02
5.430000000000000000e+02
5.700000000000000000e+02
5.950000000000000000e+02
6.050000000000000000e+02
6.200000000000000000e+02
6.270000000000000000e+02
6.500000000000000000e+02
6.540000000000000000e+02
6.820000000000000000e+02
6.880000000000000000e+02
6.940000000000000000e+02
7.050000000000000000e+02
7.140000000000000000e+02
7.150000000000000000e+02
7.270000000000000000e+02
7.420000000000000000e+02
7.580000000000000000e+02
7.710000000000000000e+02
7.770000000000000000e+02
7.830000000000000000e+02
7.890000000000000000e+02
7.950000000000000000e+02
8.030000000000000000e+02
8.120000000000000000e+02
8.230000000000000000e+02
8.510000000000000000e+02
8.570000000000000000e+02
8.720000000000000000e+02
8.770000000000000000e+02
8.910000000000000000e+02
8.980000000000000000e+02
8.980000000000000000e+02
9.100000000000000000e+02
9.250000000000000000e+02
9.380000000000000000e+02
9.450000000000000000e+02
9.600000000000000000e+02
9.800000000000000000e+02
1.001000000000000000e+03
1.034000000000000000e+03
1.039000000000000000e+03
1.044000000000000000e+03
1.055000000000000000e+03
1.064000000000000000e+03
1.077000000000000000e+03
1.086000000000000000e+03
1.114000000000000000e+03
1.126000000000000000e+03
1.134000000000000000e+03
1.159000000000000000e+03
1.195000000000000000e+03
1.217000000000000000e+03
1.250000000000000000e+03
1.298000000000000000e+03
1.346000000000000000e+03
1.384000000000000000e+03
1.438000000000000000e+03
1.459000000000000000e+03
1.516000000000000000e+03
1.559000000000000000e+03
1.592000000000000000e+03
1.637000000000000000e+03
1.657000000000000000e+03
1.702000000000000000e+03
1.744000000000000000e+03
1.791000000000000000e+03
1.832000000000000000e+03
1.875000000000000000e+03
1.881000000000000000e+03
1.946000000000000000e+03
2.014000000000000000e+03
2.062000000000000000e+03
2.091000000000000000e+03
2.137000000000000000e+03
2.214000000000000000e+03
2.264000000000000000e+03
2.311000000000000000e+03
2.352000000000000000e+03
2.397000000000000000e+03
2.463000000000000000e+03
2.523000000000000000e+03
2.608000000000000000e+03
2.637000000000000000e+03
2.682000000000000000e+03
2.745000000000000000e+03
2.789000000000000000e+03
2.830000000000000000e+03
2.883000000000000000e+03
2.952000000000000000e+03
2.961000000000000000e+03
3.018000000000000000e+03
3.031000000000000000e+03
3.031000000000000000e+03
3.123000000000000000e+03
3.155000000000000000e+03
3.227000000000000000e+03
3.268000000000000000e+03
3.342000000000000000e+03
3.379000000000000000e+03
3.480000000000000000e+03
3.552000000000000000e+03
3.616000000000000000e+03
3.695000000000000000e+03
3.746000000000000000e+03
3.794000000000000000e+03
3.816000000000000000e+03
3.871000000000000000e+03
3.928000000000000000e+03
3.986000000000000000e+03
4.096000000000000000e+03
4.184000000000000000e+03
4.332000000000000000e+03
4.413000000000000000e+03
4.530000000000000000e+03
4.633000000000000000e+03
4.791000000000000000e+03
4.923000000000000000e+03
5.020000000000000000e+03
5.139000000000000000e+03
5.214000000000000000e+03
5.441000000000000000e+03
5.582000000000000000e+03
5.732000000000000000e+03
5.882000000000000000e+03
5.976000000000000000e+03
6.106000000000000000e+03
6.186000000000000000e+03
6.239000000000000000e+03
6.284000000000000000e+03
6.346000000000000000e+03
6.443000000000000000e+03
6.494000000000000000e+03
6.569000000000000000e+03
6.615000000000000000e+03
6.668000000000000000e+03
6.733000000000000000e+03
6.788000000000000000e+03
6.831000000000000000e+03
6.888000000000000000e+03
6.940000000000000000e+03
6.995000000000000000e+03
7.042000000000000000e+03
7.139000000000000000e+03
7.239000000000000000e+03
7.309000000000000000e+03
7.397000000000000000e+03
7.397000000000000000e+03
7.629000000000000000e+03
7.732000000000000000e+03
7.847000000000000000e+03
8.077000000000000000e+03
8.342000000000000000e+03
8.536000000000000000e+03
8.675000000000000000e+03
8.825000000000000000e+03
8.965000000000000000e+03
9.115000000000000000e+03
9.215000000000000000e+03
9.304000000000000000e+03
9.406000000000000000e+03
9.500000000000000000e+03
9.585000000000000000e+03
9.675000000000000000e+03
9.762000000000000000e+03
9.864000000000000000e+03
9.957000000000000000e+03
1.000100000000000000e+04
1.007100000000000000e+04
1.016700000000000000e+04
1.022500000000000000e+04
1.034100000000000000e+04
1.039500000000000000e+04
1.046600000000000000e+04
1.054800000000000000e+04
1.065400000000000000e+04
1.070500000000000000e+04
1.080800000000000000e+04
1.089300000000000000e+04
1.100700000000000000e+04
1.109700000000000000e+04
1.118900000000000000e+04
1.124600000000000000e+04
1.136700000000000000e+04
1.147300000000000000e+04
1.157800000000000000e+04
1.169600000000000000e+04
1.186100000000000000e+04
1.200200000000000000e+04
1.209200000000000000e+04
1.220300000000000000e+04
1.235300000000000000e+04
1.249300000000000000e+04
1.257400000000000000e+04
1.266700000000000000e+04
1.276700000000000000e+04
1.288900000000000000e+04
1.345300000000000000e+04
1.380400000000000000e+04
1.421600000000000000e+04
1.456500000000000000e+04
1.505500000000000000e+04
1.546900000000000000e+04
1.584200000000000000e+04
1.623000000000000000e+04
1.666600000000000000e+04
1.703100000000000000e+04
1.735200000000000000e+04
1.775500000000000000e+04
1.815200000000000000e+04
1.848100000000000000e+04
1.884900000000000000e+04
1.938400000000000000e+04
1.991200000000000000e+04
2.048400000000000000e+04
2.097400000000000000e+04
2.128600000000000000e+04
2.161700000000000000e+04
2.218000000000000000e+04
2.252700000000000000e+04
2.307200000000000000e+04
2.360900000000000000e+04
2.413600000000000000e+04
2.452000000000000000e+04
2.482000000000000000e+04
2.482000000000000000e+04
2.587600000000000000e+04
2.638100000000000000e+04
2.689800000000000000e+04
2.742600000000000000e+04
2.783100000000000000e+04
2.812100000000000000e+04
2.875200000000000000e+04
2.924900000000000000e+04
2.979900000000000000e+04
3.027600000000000000e+04
3.079000000000000000e+04
3.118100000000000000e+04
3.156500000000000000e+04
3.212200000000000000e+04
3.270000000000000000e+04
3.318500000000000000e+04
3.363400000000000000e+04
3.363400000000000000e+04
3.435300000000000000e+04
3.464800000000000000e+04
3.499600000000000000e+04
3.555100000000000000e+04
3.610200000000000000e+04
3.653500000000000000e+04
3.697100000000000000e+04
3.732700000000000000e+04
3.764800000000000000e+04
3.798100000000000000e+04
3.842100000000000000e+04
3.886000000000000000e+04
3.924600000000000000e+04
3.962500000000000000e+04
4.009000000000000000e+04
4.045300000000000000e+04
4.087000000000000000e+04
4.146400000000000000e+04
4.196900000000000000e+04
4.242600000000000000e+04
4.289500000000000000e+04
4.338400000000000000e+04
4.389000000000000000e+04
4.429100000000000000e+04
4.488000000000000000e+04
4.538300000000000000e+04
4.590600000000000000e+04
4.642000000000000000e+04
4.692700000000000000e+04
4.742400000000000000e+04
4.792200000000000000e+04
4.837700000000000000e+04
4.895800000000000000e+04
4.954300000000000000e+04
5.021900000000000000e+04
5.087500000000000000e+04
5.144400000000000000e+04
5.212800000000000000e+04
5.293300000000000000e+04
5.361600000000000000e+04
5.436200000000000000e+04
5.524300000000000000e+04
5.598300000000000000e+04
5.676400000000000000e+04
5.773600000000000000e+04
5.879400000000000000e+04
5.968400000000000000e+04
6.067500000000000000e+04
6.160500000000000000e+04
6.253300000000000000e+04
6.332900000000000000e+04
6.431800000000000000e+04
6.540300000000000000e+04
6.630900000000000000e+04
6.715800000000000000e+04
6.800700000000000000e+04
6.896900000000000000e+04
6.977300000000000000e+04
7.041300000000000000e+04
7.117300000000000000e+04
7.207600000000000000e+04
7.285300000000000000e+04
7.361000000000000000e+04
7.435200000000000000e+04
7.519000000000000000e+04
7.588700000000000000e+04
7.678400000000000000e+04
7.749800000000000000e+04
7.825900000000000000e+04
7.913100000000000000e+04
7.982100000000000000e+04
8.048300000000000000e+04
8.106100000000000000e+04
8.181000000000000000e+04
8.255400000000000000e+04
8.326400000000000000e+04
8.395400000000000000e+04
8.462500000000000000e+04
8.514700000000000000e+04
8.584600000000000000e+04
8.649700000000000000e+04
8.719300000000000000e+04
8.776000000000000000e+04
8.834900000000000000e+04
8.889900000000000000e+04
8.945600000000000000e+04
9.002400000000000000e+04
9.061700000000000000e+04
9.127100000000000000e+04
9.187500000000000000e+04
9.250000000000000000e+04
9.317300000000000000e+04
9.384200000000000000e+04
9.443100000000000000e+04
9.503500000000000000e+04
9.560000000000000000e+04
9.612900000000000000e+04
9.667200000000000000e+04
9.720600000000000000e+04
9.772300000000000000e+04
9.826900000000000000e+04
9.890300000000000000e+04
9.944100000000000000e+04
1.000130000000000000e+05
1.006000000000000000e+05
1.011420000000000000e+05
1.015840000000000000e+05
1.021710000000000000e+05
1.026010000000000000e+05
1.030660000000000000e+05
1.035820000000000000e+05
1.042780000000000000e+05
1.050160000000000000e+05
1.057280000000000000e+05
1.064650000000000000e+05
1.071630000000000000e+05
1.078870000000000000e+05
1.086060000000000000e+05
1.093380000000000000e+05
1.101720000000000000e+05
1.109200000000000000e+05
1.117920000000000000e+05
1.126260000000000000e+05
1.134680000000000000e+05
1.143620000000000000e+05
1.152530000000000000e+05
1.161260000000000000e+05
1.170890000000000000e+05
1.180410000000000000e+05
1.190610000000000000e+05
1.200720000000000000e+05
1.211220000000000000e+05
1.221050000000000000e+05
1.230810000000000000e+05
1.243120000000000000e+05
1.254190000000000000e+05
1.264050000000000000e+05
1.272400000000000000e+05
1.278690000000000000e+05
1.284250000000000000e+05
1.286010000000000000e+05
1.287320000000000000e+05
1.288260000000000000e+05
1.289070000000000000e+05
1.289780000000000000e+05
1.290420000000000000e+05
1.290970000000000000e+05
1.292150000000000000e+05
1.293080000000000000e+05
1.294310000000000000e+05
1.294730000000000000e+05
1.295210000000000000e+05
1.295660000000000000e+05
1.295980000000000000e+05
1.296270000000000000e+05
1.296640000000000000e+05
1.297020000000000000e+05
1.297360000000000000e+05
1.297610000000000000e+05
1.297850000000000000e+05
1.298070000000000000e+05
1.298260000000000000e+05
1.298420000000000000e+05
1.298650000000000000e+05
1.298790000000000000e+05
1.298880000000000000e+05
1.298950000000000000e+05
1.299030000000000000e+05
1.299100000000000000e+05
1.299180000000000000e+05
1.299180000000000000e+05
1.299410000000000000e+05
1.299550000000000000e+05
1.299660000000000000e+05
1.299750000000000000e+05
1.299820000000000000e+05
1.299900000000000000e+05
1.299940000000000000e+05
1.300020000000000000e+05
1.300090000000000000e+05
1.300140000000000000e+05
1.300180000000000000e+05
1.300230000000000000e+05
1.300270000000000000e+05
1.300290000000000000e+05
1.300330000000000000e+05
1.300350000000000000e+05
1.300370000000000000e+05
1.300430000000000000e+05
1.300470000000000000e+05
1.300500000000000000e+05
1.300520000000000000e+05
1.300530000000000000e+05
1.300590000000000000e+05
1.300610000000000000e+05
1.300670000000000000e+05
1.300720000000000000e+05
1.300740000000000000e+05
1.300810000000000000e+05
1.300860000000000000e+05
1.300970000000000000e+05
1.301090000000000000e+05
1.301180000000000000e+05
1.301250000000000000e+05
1.301390000000000000e+05
1.301520000000000000e+05
1.301660000000000000e+05
1.301740000000000000e+05
1.301870000000000000e+05
1.302050000000000000e+05
1.302220000000000000e+05
1.302430000000000000e+05
1.302560000000000000e+05
1.302910000000000000e+05
1.303140000000000000e+05
0.000000000000000000e+00
0.000000000000000000e+00
0.000000000000000000e+00
0.000000000000000000e+00
0.000000000000000000e+00
0.000000000000000000e+00
0.000000000000000000e+00
0.000000000000000000e+00
0.000000000000000000e+00
0.000000000000000000e+00
0.000000000000000000e+00
0.000000000000000000e+00
0.000000000000000000e+00
0.000000000000000000e+00
0.000000000000000000e+00
0.000000000000000000e+00
0.000000000000000000e+00
0.000000000000000000e+00
0.000000000000000000e+00
0.000000000000000000e+00
0.000000000000000000e+00
0.000000000000000000e+00
0.000000000000000000e+00
0.000000000000000000e+00
0.000000000000000000e+00
0.000000000000000000e+00
0.000000000000000000e+00
0.000000000000000000e+00
0.000000000000000000e+00
0.000000000000000000e+00
0.000000000000000000e+00
0.000000000000000000e+00
0.000000000000000000e+00
0.000000000000000000e+00
0.000000000000000000e+00
0.000000000000000000e+00
0.000000000000000000e+00
0.000000000000000000e+00
0.000000000000000000e+00
0.000000000000000000e+00
0.000000000000000000e+00
0.000000000000000000e+00
0.000000000000000000e+00
0.000000000000000000e+00
0.000000000000000000e+00
0.000000000000000000e+00
0.000000000000000000e+00
0.000000000000000000e+00
0.000000000000000000e+00
0.000000000000000000e+00
0.000000000000000000e+00
0.000000000000000000e+00
0.000000000000000000e+00
0.000000000000000000e+00
0.000000000000000000e+00
0.000000000000000000e+00
0.000000000000000000e+00
0.000000000000000000e+00
0.000000000000000000e+00
0.000000000000000000e+00
0.000000000000000000e+00
0.000000000000000000e+00
0.000000000000000000e+00
0.000000000000000000e+00
0.000000000000000000e+00
0.000000000000000000e+00
0.000000000000000000e+00
0.000000000000000000e+00
0.000000000000000000e+00
0.000000000000000000e+00
0.000000000000000000e+00
0.000000000000000000e+00
0.000000000000000000e+00
0.000000000000000000e+00
0.000000000000000000e+00
0.000000000000000000e+00
0.000000000000000000e+00
0.000000000000000000e+00
0.000000000000000000e+00
0.000000000000000000e+00
0.000000000000000000e+00
0.000000000000000000e+00
0.000000000000000000e+00
0.000000000000000000e+00
0.000000000000000000e+00
0.000000000000000000e+00
0.000000000000000000e+00
0.000000000000000000e+00
0.000000000000000000e+00
0.000000000000000000e+00
0.000000000000000000e+00
0.000000000000000000e+00
0.000000000000000000e+00
0.000000000000000000e+00
0.000000000000000000e+00
0.000000000000000000e+00
0.000000000000000000e+00
0.000000000000000000e+00
0.000000000000000000e+00
0.000000000000000000e+00
0.000000000000000000e+00
0.000000000000000000e+00
0.000000000000000000e+00
0.000000000000000000e+00
0.000000000000000000e+00
0.000000000000000000e+00
0.000000000000000000e+00
0.000000000000000000e+00
0.000000000000000000e+00
0.000000000000000000e+00
0.000000000000000000e+00
0.000000000000000000e+00
0.000000000000000000e+00
0.000000000000000000e+00
0.000000000000000000e+00
0.000000000000000000e+00
0.000000000000000000e+00
0.000000000000000000e+00
0.000000000000000000e+00
0.000000000000000000e+00
0.000000000000000000e+00
0.000000000000000000e+00
0.000000000000000000e+00
0.000000000000000000e+00
0.000000000000000000e+00
0.000000000000000000e+00
0.000000000000000000e+00
0.000000000000000000e+00
0.000000000000000000e+00
0.000000000000000000e+00
0.000000000000000000e+00
0.000000000000000000e+00
0.000000000000000000e+00
0.000000000000000000e+00
0.000000000000000000e+00
0.000000000000000000e+00
0.000000000000000000e+00
0.000000000000000000e+00
0.000000000000000000e+00
0.000000000000000000e+00
0.000000000000000000e+00
0.000000000000000000e+00
0.000000000000000000e+00
0.000000000000000000e+00
0.000000000000000000e+00
0.000000000000000000e+00
0.000000000000000000e+00
0.000000000000000000e+00
0.000000000000000000e+00
0.000000000000000000e+00
0.000000000000000000e+00
0.000000000000000000e+00
0.000000000000000000e+00
0.000000000000000000e+00
0.000000000000000000e+00
0.000000000000000000e+00
0.000000000000000000e+00
0.000000000000000000e+00
0.000000000000000000e+00
0.000000000000000000e+00
0.000000000000000000e+00
0.000000000000000000e+00
0.000000000000000000e+00
0.000000000000000000e+00
0.000000000000000000e+00
0.000000000000000000e+00
0.000000000000000000e+00
0.000000000000000000e+00
0.000000000000000000e+00
0.000000000000000000e+00
0.000000000000000000e+00
0.000000000000000000e+00
0.000000000000000000e+00
0.000000000000000000e+00
0.000000000000000000e+00
0.000000000000000000e+00
0.000000000000000000e+00
0.000000000000000000e+00
0.000000000000000000e+00
0.000000000000000000e+00
0.000000000000000000e+00
0.000000000000000000e+00
0.000000000000000000e+00
0.000000000000000000e+00
0.000000000000000000e+00
0.000000000000000000e+00
0.000000000000000000e+00
0.000000000000000000e+00
0.000000000000000000e+00
0.000000000000000000e+00
0.000000000000000000e+00
0.000000000000000000e+00
0.000000000000000000e+00
0.000000000000000000e+00
0.000000000000000000e+00
0.000000000000000000e+00
0.000000000000000000e+00
0.000000000000000000e+00
0.000000000000000000e+00
0.000000000000000000e+00
0.000000000000000000e+00
0.000000000000000000e+00
0.000000000000000000e+00
0.000000000000000000e+00
0.000000000000000000e+00
0.000000000000000000e+00
0.000000000000000000e+00
0.000000000000000000e+00
0.000000000000000000e+00
0.000000000000000000e+00
0.000000000000000000e+00
0.000000000000000000e+00
0.000000000000000000e+00
0.000000000000000000e+00
0.000000000000000000e+00
0.000000000000000000e+00
0.000000000000000000e+00
0.000000000000000000e+00
0.000000000000000000e+00
0.000000000000000000e+00
0.000000000000000000e+00
0.000000000000000000e+00
0.000000000000000000e+00
0.000000000000000000e+00
0.000000000000000000e+00
0.000000000000000000e+00
0.000000000000000000e+00
0.000000000000000000e+00
0.000000000000000000e+00
0.000000000000000000e+00
0.000000000000000000e+00
0.000000000000000000e+00
0.000000000000000000e+00
0.000000000000000000e+00
0.000000000000000000e+00
0.000000000000000000e+00
0.000000000000000000e+00
0.000000000000000000e+00
0.000000000000000000e+00
0.000000000000000000e+00
0.000000000000000000e+00
0.000000000000000000e+00
0.000000000000000000e+00
0.000000000000000000e+00
0.000000000000000000e+00
0.000000000000000000e+00
0.000000000000000000e+00
0.000000000000000000e+00
