1.206082302891246183e+00
1.328363258948949577e+00
1.001468596088609608e+00
1.045314380629861928e+00
1.381195989590883855e+00
1.132965573789561642e+00
1.231462534334698766e+00
9.992749373012900227e-01
1.121555893358878730e+00
7.946612304972731078e-01
8.385070150393016952e-01
1.174388623999263137e+00
9.261582081992327797e-01
1.024655168744137868e+00
7.924675717104742168e-01
9.147485277680490467e-01
5.878538649078128842e-01
6.316996494496733838e-01
9.675812584097585045e-01
7.193508426089014751e-01
8.178478031535745263e-01
5.856602061200846254e-01
7.079411621779130304e-01
3.810464993164717207e-01
4.248922838581762340e-01
7.607738928187667282e-01
5.125434770181711563e-01
6.110404375631574014e-01
3.788528405292711509e-01
5.011337965870834577e-01
1.742391337251328332e-01
2.180849182685455356e-01
5.539665272285184683e-01
3.057361114280371384e-01
4.042330719726128230e-01
1.720454749393149629e-01
2.943264309970124448e-01
-3.256823186387444724e-02
1.127755267698571373e-02
3.471591616382725398e-01
9.892874583730687510e-02
1.974257063820380464e-01
-3.476189065150091240e-02
8.751906540618052677e-02
-2.393755974552110311e-01
-1.955298129126426532e-01
1.403517960480266391e-01
-1.078786197530197527e-01
-9.381659208506615277e-03
-2.415692562421460909e-01
-1.192883001846490598e-01
-4.461829630456116691e-01
-4.023371785041374160e-01
-6.645556954296280572e-02
-3.146859853435574617e-01
-2.161890247990512492e-01
-4.483766218325309083e-01
-3.260956657754786603e-01
-6.529903286360148051e-01
-6.091445440937705014e-01
