-2.479986792074571440e+02
6.672582826701905105e+02
6.416720206704239899e+02
6.083706210698189807e+02
5.877265275636698334e+02
5.673870650961712272e+02
5.199152110593715861e+02
-4.433812327964695896e+02
4.437887339622627678e+02
3.986687449279212387e+02
3.547871105712378039e+02
3.326349928441935617e+02
3.196996624468333721e+02
2.881162328658018623e+02
-6.514844517355504649e+02
2.662883314369373693e+02
2.575865581732529677e+02
2.546925489501124673e+02
2.767381078259190872e+02
3.097813721368587494e+02
3.245034214137741628e+02
-5.698990398014117318e+02
3.905938419368645782e+02
4.208671241583524534e+02
4.520769692308941785e+02
5.024016771612552930e+02
5.571446328193561612e+02
5.864505211892665102e+02
-3.007893651667248491e+02
6.593757667582541444e+02
6.819963266032898446e+02
6.986191625841374844e+02
7.280227564505196369e+02
7.562981531566380227e+02
7.545377368085781882e+02
-1.672914110825420835e+02
7.559299583323759180e+02
7.404756089433092257e+02
7.191317124932365914e+02
7.118931590746423126e+02
7.060068362532069841e+02
6.736251256628821693e+02
-2.743525952221651778e+02
6.279700183973880030e+02
5.974662775400734063e+02
5.673277786527825128e+02
5.577503582437338991e+02
5.559734814780300667e+02
5.339363612175707203e+02
-3.978715570429042714e+02
5.258543751769891514e+02
5.212344969291586949e+02
5.205714470644963967e+02
5.430653811745257826e+02
5.748856522005629586e+02
5.868612244689493309e+02
-3.116336217121129266e+02
6.436207276146725462e+02
6.677235010432468698e+02
6.920516569895816019e+02
