3.260279361941982188e+02
3.478210579577729504e+02
2.844475229162053438e+02
3.457373285092455717e+02
2.039567255660185765e+02
3.239737107296944600e+02
3.483357596743202862e+02
3.227442283882117522e+02
3.459209143366009584e+02
2.824775004330887782e+02
3.422481566867391507e+02
1.975447577143409603e+02
3.133208232934471198e+02
3.322465251476198205e+02
3.001792808081415842e+02
3.160255509819714348e+02
2.446047149928399733e+02
2.959754730277503540e+02
1.426844240872302407e+02
2.499231285383559111e+02
2.605962050966411994e+02
2.207851884496630817e+02
2.296039619963239602e+02
1.520568251391743217e+02
1.983598102765824081e+02
4.118504152449386879e+01
1.458145599714142122e+02
1.552062507411366710e+02
1.154566508980718424e+02
1.256564715590466363e+02
5.074987845561747690e+01
1.008580975463893594e+02
-5.147294234603131713e+01
5.888538601070374057e+01
7.471525779195411587e+01
4.192072341626885645e+01
5.938917554629409778e+01
-8.143182323545659074e+00
4.923851322131756092e+01
-9.611846030228977611e+01
2.072938245312568029e+01
4.239789889353488661e+01
1.464832316610124963e+01
3.625264018923863318e+01
-2.813791758008656529e+01
3.133904736929986257e+01
-1.129880906676367829e+02
3.838839647974623404e+00
2.448297765861124731e+01
-5.216535772194333731e+00
1.361793776222066299e+01
-5.423265608857815323e+01
1.243478275988593396e+00
-1.474611234594742371e+02
-3.521467749155382876e+01
-1.917651731017284078e+01
-5.333164902548574560e+01
-3.863372506222964375e+01
-1.101454187320515246e+02
-5.771562432088430228e+01
