1.700577593012103250e+01
1.717029289500147726e+01
1.745079675020357968e+01
1.726009764416508574e+01
1.717505690587285372e+01
1.707068619452391900e+01
1.671633605367402353e+01
1.725627280719118417e+01
1.742078977207162893e+01
1.770129362727319133e+01
1.751059452123509175e+01
1.742555378294331803e+01
1.732118307159423054e+01
1.696683293074382348e+01
1.750676968426138913e+01
1.767128664914132941e+01
1.795179050434281010e+01
1.776109139830457906e+01
1.767605066001192426e+01
1.757167994866404825e+01
1.721732980781360567e+01
1.775726656133155146e+01
1.792178352621191095e+01
1.820228738141360481e+01
1.801158827537553009e+01
1.792654753708238502e+01
1.782217682573385531e+01
1.746782668488339851e+01
1.800776343840001559e+01
1.817228040328162209e+01
1.845278425848323067e+01
1.826208515244459107e+01
1.817704441415190786e+01
1.807267370280366592e+01
1.771832356195358926e+01
1.825826031547019568e+01
1.842277728035132967e+01
1.870328113555284233e+01
1.851258202951459708e+01
1.842754129122213058e+01
1.832317057987398101e+01
1.796882043902298420e+01
1.850875719254038643e+01
1.867327415742190411e+01
1.895377801262286610e+01
1.876307890658461019e+01
1.867803816829166763e+01
1.857366745694305976e+01
1.821931731609316429e+01
1.875925406961055941e+01
1.892377103449064890e+01
1.920427488969325935e+01
1.901357578365461265e+01
1.892853504536212483e+01
1.882416433401359868e+01
1.846981419316288964e+01
1.900975094668073950e+01
1.917426791156079346e+01
1.945477176676211784e+01
1.926407266072367364e+01
