0.000000000000000000e+00
0.000000000000000000e+00
0.000000000000000000e+00
0.000000000000000000e+00
0.000000000000000000e+00
0.000000000000000000e+00
0.000000000000000000e+00
0.000000000000000000e+00
0.000000000000000000e+00
0.000000000000000000e+00
0.000000000000000000e+00
0.000000000000000000e+00
0.000000000000000000e+00
0.000000000000000000e+00
0.000000000000000000e+00
0.000000000000000000e+00
0.000000000000000000e+00
0.000000000000000000e+00
0.000000000000000000e+00
0.000000000000000000e+00
0.000000000000000000e+00
0.000000000000000000e+00
0.000000000000000000e+00
0.000000000000000000e+00
0.000000000000000000e+00
0.000000000000000000e+00
0.000000000000000000e+00
0.000000000000000000e+00
0.000000000000000000e+00
0.000000000000000000e+00
0.000000000000000000e+00
1.000000000000000000e+00
2.000000000000000000e+00
1.000000000000000000e+00
1.000000000000000000e+00
3.000000000000000000e+00
4.500000000000000000e+01
4.600000000000000000e+01
4.600000000000000000e+01
8.300000000000000000e+01
1.490000000000000000e+02
1.600000000000000000e+02
2.760000000000000000e+02
4.140000000000000000e+02
5.230000000000000000e+02
5.890000000000000000e+02
6.220000000000000000e+02
7.240000000000000000e+02
7.240000000000000000e+02
1.045000000000000000e+03
1.045000000000000000e+03
1.439000000000000000e+03
1.966000000000000000e+03
2.335000000000000000e+03
2.749000000000000000e+03
2.941000000000000000e+03
4.025000000000000000e+03
4.440000000000000000e+03
4.440000000000000000e+03
6.072000000000000000e+03
7.024000000000000000e+03
7.024000000000000000e+03
8.326000000000000000e+03
9.362000000000000000e+03
1.036100000000000000e+04
1.095000000000000000e+04
1.238400000000000000e+04
1.303000000000000000e+04
1.462000000000000000e+04
1.572900000000000000e+04
1.684700000000000000e+04
1.827800000000000000e+04
1.975800000000000000e+04
2.099600000000000000e+04
2.181500000000000000e+04
2.283700000000000000e+04
2.439200000000000000e+04
2.649100000000000000e+04
2.847000000000000000e+04
3.045500000000000000e+04
3.253400000000000000e+04
3.421100000000000000e+04
3.543500000000000000e+04
3.713000000000000000e+04
3.809200000000000000e+04
4.016400000000000000e+04
4.272700000000000000e+04
4.492700000000000000e+04
4.705500000000000000e+04
4.887700000000000000e+04
5.160000000000000000e+04
5.454300000000000000e+04
5.757600000000000000e+04
6.049800000000000000e+04
6.312000000000000000e+04
6.492800000000000000e+04
6.662400000000000000e+04
6.894100000000000000e+04
7.125200000000000000e+04
7.594500000000000000e+04
7.824900000000000000e+04
7.991400000000000000e+04
8.165400000000000000e+04
8.287900000000000000e+04
8.523100000000000000e+04
9.324500000000000000e+04
9.627600000000000000e+04
9.902300000000000000e+04
1.030310000000000000e+05
1.051860000000000000e+05
1.065870000000000000e+05
1.090390000000000000e+05
1.125410000000000000e+05
1.152880000000000000e+05
1.202050000000000000e+05
1.228100000000000000e+05
1.251760000000000000e+05
1.273260000000000000e+05
1.294010000000000000e+05
1.322820000000000000e+05
1.345600000000000000e+05
1.367200000000000000e+05
1.388400000000000000e+05
1.404790000000000000e+05
1.419810000000000000e+05
1.446580000000000000e+05
1.471010000000000000e+05
1.506040000000000000e+05
1.528440000000000000e+05
1.556330000000000000e+05
1.575070000000000000e+05
1.583550000000000000e+05
1.600920000000000000e+05
1.609380000000000000e+05
1.618950000000000000e+05
1.637810000000000000e+05
1.650780000000000000e+05
1.658370000000000000e+05
1.665840000000000000e+05
1.686460000000000000e+05
1.699390000000000000e+05
1.713380000000000000e+05
1.730850000000000000e+05
1.748650000000000000e+05
1.763700000000000000e+05
1.770100000000000000e+05
1.785260000000000000e+05
1.794550000000000000e+05
1.805440000000000000e+05
1.819070000000000000e+05
1.824530000000000000e+05
1.828930000000000000e+05
1.834260000000000000e+05
1.845850000000000000e+05
1.861110000000000000e+05
1.867250000000000000e+05
1.876150000000000000e+05
1.885840000000000000e+05
1.888910000000000000e+05
1.891960000000000000e+05
1.902480000000000000e+05
1.907170000000000000e+05
1.910830000000000000e+05
1.914670000000000000e+05
1.919440000000000000e+05
1.921080000000000000e+05
1.922410000000000000e+05
1.928150000000000000e+05
1.936400000000000000e+05
1.939780000000000000e+05
1.942730000000000000e+05
1.945790000000000000e+05
1.949280000000000000e+05
1.951060000000000000e+05
1.954410000000000000e+05
1.960160000000000000e+05
1.962460000000000000e+05
1.964830000000000000e+05
1.968060000000000000e+05
1.969490000000000000e+05
1.971620000000000000e+05
1.974310000000000000e+05
1.976280000000000000e+05
1.978420000000000000e+05
1.981920000000000000e+05
1.983200000000000000e+05
1.984460000000000000e+05
1.985930000000000000e+05
1.987560000000000000e+05
1.990310000000000000e+05
1.997960000000000000e+05
1.999740000000000000e+05
2.002290000000000000e+05
2.004600000000000000e+05
2.005890000000000000e+05
2.007660000000000000e+05
2.009760000000000000e+05
2.013230000000000000e+05
2.016420000000000000e+05
2.019470000000000000e+05
2.020980000000000000e+05
2.022480000000000000e+05
2.024610000000000000e+05
2.026970000000000000e+05
2.029230000000000000e+05
2.033260000000000000e+05
2.036400000000000000e+05
2.037860000000000000e+05
2.039680000000000000e+05
2.041420000000000000e+05
2.045060000000000000e+05
2.046860000000000000e+05
2.049600000000000000e+05
2.052030000000000000e+05
2.054700000000000000e+05
2.056620000000000000e+05
2.060150000000000000e+05
2.063290000000000000e+05
2.065540000000000000e+05
2.069020000000000000e+05
2.082240000000000000e+05
2.085360000000000000e+05
2.076530000000000000e+05
2.079440000000000000e+05
2.082010000000000000e+05
2.084900000000000000e+05
2.090270000000000000e+05
2.096100000000000000e+05
2.100150000000000000e+05
2.102380000000000000e+05
2.108010000000000000e+05
2.112720000000000000e+05
2.118850000000000000e+05
2.124320000000000000e+05
2.131910000000000000e+05
2.136340000000000000e+05
2.139500000000000000e+05
2.146450000000000000e+05
2.152650000000000000e+05
2.159540000000000000e+05
2.168070000000000000e+05
2.177160000000000000e+05
2.183510000000000000e+05
2.187030000000000000e+05
2.196700000000000000e+05
2.206650000000000000e+05
2.217620000000000000e+05
2.227160000000000000e+05
2.236930000000000000e+05
2.244170000000000000e+05
2.251900000000000000e+05
2.265060000000000000e+05
2.277040000000000000e+05
2.288440000000000000e+05
2.299700000000000000e+05
2.312170000000000000e+05
2.319140000000000000e+05
2.326810000000000000e+05
2.340990000000000000e+05
2.353030000000000000e+05
2.363630000000000000e+05
2.375490000000000000e+05
2.385250000000000000e+05
2.397090000000000000e+05
2.406000000000000000e+05
2.420280000000000000e+05
2.440650000000000000e+05
2.459640000000000000e+05
2.478720000000000000e+05
2.491270000000000000e+05
2.514610000000000000e+05
2.529590000000000000e+05
2.550050000000000000e+05
2.573740000000000000e+05
2.594560000000000000e+05
2.618080000000000000e+05
2.641170000000000000e+05
2.662030000000000000e+05
2.686260000000000000e+05
2.719880000000000000e+05
2.754040000000000000e+05
2.792820000000000000e+05
2.835670000000000000e+05
2.894260000000000000e+05
2.923800000000000000e+05
2.960170000000000000e+05
3.022750000000000000e+05
3.073780000000000000e+05
3.123390000000000000e+05
3.229250000000000000e+05
3.288910000000000000e+05
3.350740000000000000e+05
3.452890000000000000e+05
3.630230000000000000e+05
3.721130000000000000e+05
3.877580000000000000e+05
3.992380000000000000e+05
4.114340000000000000e+05
4.208100000000000000e+05
4.423640000000000000e+05
4.577980000000000000e+05
4.819670000000000000e+05
4.989870000000000000e+05
5.200220000000000000e+05
5.395240000000000000e+05
5.530980000000000000e+05
5.844930000000000000e+05
6.053300000000000000e+05
6.371490000000000000e+05
6.611800000000000000e+05
6.966470000000000000e+05
7.208610000000000000e+05
7.345030000000000000e+05
7.575070000000000000e+05
7.845950000000000000e+05
8.233350000000000000e+05
8.468090000000000000e+05
8.723850000000000000e+05
8.963080000000000000e+05
9.134940000000000000e+05
9.331320000000000000e+05
9.586290000000000000e+05
9.978950000000000000e+05
1.027994000000000000e+06
1.052163000000000000e+06
1.076891000000000000e+06
1.093161000000000000e+06
1.115617000000000000e+06
1.141406000000000000e+06
1.175901000000000000e+06
1.203814000000000000e+06
1.226086000000000000e+06
1.249470000000000000e+06
1.261626000000000000e+06
1.281258000000000000e+06
1.301573000000000000e+06
1.322067000000000000e+06
1.344785000000000000e+06
1.377109000000000000e+06
1.386198000000000000e+06
1.394011000000000000e+06
1.408686000000000000e+06
1.425730000000000000e+06
1.445690000000000000e+06
1.463111000000000000e+06
1.479988000000000000e+06
1.489154000000000000e+06
1.503900000000000000e+06
1.520106000000000000e+06
1.536129000000000000e+06
1.556356000000000000e+06
1.572015000000000000e+06
1.589590000000000000e+06
1.606630000000000000e+06
1.617804000000000000e+06
1.633839000000000000e+06
1.653404000000000000e+06
1.673936000000000000e+06
1.694051000000000000e+06
1.713030000000000000e+06
1.729216000000000000e+06
1.745726000000000000e+06
1.760489000000000000e+06
1.781917000000000000e+06
1.806932000000000000e+06
1.827451000000000000e+06
1.855127000000000000e+06
1.871189000000000000e+06
1.882074000000000000e+06
1.897861000000000000e+06
1.917117000000000000e+06
1.936289000000000000e+06
1.953509000000000000e+06
1.973388000000000000e+06
1.990152000000000000e+06
2.010548000000000000e+06
2.024523000000000000e+06
2.043499000000000000e+06
2.059248000000000000e+06
2.076928000000000000e+06
2.091923000000000000e+06
2.107061000000000000e+06
2.118441000000000000e+06
2.133523000000000000e+06
2.149350000000000000e+06
2.165817000000000000e+06
2.185655000000000000e+06
2.202077000000000000e+06
2.216050000000000000e+06
2.225519000000000000e+06
2.237290000000000000e+06
2.251734000000000000e+06
2.268253000000000000e+06
2.286024000000000000e+06
2.303199000000000000e+06
2.315687000000000000e+06
2.324633000000000000e+06
2.334968000000000000e+06
2.347866000000000000e+06
2.362465000000000000e+06
2.375318000000000000e+06
2.387032000000000000e+06
2.398352000000000000e+06
2.405199000000000000e+06
2.416093000000000000e+06
2.426150000000000000e+06
2.440218000000000000e+06
2.453706000000000000e+06
2.467388000000000000e+06
2.481372000000000000e+06
2.494839000000000000e+06
2.508732000000000000e+06
2.521731000000000000e+06
2.535483000000000000e+06
2.550483000000000000e+06
2.564926000000000000e+06
2.579896000000000000e+06
2.589731000000000000e+06
2.605538000000000000e+06
2.619654000000000000e+06
2.639370000000000000e+06
2.655346000000000000e+06
2.671638000000000000e+06
2.686236000000000000e+06
2.699762000000000000e+06
2.719477000000000000e+06
2.753083000000000000e+06
2.773215000000000000e+06
2.794888000000000000e+06
2.814652000000000000e+06
2.832939000000000000e+06
2.850889000000000000e+06
2.870614000000000000e+06
2.889301000000000000e+06
2.913045000000000000e+06
2.933757000000000000e+06
2.953377000000000000e+06
2.974688000000000000e+06
2.988199000000000000e+06
2.997522000000000000e+06
3.019255000000000000e+06
3.040182000000000000e+06
3.060411000000000000e+06
3.086586000000000000e+06
3.107069000000000000e+06
3.122555000000000000e+06
3.140565000000000000e+06
3.158725000000000000e+06
3.178976000000000000e+06
3.200196000000000000e+06
3.218975000000000000e+06
3.235459000000000000e+06
3.248593000000000000e+06
3.268262000000000000e+06
3.290715000000000000e+06
3.311267000000000000e+06
3.330392000000000000e+06
3.351461000000000000e+06
3.369048000000000000e+06
3.382224000000000000e+06
3.398763000000000000e+06
3.413451000000000000e+06
3.431867000000000000e+06
3.449955000000000000e+06
3.465576000000000000e+06
3.484042000000000000e+06
3.492679000000000000e+06
3.505717000000000000e+06
3.524194000000000000e+06
3.541266000000000000e+06
3.557133000000000000e+06
3.572713000000000000e+06
3.590107000000000000e+06
3.604523000000000000e+06
3.619586000000000000e+06
3.636089000000000000e+06
3.655112000000000000e+06
3.669407000000000000e+06
3.683189000000000000e+06
3.696481000000000000e+06
3.706084000000000000e+06
3.715389000000000000e+06
3.727220000000000000e+06
3.741149000000000000e+06
3.753965000000000000e+06
3.766660000000000000e+06
3.779293000000000000e+06
3.785866000000000000e+06
3.792898000000000000e+06
3.804246000000000000e+06
3.816176000000000000e+06
3.826984000000000000e+06
3.837518000000000000e+06
3.845087000000000000e+06
3.851661000000000000e+06
3.858019000000000000e+06
3.868332000000000000e+06
3.886867000000000000e+06
3.893259000000000000e+06
3.901112000000000000e+06
3.908312000000000000e+06
3.913633000000000000e+06
3.918657000000000000e+06
3.927176000000000000e+06
3.936088000000000000e+06
3.943704000000000000e+06
3.949597000000000000e+06
3.954097000000000000e+06
3.957557000000000000e+06
3.960951000000000000e+06
4.014025000000000000e+06
4.019424000000000000e+06
4.023957000000000000e+06
4.031605000000000000e+06
4.035692000000000000e+06
4.037996000000000000e+06
4.049316000000000000e+06
4.054008000000000000e+06
4.059463000000000000e+06
4.066029000000000000e+06
4.068798000000000000e+06
4.072099000000000000e+06
4.073435000000000000e+06
4.076274000000000000e+06
4.078767000000000000e+06
4.081902000000000000e+06
4.083843000000000000e+06
4.086188000000000000e+06
4.089298000000000000e+06
4.091004000000000000e+06
4.092586000000000000e+06
4.094421000000000000e+06
4.096156000000000000e+06
4.097905000000000000e+06
4.099339000000000000e+06
4.101102000000000000e+06
4.102420000000000000e+06
4.103949000000000000e+06
4.105236000000000000e+06
4.106315000000000000e+06
4.109579000000000000e+06
4.110649000000000000e+06
4.112977000000000000e+06
4.113478000000000000e+06
4.114129000000000000e+06
4.115889000000000000e+06
4.118124000000000000e+06
4.119607000000000000e+06
4.120846000000000000e+06
4.122208000000000000e+06
4.123209000000000000e+06
4.124323000000000000e+06
4.126741000000000000e+06
4.128568000000000000e+06
4.130393000000000000e+06
4.132510000000000000e+06
4.134680000000000000e+06
4.135930000000000000e+06
4.137428000000000000e+06
4.141043000000000000e+06
4.144608000000000000e+06
0.000000000000000000e+00
0.000000000000000000e+00
0.000000000000000000e+00
0.000000000000000000e+00
0.000000000000000000e+00
0.000000000000000000e+00
0.000000000000000000e+00
0.000000000000000000e+00
0.000000000000000000e+00
0.000000000000000000e+00
0.000000000000000000e+00
0.000000000000000000e+00
0.000000000000000000e+00
0.000000000000000000e+00
0.000000000000000000e+00
0.000000000000000000e+00
0.000000000000000000e+00
0.000000000000000000e+00
0.000000000000000000e+00
0.000000000000000000e+00
0.000000000000000000e+00
0.000000000000000000e+00
0.000000000000000000e+00
0.000000000000000000e+00
0.000000000000000000e+00
0.000000000000000000e+00
0.000000000000000000e+00
0.000000000000000000e+00
0.000000000000000000e+00
0.000000000000000000e+00
0.000000000000000000e+00
0.000000000000000000e+00
0.000000000000000000e+00
0.000000000000000000e+00
0.000000000000000000e+00
0.000000000000000000e+00
0.000000000000000000e+00
0.000000000000000000e+00
0.000000000000000000e+00
0.000000000000000000e+00
0.000000000000000000e+00
0.000000000000000000e+00
0.000000000000000000e+00
0.000000000000000000e+00
0.000000000000000000e+00
0.000000000000000000e+00
0.000000000000000000e+00
0.000000000000000000e+00
0.000000000000000000e+00
0.000000000000000000e+00
0.000000000000000000e+00
0.000000000000000000e+00
0.000000000000000000e+00
0.000000000000000000e+00
0.000000000000000000e+00
0.000000000000000000e+00
0.000000000000000000e+00
0.000000000000000000e+00
0.000000000000000000e+00
0.000000000000000000e+00
0.000000000000000000e+00
0.000000000000000000e+00
0.000000000000000000e+00
0.000000000000000000e+00
0.000000000000000000e+00
0.000000000000000000e+00
0.000000000000000000e+00
0.000000000000000000e+00
0.000000000000000000e+00
0.000000000000000000e+00
0.000000000000000000e+00
0.000000000000000000e+00
0.000000000000000000e+00
0.000000000000000000e+00
0.000000000000000000e+00
0.000000000000000000e+00
0.000000000000000000e+00
0.000000000000000000e+00
0.000000000000000000e+00
0.000000000000000000e+00
0.000000000000000000e+00
0.000000000000000000e+00
0.000000000000000000e+00
0.000000000000000000e+00
0.000000000000000000e+00
0.000000000000000000e+00
0.000000000000000000e+00
0.000000000000000000e+00
0.000000000000000000e+00
0.000000000000000000e+00
0.000000000000000000e+00
0.000000000000000000e+00
0.000000000000000000e+00
0.000000000000000000e+00
0.000000000000000000e+00
0.000000000000000000e+00
0.000000000000000000e+00
0.000000000000000000e+00
0.000000000000000000e+00
0.000000000000000000e+00
0.000000000000000000e+00
0.000000000000000000e+00
0.000000000000000000e+00
0.000000000000000000e+00
0.000000000000000000e+00
0.000000000000000000e+00
0.000000000000000000e+00
0.000000000000000000e+00
0.000000000000000000e+00
0.000000000000000000e+00
0.000000000000000000e+00
0.000000000000000000e+00
0.000000000000000000e+00
0.000000000000000000e+00
0.000000000000000000e+00
0.000000000000000000e+00
0.000000000000000000e+00
0.000000000000000000e+00
0.000000000000000000e+00
0.000000000000000000e+00
0.000000000000000000e+00
0.000000000000000000e+00
0.000000000000000000e+00
0.000000000000000000e+00
0.000000000000000000e+00
0.000000000000000000e+00
0.000000000000000000e+00
0.000000000000000000e+00
0.000000000000000000e+00
0.000000000000000000e+00
0.000000000000000000e+00
0.000000000000000000e+00
0.000000000000000000e+00
0.000000000000000000e+00
0.000000000000000000e+00
0.000000000000000000e+00
0.000000000000000000e+00
0.000000000000000000e+00
0.000000000000000000e+00
0.000000000000000000e+00
0.000000000000000000e+00
0.000000000000000000e+00
0.000000000000000000e+00
0.000000000000000000e+00
0.000000000000000000e+00
0.000000000000000000e+00
0.000000000000000000e+00
0.000000000000000000e+00
0.000000000000000000e+00
0.000000000000000000e+00
0.000000000000000000e+00
0.000000000000000000e+00
0.000000000000000000e+00
0.000000000000000000e+00
0.000000000000000000e+00
0.000000000000000000e+00
0.000000000000000000e+00
0.000000000000000000e+00
0.000000000000000000e+00
0.000000000000000000e+00
0.000000000000000000e+00
0.000000000000000000e+00
0.000000000000000000e+00
0.000000000000000000e+00
0.000000000000000000e+00
0.000000000000000000e+00
0.000000000000000000e+00
0.000000000000000000e+00
0.000000000000000000e+00
0.000000000000000000e+00
0.000000000000000000e+00
0.000000000000000000e+00
0.000000000000000000e+00
0.000000000000000000e+00
0.000000000000000000e+00
0.000000000000000000e+00
0.000000000000000000e+00
0.000000000000000000e+00
0.000000000000000000e+00
0.000000000000000000e+00
0.000000000000000000e+00
0.000000000000000000e+00
0.000000000000000000e+00
0.000000000000000000e+00
0.000000000000000000e+00
0.000000000000000000e+00
0.000000000000000000e+00
0.000000000000000000e+00
0.000000000000000000e+00
0.000000000000000000e+00
0.000000000000000000e+00
0.000000000000000000e+00
0.000000000000000000e+00
0.000000000000000000e+00
0.000000000000000000e+00
0.000000000000000000e+00
0.000000000000000000e+00
0.000000000000000000e+00
0.000000000000000000e+00
0.000000000000000000e+00
0.000000000000000000e+00
0.000000000000000000e+00
0.000000000000000000e+00
0.000000000000000000e+00
0.000000000000000000e+00
0.000000000000000000e+00
0.000000000000000000e+00
0.000000000000000000e+00
0.000000000000000000e+00
0.000000000000000000e+00
0.000000000000000000e+00
0.000000000000000000e+00
0.000000000000000000e+00
0.000000000000000000e+00
0.000000000000000000e+00
0.000000000000000000e+00
0.000000000000000000e+00
0.000000000000000000e+00
0.000000000000000000e+00
0.000000000000000000e+00
0.000000000000000000e+00
0.000000000000000000e+00
0.000000000000000000e+00
0.000000000000000000e+00
0.000000000000000000e+00
0.000000000000000000e+00
0.000000000000000000e+00
0.000000000000000000e+00
0.000000000000000000e+00
0.000000000000000000e+00
0.000000000000000000e+00
0.000000000000000000e+00
0.000000000000000000e+00
0.000000000000000000e+00
0.000000000000000000e+00
0.000000000000000000e+00
0.000000000000000000e+00
0.000000000000000000e+00
0.000000000000000000e+00
0.000000000000000000e+00
0.000000000000000000e+00
0.000000000000000000e+00
0.000000000000000000e+00
0.000000000000000000e+00
0.000000000000000000e+00
0.000000000000000000e+00
0.000000000000000000e+00
0.000000000000000000e+00
0.000000000000000000e+00
0.000000000000000000e+00
0.000000000000000000e+00
0.000000000000000000e+00
0.000000000000000000e+00
0.000000000000000000e+00
0.000000000000000000e+00
0.000000000000000000e+00
0.000000000000000000e+00
0.000000000000000000e+00
0.000000000000000000e+00
0.000000000000000000e+00
0.000000000000000000e+00
0.000000000000000000e+00
0.000000000000000000e+00
0.000000000000000000e+00
0.000000000000000000e+00
0.000000000000000000e+00
0.000000000000000000e+00
0.000000000000000000e+00
0.000000000000000000e+00
0.000000000000000000e+00
0.000000000000000000e+00
0.000000000000000000e+00
0.000000000000000000e+00
0.000000000000000000e+00
0.000000000000000000e+00
0.000000000000000000e+00
0.000000000000000000e+00
0.000000000000000000e+00
0.000000000000000000e+00
0.000000000000000000e+00
0.000000000000000000e+00
0.000000000000000000e+00
0.000000000000000000e+00
0.000000000000000000e+00
0.000000000000000000e+00
0.000000000000000000e+00
0.000000000000000000e+00
0.000000000000000000e+00
0.000000000000000000e+00
0.000000000000000000e+00
0.000000000000000000e+00
0.000000000000000000e+00
0.000000000000000000e+00
0.000000000000000000e+00
0.000000000000000000e+00
0.000000000000000000e+00
0.000000000000000000e+00
0.000000000000000000e+00
0.000000000000000000e+00
0.000000000000000000e+00
0.000000000000000000e+00
0.000000000000000000e+00
0.000000000000000000e+00
0.000000000000000000e+00
0.000000000000000000e+00
0.000000000000000000e+00
0.000000000000000000e+00
0.000000000000000000e+00
0.000000000000000000e+00
0.000000000000000000e+00
0.000000000000000000e+00
0.000000000000000000e+00
0.000000000000000000e+00
0.000000000000000000e+00
0.000000000000000000e+00
0.000000000000000000e+00
0.000000000000000000e+00
0.000000000000000000e+00
0.000000000000000000e+00
0.000000000000000000e+00
0.000000000000000000e+00
0.000000000000000000e+00
0.000000000000000000e+00
0.000000000000000000e+00
0.000000000000000000e+00
