0.000000000000000000e+00
0.000000000000000000e+00
0.000000000000000000e+00
0.000000000000000000e+00
0.000000000000000000e+00
0.000000000000000000e+00
0.000000000000000000e+00
0.000000000000000000e+00
0.000000000000000000e+00
0.000000000000000000e+00
0.000000000000000000e+00
0.000000000000000000e+00
0.000000000000000000e+00
0.000000000000000000e+00
0.000000000000000000e+00
0.000000000000000000e+00
0.000000000000000000e+00
0.000000000000000000e+00
0.000000000000000000e+00
0.000000000000000000e+00
0.000000000000000000e+00
0.000000000000000000e+00
0.000000000000000000e+00
0.000000000000000000e+00
0.000000000000000000e+00
0.000000000000000000e+00
0.000000000000000000e+00
0.000000000000000000e+00
0.000000000000000000e+00
0.000000000000000000e+00
0.000000000000000000e+00
1.000000000000000000e+00
1.000000000000000000e+00
-1.000000000000000000e+00
0.000000000000000000e+00
2.000000000000000000e+00
4.200000000000000000e+01
1.000000000000000000e+00
0.000000000000000000e+00
3.700000000000000000e+01
6.600000000000000000e+01
1.100000000000000000e+01
1.160000000000000000e+02
1.380000000000000000e+02
1.090000000000000000e+02
6.600000000000000000e+01
3.300000000000000000e+01
1.020000000000000000e+02
0.000000000000000000e+00
3.210000000000000000e+02
0.000000000000000000e+00
3.940000000000000000e+02
5.270000000000000000e+02
3.690000000000000000e+02
4.140000000000000000e+02
1.920000000000000000e+02
1.084000000000000000e+03
4.150000000000000000e+02
0.000000000000000000e+00
1.632000000000000000e+03
9.520000000000000000e+02
0.000000000000000000e+00
1.302000000000000000e+03
1.036000000000000000e+03
9.990000000000000000e+02
5.890000000000000000e+02
1.434000000000000000e+03
6.460000000000000000e+02
1.590000000000000000e+03
1.109000000000000000e+03
1.118000000000000000e+03
1.431000000000000000e+03
1.480000000000000000e+03
1.238000000000000000e+03
8.190000000000000000e+02
1.022000000000000000e+03
1.555000000000000000e+03
2.099000000000000000e+03
1.979000000000000000e+03
1.985000000000000000e+03
2.079000000000000000e+03
1.677000000000000000e+03
1.224000000000000000e+03
1.695000000000000000e+03
9.620000000000000000e+02
2.072000000000000000e+03
2.563000000000000000e+03
2.200000000000000000e+03
2.128000000000000000e+03
1.822000000000000000e+03
2.723000000000000000e+03
2.943000000000000000e+03
3.033000000000000000e+03
2.922000000000000000e+03
2.622000000000000000e+03
1.808000000000000000e+03
1.696000000000000000e+03
2.317000000000000000e+03
2.311000000000000000e+03
4.693000000000000000e+03
2.304000000000000000e+03
1.665000000000000000e+03
1.740000000000000000e+03
1.225000000000000000e+03
2.352000000000000000e+03
8.014000000000000000e+03
3.031000000000000000e+03
2.747000000000000000e+03
4.008000000000000000e+03
2.155000000000000000e+03
1.401000000000000000e+03
2.452000000000000000e+03
3.502000000000000000e+03
2.747000000000000000e+03
4.917000000000000000e+03
2.605000000000000000e+03
2.366000000000000000e+03
2.150000000000000000e+03
2.075000000000000000e+03
2.881000000000000000e+03
2.278000000000000000e+03
2.160000000000000000e+03
2.120000000000000000e+03
1.639000000000000000e+03
1.502000000000000000e+03
2.677000000000000000e+03
2.443000000000000000e+03
3.503000000000000000e+03
2.240000000000000000e+03
2.789000000000000000e+03
1.874000000000000000e+03
8.480000000000000000e+02
1.737000000000000000e+03
8.460000000000000000e+02
9.570000000000000000e+02
1.886000000000000000e+03
1.297000000000000000e+03
7.590000000000000000e+02
7.470000000000000000e+02
2.062000000000000000e+03
1.293000000000000000e+03
1.399000000000000000e+03
1.747000000000000000e+03
1.780000000000000000e+03
1.505000000000000000e+03
6.400000000000000000e+02
1.516000000000000000e+03
9.290000000000000000e+02
1.089000000000000000e+03
1.363000000000000000e+03
5.460000000000000000e+02
4.400000000000000000e+02
5.330000000000000000e+02
1.159000000000000000e+03
1.526000000000000000e+03
6.140000000000000000e+02
8.900000000000000000e+02
9.690000000000000000e+02
3.070000000000000000e+02
3.050000000000000000e+02
1.052000000000000000e+03
4.690000000000000000e+02
3.660000000000000000e+02
3.840000000000000000e+02
4.770000000000000000e+02
1.640000000000000000e+02
1.330000000000000000e+02
5.740000000000000000e+02
8.250000000000000000e+02
3.380000000000000000e+02
2.950000000000000000e+02
3.060000000000000000e+02
3.490000000000000000e+02
1.780000000000000000e+02
3.350000000000000000e+02
5.750000000000000000e+02
2.300000000000000000e+02
2.370000000000000000e+02
3.230000000000000000e+02
1.430000000000000000e+02
2.130000000000000000e+02
2.690000000000000000e+02
1.970000000000000000e+02
2.140000000000000000e+02
3.500000000000000000e+02
1.280000000000000000e+02
1.260000000000000000e+02
1.470000000000000000e+02
1.630000000000000000e+02
2.750000000000000000e+02
7.650000000000000000e+02
1.780000000000000000e+02
2.550000000000000000e+02
2.310000000000000000e+02
1.290000000000000000e+02
1.770000000000000000e+02
2.100000000000000000e+02
3.470000000000000000e+02
3.190000000000000000e+02
3.050000000000000000e+02
1.510000000000000000e+02
1.500000000000000000e+02
2.130000000000000000e+02
2.360000000000000000e+02
2.260000000000000000e+02
4.030000000000000000e+02
3.140000000000000000e+02
1.460000000000000000e+02
1.820000000000000000e+02
1.740000000000000000e+02
3.640000000000000000e+02
1.800000000000000000e+02
2.740000000000000000e+02
2.430000000000000000e+02
2.670000000000000000e+02
1.920000000000000000e+02
3.530000000000000000e+02
3.140000000000000000e+02
2.250000000000000000e+02
3.480000000000000000e+02
1.322000000000000000e+03
3.120000000000000000e+02
-8.830000000000000000e+02
2.910000000000000000e+02
2.570000000000000000e+02
2.890000000000000000e+02
5.370000000000000000e+02
5.830000000000000000e+02
4.050000000000000000e+02
2.230000000000000000e+02
5.630000000000000000e+02
4.710000000000000000e+02
6.130000000000000000e+02
5.470000000000000000e+02
7.590000000000000000e+02
4.430000000000000000e+02
3.160000000000000000e+02
6.950000000000000000e+02
6.200000000000000000e+02
6.890000000000000000e+02
8.530000000000000000e+02
9.090000000000000000e+02
6.350000000000000000e+02
3.520000000000000000e+02
9.670000000000000000e+02
9.950000000000000000e+02
1.097000000000000000e+03
9.540000000000000000e+02
9.770000000000000000e+02
7.240000000000000000e+02
7.730000000000000000e+02
1.316000000000000000e+03
1.198000000000000000e+03
1.140000000000000000e+03
1.126000000000000000e+03
1.247000000000000000e+03
6.970000000000000000e+02
7.670000000000000000e+02
1.418000000000000000e+03
1.204000000000000000e+03
1.060000000000000000e+03
1.186000000000000000e+03
9.760000000000000000e+02
1.184000000000000000e+03
8.910000000000000000e+02
1.428000000000000000e+03
2.037000000000000000e+03
1.899000000000000000e+03
1.908000000000000000e+03
1.255000000000000000e+03
2.334000000000000000e+03
1.498000000000000000e+03
2.046000000000000000e+03
2.369000000000000000e+03
2.082000000000000000e+03
2.352000000000000000e+03
2.309000000000000000e+03
2.086000000000000000e+03
2.423000000000000000e+03
3.362000000000000000e+03
3.416000000000000000e+03
3.878000000000000000e+03
4.285000000000000000e+03
5.859000000000000000e+03
2.954000000000000000e+03
3.637000000000000000e+03
6.258000000000000000e+03
5.103000000000000000e+03
4.961000000000000000e+03
1.058600000000000000e+04
5.966000000000000000e+03
6.183000000000000000e+03
1.021500000000000000e+04
1.773400000000000000e+04
9.090000000000000000e+03
1.564500000000000000e+04
1.148000000000000000e+04
1.219600000000000000e+04
9.376000000000000000e+03
2.155400000000000000e+04
1.543400000000000000e+04
2.416900000000000000e+04
1.702000000000000000e+04
2.103500000000000000e+04
1.950200000000000000e+04
1.357400000000000000e+04
3.139500000000000000e+04
2.083700000000000000e+04
3.181900000000000000e+04
2.403100000000000000e+04
3.546700000000000000e+04
2.421400000000000000e+04
1.364200000000000000e+04
2.300400000000000000e+04
2.708800000000000000e+04
3.874000000000000000e+04
2.347400000000000000e+04
2.557600000000000000e+04
2.392300000000000000e+04
1.718600000000000000e+04
1.963800000000000000e+04
2.549700000000000000e+04
3.926600000000000000e+04
3.009900000000000000e+04
2.416900000000000000e+04
2.472800000000000000e+04
1.627000000000000000e+04
2.245600000000000000e+04
2.578900000000000000e+04
3.449500000000000000e+04
2.791300000000000000e+04
2.227200000000000000e+04
2.338400000000000000e+04
1.215600000000000000e+04
1.963200000000000000e+04
2.031500000000000000e+04
2.049400000000000000e+04
2.271800000000000000e+04
3.232400000000000000e+04
9.089000000000000000e+03
7.813000000000000000e+03
1.467500000000000000e+04
1.704400000000000000e+04
1.996000000000000000e+04
1.742100000000000000e+04
1.687700000000000000e+04
9.166000000000000000e+03
1.474600000000000000e+04
1.620600000000000000e+04
1.602300000000000000e+04
2.022700000000000000e+04
1.565900000000000000e+04
1.757500000000000000e+04
1.704000000000000000e+04
1.117400000000000000e+04
1.603500000000000000e+04
1.956500000000000000e+04
2.053200000000000000e+04
2.011500000000000000e+04
1.897900000000000000e+04
1.618600000000000000e+04
1.651000000000000000e+04
1.476300000000000000e+04
2.142800000000000000e+04
2.501500000000000000e+04
2.051900000000000000e+04
2.767600000000000000e+04
1.606200000000000000e+04
1.088500000000000000e+04
1.578700000000000000e+04
1.925600000000000000e+04
1.917200000000000000e+04
1.722000000000000000e+04
1.987900000000000000e+04
1.676400000000000000e+04
2.039600000000000000e+04
1.397500000000000000e+04
1.897600000000000000e+04
1.574900000000000000e+04
1.768000000000000000e+04
1.499500000000000000e+04
1.513800000000000000e+04
1.138000000000000000e+04
1.508200000000000000e+04
1.582700000000000000e+04
1.646700000000000000e+04
1.983800000000000000e+04
1.642200000000000000e+04
1.397300000000000000e+04
9.469000000000000000e+03
1.177100000000000000e+04
1.444400000000000000e+04
1.651900000000000000e+04
1.777100000000000000e+04
1.717500000000000000e+04
1.248800000000000000e+04
8.946000000000000000e+03
1.033500000000000000e+04
1.289800000000000000e+04
1.459900000000000000e+04
1.285300000000000000e+04
1.171400000000000000e+04
1.132000000000000000e+04
6.847000000000000000e+03
1.089400000000000000e+04
1.005700000000000000e+04
1.406800000000000000e+04
1.348800000000000000e+04
1.368200000000000000e+04
1.398400000000000000e+04
1.346700000000000000e+04
1.389300000000000000e+04
1.299900000000000000e+04
1.375200000000000000e+04
1.500000000000000000e+04
1.444300000000000000e+04
1.497000000000000000e+04
9.835000000000000000e+03
1.580700000000000000e+04
1.411600000000000000e+04
1.971600000000000000e+04
1.597600000000000000e+04
1.629200000000000000e+04
1.459800000000000000e+04
1.352600000000000000e+04
1.971500000000000000e+04
3.360600000000000000e+04
2.013200000000000000e+04
2.167300000000000000e+04
1.976400000000000000e+04
1.828700000000000000e+04
1.795000000000000000e+04
1.972500000000000000e+04
1.868700000000000000e+04
2.374400000000000000e+04
2.071200000000000000e+04
1.962000000000000000e+04
2.131100000000000000e+04
1.351100000000000000e+04
9.323000000000000000e+03
2.173300000000000000e+04
2.092700000000000000e+04
2.022900000000000000e+04
2.617500000000000000e+04
2.048300000000000000e+04
1.548600000000000000e+04
1.801000000000000000e+04
1.816000000000000000e+04
2.025100000000000000e+04
2.122000000000000000e+04
1.877900000000000000e+04
1.648400000000000000e+04
1.313400000000000000e+04
1.966900000000000000e+04
2.245300000000000000e+04
2.055200000000000000e+04
1.912500000000000000e+04
2.106900000000000000e+04
1.758700000000000000e+04
1.317600000000000000e+04
1.653900000000000000e+04
1.468800000000000000e+04
1.841600000000000000e+04
1.808800000000000000e+04
1.562100000000000000e+04
1.846600000000000000e+04
8.637000000000000000e+03
1.303800000000000000e+04
1.847700000000000000e+04
1.707200000000000000e+04
1.586700000000000000e+04
1.558000000000000000e+04
1.739400000000000000e+04
1.441600000000000000e+04
1.506300000000000000e+04
1.650300000000000000e+04
1.902300000000000000e+04
1.429500000000000000e+04
1.378200000000000000e+04
1.329200000000000000e+04
9.603000000000000000e+03
9.305000000000000000e+03
1.183100000000000000e+04
1.392900000000000000e+04
1.281600000000000000e+04
1.269500000000000000e+04
1.263300000000000000e+04
6.573000000000000000e+03
7.032000000000000000e+03
1.134800000000000000e+04
1.193000000000000000e+04
1.080800000000000000e+04
1.053400000000000000e+04
7.569000000000000000e+03
6.574000000000000000e+03
6.358000000000000000e+03
1.031300000000000000e+04
1.853500000000000000e+04
6.392000000000000000e+03
7.853000000000000000e+03
7.200000000000000000e+03
5.321000000000000000e+03
5.024000000000000000e+03
8.519000000000000000e+03
8.912000000000000000e+03
7.616000000000000000e+03
5.893000000000000000e+03
4.500000000000000000e+03
3.460000000000000000e+03
3.394000000000000000e+03
5.307400000000000000e+04
5.399000000000000000e+03
4.533000000000000000e+03
7.648000000000000000e+03
4.087000000000000000e+03
2.304000000000000000e+03
1.132000000000000000e+04
4.692000000000000000e+03
5.455000000000000000e+03
6.566000000000000000e+03
2.769000000000000000e+03
3.301000000000000000e+03
1.336000000000000000e+03
2.839000000000000000e+03
2.493000000000000000e+03
3.135000000000000000e+03
1.941000000000000000e+03
2.345000000000000000e+03
3.110000000000000000e+03
1.706000000000000000e+03
1.582000000000000000e+03
1.835000000000000000e+03
1.735000000000000000e+03
1.749000000000000000e+03
1.434000000000000000e+03
1.763000000000000000e+03
1.318000000000000000e+03
1.529000000000000000e+03
1.287000000000000000e+03
1.079000000000000000e+03
3.264000000000000000e+03
1.070000000000000000e+03
2.328000000000000000e+03
5.010000000000000000e+02
6.510000000000000000e+02
1.760000000000000000e+03
2.235000000000000000e+03
1.483000000000000000e+03
1.239000000000000000e+03
1.362000000000000000e+03
1.001000000000000000e+03
1.114000000000000000e+03
2.418000000000000000e+03
1.827000000000000000e+03
1.825000000000000000e+03
2.117000000000000000e+03
2.170000000000000000e+03
1.250000000000000000e+03
1.498000000000000000e+03
3.615000000000000000e+03
3.565000000000000000e+03
-4.144608000000000000e+06
0.000000000000000000e+00
0.000000000000000000e+00
0.000000000000000000e+00
0.000000000000000000e+00
0.000000000000000000e+00
0.000000000000000000e+00
0.000000000000000000e+00
0.000000000000000000e+00
0.000000000000000000e+00
0.000000000000000000e+00
0.000000000000000000e+00
0.000000000000000000e+00
0.000000000000000000e+00
0.000000000000000000e+00
0.000000000000000000e+00
0.000000000000000000e+00
0.000000000000000000e+00
