0.000000000000000000e+00
0.000000000000000000e+00
0.000000000000000000e+00
0.000000000000000000e+00
0.000000000000000000e+00
0.000000000000000000e+00
0.000000000000000000e+00
0.000000000000000000e+00
0.000000000000000000e+00
2.000000000000000000e+00
0.000000000000000000e+00
0.000000000000000000e+00
0.000000000000000000e+00
0.000000000000000000e+00
0.000000000000000000e+00
0.000000000000000000e+00
1.000000000000000000e+00
0.000000000000000000e+00
0.000000000000000000e+00
0.000000000000000000e+00
0.000000000000000000e+00
0.000000000000000000e+00
0.000000000000000000e+00
0.000000000000000000e+00
0.000000000000000000e+00
0.000000000000000000e+00
0.000000000000000000e+00
0.000000000000000000e+00
0.000000000000000000e+00
0.000000000000000000e+00
1.700000000000000000e+01
4.200000000000000000e+01
9.300000000000000000e+01
7.400000000000000000e+01
9.300000000000000000e+01
1.310000000000000000e+02
2.020000000000000000e+02
2.330000000000000000e+02
2.400000000000000000e+02
5.660000000000000000e+02
3.420000000000000000e+02
4.660000000000000000e+02
5.870000000000000000e+02
7.690000000000000000e+02
7.780000000000000000e+02
1.247000000000000000e+03
1.492000000000000000e+03
1.797000000000000000e+03
9.770000000000000000e+02
2.313000000000000000e+03
2.651000000000000000e+03
2.547000000000000000e+03
3.497000000000000000e+03
3.590000000000000000e+03
3.233000000000000000e+03
3.526000000000000000e+03
4.207000000000000000e+03
5.322000000000000000e+03
5.986000000000000000e+03
6.557000000000000000e+03
5.560000000000000000e+03
4.789000000000000000e+03
5.249000000000000000e+03
5.210000000000000000e+03
6.203000000000000000e+03
5.909000000000000000e+03
5.974000000000000000e+03
5.217000000000000000e+03
4.050000000000000000e+03
4.053000000000000000e+03
4.782000000000000000e+03
4.668000000000000000e+03
4.585000000000000000e+03
4.805000000000000000e+03
4.316000000000000000e+03
3.599000000000000000e+03
3.039000000000000000e+03
3.836000000000000000e+03
4.204000000000000000e+03
3.951000000000000000e+03
4.694000000000000000e+03
4.092000000000000000e+03
3.153000000000000000e+03
2.972000000000000000e+03
2.667000000000000000e+03
3.786000000000000000e+03
3.493000000000000000e+03
3.491000000000000000e+03
3.047000000000000000e+03
2.256000000000000000e+03
2.729000000000000000e+03
3.370000000000000000e+03
2.646000000000000000e+03
3.021000000000000000e+03
2.357000000000000000e+03
2.324000000000000000e+03
1.739000000000000000e+03
2.091000000000000000e+03
2.086000000000000000e+03
1.872000000000000000e+03
1.965000000000000000e+03
1.900000000000000000e+03
1.389000000000000000e+03
1.221000000000000000e+03
1.075000000000000000e+03
1.444000000000000000e+03
1.401000000000000000e+03
1.327000000000000000e+03
1.083000000000000000e+03
8.020000000000000000e+02
7.440000000000000000e+02
1.402000000000000000e+03
8.880000000000000000e+02
9.920000000000000000e+02
7.890000000000000000e+02
8.750000000000000000e+02
6.750000000000000000e+02
4.510000000000000000e+02
8.130000000000000000e+02
6.650000000000000000e+02
6.420000000000000000e+02
6.520000000000000000e+02
6.690000000000000000e+02
5.310000000000000000e+02
3.000000000000000000e+02
3.970000000000000000e+02
5.840000000000000000e+02
5.930000000000000000e+02
5.160000000000000000e+02
4.160000000000000000e+02
3.330000000000000000e+02
2.000000000000000000e+02
3.180000000000000000e+02
3.210000000000000000e+02
1.770000000000000000e+02
5.180000000000000000e+02
2.700000000000000000e+02
1.970000000000000000e+02
2.800000000000000000e+02
2.830000000000000000e+02
2.020000000000000000e+02
3.790000000000000000e+02
1.630000000000000000e+02
3.460000000000000000e+02
3.380000000000000000e+02
3.010000000000000000e+02
2.100000000000000000e+02
3.280000000000000000e+02
3.310000000000000000e+02
-1.480000000000000000e+02
2.640000000000000000e+02
2.240000000000000000e+02
2.210000000000000000e+02
1.130000000000000000e+02
5.770000000000000000e+02
2.960000000000000000e+02
2.550000000000000000e+02
1.750000000000000000e+02
1.740000000000000000e+02
1.260000000000000000e+02
1.420000000000000000e+02
1.820000000000000000e+02
2.010000000000000000e+02
2.230000000000000000e+02
2.350000000000000000e+02
1.920000000000000000e+02
2.080000000000000000e+02
1.370000000000000000e+02
1.930000000000000000e+02
2.140000000000000000e+02
2.760000000000000000e+02
1.880000000000000000e+02
2.340000000000000000e+02
1.690000000000000000e+02
1.140000000000000000e+02
1.620000000000000000e+02
2.300000000000000000e+02
2.310000000000000000e+02
2.490000000000000000e+02
2.180000000000000000e+02
1.900000000000000000e+02
1.280000000000000000e+02
2.800000000000000000e+02
3.060000000000000000e+02
2.520000000000000000e+02
2.740000000000000000e+02
2.540000000000000000e+02
1.680000000000000000e+02
2.020000000000000000e+02
2.880000000000000000e+02
3.820000000000000000e+02
3.790000000000000000e+02
2.950000000000000000e+02
2.380000000000000000e+02
1.590000000000000000e+02
1.900000000000000000e+02
3.840000000000000000e+02
4.010000000000000000e+02
5.520000000000000000e+02
3.470000000000000000e+02
4.630000000000000000e+02
2.590000000000000000e+02
4.120000000000000000e+02
4.760000000000000000e+02
5.220000000000000000e+02
5.740000000000000000e+02
6.290000000000000000e+02
4.770000000000000000e+02
3.200000000000000000e+02
4.010000000000000000e+02
6.420000000000000000e+02
8.400000000000000000e+02
9.470000000000000000e+02
1.071000000000000000e+03
1.209000000000000000e+03
9.530000000000000000e+02
8.760000000000000000e+02
1.366000000000000000e+03
1.409000000000000000e+03
1.460000000000000000e+03
1.444000000000000000e+03
1.365000000000000000e+03
9.960000000000000000e+02
9.750000000000000000e+02
1.326000000000000000e+03
1.397000000000000000e+03
1.732000000000000000e+03
1.694000000000000000e+03
1.296000000000000000e+03
1.150000000000000000e+03
1.369000000000000000e+03
1.430000000000000000e+03
1.597000000000000000e+03
1.616000000000000000e+03
1.501000000000000000e+03
1.456000000000000000e+03
1.008000000000000000e+03
1.229000000000000000e+03
1.452000000000000000e+03
1.583000000000000000e+03
1.907000000000000000e+03
1.637000000000000000e+03
1.587000000000000000e+03
1.350000000000000000e+03
1.391000000000000000e+03
1.640000000000000000e+03
1.786000000000000000e+03
1.912000000000000000e+03
1.869000000000000000e+03
1.766000000000000000e+03
1.494000000000000000e+03
1.647000000000000000e+03
1.850000000000000000e+03
2.548000000000000000e+03
2.499000000000000000e+03
2.843000000000000000e+03
2.578000000000000000e+03
2.257000000000000000e+03
2.677000000000000000e+03
3.677000000000000000e+03
4.458000000000000000e+03
5.372000000000000000e+03
5.724000000000000000e+03
5.456000000000000000e+03
4.619000000000000000e+03
5.898000000000000000e+03
7.332000000000000000e+03
8.803000000000000000e+03
1.000900000000000000e+04
1.092500000000000000e+04
1.170500000000000000e+04
9.337000000000000000e+03
1.087100000000000000e+04
1.519900000000000000e+04
1.607800000000000000e+04
1.914300000000000000e+04
1.964000000000000000e+04
2.127300000000000000e+04
1.700700000000000000e+04
2.198900000000000000e+04
2.498800000000000000e+04
2.682900000000000000e+04
3.107900000000000000e+04
3.175600000000000000e+04
2.990500000000000000e+04
2.225300000000000000e+04
2.824100000000000000e+04
3.054800000000000000e+04
3.450200000000000000e+04
3.780200000000000000e+04
3.980900000000000000e+04
3.261400000000000000e+04
2.526900000000000000e+04
3.509000000000000000e+04
3.296100000000000000e+04
3.797700000000000000e+04
4.090200000000000000e+04
3.724900000000000000e+04
3.397700000000000000e+04
2.735200000000000000e+04
3.219100000000000000e+04
3.428000000000000000e+04
3.617600000000000000e+04
3.723900000000000000e+04
3.476400000000000000e+04
2.833700000000000000e+04
2.292700000000000000e+04
2.322700000000000000e+04
2.585200000000000000e+04
2.900100000000000000e+04
2.834200000000000000e+04
2.631500000000000000e+04
2.064600000000000000e+04
1.637600000000000000e+04
1.934700000000000000e+04
2.070900000000000000e+04
2.321900000000000000e+04
2.411000000000000000e+04
2.105200000000000000e+04
1.888700000000000000e+04
1.367900000000000000e+04
1.483700000000000000e+04
1.275500000000000000e+04
1.699800000000000000e+04
1.872600000000000000e+04
1.990200000000000000e+04
1.793700000000000000e+04
1.202500000000000000e+04
1.483900000000000000e+04
1.756800000000000000e+04
1.823300000000000000e+04
1.540100000000000000e+04
1.630500000000000000e+04
1.510200000000000000e+04
1.086900000000000000e+04
1.331600000000000000e+04
1.390800000000000000e+04
1.803900000000000000e+04
1.903700000000000000e+04
1.040500000000000000e+04
8.937000000000000000e+03
8.581000000000000000e+03
1.121000000000000000e+04
1.620200000000000000e+04
2.347700000000000000e+04
2.221000000000000000e+04
1.182500000000000000e+04
1.424500000000000000e+04
1.079800000000000000e+04
1.537500000000000000e+04
2.032600000000000000e+04
1.841600000000000000e+04
1.752900000000000000e+04
1.997600000000000000e+04
1.862500000000000000e+04
1.253000000000000000e+04
1.424200000000000000e+04
1.577300000000000000e+04
1.724300000000000000e+04
1.614400000000000000e+04
1.631000000000000000e+04
1.254400000000000000e+04
8.825000000000000000e+03
1.049600000000000000e+04
1.356800000000000000e+04
1.405500000000000000e+04
1.363300000000000000e+04
1.333100000000000000e+04
1.162800000000000000e+04
8.559000000000000000e+03
1.058400000000000000e+04
1.519100000000000000e+04
1.436000000000000000e+04
1.356300000000000000e+04
1.271300000000000000e+04
1.124900000000000000e+04
7.925000000000000000e+03
9.651000000000000000e+03
1.318200000000000000e+04
1.365600000000000000e+04
1.421300000000000000e+04
1.343900000000000000e+04
1.164000000000000000e+04
7.969000000000000000e+03
1.061200000000000000e+04
1.294700000000000000e+04
1.513700000000000000e+04
1.389300000000000000e+04
1.352300000000000000e+04
1.106000000000000000e+04
7.344000000000000000e+03
1.036800000000000000e+04
1.206600000000000000e+04
1.375500000000000000e+04
1.547000000000000000e+04
1.491400000000000000e+04
1.345000000000000000e+04
9.617000000000000000e+03
1.329900000000000000e+04
1.640200000000000000e+04
1.987100000000000000e+04
2.048800000000000000e+04
1.890200000000000000e+04
1.744000000000000000e+04
1.310600000000000000e+04
1.706300000000000000e+04
2.084000000000000000e+04
2.284500000000000000e+04
2.401000000000000000e+04
2.363300000000000000e+04
2.072400000000000000e+04
1.388200000000000000e+04
1.972500000000000000e+04
2.227500000000000000e+04
2.564900000000000000e+04
2.679000000000000000e+04
2.603100000000000000e+04
2.130400000000000000e+04
1.525200000000000000e+04
2.037600000000000000e+04
2.304000000000000000e+04
2.490100000000000000e+04
2.570700000000000000e+04
2.391300000000000000e+04
2.004500000000000000e+04
2.450100000000000000e+04
1.873900000000000000e+04
2.124600000000000000e+04
2.368100000000000000e+04
2.407600000000000000e+04
2.383400000000000000e+04
1.960400000000000000e+04
1.290000000000000000e+04
1.605500000000000000e+04
2.388700000000000000e+04
2.218400000000000000e+04
2.191700000000000000e+04
2.124700000000000000e+04
1.801700000000000000e+04
1.068000000000000000e+04
7.763000000000000000e+03
1.368600000000000000e+04
1.720900000000000000e+04
1.892400000000000000e+04
1.755100000000000000e+04
1.573700000000000000e+04
9.780000000000000000e+03
1.343900000000000000e+04
1.616000000000000000e+04
1.696300000000000000e+04
1.592300000000000000e+04
1.536400000000000000e+04
1.268800000000000000e+04
8.863000000000000000e+03
1.206900000000000000e+04
1.383600000000000000e+04
1.604600000000000000e+04
1.475800000000000000e+04
1.381400000000000000e+04
1.315700000000000000e+04
8.440000000000000000e+03
1.039800000000000000e+04
1.338200000000000000e+04
1.431400000000000000e+04
1.344500000000000000e+04
1.296400000000000000e+04
9.145000000000000000e+03
5.946000000000000000e+03
9.113000000000000000e+03
1.057900000000000000e+04
1.179800000000000000e+04
1.054900000000000000e+04
1.017400000000000000e+04
8.289000000000000000e+03
5.077000000000000000e+03
6.943000000000000000e+03
7.848000000000000000e+03
8.082000000000000000e+03
7.562000000000000000e+03
6.652000000000000000e+03
5.748000000000000000e+03
3.454000000000000000e+03
4.449000000000000000e+03
5.500000000000000000e+03
5.736000000000000000e+03
5.215000000000000000e+03
4.714000000000000000e+03
3.993000000000000000e+03
2.489000000000000000e+03
3.220000000000000000e+03
3.935000000000000000e+03
4.143000000000000000e+03
3.737000000000000000e+03
3.348000000000000000e+03
2.948000000000000000e+03
1.818000000000000000e+03
2.483000000000000000e+03
2.896000000000000000e+03
1.963000000000000000e+03
2.556000000000000000e+03
2.434000000000000000e+03
2.275000000000000000e+03
1.270000000000000000e+03
1.894000000000000000e+03
2.198000000000000000e+03
2.078000000000000000e+03
1.892000000000000000e+03
1.722000000000000000e+03
1.390000000000000000e+03
9.070000000000000000e+02
1.253000000000000000e+03
1.400000000000000000e+03
1.323000000000000000e+03
1.147000000000000000e+03
1.193000000000000000e+03
8.810000000000000000e+02
4.840000000000000000e+02
8.340000000000000000e+02
1.140000000000000000e+03
2.660000000000000000e+02
7.510000000000000000e+02
8.380000000000000000e+02
7.800000000000000000e+02
3.870000000000000000e+02
6.770000000000000000e+02
7.760000000000000000e+02
8.790000000000000000e+02
7.940000000000000000e+02
9.290000000000000000e+02
8.060000000000000000e+02
4.800000000000000000e+02
9.070000000000000000e+02
1.010000000000000000e+03
1.391000000000000000e+03
1.386000000000000000e+03
1.394000000000000000e+03
1.391000000000000000e+03
8.870000000000000000e+02
1.530000000000000000e+03
2.153000000000000000e+03
2.473000000000000000e+03
2.895000000000000000e+03
3.118000000000000000e+03
3.126000000000000000e+03
2.070000000000000000e+03
3.555000000000000000e+03
4.254000000000000000e+03
5.056000000000000000e+03
5.142000000000000000e+03
5.138000000000000000e+03
4.742000000000000000e+03
3.115000000000000000e+03
4.516000000000000000e+03
5.693000000000000000e+03
6.167000000000000000e+03
6.613000000000000000e+03
6.509000000000000000e+03
5.320000000000000000e+03
3.185000000000000000e+03
4.841000000000000000e+03
6.590000000000000000e+03
7.224000000000000000e+03
6.599000000000000000e+03
6.897000000000000000e+03
5.733000000000000000e+03
4.200000000000000000e+03
5.624000000000000000e+03
6.921000000000000000e+03
7.267000000000000000e+03
7.398000000000000000e+03
7.181000000000000000e+03
5.661000000000000000e+03
3.669000000000000000e+03
5.268000000000000000e+03
7.159000000000000000e+03
7.240000000000000000e+03
7.220000000000000000e+03
7.466000000000000000e+03
5.922000000000000000e+03
4.166000000000000000e+03
6.078000000000000000e+03
7.539000000000000000e+03
7.215000000000000000e+03
7.823000000000000000e+03
6.858000000000000000e+03
5.954000000000000000e+03
4.253000000000000000e+03
5.492000000000000000e+03
6.496000000000000000e+03
6.754000000000000000e+03
6.729000000000000000e+03
6.156000000000000000e+03
5.314000000000000000e+03
3.347000000000000000e+03
4.715000000000000000e+03
5.921000000000000000e+03
5.518000000000000000e+03
5.617000000000000000e+03
5.191000000000000000e+03
4.664000000000000000e+03
2.792000000000000000e+03
4.009000000000000000e+03
4.826000000000000000e+03
5.115000000000000000e+03
4.544000000000000000e+03
4.576000000000000000e+03
3.836000000000000000e+03
2.405000000000000000e+03
3.374000000000000000e+03
3.963000000000000000e+03
4.053000000000000000e+03
3.790000000000000000e+03
3.519000000000000000e+03
3.099000000000000000e+03
1.773000000000000000e+03
2.962000000000000000e+03
3.212000000000000000e+03
4.094000000000000000e+03
3.403000000000000000e+03
3.309000000000000000e+03
2.967000000000000000e+03
1.612000000000000000e+03
2.463000000000000000e+03
3.232000000000000000e+03
2.933000000000000000e+03
3.017000000000000000e+03
2.747000000000000000e+03
2.278000000000000000e+03
1.516000000000000000e+03
2.486000000000000000e+03
2.769000000000000000e+03
2.666000000000000000e+03
2.729000000000000000e+03
2.982000000000000000e+03
2.435000000000000000e+03
1.594000000000000000e+03
2.695000000000000000e+03
3.699000000000000000e+03
3.791000000000000000e+03
3.879000000000000000e+03
3.905000000000000000e+03
3.723000000000000000e+03
2.535000000000000000e+03
4.053000000000000000e+03
4.595000000000000000e+03
4.863000000000000000e+03
5.332000000000000000e+03
4.877000000000000000e+03
4.525000000000000000e+03
2.818000000000000000e+03
2.831000000000000000e+03
5.188000000000000000e+03
5.902000000000000000e+03
6.761000000000000000e+03
6.760000000000000000e+03
5.822000000000000000e+03
4.547000000000000000e+03
6.111000000000000000e+03
8.033000000000000000e+03
8.697000000000000000e+03
8.522000000000000000e+03
8.539000000000000000e+03
7.565000000000000000e+03
5.199000000000000000e+03
7.815000000000000000e+03
1.016700000000000000e+04
1.064500000000000000e+04
1.055400000000000000e+04
1.154000000000000000e+04
9.707000000000000000e+03
6.403000000000000000e+03
1.004400000000000000e+04
1.245000000000000000e+04
1.375600000000000000e+04
1.368100000000000000e+04
1.286900000000000000e+04
1.292700000000000000e+04
7.972000000000000000e+03
1.275700000000000000e+04
1.507300000000000000e+04
1.681000000000000000e+04
1.701500000000000000e+04
1.662700000000000000e+04
1.501000000000000000e+04
9.494000000000000000e+03
1.574200000000000000e+04
1.794600000000000000e+04
1.251600000000000000e+04
2.049000000000000000e+04
2.103500000000000000e+04
1.921200000000000000e+04
1.270400000000000000e+04
2.066500000000000000e+04
2.319000000000000000e+04
2.610400000000000000e+04
2.861500000000000000e+04
2.805700000000000000e+04
2.430300000000000000e+04
1.620500000000000000e+04
3.078300000000000000e+04
3.632600000000000000e+04
4.458500000000000000e+04
5.059000000000000000e+04
5.478700000000000000e+04
2.488200000000000000e+04
3.079900000000000000e+04
7.830000000000000000e+04
9.801600000000000000e+04
1.270000000000000000e+05
1.442550000000000000e+05
1.412560000000000000e+05
6.113700000000000000e+04
6.803400000000000000e+04
1.708370000000000000e+05
1.890880000000000000e+05
2.194300000000000000e+05
1.082970000000000000e+05
1.975350000000000000e+05
1.556420000000000000e+05
1.174050000000000000e+05
2.205190000000000000e+05
1.962050000000000000e+05
1.845770000000000000e+05
2.008690000000000000e+05
1.929360000000000000e+05
1.574650000000000000e+05
8.338700000000000000e+04
2.281230000000000000e+05
2.009660000000000000e+05
1.988650000000000000e+05
1.856000000000000000e+05
1.773350000000000000e+05
1.424870000000000000e+05
7.766600000000000000e+04
2.112770000000000000e+05
1.709400000000000000e+05
1.560400000000000000e+05
1.443470000000000000e+05
1.374270000000000000e+05
1.041100000000000000e+05
5.763100000000000000e+04
1.333060000000000000e+05
1.193230000000000000e+05
1.129560000000000000e+05
1.009000000000000000e+05
9.319200000000000000e+04
7.894300000000000000e+04
4.160200000000000000e+04
1.024290000000000000e+05
8.166900000000000000e+04
7.619500000000000000e+04
6.747800000000000000e+04
6.222100000000000000e+04
5.234500000000000000e+04
2.877600000000000000e+04
7.102300000000000000e+04
5.986900000000000000e+04
5.805500000000000000e+04
5.370000000000000000e+04
5.067500000000000000e+04
4.220200000000000000e+04
2.448400000000000000e+04
6.013700000000000000e+04
4.916200000000000000e+04
4.749300000000000000e+04
4.206900000000000000e+04
3.936000000000000000e+04
3.187800000000000000e+04
1.827800000000000000e+04
4.713600000000000000e+04
3.794600000000000000e+04
4.258800000000000000e+04
3.835300000000000000e+04
4.136400000000000000e+04
3.588900000000000000e+04
2.266200000000000000e+04
6.075300000000000000e+04
4.981500000000000000e+04
5.515600000000000000e+04
5.396100000000000000e+04
5.472000000000000000e+04
5.002800000000000000e+04
2.969800000000000000e+04
8.641400000000000000e+04
7.414700000000000000e+04
8.236800000000000000e+04
7.857700000000000000e+04
7.576800000000000000e+04
6.156400000000000000e+04
3.344500000000000000e+04
9.690400000000000000e+04
7.835800000000000000e+04
8.264800000000000000e+04
7.639700000000000000e+04
7.461600000000000000e+04
6.061200000000000000e+04
3.156000000000000000e+04
1.002960000000000000e+05
7.141100000000000000e+04
7.436400000000000000e+04
7.704000000000000000e+04
7.141200000000000000e+04
5.500900000000000000e+04
3.132900000000000000e+04
8.891400000000000000e+04
6.988500000000000000e+04
7.012300000000000000e+04
6.764100000000000000e+04
6.442100000000000000e+04
5.392000000000000000e+04
2.870500000000000000e+04
8.405600000000000000e+04
6.258600000000000000e+04
6.561700000000000000e+04
6.229000000000000000e+04
6.453300000000000000e+04
5.225300000000000000e+04
1.858800000000000000e+04
2.732600000000000000e+04
1.004400000000000000e+05
7.599500000000000000e+04
7.374400000000000000e+04
7.102800000000000000e+04
5.684800000000000000e+04
2.528200000000000000e+04
2.998400000000000000e+04
8.843100000000000000e+04
7.003400000000000000e+04
5.939500000000000000e+04
5.401700000000000000e+04
4.159100000000000000e+04
1.906800000000000000e+04
6.240900000000000000e+04
4.764300000000000000e+04
4.871500000000000000e+04
4.436400000000000000e+04
4.078300000000000000e+04
3.122500000000000000e+04
1.742100000000000000e+04
5.619900000000000000e+04
4.268300000000000000e+04
3.948300000000000000e+04
3.902900000000000000e+04
3.633400000000000000e+04
2.772600000000000000e+04
1.377600000000000000e+04
4.490100000000000000e+04
3.092700000000000000e+04
3.072200000000000000e+04
2.681800000000000000e+04
2.424600000000000000e+04
1.828900000000000000e+04
1.002100000000000000e+04
3.071400000000000000e+04
2.414500000000000000e+04
2.086700000000000000e+04
2.182000000000000000e+04
1.862200000000000000e+04
1.513600000000000000e+04
7.846000000000000000e+03
2.468700000000000000e+04
1.882200000000000000e+04
1.771800000000000000e+04
9.692000000000000000e+03
2.280900000000000000e+04
1.552200000000000000e+04
8.616000000000000000e+03
2.854700000000000000e+04
2.292500000000000000e+04
2.353400000000000000e+04
2.201200000000000000e+04
2.245800000000000000e+04
1.931000000000000000e+04
1.066800000000000000e+04
3.984400000000000000e+04
3.280900000000000000e+04
3.706800000000000000e+04
3.617000000000000000e+04
3.497100000000000000e+04
3.425500000000000000e+04
1.690500000000000000e+04
6.326400000000000000e+04
5.487300000000000000e+04
5.743200000000000000e+04
5.641000000000000000e+04
5.687300000000000000e+04
4.932500000000000000e+04
2.501900000000000000e+04
8.416100000000000000e+04
9.545500000000000000e+04
8.423400000000000000e+04
8.690000000000000000e+04
8.594300000000000000e+04
7.291700000000000000e+04
3.688500000000000000e+04
1.330150000000000000e+05
1.100170000000000000e+05
1.083860000000000000e+05
1.018630000000000000e+05
9.890100000000000000e+04
8.156300000000000000e+04
8.376100000000000000e+04
1.440580000000000000e+05
1.115910000000000000e+05
1.086320000000000000e+05
9.793600000000000000e+04
9.138400000000000000e+04
6.899600000000000000e+04
3.205100000000000000e+04
1.211030000000000000e+05
8.680100000000000000e+04
8.153500000000000000e+04
7.166700000000000000e+04
6.917400000000000000e+04
5.187500000000000000e+04
2.411700000000000000e+04
8.865100000000000000e+04
6.440000000000000000e+04
6.082600000000000000e+04
5.441700000000000000e+04
5.029700000000000000e+04
3.725200000000000000e+04
1.952000000000000000e+04
6.509900000000000000e+04
4.595600000000000000e+04
4.295900000000000000e+04
3.821500000000000000e+04
3.499700000000000000e+04
2.665600000000000000e+04
1.197500000000000000e+04
4.307800000000000000e+04
3.169900000000000000e+04
2.842300000000000000e+04
2.668900000000000000e+04
2.478500000000000000e+04
1.945500000000000000e+04
9.893000000000000000e+03
8.941000000000000000e+03
3.626100000000000000e+04
2.729100000000000000e+04
2.468900000000000000e+04
2.439200000000000000e+04
1.947000000000000000e+04
1.041700000000000000e+04
3.535700000000000000e+04
2.538800000000000000e+04
2.343500000000000000e+04
2.199500000000000000e+04
2.180200000000000000e+04
1.764700000000000000e+04
8.347000000000000000e+03
3.108700000000000000e+04
2.181400000000000000e+04
2.049800000000000000e+04
1.915800000000000000e+04
1.766000000000000000e+04
1.319600000000000000e+04
6.608000000000000000e+03
2.484800000000000000e+04
1.757000000000000000e+04
1.731700000000000000e+04
1.554200000000000000e+04
1.513700000000000000e+04
1.190100000000000000e+04
7.251000000000000000e+03
2.315800000000000000e+04
1.884900000000000000e+04
1.797300000000000000e+04
1.736200000000000000e+04
1.715000000000000000e+04
1.208100000000000000e+04
8.257000000000000000e+03
2.838500000000000000e+04
2.118800000000000000e+04
2.252300000000000000e+04
2.108300000000000000e+04
2.236000000000000000e+04
1.879400000000000000e+04
1.000600000000000000e+04
4.487500000000000000e+04
3.679500000000000000e+04
3.752100000000000000e+04
3.447500000000000000e+04
3.306800000000000000e+04
2.890600000000000000e+04
1.331600000000000000e+04
6.027200000000000000e+04
4.522300000000000000e+04
4.484900000000000000e+04
4.466500000000000000e+04
4.371600000000000000e+04
3.444300000000000000e+04
1.508900000000000000e+04
6.591700000000000000e+04
4.775400000000000000e+04
4.570500000000000000e+04
4.057600000000000000e+04
3.896800000000000000e+04
3.023800000000000000e+04
1.403000000000000000e+04
5.835700000000000000e+04
4.170300000000000000e+04
4.056000000000000000e+04
3.611400000000000000e+04
3.177500000000000000e+04
2.555300000000000000e+04
1.160500000000000000e+04
4.871300000000000000e+04
3.503600000000000000e+04
3.175800000000000000e+04
2.903700000000000000e+04
2.679900000000000000e+04
0.000000000000000000e+00
0.000000000000000000e+00
0.000000000000000000e+00
0.000000000000000000e+00
0.000000000000000000e+00
1.109880000000000000e+05
0.000000000000000000e+00
0.000000000000000000e+00
0.000000000000000000e+00
0.000000000000000000e+00
0.000000000000000000e+00
0.000000000000000000e+00
1.811810000000000000e+05
0.000000000000000000e+00
0.000000000000000000e+00
0.000000000000000000e+00
0.000000000000000000e+00
0.000000000000000000e+00
0.000000000000000000e+00
2.083460000000000000e+05
0.000000000000000000e+00
0.000000000000000000e+00
0.000000000000000000e+00
0.000000000000000000e+00
0.000000000000000000e+00
0.000000000000000000e+00
2.291220000000000000e+05
0.000000000000000000e+00
0.000000000000000000e+00
0.000000000000000000e+00
0.000000000000000000e+00
0.000000000000000000e+00
0.000000000000000000e+00
2.274200000000000000e+05
0.000000000000000000e+00
0.000000000000000000e+00
0.000000000000000000e+00
0.000000000000000000e+00
0.000000000000000000e+00
0.000000000000000000e+00
2.213240000000000000e+05
0.000000000000000000e+00
0.000000000000000000e+00
0.000000000000000000e+00
0.000000000000000000e+00
0.000000000000000000e+00
0.000000000000000000e+00
1.746300000000000000e+05
0.000000000000000000e+00
0.000000000000000000e+00
0.000000000000000000e+00
0.000000000000000000e+00
0.000000000000000000e+00
0.000000000000000000e+00
1.375720000000000000e+05
0.000000000000000000e+00
0.000000000000000000e+00
0.000000000000000000e+00
0.000000000000000000e+00
0.000000000000000000e+00
0.000000000000000000e+00
1.220990000000000000e+05
0.000000000000000000e+00
0.000000000000000000e+00
0.000000000000000000e+00
0.000000000000000000e+00
0.000000000000000000e+00
0.000000000000000000e+00
1.359770000000000000e+05
0.000000000000000000e+00
0.000000000000000000e+00
0.000000000000000000e+00
0.000000000000000000e+00
0.000000000000000000e+00
0.000000000000000000e+00
8.406000000000000000e+04
0.000000000000000000e+00
0.000000000000000000e+00
0.000000000000000000e+00
0.000000000000000000e+00
0.000000000000000000e+00
0.000000000000000000e+00
5.188800000000000000e+04
0.000000000000000000e+00
0.000000000000000000e+00
0.000000000000000000e+00
0.000000000000000000e+00
0.000000000000000000e+00
0.000000000000000000e+00
3.815900000000000000e+04
0.000000000000000000e+00
0.000000000000000000e+00
0.000000000000000000e+00
0.000000000000000000e+00
0.000000000000000000e+00
0.000000000000000000e+00
3.437700000000000000e+04
0.000000000000000000e+00
0.000000000000000000e+00
0.000000000000000000e+00
0.000000000000000000e+00
0.000000000000000000e+00
0.000000000000000000e+00
3.090100000000000000e+04
0.000000000000000000e+00
0.000000000000000000e+00
0.000000000000000000e+00
0.000000000000000000e+00
0.000000000000000000e+00
0.000000000000000000e+00
2.834700000000000000e+04
0.000000000000000000e+00
0.000000000000000000e+00
0.000000000000000000e+00
