1.508032706794569385e+05
1.510978874737720762e+05
1.514209932984768529e+05
1.518019738375623128e+05
1.521644526530785952e+05
1.525311319492368784e+05
1.528903507132111408e+05
1.532300170101095864e+05
1.535265148228910402e+05
1.538499920227601833e+05
1.542295259880996600e+05
1.545885138025681081e+05
1.549495267820340523e+05
1.553008797105423291e+05
1.556305712009076087e+05
1.559151952884318016e+05
1.562252306487257592e+05
1.565902038565727707e+05
1.569340736121886002e+05
1.572800757777293620e+05
1.576172797931515670e+05
1.579345131671582931e+05
1.582092545163604082e+05
1.585129019835495856e+05
1.588759139562785276e+05
1.592231695677234093e+05
1.595787894155656686e+05
1.599326676828311756e+05
1.602743729774729582e+05
1.605820189749463461e+05
1.609275122801694379e+05
1.613416749747087888e+05
1.617495898208675499e+05
1.621754089804695977e+05
1.626088777756830677e+05
1.630392310645566031e+05
1.634440634770601464e+05
1.638945809911201941e+05
1.644207312772430305e+05
1.649465606467400794e+05
1.654950382285742962e+05
1.660545985791091225e+05
1.666130598921436758e+05
1.671465185776732687e+05
1.677246271513233951e+05
1.683757522788084752e+05
1.690223601938842621e+05
1.696858694813146722e+05
1.703532217942345887e+05
1.710108270524701802e+05
1.716334832986638939e+05
1.722896776059078111e+05
1.730067643893870991e+05
1.737063679165308422e+05
1.744092486607114261e+05
1.751018838065787568e+05
1.757704182828062621e+05
1.763895864219810464e+05
1.770280106585082831e+05
1.777133737269018311e+05
