0.000000000000000000e+00
0.000000000000000000e+00
0.000000000000000000e+00
0.000000000000000000e+00
0.000000000000000000e+00
0.000000000000000000e+00
0.000000000000000000e+00
0.000000000000000000e+00
0.000000000000000000e+00
0.000000000000000000e+00
0.000000000000000000e+00
0.000000000000000000e+00
0.000000000000000000e+00
0.000000000000000000e+00
0.000000000000000000e+00
0.000000000000000000e+00
0.000000000000000000e+00
0.000000000000000000e+00
0.000000000000000000e+00
0.000000000000000000e+00
0.000000000000000000e+00
0.000000000000000000e+00
0.000000000000000000e+00
0.000000000000000000e+00
0.000000000000000000e+00
0.000000000000000000e+00
0.000000000000000000e+00
0.000000000000000000e+00
0.000000000000000000e+00
0.000000000000000000e+00
0.000000000000000000e+00
0.000000000000000000e+00
0.000000000000000000e+00
0.000000000000000000e+00
0.000000000000000000e+00
0.000000000000000000e+00
0.000000000000000000e+00
0.000000000000000000e+00
0.000000000000000000e+00
0.000000000000000000e+00
0.000000000000000000e+00
0.000000000000000000e+00
0.000000000000000000e+00
0.000000000000000000e+00
0.000000000000000000e+00
0.000000000000000000e+00
0.000000000000000000e+00
0.000000000000000000e+00
0.000000000000000000e+00
0.000000000000000000e+00
0.000000000000000000e+00
0.000000000000000000e+00
0.000000000000000000e+00
0.000000000000000000e+00
0.000000000000000000e+00
0.000000000000000000e+00
1.000000000000000000e+00
1.000000000000000000e+00
1.000000000000000000e+00
1.000000000000000000e+00
1.000000000000000000e+00
1.000000000000000000e+00
1.000000000000000000e+00
1.000000000000000000e+00
2.000000000000000000e+00
2.000000000000000000e+00
3.000000000000000000e+00
3.000000000000000000e+00
4.000000000000000000e+00
6.000000000000000000e+00
6.000000000000000000e+00
6.000000000000000000e+00
6.000000000000000000e+00
6.000000000000000000e+00
8.000000000000000000e+00
9.000000000000000000e+00
1.100000000000000000e+01
1.200000000000000000e+01
1.500000000000000000e+01
1.500000000000000000e+01
1.600000000000000000e+01
1.800000000000000000e+01
2.100000000000000000e+01
2.100000000000000000e+01
2.400000000000000000e+01
2.700000000000000000e+01
3.100000000000000000e+01
3.200000000000000000e+01
3.400000000000000000e+01
3.600000000000000000e+01
3.800000000000000000e+01
4.000000000000000000e+01
4.300000000000000000e+01
4.900000000000000000e+01
5.100000000000000000e+01
5.400000000000000000e+01
5.600000000000000000e+01
5.800000000000000000e+01
5.800000000000000000e+01
6.100000000000000000e+01
6.400000000000000000e+01
6.600000000000000000e+01
6.700000000000000000e+01
6.900000000000000000e+01
6.900000000000000000e+01
6.900000000000000000e+01
7.300000000000000000e+01
7.400000000000000000e+01
7.400000000000000000e+01
7.700000000000000000e+01
7.700000000000000000e+01
7.800000000000000000e+01
7.900000000000000000e+01
7.900000000000000000e+01
7.900000000000000000e+01
7.900000000000000000e+01
7.900000000000000000e+01
7.900000000000000000e+01
7.900000000000000000e+01
7.900000000000000000e+01
8.000000000000000000e+01
8.100000000000000000e+01
8.100000000000000000e+01
8.200000000000000000e+01
8.200000000000000000e+01
8.200000000000000000e+01
8.200000000000000000e+01
8.200000000000000000e+01
8.200000000000000000e+01
8.300000000000000000e+01
8.300000000000000000e+01
8.300000000000000000e+01
8.300000000000000000e+01
8.300000000000000000e+01
8.300000000000000000e+01
8.300000000000000000e+01
8.300000000000000000e+01
8.300000000000000000e+01
8.300000000000000000e+01
8.300000000000000000e+01
8.300000000000000000e+01
8.400000000000000000e+01
8.400000000000000000e+01
8.400000000000000000e+01
8.400000000000000000e+01
8.400000000000000000e+01
8.400000000000000000e+01
8.400000000000000000e+01
8.500000000000000000e+01
8.500000000000000000e+01
8.500000000000000000e+01
8.500000000000000000e+01
8.500000000000000000e+01
8.500000000000000000e+01
8.500000000000000000e+01
8.500000000000000000e+01
8.500000000000000000e+01
8.600000000000000000e+01
8.600000000000000000e+01
8.600000000000000000e+01
8.600000000000000000e+01
8.600000000000000000e+01
8.600000000000000000e+01
8.600000000000000000e+01
8.600000000000000000e+01
8.600000000000000000e+01
8.600000000000000000e+01
8.600000000000000000e+01
8.600000000000000000e+01
8.600000000000000000e+01
8.600000000000000000e+01
8.700000000000000000e+01
8.700000000000000000e+01
8.700000000000000000e+01
8.700000000000000000e+01
8.700000000000000000e+01
8.700000000000000000e+01
8.700000000000000000e+01
8.700000000000000000e+01
8.700000000000000000e+01
8.700000000000000000e+01
8.700000000000000000e+01
8.700000000000000000e+01
8.700000000000000000e+01
8.700000000000000000e+01
8.700000000000000000e+01
8.700000000000000000e+01
8.700000000000000000e+01
8.700000000000000000e+01
8.700000000000000000e+01
8.700000000000000000e+01
8.700000000000000000e+01
8.700000000000000000e+01
8.700000000000000000e+01
8.700000000000000000e+01
8.800000000000000000e+01
8.800000000000000000e+01
8.800000000000000000e+01
8.800000000000000000e+01
8.800000000000000000e+01
8.800000000000000000e+01
8.800000000000000000e+01
8.800000000000000000e+01
8.800000000000000000e+01
8.900000000000000000e+01
8.800000000000000000e+01
8.800000000000000000e+01
8.800000000000000000e+01
8.800000000000000000e+01
8.800000000000000000e+01
8.800000000000000000e+01
8.800000000000000000e+01
8.900000000000000000e+01
8.900000000000000000e+01
9.100000000000000000e+01
9.100000000000000000e+01
9.100000000000000000e+01
9.200000000000000000e+01
9.200000000000000000e+01
9.200000000000000000e+01
9.400000000000000000e+01
9.400000000000000000e+01
9.400000000000000000e+01
9.500000000000000000e+01
9.800000000000000000e+01
1.000000000000000000e+02
1.000000000000000000e+02
1.000000000000000000e+02
1.010000000000000000e+02
1.020000000000000000e+02
1.040000000000000000e+02
1.040000000000000000e+02
1.060000000000000000e+02
1.060000000000000000e+02
1.080000000000000000e+02
1.080000000000000000e+02
1.080000000000000000e+02
1.080000000000000000e+02
1.090000000000000000e+02
1.090000000000000000e+02
1.110000000000000000e+02
1.130000000000000000e+02
1.150000000000000000e+02
1.160000000000000000e+02
1.170000000000000000e+02
1.180000000000000000e+02
1.180000000000000000e+02
1.180000000000000000e+02
1.200000000000000000e+02
1.220000000000000000e+02
1.220000000000000000e+02
1.220000000000000000e+02
1.220000000000000000e+02
1.220000000000000000e+02
1.220000000000000000e+02
1.220000000000000000e+02
1.220000000000000000e+02
1.230000000000000000e+02
1.230000000000000000e+02
1.230000000000000000e+02
1.230000000000000000e+02
1.230000000000000000e+02
1.230000000000000000e+02
1.230000000000000000e+02
1.230000000000000000e+02
1.230000000000000000e+02
1.230000000000000000e+02
1.230000000000000000e+02
1.240000000000000000e+02
1.250000000000000000e+02
1.250000000000000000e+02
1.270000000000000000e+02
1.270000000000000000e+02
1.270000000000000000e+02
1.280000000000000000e+02
1.280000000000000000e+02
1.280000000000000000e+02
1.280000000000000000e+02
1.280000000000000000e+02
1.280000000000000000e+02
1.280000000000000000e+02
1.280000000000000000e+02
1.280000000000000000e+02
1.280000000000000000e+02
1.280000000000000000e+02
1.290000000000000000e+02
1.290000000000000000e+02
1.290000000000000000e+02
1.290000000000000000e+02
1.300000000000000000e+02
1.300000000000000000e+02
1.300000000000000000e+02
1.300000000000000000e+02
1.300000000000000000e+02
1.300000000000000000e+02
1.310000000000000000e+02
1.310000000000000000e+02
1.310000000000000000e+02
1.310000000000000000e+02
1.310000000000000000e+02
1.310000000000000000e+02
1.310000000000000000e+02
1.310000000000000000e+02
1.310000000000000000e+02
1.320000000000000000e+02
1.320000000000000000e+02
1.320000000000000000e+02
1.330000000000000000e+02
1.330000000000000000e+02
1.330000000000000000e+02
1.330000000000000000e+02
1.330000000000000000e+02
1.340000000000000000e+02
1.350000000000000000e+02
1.360000000000000000e+02
1.360000000000000000e+02
1.360000000000000000e+02
1.360000000000000000e+02
1.360000000000000000e+02
1.360000000000000000e+02
1.360000000000000000e+02
1.360000000000000000e+02
1.360000000000000000e+02
1.360000000000000000e+02
1.360000000000000000e+02
1.370000000000000000e+02
1.370000000000000000e+02
1.370000000000000000e+02
1.370000000000000000e+02
1.370000000000000000e+02
1.370000000000000000e+02
1.370000000000000000e+02
1.370000000000000000e+02
1.370000000000000000e+02
1.370000000000000000e+02
1.390000000000000000e+02
1.390000000000000000e+02
1.390000000000000000e+02
1.400000000000000000e+02
1.410000000000000000e+02
1.420000000000000000e+02
1.430000000000000000e+02
1.430000000000000000e+02
1.450000000000000000e+02
1.460000000000000000e+02
1.460000000000000000e+02
1.460000000000000000e+02
1.470000000000000000e+02
1.470000000000000000e+02
1.470000000000000000e+02
1.480000000000000000e+02
1.480000000000000000e+02
1.480000000000000000e+02
1.480000000000000000e+02
1.510000000000000000e+02
1.530000000000000000e+02
1.550000000000000000e+02
1.580000000000000000e+02
1.600000000000000000e+02
1.620000000000000000e+02
1.660000000000000000e+02
1.700000000000000000e+02
1.730000000000000000e+02
1.750000000000000000e+02
1.800000000000000000e+02
1.840000000000000000e+02
1.880000000000000000e+02
1.910000000000000000e+02
1.940000000000000000e+02
1.970000000000000000e+02
2.000000000000000000e+02
2.040000000000000000e+02
2.080000000000000000e+02
2.100000000000000000e+02
2.130000000000000000e+02
2.140000000000000000e+02
2.160000000000000000e+02
2.180000000000000000e+02
2.200000000000000000e+02
2.250000000000000000e+02
2.290000000000000000e+02
2.330000000000000000e+02
2.380000000000000000e+02
2.400000000000000000e+02
2.440000000000000000e+02
2.490000000000000000e+02
2.530000000000000000e+02
2.570000000000000000e+02
2.610000000000000000e+02
2.660000000000000000e+02
2.690000000000000000e+02
2.740000000000000000e+02
2.770000000000000000e+02
2.820000000000000000e+02
2.870000000000000000e+02
2.910000000000000000e+02
2.960000000000000000e+02
3.000000000000000000e+02
3.040000000000000000e+02
3.080000000000000000e+02
3.120000000000000000e+02
3.140000000000000000e+02
3.180000000000000000e+02
3.220000000000000000e+02
3.240000000000000000e+02
3.280000000000000000e+02
3.330000000000000000e+02
3.360000000000000000e+02
3.410000000000000000e+02
3.440000000000000000e+02
3.480000000000000000e+02
3.500000000000000000e+02
3.520000000000000000e+02
3.570000000000000000e+02
3.610000000000000000e+02
3.650000000000000000e+02
3.660000000000000000e+02
3.700000000000000000e+02
3.730000000000000000e+02
3.760000000000000000e+02
3.800000000000000000e+02
3.840000000000000000e+02
3.870000000000000000e+02
3.920000000000000000e+02
3.940000000000000000e+02
3.970000000000000000e+02
4.010000000000000000e+02
4.050000000000000000e+02
4.080000000000000000e+02
4.130000000000000000e+02
4.140000000000000000e+02
4.150000000000000000e+02
4.170000000000000000e+02
4.210000000000000000e+02
4.240000000000000000e+02
4.250000000000000000e+02
4.290000000000000000e+02
4.310000000000000000e+02
4.360000000000000000e+02
4.360000000000000000e+02
4.400000000000000000e+02
4.420000000000000000e+02
4.430000000000000000e+02
4.480000000000000000e+02
4.530000000000000000e+02
4.590000000000000000e+02
4.670000000000000000e+02
4.760000000000000000e+02
4.870000000000000000e+02
4.910000000000000000e+02
5.000000000000000000e+02
5.120000000000000000e+02
5.250000000000000000e+02
5.310000000000000000e+02
5.380000000000000000e+02
5.470000000000000000e+02
5.590000000000000000e+02
5.690000000000000000e+02
5.810000000000000000e+02
5.910000000000000000e+02
5.970000000000000000e+02
6.040000000000000000e+02
6.140000000000000000e+02
6.320000000000000000e+02
6.440000000000000000e+02
6.540000000000000000e+02
6.640000000000000000e+02
6.750000000000000000e+02
6.860000000000000000e+02
6.940000000000000000e+02
7.010000000000000000e+02
7.130000000000000000e+02
7.220000000000000000e+02
7.320000000000000000e+02
7.410000000000000000e+02
7.550000000000000000e+02
7.680000000000000000e+02
7.780000000000000000e+02
7.850000000000000000e+02
7.960000000000000000e+02
8.040000000000000000e+02
8.140000000000000000e+02
8.260000000000000000e+02
8.340000000000000000e+02
8.400000000000000000e+02
8.490000000000000000e+02
8.630000000000000000e+02
8.770000000000000000e+02
8.900000000000000000e+02
9.010000000000000000e+02
9.120000000000000000e+02
9.210000000000000000e+02
9.330000000000000000e+02
9.430000000000000000e+02
9.500000000000000000e+02
9.580000000000000000e+02
9.650000000000000000e+02
9.770000000000000000e+02
9.850000000000000000e+02
9.920000000000000000e+02
1.003000000000000000e+03
1.012000000000000000e+03
1.025000000000000000e+03
1.033000000000000000e+03
1.045000000000000000e+03
1.057000000000000000e+03
1.065000000000000000e+03
1.075000000000000000e+03
1.087000000000000000e+03
1.098000000000000000e+03
1.106000000000000000e+03
1.118000000000000000e+03
1.123000000000000000e+03
1.132000000000000000e+03
1.148000000000000000e+03
1.159000000000000000e+03
1.170000000000000000e+03
1.180000000000000000e+03
1.193000000000000000e+03
1.209000000000000000e+03
1.219000000000000000e+03
1.231000000000000000e+03
1.241000000000000000e+03
1.253000000000000000e+03
1.270000000000000000e+03
1.284000000000000000e+03
1.302000000000000000e+03
1.322000000000000000e+03
1.337000000000000000e+03
1.351000000000000000e+03
1.372000000000000000e+03
1.387000000000000000e+03
1.405000000000000000e+03
1.431000000000000000e+03
1.451000000000000000e+03
1.490000000000000000e+03
1.537000000000000000e+03
1.579000000000000000e+03
1.608000000000000000e+03
1.659000000000000000e+03
1.726000000000000000e+03
1.791000000000000000e+03
1.843000000000000000e+03
1.905000000000000000e+03
1.966000000000000000e+03
2.019000000000000000e+03
2.072000000000000000e+03
2.137000000000000000e+03
2.203000000000000000e+03
2.271000000000000000e+03
2.351000000000000000e+03
2.417000000000000000e+03
2.492000000000000000e+03
2.560000000000000000e+03
2.628000000000000000e+03
2.693000000000000000e+03
2.758000000000000000e+03
2.845000000000000000e+03
2.913000000000000000e+03
2.993000000000000000e+03
3.091000000000000000e+03
3.184000000000000000e+03
3.259000000000000000e+03
3.355000000000000000e+03
3.438000000000000000e+03
3.515000000000000000e+03
3.608000000000000000e+03
3.684000000000000000e+03
3.757000000000000000e+03
3.842000000000000000e+03
3.925000000000000000e+03
4.023000000000000000e+03
4.088000000000000000e+03
4.156000000000000000e+03
4.240000000000000000e+03
4.319000000000000000e+03
4.397000000000000000e+03
4.481000000000000000e+03
4.544000000000000000e+03
4.618000000000000000e+03
4.710000000000000000e+03
4.806000000000000000e+03
