1.563885712067039790e+01
1.508139334535658094e+01
1.584216923253248588e+01
1.598477023516923978e+01
1.678158029829640441e+01
1.619803442056556264e+01
1.664867596052291532e+01
1.719994039460159385e+01
1.655840361177728326e+01
1.724160460439709652e+01
1.731141745267190046e+01
1.803835933194017116e+01
1.738588769697630809e+01
1.776650415700173369e+01
1.824458575650883674e+01
1.752468073756443800e+01
1.812237763815083369e+01
1.809772164512751047e+01
1.871956399915401903e+01
1.794989674180068207e+01
1.819998954067731489e+01
1.853324863350756146e+01
1.765353441084441499e+01
1.807604606660076385e+01
1.786074694944980834e+01
1.827671627308072999e+01
1.728647948523528299e+01
1.730213418979879236e+01
1.738819196613640727e+01
1.624987304653853215e+01
1.640396284948356609e+01
1.591220468470281091e+01
1.604561506925814030e+01
1.476877481597750830e+01
1.449591370996773598e+01
1.429371007738558319e+01
1.286954318329691027e+01
1.274230842557577148e+01
1.197577058032872444e+01
1.184284242608914006e+01
1.030984272338869800e+01
9.792552089335272214e+00
9.358988686272187607e+00
7.717642153518079695e+00
7.388276106577954749e+00
6.435274674232640990e+00
6.131920468140563685e+00
4.444657880451366339e+00
3.789160021714765847e+00
3.233120850787297940e+00
1.484510427622408812e+00
1.062402997360884171e+00
3.035265769560346882e-02
-3.392967985111425833e-01
-2.081114836405051349e+00
-2.780482524726862081e+00
-3.370765649981429135e+00
-5.145025592261886160e+00
-5.585159150538537176e+00
-6.628493411665688839e+00
