1.111880658114091493e+06
1.111908208732576109e+06
1.111934899920815369e+06
1.111852716071415460e+06
1.111754335361912381e+06
1.111664831186398398e+06
1.111579158753417199e+06
1.111537958276443649e+06
1.111465664649383398e+06
1.111410295739196474e+06
1.111268695758568589e+06
1.111137976056932472e+06
1.111047078959007747e+06
1.110994142195638036e+06
1.111022198874905705e+06
1.111057205835577101e+06
1.111147774811409879e+06
1.111190384451279417e+06
1.111280816361261066e+06
1.111445740854017437e+06
1.111680129240053473e+06
1.112023026159756351e+06
1.112395672659046948e+06
1.112841351676313905e+06
1.113250730688667856e+06
1.113713440951309865e+06
1.114249814959586831e+06
1.114848454709361773e+06
1.115542159917449811e+06
1.116246202615223825e+06
1.116998315663742134e+06
1.117684166106116027e+06
1.118389049352325033e+06
1.119129722875363426e+06
1.119892049610197544e+06
1.120706978460954037e+06
1.121488847243012860e+06
1.122275375213955063e+06
1.122953116408188595e+06
1.123609110744436737e+06
1.124262653195571853e+06
1.124902853403239977e+06
1.125564515841516433e+06
1.126166328976630466e+06
1.126750734021128854e+06
1.127209248160276329e+06
1.127633982991054188e+06
1.128049282230727142e+06
1.128449154731262708e+06
1.128873036339113256e+06
1.129243872167367488e+06
1.129607892597492086e+06
1.129859860133756651e+06
1.130094529565279838e+06
1.130338246636162046e+06
1.130586361809937283e+06
1.130878992619746830e+06
1.131139125538928434e+06
1.131412429503637133e+06
1.131592556519025238e+06
