9.833086926716190646e+03
9.887588858235672888e+03
9.942408024967446181e+03
9.996209749157314945e+03
1.005037226346956049e+04
1.010449401552196468e+04
1.015928511282176441e+04
1.022884326221529773e+04
1.028334519373477269e+04
1.033816436046654235e+04
1.039196608465640384e+04
1.044612859896865666e+04
1.050025035102104812e+04
1.055504144832086240e+04
1.062459959771439753e+04
1.067910152923387068e+04
1.073392069596565307e+04
1.078772242015549273e+04
1.084188493446776738e+04
1.089600668652014974e+04
1.095079778381996948e+04
1.102035593321351371e+04
1.107485786473298867e+04
1.112967703146476379e+04
1.118347875565461436e+04
1.123764126996686900e+04
1.129176302201925864e+04
1.134655411931905292e+04
1.141611226871261715e+04
1.147061420023208120e+04
1.152543336696385813e+04
1.157923509115370325e+04
1.163339760546598882e+04
1.168751935751835481e+04
1.174231045481815818e+04
1.181186860421172059e+04
1.186637053573118465e+04
1.192118970246295612e+04
1.197499142665281033e+04
1.202915394096507043e+04
1.208327569301744552e+04
1.213806679031725980e+04
1.220762493971082949e+04
1.226212687123029173e+04
1.231694603796204501e+04
1.237074776215190832e+04
1.242491027646417388e+04
1.247903202851654714e+04
1.253382312581636870e+04
1.260338127520990747e+04
1.265788320672939335e+04
1.271270237346115391e+04
1.276650409765101358e+04
1.282066661196328459e+04
1.287478836401565604e+04
1.292957946131546851e+04
1.299913761070900546e+04
1.305363954222847860e+04
1.310845870896023553e+04
1.316226043315010247e+04
