-1.775360839884043799e+03
1.125666511822322036e+03
9.929976075366118948e+02
8.816725932003591879e+02
7.139950757027409054e+02
4.756500440224234012e+02
2.817194498087139891e+02
-2.961991989600730449e+03
-1.537236190009573420e+02
-3.400720735523732401e+02
-4.622460105220421269e+02
-5.953161767912818050e+02
-7.522159016927090533e+02
-8.178118696033362767e+02
-3.887629335108159466e+03
-8.626322921188444752e+02
-7.935110401797956001e+02
-6.268719955145807035e+02
-4.443844213731968580e+02
-2.666411018866932636e+02
1.294419337047224872e+01
-2.710385693246438677e+03
6.527159582801268698e+02
1.041658577421992959e+03
1.499983561946341524e+03
1.936482529372277668e+03
2.321600487437503034e+03
2.753793927965915827e+03
1.212486431900937305e+02
3.507545108125527349e+03
3.847807043181665904e+03
4.182926392655896962e+03
4.420798479641803169e+03
4.532799421608280682e+03
4.620173047756738924e+03
1.575730523267917306e+03
4.489450155880299462e+03
4.304513883034556784e+03
4.071375802007290076e+03
3.708799830953863875e+03
3.200103037383684295e+03
2.659277345791461357e+03
-1.007600816962677754e+03
1.302921613170869023e+03
5.473930777993912216e+02
-2.107939336184925310e+02
-1.040679096711489592e+03
-1.947790790321328359e+03
-2.808302515393446811e+03
-6.707872399255328673e+03
-4.536564686328622884e+03
-5.333303419063847286e+03
-6.032250325506323861e+03
-6.702158217753659301e+03
-7.350453081753036713e+03
-7.857363465903357792e+03
-1.131468076866243428e+04
-8.620551060367381069e+03
-8.823751675168967267e+03
-8.869848844129610370e+03
