-2.403440127954393120e+03
-2.492658661205838143e+03
-2.601365101769225475e+03
-2.687344137329805108e+03
-2.789326953849309120e+03
-2.883641545993315958e+03
-3.332432437465970906e+03
-3.451465810757555573e+03
-3.562099289834872252e+03
-3.676093738505412148e+03
-3.750660269024389891e+03
-3.824445324253779290e+03
-3.874191196059688991e+03
-4.262950636112908796e+03
-4.307871522832661867e+03
-4.332131266933496590e+03
-4.349699223502876521e+03
-4.320321653697941656e+03
-4.285433854677497948e+03
-4.224738932931744785e+03
-4.504334285931414342e+03
-4.444404390187601166e+03
-4.371062359910889427e+03
-4.301021389586745499e+03
-4.196493446313199456e+03
-4.101022543823764863e+03
-3.995994593066979633e+03
-4.248707140960592369e+03
-4.180019497363326991e+03
-4.116167209355193336e+03
-4.073423033610878520e+03
-4.013002315509059372e+03
-3.976920132421400012e+03
-3.944541697191841195e+03
-4.280708318747377234e+03
-4.303457913787764483e+03
-4.335922070584158064e+03
-4.391079459335742285e+03
-4.426760809304052600e+03
-4.481609866905598210e+03
-4.531738718258061454e+03
-4.938956583358556600e+03
-5.018587904080075532e+03
-5.091458669330052544e+03
-5.168727921884372336e+03
-5.206957113814890363e+03
-5.244119548818195653e+03
-5.256286567403125446e+03
-5.605868361031854874e+03
-5.609424566694089663e+03
-5.589623492981708296e+03
-5.560027419466132415e+03
-5.480097716933255469e+03
-5.391123667170678345e+03
-5.272813797744071053e+03
-5.491430239952404008e+03
-5.367484275165338659e+03
-5.227575242351598718e+03
-5.089053784648001056e+03
-4.914906831351477194e+03
