1.906145729184850097e+03
1.905212605312364985e+03
1.903850415768992434e+03
1.902522702973610421e+03
1.901284857147308458e+03
1.900214186956804042e+03
1.899387067018665903e+03
1.897811451845096144e+03
1.896786487305609398e+03
1.895327104898364041e+03
1.893896034735122612e+03
1.892548746542135405e+03
1.891363586941538642e+03
1.890418970155942588e+03
1.888725909693827361e+03
1.887587620621844508e+03
1.886024076857581349e+03
1.884503959173175872e+03
1.883089503670703380e+03
1.881866520133033191e+03
1.880921439205858633e+03
1.879273678431415419e+03
1.878235059813157250e+03
1.876834166972392495e+03
1.875548081698813576e+03
1.874447014167479665e+03
1.873624101042207712e+03
1.873172235436942174e+03
1.872116223858465446e+03
1.871772007882624848e+03
1.871170843548662560e+03
1.870790882929683676e+03
1.870701676425665255e+03
1.870993873782460696e+03
1.871755991002529754e+03
1.872006540788585880e+03
1.873053266040565859e+03
1.873917370352358830e+03
1.875065190082412755e+03
1.876552825794635737e+03
1.878456009456576339e+03
1.880847072096992179e+03
1.882727306292924368e+03
1.885386458986815342e+03
1.887827243888460998e+03
1.890497312766174673e+03
1.893434197683963930e+03
1.896695494482812364e+03
1.900336145900265592e+03
1.903341112308325592e+03
1.906985159238147162e+03
1.910257644813380921e+03
1.913594740599910210e+03
1.917024592600328333e+03
1.920597687952475098e+03
1.924364281687448965e+03
1.927307168282290604e+03
1.930701524803190523e+03
1.933539707318014280e+03
1.936263433610507036e+03
