4.092205578122211023e+02
4.093530859951713410e+02
4.095026571857966928e+02
4.098626661316170043e+02
4.098344000513739616e+02
4.101227271136587547e+02
4.101369077520704991e+02
4.099698567881492863e+02
4.100604119415733066e+02
4.101709565899635095e+02
4.104973490720551013e+02
4.104432283123559273e+02
4.107156446960185576e+02
4.107258191951834192e+02
4.105683599330774314e+02
4.106834927839973375e+02
4.108346546714760734e+02
4.112184024232091701e+02
4.112387072806924380e+02
4.116025840637644819e+02
4.117208578175979028e+02
4.116873967189873724e+02
4.119413672104570878e+02
4.122448591955058532e+02
4.127928331511005240e+02
4.129874581090854804e+02
4.135337882496290831e+02
4.138405796016816112e+02
4.139995742557632639e+02
4.144478066840292740e+02
4.149452786615886453e+02
4.156849533746935776e+02
4.160671364980813109e+02
4.167951909451713277e+02
4.172763859016379797e+02
4.176012068385011844e+02
4.182056805812401876e+02
4.188490616110899509e+02
4.197238300716534241e+02
4.202300693547486503e+02
4.210711702587602758e+02
4.216546628058180772e+02
4.220715030598178146e+02
4.227583698171674769e+02
4.234753182672744174e+02
4.244157421151268750e+02
4.249807131284181310e+02
4.258746462297724520e+02
4.265060923554476062e+02
4.269669875347167931e+02
4.276949141214933547e+02
4.284507222548600680e+02
4.294284639152204477e+02
4.300297092858994574e+02
4.309591941428466271e+02
4.316256009367501747e+02
4.321208022958145989e+02
4.328821229811742342e+02
4.336699682978759824e+02
4.346777710848021457e+02
