-1.188707630407035225e+02
-1.093319171162012964e+02
-1.132260457089876553e+02
-1.105358502246311190e+02
-1.030344765747797453e+02
-9.526302048095082853e+01
-8.769879266486320546e+01
-9.060134883852829546e+01
-7.676055228962152910e+01
-7.727234360510047395e+01
-7.225163266574259069e+01
-6.358151396025553481e+01
-5.588740589740143605e+01
-4.970260168814499480e+01
-5.531231629714469022e+01
-4.550055684781588639e+01
-5.132552888928682933e+01
-5.283300869034593461e+01
-5.180687434347441922e+01
-5.274536497943631730e+01
-5.602950202044075922e+01
-7.177068252742964205e+01
-7.256167884011102842e+01
-8.925664757308967978e+01
-1.016894556682049995e+02
-1.114293841058820220e+02
-1.227626403582073635e+02
-1.358659731006234210e+02
-1.606592605339929207e+02
-1.695611733685137779e+02
-1.932733916302352100e+02
-2.115025717508824812e+02
-2.257190290298029254e+02
-2.401404893701538015e+02
-2.549071470513507052e+02
-2.799348650694659568e+02
-2.876706071051177105e+02
-3.088755913597891549e+02
-3.233453964757836161e+02
-3.326660400172004302e+02
-3.411944587985765907e+02
-3.492297210052527134e+02
-3.668619149321182817e+02
-3.667229237059961520e+02
-3.797647051273444276e+02
-3.859744406827166472e+02
-3.871257092138559983e+02
-3.877542469317279483e+02
-3.883247498283912478e+02
-3.990757796451111972e+02
-3.927670861258721402e+02
-4.004550522905261687e+02
-4.022056962736794503e+02
-3.998444348000885498e+02
-3.979311984302389646e+02
-3.969273613162046104e+02
-4.070415315561872376e+02
-4.009784786772335679e+02
-4.097168488695696169e+02
-4.132250272806199405e+02
