2.220159084645875555e+04
2.103478806930561768e+04
2.178831543882925689e+04
2.241523953181707475e+04
2.267826088678294764e+04
2.278994346864469844e+04
2.243006375261767971e+04
2.141083264939356013e+04
2.057951204748038799e+04
2.167017920271708863e+04
2.263002031829053522e+04
2.321607025926678762e+04
2.363556172730790422e+04
2.356338281323641422e+04
2.280739356372238399e+04
2.221112119502187488e+04
2.350558553778975693e+04
2.463563494612889554e+04
2.535670906259383628e+04
2.587519177525653504e+04
2.586585384569568487e+04
2.513713692715157231e+04
2.453380016677169624e+04
2.578868295632943409e+04
2.684896639488927030e+04
2.747285245500543533e+04
2.786982697168471350e+04
2.771800880815678465e+04
2.682933979236144296e+04
2.605213940194596216e+04
2.712278036846046234e+04
2.799187011429183258e+04
2.842085903817705184e+04
2.862224340947982273e+04
2.827686643884592922e+04
2.719907287655184336e+04
2.623924140358176373e+04
2.713545080672750919e+04
2.783966422279888502e+04
2.811435142458435803e+04
2.817271549785692696e+04
2.769602575831147260e+04
2.649881030312593793e+04
2.543143034507874836e+04
2.623179012597772089e+04
2.685156450711270372e+04
2.705286211398015803e+04
2.704848846143331684e+04
2.651930923225173319e+04
2.527946574013766804e+04
2.417896372827395680e+04
2.495538871092167028e+04
2.556012980055125809e+04
2.575503018659971713e+04
2.575262941957271323e+04
2.523349881667505542e+04
2.401142354148098821e+04
2.293595435511578034e+04
2.374408435214107158e+04
2.438643491109733077e+04
