0.000000000000000000e+00
0.000000000000000000e+00
0.000000000000000000e+00
0.000000000000000000e+00
0.000000000000000000e+00
0.000000000000000000e+00
0.000000000000000000e+00
0.000000000000000000e+00
0.000000000000000000e+00
0.000000000000000000e+00
0.000000000000000000e+00
0.000000000000000000e+00
0.000000000000000000e+00
0.000000000000000000e+00
0.000000000000000000e+00
0.000000000000000000e+00
0.000000000000000000e+00
0.000000000000000000e+00
0.000000000000000000e+00
0.000000000000000000e+00
0.000000000000000000e+00
0.000000000000000000e+00
0.000000000000000000e+00
0.000000000000000000e+00
0.000000000000000000e+00
0.000000000000000000e+00
0.000000000000000000e+00
0.000000000000000000e+00
0.000000000000000000e+00
0.000000000000000000e+00
0.000000000000000000e+00
0.000000000000000000e+00
0.000000000000000000e+00
0.000000000000000000e+00
0.000000000000000000e+00
0.000000000000000000e+00
0.000000000000000000e+00
0.000000000000000000e+00
0.000000000000000000e+00
0.000000000000000000e+00
0.000000000000000000e+00
0.000000000000000000e+00
0.000000000000000000e+00
0.000000000000000000e+00
0.000000000000000000e+00
0.000000000000000000e+00
0.000000000000000000e+00
0.000000000000000000e+00
0.000000000000000000e+00
0.000000000000000000e+00
0.000000000000000000e+00
0.000000000000000000e+00
0.000000000000000000e+00
0.000000000000000000e+00
3.000000000000000000e+00
0.000000000000000000e+00
0.000000000000000000e+00
0.000000000000000000e+00
1.000000000000000000e+00
2.000000000000000000e+00
0.000000000000000000e+00
0.000000000000000000e+00
4.000000000000000000e+00
0.000000000000000000e+00
0.000000000000000000e+00
1.000000000000000000e+00
0.000000000000000000e+00
0.000000000000000000e+00
1.400000000000000000e+01
2.000000000000000000e+01
1.600000000000000000e+01
6.000000000000000000e+00
5.000000000000000000e+00
6.000000000000000000e+00
1.800000000000000000e+01
2.500000000000000000e+01
5.100000000000000000e+01
6.100000000000000000e+01
6.800000000000000000e+01
4.500000000000000000e+01
6.500000000000000000e+01
5.300000000000000000e+01
5.500000000000000000e+01
1.230000000000000000e+02
1.770000000000000000e+02
1.530000000000000000e+02
2.020000000000000000e+02
5.300000000000000000e+01
7.100000000000000000e+01
2.610000000000000000e+02
1.940000000000000000e+02
2.360000000000000000e+02
1.630000000000000000e+02
2.190000000000000000e+02
8.200000000000000000e+01
9.200000000000000000e+01
2.810000000000000000e+02
1.220000000000000000e+02
1.600000000000000000e+02
2.060000000000000000e+02
5.800000000000000000e+01
8.900000000000000000e+01
1.260000000000000000e+02
2.200000000000000000e+02
1.990000000000000000e+02
1.990000000000000000e+02
1.660000000000000000e+02
4.200000000000000000e+01
3.400000000000000000e+01
2.700000000000000000e+01
2.370000000000000000e+02
1.780000000000000000e+02
1.580000000000000000e+02
1.940000000000000000e+02
1.400000000000000000e+02
4.100000000000000000e+01
4.000000000000000000e+01
1.790000000000000000e+02
8.500000000000000000e+01
1.040000000000000000e+02
9.600000000000000000e+01
9.900000000000000000e+01
1.900000000000000000e+01
3.400000000000000000e+01
1.040000000000000000e+02
8.800000000000000000e+01
1.000000000000000000e+02
9.000000000000000000e+01
4.000000000000000000e+01
4.600000000000000000e+01
1.200000000000000000e+01
8.400000000000000000e+01
4.400000000000000000e+01
6.300000000000000000e+01
6.000000000000000000e+01
7.200000000000000000e+01
4.000000000000000000e+00
6.000000000000000000e+00
1.030000000000000000e+02
5.900000000000000000e+01
5.800000000000000000e+01
5.500000000000000000e+01
4.900000000000000000e+01
4.000000000000000000e+00
7.000000000000000000e+00
7.000000000000000000e+01
6.200000000000000000e+01
4.100000000000000000e+01
4.100000000000000000e+01
3.300000000000000000e+01
4.000000000000000000e+00
2.200000000000000000e+01
3.800000000000000000e+01
1.800000000000000000e+01
3.300000000000000000e+01
6.100000000000000000e+01
1.900000000000000000e+01
1.400000000000000000e+01
2.300000000000000000e+01
4.100000000000000000e+01
2.500000000000000000e+01
2.600000000000000000e+01
2.500000000000000000e+01
2.600000000000000000e+01
4.000000000000000000e+00
1.200000000000000000e+01
9.000000000000000000e+00
3.700000000000000000e+01
1.000000000000000000e+02
1.180000000000000000e+02
8.000000000000000000e+01
1.900000000000000000e+01
2.000000000000000000e+01
1.260000000000000000e+02
6.800000000000000000e+01
6.600000000000000000e+01
1.330000000000000000e+02
8.500000000000000000e+01
8.000000000000000000e+00
2.800000000000000000e+01
7.500000000000000000e+01
8.200000000000000000e+01
2.260000000000000000e+02
1.840000000000000000e+02
9.400000000000000000e+01
1.680000000000000000e+02
1.838000000000000000e+03
0.000000000000000000e+00
0.000000000000000000e+00
1.000000000000000000e+00
5.300000000000000000e+01
8.700000000000000000e+01
1.800000000000000000e+01
1.800000000000000000e+01
1.030000000000000000e+02
1.040000000000000000e+02
9.700000000000000000e+01
4.110000000000000000e+02
4.290000000000000000e+02
1.500000000000000000e+01
2.100000000000000000e+01
1.980000000000000000e+02
2.390000000000000000e+02
1.850000000000000000e+02
1.670000000000000000e+02
1.570000000000000000e+02
3.200000000000000000e+01
3.600000000000000000e+01
8.230000000000000000e+02
5.240000000000000000e+02
4.690000000000000000e+02
2.710000000000000000e+02
1.540000000000000000e+02
4.700000000000000000e+01
3.800000000000000000e+01
2.510000000000000000e+02
2.860000000000000000e+02
2.920000000000000000e+02
2.360000000000000000e+02
3.070000000000000000e+02
4.400000000000000000e+01
6.000000000000000000e+00
2.600000000000000000e+02
3.090000000000000000e+02
2.100000000000000000e+02
3.370000000000000000e+02
3.640000000000000000e+02
1.200000000000000000e+01
1.400000000000000000e+01
8.020000000000000000e+02
2.840000000000000000e+02
2.350000000000000000e+02
4.130000000000000000e+02
3.530000000000000000e+02
6.500000000000000000e+01
8.900000000000000000e+01
7.260000000000000000e+02
5.930000000000000000e+02
3.180000000000000000e+02
4.460000000000000000e+02
4.810000000000000000e+02
3.700000000000000000e+02
5.270000000000000000e+02
6.700000000000000000e+02
7.260000000000000000e+02
5.580000000000000000e+02
6.730000000000000000e+02
3.358000000000000000e+03
1.960000000000000000e+02
3.320000000000000000e+02
5.310000000000000000e+02
9.600000000000000000e+02
6.840000000000000000e+02
7.430000000000000000e+02
8.460000000000000000e+02
4.041000000000000000e+03
5.076000000000000000e+03
2.487000000000000000e+03
2.152000000000000000e+03
1.979000000000000000e+03
3.930000000000000000e+02
2.013000000000000000e+03
1.736000000000000000e+03
7.100000000000000000e+01
3.220000000000000000e+03
1.701000000000000000e+03
1.000000000000000000e+03
2.449000000000000000e+03
2.743000000000000000e+03
2.852000000000000000e+03
3.189000000000000000e+03
2.774000000000000000e+03
4.200000000000000000e+03
4.028000000000000000e+03
4.089000000000000000e+03
4.426000000000000000e+03
3.251000000000000000e+03
2.479000000000000000e+03
5.839000000000000000e+03
8.223000000000000000e+03
7.930000000000000000e+03
9.255000000000000000e+03
8.947000000000000000e+03
5.784000000000000000e+03
1.405900000000000000e+04
1.319000000000000000e+04
1.457200000000000000e+04
1.458300000000000000e+04
1.450900000000000000e+04
6.100000000000000000e+02
2.287500000000000000e+04
5.372000000000000000e+03
8.760000000000000000e+02
3.346800000000000000e+04
7.768000000000000000e+03
1.547800000000000000e+04
1.563300000000000000e+04
6.031000000000000000e+03
4.923000000000000000e+03
1.394300000000000000e+04
1.254500000000000000e+04
1.378000000000000000e+04
1.180600000000000000e+04
1.049300000000000000e+04
4.957000000000000000e+03
3.271000000000000000e+03
7.881000000000000000e+03
1.085000000000000000e+04
8.250000000000000000e+02
1.421700000000000000e+04
-6.848000000000000000e+03
1.730100000000000000e+04
2.079000000000000000e+03
7.201000000000000000e+03
3.570000000000000000e+03
6.422000000000000000e+03
6.703000000000000000e+03
5.692000000000000000e+03
2.675000000000000000e+03
1.425000000000000000e+03
0.000000000000000000e+00
6.687000000000000000e+03
4.978000000000000000e+03
4.187000000000000000e+03
3.882000000000000000e+03
5.189000000000000000e+03
1.649000000000000000e+03
1.256000000000000000e+03
5.876000000000000000e+03
6.625000000000000000e+03
4.226000000000000000e+03
4.413000000000000000e+03
4.560000000000000000e+03
1.685000000000000000e+03
1.379000000000000000e+03
6.326000000000000000e+03
5.914000000000000000e+03
5.518000000000000000e+03
5.252000000000000000e+03
5.758000000000000000e+03
2.387000000000000000e+03
2.070000000000000000e+02
1.045100000000000000e+04
7.984000000000000000e+03
8.098000000000000000e+03
7.492000000000000000e+03
8.055000000000000000e+03
4.086000000000000000e+03
2.869000000000000000e+03
1.080700000000000000e+04
1.229300000000000000e+04
1.121100000000000000e+04
2.420000000000000000e+03
2.194000000000000000e+03
3.496000000000000000e+03
4.925000000000000000e+03
1.416400000000000000e+04
1.595400000000000000e+04
1.629500000000000000e+04
8.727000000000000000e+03
2.275000000000000000e+03
6.565000000000000000e+03
6.037000000000000000e+03
1.793000000000000000e+04
1.737400000000000000e+04
1.480800000000000000e+04
1.332000000000000000e+04
1.238500000000000000e+04
6.640000000000000000e+03
4.759000000000000000e+03
1.173200000000000000e+04
1.012400000000000000e+04
9.882000000000000000e+03
8.201000000000000000e+03
8.030000000000000000e+02
1.151300000000000000e+04
3.396000000000000000e+03
9.966000000000000000e+03
8.652000000000000000e+03
8.076000000000000000e+03
7.298000000000000000e+03
7.484000000000000000e+03
2.910000000000000000e+03
2.524000000000000000e+03
9.933000000000000000e+03
8.858000000000000000e+03
7.782000000000000000e+03
7.142000000000000000e+03
7.769000000000000000e+03
2.692000000000000000e+03
2.755000000000000000e+03
9.595000000000000000e+03
8.766000000000000000e+03
8.471000000000000000e+03
7.753000000000000000e+03
8.355000000000000000e+03
2.903000000000000000e+03
2.409000000000000000e+03
1.072500000000000000e+04
9.299000000000000000e+03
9.145000000000000000e+03
8.508000000000000000e+03
8.939000000000000000e+03
3.535000000000000000e+03
3.065000000000000000e+03
1.199500000000000000e+04
1.092000000000000000e+04
1.105500000000000000e+04
1.058000000000000000e+04
1.124800000000000000e+04
4.789000000000000000e+03
4.042000000000000000e+03
1.538300000000000000e+04
1.436400000000000000e+04
1.383400000000000000e+04
1.295000000000000000e+04
1.308900000000000000e+04
4.928000000000000000e+03
4.257000000000000000e+03
4.740000000000000000e+02
5.470000000000000000e+02
4.670000000000000000e+02
1.406000000000000000e+03
1.681900000000000000e+04
1.954000000000000000e+04
9.429000000000000000e+03
1.375000000000000000e+04
1.343600000000000000e+04
5.281000000000000000e+03
4.347000000000000000e+03
3.780000000000000000e+02
1.564100000000000000e+04
2.654200000000000000e+04
1.231100000000000000e+04
1.203700000000000000e+04
4.613000000000000000e+03
3.749000000000000000e+03
1.436600000000000000e+04
1.211100000000000000e+04
1.044800000000000000e+04
9.536000000000000000e+03
9.532000000000000000e+03
3.465000000000000000e+03
3.014000000000000000e+03
1.154800000000000000e+04
2.090000000000000000e+02
1.724400000000000000e+04
7.187000000000000000e+03
7.399000000000000000e+03
2.677000000000000000e+03
2.365000000000000000e+03
9.646000000000000000e+03
5.400000000000000000e+01
1.335800000000000000e+04
6.124000000000000000e+03
2.668000000000000000e+03
2.489000000000000000e+03
2.198000000000000000e+03
1.580000000000000000e+03
1.050000000000000000e+02
1.321600000000000000e+04
4.601000000000000000e+03
2.810000000000000000e+02
5.770000000000000000e+03
1.425000000000000000e+03
5.713000000000000000e+03
6.300000000000000000e+01
7.080000000000000000e+03
3.186000000000000000e+03
3.149000000000000000e+03
1.232000000000000000e+03
9.800000000000000000e+02
4.557000000000000000e+03
5.000000000000000000e+01
5.490000000000000000e+03
2.651000000000000000e+03
2.810000000000000000e+03
1.057000000000000000e+03
8.890000000000000000e+02
3.873000000000000000e+03
4.400000000000000000e+01
4.668000000000000000e+03
2.950000000000000000e+03
2.237000000000000000e+03
8.560000000000000000e+02
7.900000000000000000e+02
3.917000000000000000e+03
2.500000000000000000e+01
3.483000000000000000e+03
1.642000000000000000e+03
1.574000000000000000e+03
5.100000000000000000e+02
9.300000000000000000e+01
2.490000000000000000e+03
1.900000000000000000e+01
2.581000000000000000e+03
1.164000000000000000e+03
1.170000000000000000e+03
4.440000000000000000e+02
4.100000000000000000e+02
1.426000000000000000e+03
9.000000000000000000e+00
1.585000000000000000e+03
8.000000000000000000e+02
4.500000000000000000e+01
1.019000000000000000e+03
2.460000000000000000e+02
9.590000000000000000e+02
4.000000000000000000e+00
1.073000000000000000e+03
4.860000000000000000e+02
3.900000000000000000e+01
5.000000000000000000e+01
5.970000000000000000e+02
3.800000000000000000e+01
1.178000000000000000e+03
3.220000000000000000e+02
3.200000000000000000e+02
6.800000000000000000e+01
4.600000000000000000e+02
2.820000000000000000e+02
4.420000000000000000e+02
5.000000000000000000e+00
4.440000000000000000e+02
2.240000000000000000e+02
1.720000000000000000e+02
6.400000000000000000e+01
9.300000000000000000e+01
2.680000000000000000e+02
1.740000000000000000e+02
1.000000000000000000e+00
2.490000000000000000e+02
1.150000000000000000e+02
5.600000000000000000e+01
1.730000000000000000e+02
1.100000000000000000e+01
2.270000000000000000e+02
1.130000000000000000e+02
1.280000000000000000e+02
1.160000000000000000e+02
7.400000000000000000e+01
1.000000000000000000e+02
1.760000000000000000e+02
1.200000000000000000e+01
3.240000000000000000e+02
8.000000000000000000e+00
3.320000000000000000e+02
1.070000000000000000e+02
1.060000000000000000e+02
5.000000000000000000e+00
2.700000000000000000e+02
2.800000000000000000e+02
2.680000000000000000e+02
2.690000000000000000e+02
1.510000000000000000e+02
1.590000000000000000e+02
3.060000000000000000e+02
2.850000000000000000e+02
2.130000000000000000e+02
2.620000000000000000e+02
2.470000000000000000e+02
-1.641321000000000000e+06
0.000000000000000000e+00
0.000000000000000000e+00
0.000000000000000000e+00
0.000000000000000000e+00
0.000000000000000000e+00
0.000000000000000000e+00
0.000000000000000000e+00
0.000000000000000000e+00
0.000000000000000000e+00
0.000000000000000000e+00
0.000000000000000000e+00
0.000000000000000000e+00
0.000000000000000000e+00
0.000000000000000000e+00
0.000000000000000000e+00
0.000000000000000000e+00
0.000000000000000000e+00
0.000000000000000000e+00
0.000000000000000000e+00
0.000000000000000000e+00
0.000000000000000000e+00
0.000000000000000000e+00
0.000000000000000000e+00
0.000000000000000000e+00
0.000000000000000000e+00
0.000000000000000000e+00
0.000000000000000000e+00
0.000000000000000000e+00
0.000000000000000000e+00
0.000000000000000000e+00
0.000000000000000000e+00
0.000000000000000000e+00
0.000000000000000000e+00
0.000000000000000000e+00
0.000000000000000000e+00
0.000000000000000000e+00
0.000000000000000000e+00
0.000000000000000000e+00
0.000000000000000000e+00
0.000000000000000000e+00
0.000000000000000000e+00
0.000000000000000000e+00
0.000000000000000000e+00
0.000000000000000000e+00
0.000000000000000000e+00
0.000000000000000000e+00
0.000000000000000000e+00
0.000000000000000000e+00
0.000000000000000000e+00
0.000000000000000000e+00
0.000000000000000000e+00
0.000000000000000000e+00
0.000000000000000000e+00
0.000000000000000000e+00
0.000000000000000000e+00
0.000000000000000000e+00
0.000000000000000000e+00
0.000000000000000000e+00
0.000000000000000000e+00
0.000000000000000000e+00
0.000000000000000000e+00
0.000000000000000000e+00
0.000000000000000000e+00
0.000000000000000000e+00
0.000000000000000000e+00
0.000000000000000000e+00
0.000000000000000000e+00
0.000000000000000000e+00
0.000000000000000000e+00
0.000000000000000000e+00
0.000000000000000000e+00
0.000000000000000000e+00
0.000000000000000000e+00
0.000000000000000000e+00
0.000000000000000000e+00
0.000000000000000000e+00
0.000000000000000000e+00
0.000000000000000000e+00
0.000000000000000000e+00
0.000000000000000000e+00
0.000000000000000000e+00
0.000000000000000000e+00
0.000000000000000000e+00
0.000000000000000000e+00
0.000000000000000000e+00
0.000000000000000000e+00
0.000000000000000000e+00
0.000000000000000000e+00
0.000000000000000000e+00
0.000000000000000000e+00
0.000000000000000000e+00
0.000000000000000000e+00
0.000000000000000000e+00
0.000000000000000000e+00
0.000000000000000000e+00
0.000000000000000000e+00
0.000000000000000000e+00
0.000000000000000000e+00
0.000000000000000000e+00
0.000000000000000000e+00
0.000000000000000000e+00
0.000000000000000000e+00
0.000000000000000000e+00
0.000000000000000000e+00
0.000000000000000000e+00
0.000000000000000000e+00
0.000000000000000000e+00
0.000000000000000000e+00
0.000000000000000000e+00
0.000000000000000000e+00
0.000000000000000000e+00
0.000000000000000000e+00
0.000000000000000000e+00
0.000000000000000000e+00
0.000000000000000000e+00
0.000000000000000000e+00
0.000000000000000000e+00
0.000000000000000000e+00
0.000000000000000000e+00
0.000000000000000000e+00
0.000000000000000000e+00
0.000000000000000000e+00
0.000000000000000000e+00
0.000000000000000000e+00
0.000000000000000000e+00
0.000000000000000000e+00
0.000000000000000000e+00
0.000000000000000000e+00
0.000000000000000000e+00
0.000000000000000000e+00
0.000000000000000000e+00
0.000000000000000000e+00
0.000000000000000000e+00
0.000000000000000000e+00
0.000000000000000000e+00
0.000000000000000000e+00
0.000000000000000000e+00
0.000000000000000000e+00
0.000000000000000000e+00
0.000000000000000000e+00
0.000000000000000000e+00
0.000000000000000000e+00
0.000000000000000000e+00
0.000000000000000000e+00
0.000000000000000000e+00
0.000000000000000000e+00
0.000000000000000000e+00
0.000000000000000000e+00
0.000000000000000000e+00
0.000000000000000000e+00
0.000000000000000000e+00
0.000000000000000000e+00
0.000000000000000000e+00
0.000000000000000000e+00
0.000000000000000000e+00
0.000000000000000000e+00
0.000000000000000000e+00
0.000000000000000000e+00
0.000000000000000000e+00
0.000000000000000000e+00
0.000000000000000000e+00
0.000000000000000000e+00
0.000000000000000000e+00
0.000000000000000000e+00
0.000000000000000000e+00
0.000000000000000000e+00
0.000000000000000000e+00
0.000000000000000000e+00
0.000000000000000000e+00
0.000000000000000000e+00
0.000000000000000000e+00
0.000000000000000000e+00
0.000000000000000000e+00
0.000000000000000000e+00
0.000000000000000000e+00
0.000000000000000000e+00
0.000000000000000000e+00
0.000000000000000000e+00
0.000000000000000000e+00
0.000000000000000000e+00
0.000000000000000000e+00
0.000000000000000000e+00
0.000000000000000000e+00
0.000000000000000000e+00
0.000000000000000000e+00
0.000000000000000000e+00
0.000000000000000000e+00
0.000000000000000000e+00
0.000000000000000000e+00
0.000000000000000000e+00
0.000000000000000000e+00
0.000000000000000000e+00
0.000000000000000000e+00
0.000000000000000000e+00
0.000000000000000000e+00
0.000000000000000000e+00
0.000000000000000000e+00
0.000000000000000000e+00
0.000000000000000000e+00
0.000000000000000000e+00
0.000000000000000000e+00
0.000000000000000000e+00
0.000000000000000000e+00
0.000000000000000000e+00
0.000000000000000000e+00
