0.000000000000000000e+00
0.000000000000000000e+00
0.000000000000000000e+00
0.000000000000000000e+00
0.000000000000000000e+00
0.000000000000000000e+00
0.000000000000000000e+00
0.000000000000000000e+00
0.000000000000000000e+00
0.000000000000000000e+00
0.000000000000000000e+00
0.000000000000000000e+00
0.000000000000000000e+00
0.000000000000000000e+00
0.000000000000000000e+00
0.000000000000000000e+00
0.000000000000000000e+00
0.000000000000000000e+00
0.000000000000000000e+00
0.000000000000000000e+00
0.000000000000000000e+00
0.000000000000000000e+00
0.000000000000000000e+00
0.000000000000000000e+00
0.000000000000000000e+00
0.000000000000000000e+00
0.000000000000000000e+00
0.000000000000000000e+00
0.000000000000000000e+00
0.000000000000000000e+00
0.000000000000000000e+00
0.000000000000000000e+00
0.000000000000000000e+00
0.000000000000000000e+00
0.000000000000000000e+00
0.000000000000000000e+00
0.000000000000000000e+00
0.000000000000000000e+00
0.000000000000000000e+00
3.000000000000000000e+00
0.000000000000000000e+00
2.000000000000000000e+00
3.000000000000000000e+00
4.000000000000000000e+00
6.000000000000000000e+00
1.000000000000000000e+00
1.200000000000000000e+01
0.000000000000000000e+00
1.000000000000000000e+01
5.000000000000000000e+01
3.000000000000000000e+00
4.700000000000000000e+01
4.800000000000000000e+01
6.400000000000000000e+01
4.500000000000000000e+01
9.800000000000000000e+01
6.800000000000000000e+01
2.300000000000000000e+02
1.390000000000000000e+02
1.620000000000000000e+02
1.250000000000000000e+02
1.160000000000000000e+02
1.580000000000000000e+02
2.600000000000000000e+02
2.710000000000000000e+02
3.540000000000000000e+02
3.520000000000000000e+02
1.860000000000000000e+02
1.840000000000000000e+02
3.070000000000000000e+02
2.000000000000000000e+02
3.500000000000000000e+02
2.330000000000000000e+02
3.810000000000000000e+02
1.150000000000000000e+02
2.350000000000000000e+02
1.950000000000000000e+02
2.950000000000000000e+02
2.570000000000000000e+02
1.630000000000000000e+02
9.900000000000000000e+01
1.600000000000000000e+02
6.800000000000000000e+01
5.200000000000000000e+01
1.050000000000000000e+02
2.170000000000000000e+02
1.160000000000000000e+02
5.700000000000000000e+01
1.400000000000000000e+02
1.540000000000000000e+02
1.330000000000000000e+02
9.900000000000000000e+01
5.500000000000000000e+01
8.600000000000000000e+01
7.900000000000000000e+01
5.200000000000000000e+01
4.100000000000000000e+01
5.900000000000000000e+01
7.500000000000000000e+01
1.030000000000000000e+02
5.500000000000000000e+01
1.800000000000000000e+01
2.600000000000000000e+01
3.800000000000000000e+01
7.700000000000000000e+01
7.800000000000000000e+01
5.700000000000000000e+01
4.600000000000000000e+01
1.800000000000000000e+01
2.800000000000000000e+01
5.300000000000000000e+01
4.500000000000000000e+01
4.800000000000000000e+01
8.200000000000000000e+01
5.500000000000000000e+01
4.900000000000000000e+01
2.000000000000000000e+01
1.110000000000000000e+02
6.100000000000000000e+01
7.400000000000000000e+01
3.300000000000000000e+01
5.900000000000000000e+01
7.700000000000000000e+01
6.500000000000000000e+01
4.700000000000000000e+01
4.800000000000000000e+01
3.600000000000000000e+01
5.400000000000000000e+01
5.600000000000000000e+01
3.400000000000000000e+01
3.800000000000000000e+01
3.400000000000000000e+01
6.200000000000000000e+01
7.400000000000000000e+01
5.600000000000000000e+01
3.500000000000000000e+01
3.800000000000000000e+01
6.100000000000000000e+01
6.900000000000000000e+01
5.400000000000000000e+01
7.300000000000000000e+01
3.100000000000000000e+01
8.300000000000000000e+01
5.300000000000000000e+01
3.300000000000000000e+01
4.000000000000000000e+01
4.700000000000000000e+01
5.100000000000000000e+01
1.180000000000000000e+02
1.260000000000000000e+02
4.200000000000000000e+01
5.000000000000000000e+01
2.500000000000000000e+01
1.270000000000000000e+02
1.270000000000000000e+02
9.300000000000000000e+01
1.680000000000000000e+02
2.600000000000000000e+02
3.050000000000000000e+02
2.020000000000000000e+02
1.490000000000000000e+02
9.200000000000000000e+01
1.320000000000000000e+02
1.410000000000000000e+02
1.210000000000000000e+02
7.500000000000000000e+01
5.100000000000000000e+01
1.190000000000000000e+02
1.290000000000000000e+02
1.050000000000000000e+02
8.200000000000000000e+01
1.140000000000000000e+02
5.900000000000000000e+01
6.400000000000000000e+01
1.030000000000000000e+02
1.340000000000000000e+02
1.370000000000000000e+02
1.300000000000000000e+02
1.130000000000000000e+02
9.000000000000000000e+01
1.530000000000000000e+02
2.260000000000000000e+02
2.460000000000000000e+02
2.300000000000000000e+02
2.810000000000000000e+02
1.310000000000000000e+02
1.120000000000000000e+02
1.920000000000000000e+02
2.830000000000000000e+02
2.940000000000000000e+02
2.780000000000000000e+02
2.030000000000000000e+02
1.250000000000000000e+02
1.010000000000000000e+02
2.080000000000000000e+02
2.780000000000000000e+02
2.430000000000000000e+02
2.020000000000000000e+02
3.290000000000000000e+02
1.750000000000000000e+02
1.180000000000000000e+02
1.410000000000000000e+02
2.890000000000000000e+02
2.920000000000000000e+02
3.260000000000000000e+02
2.920000000000000000e+02
1.980000000000000000e+02
1.210000000000000000e+02
1.900000000000000000e+02
2.810000000000000000e+02
3.150000000000000000e+02
2.470000000000000000e+02
5.060000000000000000e+02
2.390000000000000000e+02
1.330000000000000000e+02
2.580000000000000000e+02
3.670000000000000000e+02
4.030000000000000000e+02
2.180000000000000000e+02
6.080000000000000000e+02
3.170000000000000000e+02
2.730000000000000000e+02
2.510000000000000000e+02
4.990000000000000000e+02
6.560000000000000000e+02
6.790000000000000000e+02
7.970000000000000000e+02
5.030000000000000000e+02
4.040000000000000000e+02
5.600000000000000000e+02
1.161000000000000000e+03
1.159000000000000000e+03
1.377000000000000000e+03
1.447000000000000000e+03
1.541000000000000000e+03
7.870000000000000000e+02
1.034000000000000000e+03
1.674000000000000000e+03
2.136000000000000000e+03
3.123000000000000000e+03
2.107000000000000000e+03
2.044000000000000000e+03
9.840000000000000000e+02
1.474000000000000000e+03
2.394000000000000000e+03
2.306000000000000000e+03
2.910000000000000000e+03
2.944000000000000000e+03
1.976000000000000000e+03
1.303000000000000000e+03
1.286000000000000000e+03
1.960000000000000000e+03
2.920000000000000000e+03
3.492000000000000000e+03
3.796000000000000000e+03
2.554000000000000000e+03
1.841000000000000000e+03
3.120000000000000000e+03
4.456000000000000000e+03
5.338000000000000000e+03
5.397000000000000000e+03
8.617000000000000000e+03
4.631000000000000000e+03
3.105000000000000000e+03
4.311000000000000000e+03
8.326000000000000000e+03
9.543000000000000000e+03
9.720000000000000000e+03
1.110200000000000000e+04
8.715000000000000000e+03
5.058000000000000000e+03
8.077000000000000000e+03
1.198400000000000000e+04
1.496900000000000000e+04
1.415000000000000000e+04
1.525800000000000000e+04
1.247400000000000000e+04
7.300000000000000000e+03
1.027300000000000000e+04
1.566300000000000000e+04
1.298000000000000000e+04
1.305500000000000000e+04
1.360500000000000000e+04
1.142900000000000000e+04
6.542000000000000000e+03
9.252000000000000000e+03
1.208900000000000000e+04
1.573100000000000000e+04
1.322900000000000000e+04
1.155200000000000000e+04
7.723000000000000000e+03
3.608000000000000000e+03
2.353000000000000000e+03
1.269900000000000000e+04
8.925000000000000000e+03
7.870000000000000000e+03
7.355000000000000000e+03
4.199000000000000000e+03
1.887000000000000000e+03
5.407000000000000000e+03
4.246000000000000000e+03
5.515000000000000000e+03
6.471000000000000000e+03
5.808000000000000000e+03
3.187000000000000000e+03
1.513000000000000000e+03
4.375000000000000000e+03
5.896000000000000000e+03
2.681000000000000000e+03
6.305000000000000000e+03
4.464000000000000000e+03
2.665000000000000000e+03
1.074000000000000000e+03
3.575000000000000000e+03
5.176000000000000000e+03
4.568000000000000000e+03
4.621000000000000000e+03
4.743000000000000000e+03
1.773000000000000000e+03
2.654000000000000000e+03
0.000000000000000000e+00
4.237000000000000000e+03
5.857000000000000000e+03
6.406000000000000000e+03
5.872000000000000000e+03
6.217000000000000000e+03
3.657000000000000000e+03
2.000000000000000000e+03
5.172000000000000000e+03
7.897000000000000000e+03
8.256000000000000000e+03
7.602000000000000000e+03
8.830000000000000000e+03
5.304000000000000000e+03
3.383000000000000000e+03
7.891000000000000000e+03
1.089800000000000000e+04
1.414900000000000000e+04
4.402000000000000000e+03
2.706000000000000000e+03
3.030000000000000000e+03
3.741000000000000000e+03
1.086200000000000000e+04
1.642000000000000000e+04
1.703900000000000000e+04
1.336100000000000000e+04
3.447000000000000000e+03
5.012000000000000000e+03
6.233000000000000000e+03
1.292100000000000000e+04
1.733200000000000000e+04
1.777300000000000000e+04
1.486100000000000000e+04
1.311500000000000000e+04
8.449000000000000000e+03
4.289000000000000000e+03
9.345000000000000000e+03
1.080100000000000000e+04
1.092200000000000000e+04
8.083000000000000000e+03
9.301000000000000000e+03
5.253000000000000000e+03
2.693000000000000000e+03
7.651000000000000000e+03
9.628000000000000000e+03
8.228000000000000000e+03
7.488000000000000000e+03
8.514000000000000000e+03
4.256000000000000000e+03
2.387000000000000000e+03
6.942000000000000000e+03
9.209000000000000000e+03
8.505000000000000000e+03
7.982000000000000000e+03
8.072000000000000000e+03
4.060000000000000000e+03
2.555000000000000000e+03
7.185000000000000000e+03
9.143000000000000000e+03
9.695000000000000000e+03
8.125000000000000000e+03
8.635000000000000000e+03
4.863000000000000000e+03
2.430000000000000000e+03
7.727000000000000000e+03
1.028300000000000000e+04
9.537000000000000000e+03
9.014000000000000000e+03
8.883000000000000000e+03
5.160000000000000000e+03
2.851000000000000000e+03
8.794000000000000000e+03
1.266800000000000000e+04
1.093000000000000000e+04
1.170500000000000000e+04
1.136400000000000000e+04
6.838000000000000000e+03
4.021000000000000000e+03
1.131100000000000000e+04
1.586100000000000000e+04
1.381600000000000000e+04
1.461200000000000000e+04
1.481500000000000000e+04
7.885000000000000000e+03
4.571000000000000000e+03
1.219100000000000000e+04
1.681600000000000000e+04
1.523000000000000000e+04
1.471400000000000000e+04
1.316200000000000000e+04
9.167000000000000000e+03
3.960000000000000000e+03
1.052400000000000000e+04
1.538000000000000000e+04
1.452900000000000000e+04
1.127400000000000000e+04
1.511000000000000000e+04
6.970000000000000000e+03
3.342000000000000000e+03
1.054200000000000000e+04
1.402900000000000000e+04
1.202800000000000000e+04
1.067700000000000000e+04
9.710000000000000000e+03
1.014100000000000000e+04
-2.214000000000000000e+03
8.205000000000000000e+03
1.097200000000000000e+04
8.851000000000000000e+03
7.946000000000000000e+03
7.714000000000000000e+03
4.008000000000000000e+03
1.743000000000000000e+03
6.896000000000000000e+03
8.664000000000000000e+03
7.285000000000000000e+03
6.248000000000000000e+03
3.869000000000000000e+03
2.162000000000000000e+03
1.924000000000000000e+03
1.425000000000000000e+03
5.532000000000000000e+03
7.071000000000000000e+03
5.305000000000000000e+03
4.819000000000000000e+03
2.217000000000000000e+03
9.950000000000000000e+02
3.853000000000000000e+03
5.087000000000000000e+03
3.723000000000000000e+03
3.256000000000000000e+03
3.238000000000000000e+03
1.540000000000000000e+03
8.300000000000000000e+02
3.319000000000000000e+03
3.831000000000000000e+03
2.971000000000000000e+03
2.629000000000000000e+03
2.607000000000000000e+03
1.315000000000000000e+03
8.230000000000000000e+02
2.571000000000000000e+03
3.256000000000000000e+03
2.503000000000000000e+03
2.222000000000000000e+03
2.174000000000000000e+03
1.182000000000000000e+03
5.050000000000000000e+02
2.217000000000000000e+03
2.412000000000000000e+03
1.872000000000000000e+03
1.576000000000000000e+03
1.639000000000000000e+03
7.260000000000000000e+02
3.870000000000000000e+02
1.533000000000000000e+03
1.686000000000000000e+03
1.280000000000000000e+03
1.231000000000000000e+03
1.060000000000000000e+03
6.020000000000000000e+02
2.590000000000000000e+02
1.120000000000000000e+03
1.195000000000000000e+03
7.880000000000000000e+02
6.720000000000000000e+02
6.840000000000000000e+02
3.350000000000000000e+02
1.990000000000000000e+02
6.860000000000000000e+02
6.550000000000000000e+02
5.470000000000000000e+02
5.010000000000000000e+02
4.540000000000000000e+02
2.240000000000000000e+02
1.130000000000000000e+02
5.080000000000000000e+02
4.760000000000000000e+02
3.520000000000000000e+02
4.320000000000000000e+02
3.230000000000000000e+02
1.540000000000000000e+02
9.000000000000000000e+01
3.910000000000000000e+02
3.840000000000000000e+02
2.670000000000000000e+02
1.900000000000000000e+02
1.830000000000000000e+02
7.500000000000000000e+01
4.100000000000000000e+01
1.890000000000000000e+02
1.990000000000000000e+02
1.340000000000000000e+02
1.580000000000000000e+02
1.430000000000000000e+02
6.400000000000000000e+01
5.700000000000000000e+01
1.100000000000000000e+02
1.330000000000000000e+02
1.960000000000000000e+02
1.650000000000000000e+02
1.350000000000000000e+02
6.900000000000000000e+01
5.700000000000000000e+01
1.680000000000000000e+02
1.720000000000000000e+02
1.480000000000000000e+02
1.730000000000000000e+02
1.880000000000000000e+02
1.390000000000000000e+02
1.050000000000000000e+02
1.300000000000000000e+02
1.070000000000000000e+02
3.420000000000000000e+02
2.720000000000000000e+02
2.910000000000000000e+02
1.690000000000000000e+02
1.450000000000000000e+02
2.490000000000000000e+02
3.280000000000000000e+02
2.750000000000000000e+02
2.350000000000000000e+02
2.400000000000000000e+02
2.040000000000000000e+02
1.180000000000000000e+02
2.270000000000000000e+02
3.130000000000000000e+02
2.480000000000000000e+02
2.070000000000000000e+02
2.000000000000000000e+02
6.900000000000000000e+01
1.380000000000000000e+02
2.170000000000000000e+02
2.530000000000000000e+02
2.020000000000000000e+02
2.100000000000000000e+02
1.470000000000000000e+02
1.180000000000000000e+02
7.500000000000000000e+01
1.570000000000000000e+02
2.570000000000000000e+02
2.270000000000000000e+02
1.670000000000000000e+02
1.490000000000000000e+02
1.800000000000000000e+02
1.040000000000000000e+02
1.690000000000000000e+02
2.710000000000000000e+02
2.250000000000000000e+02
1.930000000000000000e+02
2.120000000000000000e+02
1.420000000000000000e+02
7.500000000000000000e+01
2.210000000000000000e+02
2.990000000000000000e+02
2.120000000000000000e+02
1.750000000000000000e+02
1.740000000000000000e+02
1.340000000000000000e+02
1.070000000000000000e+02
2.100000000000000000e+02
2.540000000000000000e+02
2.480000000000000000e+02
2.130000000000000000e+02
1.870000000000000000e+02
1.310000000000000000e+02
8.200000000000000000e+01
2.450000000000000000e+02
2.870000000000000000e+02
2.620000000000000000e+02
3.080000000000000000e+02
3.080000000000000000e+02
2.050000000000000000e+02
1.380000000000000000e+02
3.940000000000000000e+02
5.900000000000000000e+02
3.730000000000000000e+02
4.210000000000000000e+02
4.510000000000000000e+02
2.530000000000000000e+02
1.360000000000000000e+02
4.870000000000000000e+02
5.550000000000000000e+02
5.240000000000000000e+02
5.540000000000000000e+02
4.430000000000000000e+02
3.040000000000000000e+02
1.820000000000000000e+02
4.870000000000000000e+02
5.970000000000000000e+02
5.250000000000000000e+02
4.840000000000000000e+02
4.960000000000000000e+02
4.110000000000000000e+02
2.560000000000000000e+02
6.680000000000000000e+02
4.700000000000000000e+02
7.310000000000000000e+02
9.230000000000000000e+02
8.220000000000000000e+02
5.560000000000000000e+02
3.170000000000000000e+02
8.030000000000000000e+02
1.106000000000000000e+03
1.048000000000000000e+03
9.970000000000000000e+02
1.013000000000000000e+03
6.690000000000000000e+02
3.350000000000000000e+02
3.925000000000000000e+03
1.529000000000000000e+03
-1.096000000000000000e+03
1.535000000000000000e+03
1.785000000000000000e+03
1.169000000000000000e+03
7.910000000000000000e+02
2.530000000000000000e+03
3.269000000000000000e+03
3.293000000000000000e+03
3.638000000000000000e+03
4.244000000000000000e+03
2.768000000000000000e+03
1.829000000000000000e+03
4.265000000000000000e+03
6.307000000000000000e+03
5.842000000000000000e+03
4.385000000000000000e+03
5.735000000000000000e+03
5.081000000000000000e+03
2.752000000000000000e+03
7.637000000000000000e+03
9.936000000000000000e+03
9.480000000000000000e+03
8.447000000000000000e+03
9.241000000000000000e+03
5.766000000000000000e+03
2.997000000000000000e+03
9.282000000000000000e+03
1.457900000000000000e+04
1.353600000000000000e+04
1.041400000000000000e+04
1.423700000000000000e+04
9.199000000000000000e+03
5.670000000000000000e+03
1.155400000000000000e+04
2.258500000000000000e+04
1.418600000000000000e+04
1.341600000000000000e+04
2.303300000000000000e+04
1.444200000000000000e+04
2.277800000000000000e+04
9.610000000000000000e+02
2.498800000000000000e+04
1.804600000000000000e+04
2.779300000000000000e+04
2.041700000000000000e+04
2.210600000000000000e+04
7.180000000000000000e+02
1.694400000000000000e+04
2.204200000000000000e+04
2.120500000000000000e+04
1.868300000000000000e+04
1.774300000000000000e+04
1.100600000000000000e+04
6.346000000000000000e+03
1.559900000000000000e+04
1.954600000000000000e+04
1.622900000000000000e+04
1.429500000000000000e+04
1.244500000000000000e+04
9.108000000000000000e+03
4.113000000000000000e+03
1.193600000000000000e+04
1.673800000000000000e+04
1.165200000000000000e+04
9.525000000000000000e+03
8.993000000000000000e+03
6.002000000000000000e+03
3.741000000000000000e+03
0.000000000000000000e+00
0.000000000000000000e+00
0.000000000000000000e+00
0.000000000000000000e+00
3.765900000000000000e+04
1.093000000000000000e+03
2.017000000000000000e+03
6.887000000000000000e+03
9.135000000000000000e+03
6.171000000000000000e+03
5.778000000000000000e+03
5.007000000000000000e+03
1.096000000000000000e+03
1.930000000000000000e+03
9.383000000000000000e+03
1.022900000000000000e+04
7.422000000000000000e+03
6.679000000000000000e+03
6.696000000000000000e+03
3.975000000000000000e+03
2.771000000000000000e+03
7.381000000000000000e+03
2.393700000000000000e+04
0.000000000000000000e+00
1.171000000000000000e+04
1.320200000000000000e+04
4.557200000000000000e+04
8.509000000000000000e+03
2.119600000000000000e+04
3.054300000000000000e+04
2.976900000000000000e+04
3.516500000000000000e+04
2.972700000000000000e+04
2.062500000000000000e+04
1.645300000000000000e+04
3.358700000000000000e+04
4.212700000000000000e+04
5.486600000000000000e+04
5.594500000000000000e+04
5.537100000000000000e+04
2.145100000000000000e+04
2.783600000000000000e+04
3.466500000000000000e+04
6.710700000000000000e+04
5.078200000000000000e+04
4.430100000000000000e+04
3.387100000000000000e+04
2.806500000000000000e+04
1.060600000000000000e+04
2.967700000000000000e+04
4.313800000000000000e+04
3.583900000000000000e+04
3.153700000000000000e+04
2.623400000000000000e+04
1.278600000000000000e+04
8.298000000000000000e+03
5.156600000000000000e+04
5.028000000000000000e+03
1.990600000000000000e+04
1.844800000000000000e+04
1.642000000000000000e+04
9.575000000000000000e+03
1.779300000000000000e+04
3.174000000000000000e+03
1.692800000000000000e+04
1.326500000000000000e+04
1.192800000000000000e+04
1.088100000000000000e+04
6.566000000000000000e+03
0.000000000000000000e+00
1.354300000000000000e+04
1.400600000000000000e+04
1.288600000000000000e+04
9.664000000000000000e+03
9.889000000000000000e+03
5.403000000000000000e+03
3.041000000000000000e+03
1.240000000000000000e+04
1.250200000000000000e+04
1.075400000000000000e+04
9.811000000000000000e+03
8.391000000000000000e+03
8.857000000000000000e+03
1.186000000000000000e+03
1.293000000000000000e+04
1.269200000000000000e+04
1.023700000000000000e+04
9.672000000000000000e+03
1.038000000000000000e+04
5.570000000000000000e+03
2.654000000000000000e+03
1.252200000000000000e+04
1.250200000000000000e+04
1.725500000000000000e+04
8.999000000000000000e+03
0.000000000000000000e+00
7.184000000000000000e+03
9.829000000000000000e+03
1.061500000000000000e+04
9.076000000000000000e+03
7.841000000000000000e+03
7.265000000000000000e+03
3.715000000000000000e+03
2.135000000000000000e+03
6.579000000000000000e+03
7.042000000000000000e+03
7.832000000000000000e+03
6.076000000000000000e+03
5.079000000000000000e+03
3.054000000000000000e+03
3.970000000000000000e+02
6.365000000000000000e+03
5.001000000000000000e+03
7.727000000000000000e+03
-2.868000000000000000e+03
4.562000000000000000e+03
1.916000000000000000e+03
9.770000000000000000e+02
1.006000000000000000e+03
3.739000000000000000e+03
4.146000000000000000e+03
2.798000000000000000e+03
2.528000000000000000e+03
1.325000000000000000e+03
7.690000000000000000e+02
2.262000000000000000e+03
2.152000000000000000e+03
2.470000000000000000e+03
1.872000000000000000e+03
1.748000000000000000e+03
2.420000000000000000e+02
1.133000000000000000e+03
1.774000000000000000e+03
1.374000000000000000e+03
1.546000000000000000e+03
1.413000000000000000e+03
9.940000000000000000e+02
4.220000000000000000e+02
1.790000000000000000e+02
1.200000000000000000e+01
1.807000000000000000e+03
1.470000000000000000e+02
1.243000000000000000e+03
5.910000000000000000e+02
1.440000000000000000e+02
1.950000000000000000e+02
5.320000000000000000e+02
6.020000000000000000e+02
4.630000000000000000e+02
4.290000000000000000e+02
3.970000000000000000e+02
8.500000000000000000e+01
-8.170000000000000000e+02
1.389000000000000000e+03
2.690000000000000000e+02
4.030000000000000000e+02
3.100000000000000000e+02
3.060000000000000000e+02
5.100000000000000000e+01
9.800000000000000000e+01
3.230000000000000000e+02
3.560000000000000000e+02
3.000000000000000000e+02
2.330000000000000000e+02
2.890000000000000000e+02
1.080000000000000000e+02
1.020000000000000000e+02
4.100000000000000000e+02
4.050000000000000000e+02
0.000000000000000000e+00
4.290000000000000000e+02
7.510000000000000000e+02
2.270000000000000000e+02
8.700000000000000000e+01
4.710000000000000000e+02
5.500000000000000000e+02
5.430000000000000000e+02
4.830000000000000000e+02
5.250000000000000000e+02
1.230000000000000000e+02
2.190000000000000000e+02
6.300000000000000000e+02
7.440000000000000000e+02
8.370000000000000000e+02
9.220000000000000000e+02
9.590000000000000000e+02
2.390000000000000000e+02
3.050000000000000000e+02
1.295000000000000000e+03
1.540000000000000000e+03
1.496000000000000000e+03
1.334000000000000000e+03
1.596000000000000000e+03
7.130000000000000000e+02
2.720000000000000000e+02
1.331000000000000000e+03
9.150000000000000000e+02
3.470000000000000000e+02
1.554000000000000000e+03
2.382000000000000000e+03
5.760000000000000000e+02
7.240000000000000000e+02
2.227000000000000000e+03
6.730000000000000000e+02
4.620000000000000000e+03
2.364000000000000000e+03
2.944000000000000000e+03
1.355000000000000000e+03
2.620000000000000000e+02
3.155000000000000000e+03
4.215000000000000000e+03
3.856000000000000000e+03
3.726000000000000000e+03
3.825000000000000000e+03
0.000000000000000000e+00
1.937000000000000000e+03
7.630000000000000000e+02
8.522000000000000000e+03
4.170000000000000000e+03
3.629000000000000000e+03
8.890000000000000000e+02
4.469000000000000000e+03
5.540000000000000000e+02
3.538000000000000000e+03
3.092000000000000000e+03
3.961000000000000000e+03
3.305000000000000000e+03
4.222000000000000000e+03
9.680000000000000000e+02
1.031000000000000000e+03
3.049000000000000000e+03
0.000000000000000000e+00
4.537000000000000000e+03
5.008000000000000000e+03
2.925000000000000000e+03
1.451000000000000000e+03
2.820000000000000000e+02
3.104000000000000000e+03
3.974000000000000000e+03
3.567000000000000000e+03
2.829000000000000000e+03
2.879000000000000000e+03
1.324000000000000000e+03
3.820000000000000000e+02
2.625000000000000000e+03
2.220000000000000000e+03
2.932000000000000000e+03
1.713000000000000000e+03
4.124000000000000000e+03
1.190000000000000000e+03
3.840000000000000000e+02
2.725000000000000000e+03
2.262000000000000000e+03
3.141000000000000000e+03
3.512000000000000000e+03
2.503000000000000000e+03
1.200000000000000000e+03
3.370000000000000000e+02
2.816000000000000000e+03
2.458000000000000000e+03
4.629000000000000000e+03
3.155000000000000000e+03
3.178000000000000000e+03
1.575000000000000000e+03
2.120000000000000000e+02
3.567000000000000000e+03
8.600000000000000000e+01
8.691000000000000000e+03
3.759000000000000000e+03
3.752000000000000000e+03
1.663000000000000000e+03
5.310000000000000000e+02
3.881000000000000000e+03
1.758000000000000000e+03
7.737000000000000000e+03
4.009000000000000000e+03
4.098000000000000000e+03
1.892000000000000000e+03
2.170000000000000000e+02
5.034000000000000000e+03
6.255000000000000000e+03
2.495000000000000000e+03
3.688000000000000000e+03
5.622000000000000000e+03
2.232000000000000000e+03
6.210000000000000000e+02
4.934000000000000000e+03
2.036000000000000000e+03
8.188000000000000000e+03
4.183000000000000000e+03
4.045000000000000000e+03
1.654000000000000000e+03
5.040000000000000000e+02
3.947000000000000000e+03
4.551000000000000000e+03
2.222000000000000000e+03
3.451000000000000000e+03
2.893000000000000000e+03
2.013000000000000000e+03
3.490000000000000000e+02
2.487000000000000000e+03
3.423000000000000000e+03
2.809000000000000000e+03
9.460000000000000000e+02
3.695000000000000000e+03
7.830000000000000000e+02
9.900000000000000000e+01
1.961000000000000000e+03
5.000000000000000000e+01
1.212500000000000000e+04
-6.885000000000000000e+03
5.820000000000000000e+02
5.800000000000000000e+01
1.870000000000000000e+02
1.240000000000000000e+02
2.030000000000000000e+03
1.593000000000000000e+03
8.040000000000000000e+02
1.041000000000000000e+03
1.196000000000000000e+03
1.960000000000000000e+02
1.070000000000000000e+02
1.376000000000000000e+03
1.014000000000000000e+03
6.250000000000000000e+02
8.260000000000000000e+02
9.680000000000000000e+02
1.580000000000000000e+02
8.900000000000000000e+01
1.218000000000000000e+03
8.900000000000000000e+02
5.580000000000000000e+02
3.540000000000000000e+02
7.030000000000000000e+02
1.690000000000000000e+02
1.030000000000000000e+02
1.291000000000000000e+03
6.290000000000000000e+02
8.340000000000000000e+02
7.810000000000000000e+02
9.620000000000000000e+02
1.510000000000000000e+02
9.500000000000000000e+01
2.323800000000000000e+04
1.116000000000000000e+03
9.980000000000000000e+02
9.090000000000000000e+02
9.220000000000000000e+02
1.920000000000000000e+02
1.270000000000000000e+02
1.537000000000000000e+03
1.261000000000000000e+03
1.081000000000000000e+03
9.880000000000000000e+02
9.880000000000000000e+02
1.780000000000000000e+02
1.100000000000000000e+02
1.500000000000000000e+03
1.196000000000000000e+03
