-5.538783944720365726e-02
-8.292977347811354705e-02
-7.832728887918133376e-02
-1.190475932064767040e-01
-1.399051542747483945e-01
-1.472173677326907293e-01
-1.799817197606038977e-01
-1.076374983951031289e-01
-1.320556162670132871e-01
-1.228919628547879006e-01
-1.576655760282525964e-01
-1.712780338101278221e-01
-1.701673306658604834e-01
-1.934823911625450643e-01
-1.108413422512742469e-01
-1.243171954164759563e-01
-1.037864635119031542e-01
-1.270021241408743062e-01
-1.291074646293704498e-01
-1.167842154382035119e-01
-1.294212719619570184e-01
-3.686727370449887492e-02
-4.141083649576204895e-02
-1.312409985586662081e-02
-2.993112789224543907e-02
-2.711781126736789380e-02
-1.147677263014707655e-02
-2.247365165235243323e-02
7.000190636273044553e-02
6.365673016139376805e-02
8.845039908651894378e-02
6.652579197055201454e-02
6.269729727977929601e-02
7.030323992416412371e-02
5.003622598166536373e-02
1.321881760507169767e-01
1.146663283215877682e-01
1.276446606164327036e-01
9.348933561206361487e-02
7.724169138819825253e-02
7.246546681663272593e-02
4.007209438886416564e-02
1.105609563008821683e-01
8.203100047976856490e-02
8.482826890891285998e-02
4.146803052237321707e-02
1.711511168605955868e-02
5.429165853662029639e-03
-3.261125279298394269e-02
3.353109593760891793e-02
1.964023391029648402e-03
3.014421319385951481e-03
-4.084795909847563355e-02
-6.452792886694437569e-02
-7.445681993868280557e-02
-1.097652066530737242e-01
-4.003958193132528542e-02
-6.730670616774071802e-02
-6.138121402032620244e-02
-9.993794301687713988e-02
