3.895146100111953835e+00
-9.817745268275919202e-01
-6.788063906900279054e-01
-2.252352307612868199e-01
7.870268847142450896e-01
5.572945403438518408e-01
6.588740113443376512e-01
6.117305610357227863e+00
1.309293809706780998e+00
1.612107688115875792e+00
1.992752384357522555e+00
2.857659301393444373e+00
2.406670904165054914e+00
2.215878470854359961e+00
7.315874321144241854e+00
2.090626971081626095e+00
1.926761550558606206e+00
1.802547796679005554e+00
2.137346831728947461e+00
1.145297803833249750e+00
4.178096415615152326e-01
5.001427829461160712e+00
-7.037056768099991810e-01
-1.295006353536816812e+00
-1.778901053194562820e+00
-1.721818865883210092e+00
-2.896925775994522390e+00
-3.702026021586824811e+00
9.179510587000586641e-01
-4.630892735329420695e+00
-4.942822798290507080e+00
-5.024102974402382848e+00
-4.444090404647837111e+00
-4.981996497111118138e+00
-5.044734588298050326e+00
4.107271604792475106e-01
-4.224265690688222996e+00
-3.561165538984428114e+00
-2.625499038694234066e+00
-1.007546636729978573e+00
-5.086375308037025533e-01
4.415082520552577883e-01
6.862959789694658141e+00
3.124490686418099905e+00
4.593014574287042073e+00
6.222842378953143516e+00
8.405509005430221947e+00
9.323944080029265891e+00
1.053554278215901263e+01
1.705069486811884261e+01
1.323197587155453370e+01
1.444377738427370872e+01
1.564167243098511229e+01
1.722226010255742779e+01
1.737726287924744639e+01
1.767643380429207411e+01
2.314583505195177437e+01
1.816669755374529416e+01
1.812464636465254131e+01
1.799859746625889301e+01
