-2.322174510895170796e-01
-7.802110372554355022e-01
-7.782057788563624401e-01
-7.562010756674283352e-01
-7.541963190914404702e-01
4.355958213005192148e-01
-2.582174403940221019e+00
-2.361960903563006253e-01
-7.841896765245520706e-01
-7.821844181290551479e-01
-7.601797149387874430e-01
-7.581749583677186433e-01
4.316171820271935688e-01
-2.586153043210281943e+00
-2.401747296230845041e-01
-7.881683157937229289e-01
-7.861630574017477446e-01
-7.641583542071839208e-01
-7.621535976337696638e-01
4.276385427563702546e-01
-2.590131682481553455e+00
-2.441533688984371953e-01
-7.921469550628392753e-01
-7.901416966674582598e-01
-7.681369934755801765e-01
-7.661322368998204624e-01
4.236599034906722849e-01
-2.594110321752219672e+00
-2.481320081688141999e-01
-7.961255943378249267e-01
-7.941203359471332712e-01
-7.721156327536520259e-01
-7.701108761760988575e-01
4.196812642198487486e-01
-2.598088961022885446e+00
-2.521106474391910934e-01
-8.001042336128104671e-01
-7.980989752093141654e-01
-7.760942720220483926e-01
-7.740895154421498781e-01
4.157026249465231027e-01
-2.602067600293551664e+00
-2.560892867109508808e-01
-8.040828728760579525e-01
-8.020776144820069842e-01
-7.800729112904446483e-01
-7.780681547133143638e-01
4.117239856782013430e-01
-2.606046239562942457e+00
-2.600679259849207892e-01
-8.080615121510437149e-01
-8.060562537546998030e-01
-7.840515505588412370e-01
-7.820467939870228147e-01
4.077453464048758081e-01
-2.610024878833608675e+00
-2.640465652517044459e-01
-8.120401514201603943e-01
-8.100348930273923997e-01
-7.880301898339503452e-01
