3.697444224681965716e+04
3.691066250520574977e+04
3.684382705019084824e+04
3.678893940008967911e+04
3.674395459018417750e+04
3.672879115671561158e+04
3.687196648939103761e+04
3.681742445930028771e+04
3.677379458940814948e+04
3.674068340636861103e+04
3.673239407706233033e+04
3.674574756444937520e+04
3.679911625410066335e+04
3.701909401814678858e+04
3.704737095100048464e+04
3.709005099504222017e+04
3.714401169234541885e+04
3.722070044263572345e+04
3.731403850140018039e+04
3.743954144303318026e+04
3.772107766255919705e+04
3.779783065515240014e+04
3.787370076342205721e+04
3.794374313813722983e+04
3.801803391107115749e+04
3.808963361041677854e+04
3.817375458354085276e+04
3.839455234337675211e+04
3.839210527535457368e+04
3.837181749030618084e+04
3.833084109488620015e+04
3.828190985540234396e+04
3.822125372302337200e+04
3.816770187912475376e+04
3.824939555117901909e+04
3.811067678148706909e+04
3.796139005042393546e+04
3.780319546151135728e+04
3.765328815887058590e+04
3.751219632994048152e+04
3.740276845272663195e+04
3.745677407525952731e+04
3.732168730282860633e+04
3.720989276327598054e+04
3.712491542346710048e+04
3.708507131676822610e+04
3.709121358016412705e+04
3.716568610388356319e+04
3.743891027430995018e+04
3.755617469141852780e+04
3.772686782511841011e+04
3.795075465528046334e+04
3.824169350755521737e+04
3.859546613325839280e+04
3.902883151356012240e+04
3.966622661680683814e+04
4.014668136369713466e+04
4.067318482854165632e+04
4.123910054916902300e+04
4.185202382953355118e+04
