2.148137073360885552e+01
2.923761021845653829e+01
4.798515429288408995e+01
5.588953556596643324e+01
1.042287664613725866e+02
2.706181350638383378e+02
6.733219246950761772e+01
7.171063846174909884e+01
7.714777322842637375e+01
9.227542567793622652e+01
9.534964696356502145e+01
1.377768108047209239e+02
2.973347878185571176e+02
8.649022003845786344e+01
8.279874102480017939e+01
7.988797839255528288e+01
8.663344388402273921e+01
8.153781374668236026e+01
1.162494682502804864e+02
2.687761908993147699e+02
5.179528582153285754e+01
4.304718275828567187e+01
3.631257527158169296e+01
4.058338428117535557e+01
3.443820894516623810e+01
6.955826013762411719e+01
2.239397665420369492e+02
1.020416132142314325e+01
5.993126494977389029e+00
4.948506036814677600e+00
1.588730367330795445e+01
1.718231178484509769e+01
6.028421486809451579e+01
2.229409740077427386e+02
1.751559041503521996e+01
2.138909520612915571e+01
2.794853334274101542e+01
4.576990891865338540e+01
5.300639127941541062e+01
1.009173880432765316e+02
2.670940709886375544e+02
6.378225619643918520e+01
6.828931903863370678e+01
7.397478076924983270e+01
8.943444251347364116e+01
9.288831764222652509e+01
1.357079648489124963e+02
2.956388493768994863e+02
8.511871961959738542e+01
8.167880758341715364e+01
7.892765642407286464e+01
8.572765100868240040e+01
8.057473057499271363e+01
1.151171350113162504e+02
2.673690750922170309e+02
5.002058251467173022e+01
4.083061438652498509e+01
3.360347088236626689e+01
3.735883893014874957e+01
3.070615185815429982e+01
