-1.986045212989266417e+02
-5.568843053828231859e+02
-2.037520127734953235e+02
-2.043866823816314877e+02
-2.049321669981234777e+02
-2.028648118322348353e+02
-2.093810052963475812e+02
-2.086924943272236135e+02
-5.669722784106932068e+02
-2.138399858012609798e+02
-2.144746554094087685e+02
-2.150201400255079420e+02
-2.129527848591450834e+02
-2.194689783237844551e+02
-2.187804673552072927e+02
-5.770602514385612949e+02
-2.239279588286946421e+02
-2.245626284371386987e+02
-2.251081130528925200e+02
-2.230407578875003480e+02
-2.295569513517958455e+02
-2.288684403821843603e+02
-5.871482244664418886e+02
-2.340159318567920081e+02
-2.346506014654558498e+02
-2.351960860813244381e+02
-2.331287309155454182e+02
-2.396449243798073496e+02
-2.389564134101678121e+02
-5.972361974943019050e+02
-2.441039048842258694e+02
-2.447385744931857516e+02
-2.452840591087087887e+02
-2.432167039439007965e+02
-2.497328974078189958e+02
-2.490443864384647270e+02
-6.073241705221821576e+02
-2.541918779129945847e+02
-2.548265475209155682e+02
-2.553720321368203372e+02
-2.533046769708111015e+02
-2.598208704352558698e+02
-2.591323594651284452e+02
-6.174121435500626376e+02
-2.642798509407599568e+02
-2.649145205486454415e+02
-2.654600051649318857e+02
-2.633926499991665082e+02
-2.699088434637949376e+02
-2.692203324934254169e+02
-6.275001165779329995e+02
-2.743678239685254994e+02
-2.750024935770100569e+02
-2.755479781926368901e+02
-2.734806230275218581e+02
-2.799968164912318116e+02
-2.793083055214088972e+02
-6.375880896058033613e+02
-2.844557969959593038e+02
-2.850904666041523114e+02
