1.296348193337884647e+00
1.302940951275049164e+00
1.213693221710658632e+00
1.039073849793207938e+00
9.687798584424497372e-01
9.000875023364967031e-01
1.043249916769416252e+00
8.243460069267343204e-01
8.408581813352197232e-01
7.682935632117978697e-01
6.167979541665022936e-01
5.756314925811422123e-01
5.415283449421657291e-01
7.241049801472545511e-01
5.487214463216448790e-01
6.120729936639865976e-01
5.888263882637071456e-01
4.882498803818733357e-01
4.987054430009457140e-01
5.160252838528689434e-01
7.489368443465929115e-01
6.219403738285332883e-01
7.309161038869460558e-01
7.497750676177903362e-01
6.871022520891338914e-01
7.306604547463474431e-01
7.757766367998581991e-01
1.030774815645304265e+00
9.198594552666408131e-01
1.038726293822214375e+00
1.061214613031505438e+00
9.959496426723073448e-01
1.030843520707602323e+00
1.061476694854037506e+00
1.296523940882903014e+00
1.160629126994354721e+00
1.250005866866284787e+00
1.239078297741233348e+00
1.137110931687478121e+00
1.132696272800816306e+00
1.122122369907285977e+00
1.314784769223779071e+00
1.136047284749250874e+00
1.182829010733010833e+00
1.130232081826287427e+00
9.881593803836694612e-01
9.457911121332835958e-01
8.999426209369271179e-01
1.060468077210919846e+00
8.531145937939859092e-01
8.751042932430088683e-01
8.017588939384909796e-01
6.431160377559980157e-01
5.884062654853846608e-01
5.344129583645220727e-01
6.908797924111063082e-01
4.833701384113165411e-01
5.088557807693629975e-01
4.423493457538911766e-01
2.935294632372233981e-01
