9.061913742270569855e+03
9.082822505201847889e+03
9.098328209567818703e+03
9.112133894994336515e+03
9.127305663455246759e+03
9.147298218680331047e+03
9.165890703294398918e+03
9.186798263860770021e+03
9.209355681436993109e+03
9.226017387216905263e+03
9.240487490907975371e+03
9.255837809062250017e+03
9.275533126831938716e+03
9.293366728878541835e+03
9.313071640288802882e+03
9.334003924722497686e+03
9.348642367590302456e+03
9.360718178479892231e+03
9.373332704783428198e+03
9.389982392804451592e+03
9.404494032944432547e+03
9.420635728843994002e+03
9.437799935041253775e+03
9.448502886843754823e+03
9.456514051404928978e+03
9.464973585971834837e+03
9.477417033245967104e+03
9.487710284204302297e+03
9.499660242524740170e+03
9.512697530399611423e+03
9.519375556008330022e+03
9.523499569921161310e+03
9.528243696686909971e+03
9.537175174051224531e+03
9.544188835015631412e+03
9.553117274137912318e+03
9.563413047448590078e+03
9.567647238017789277e+03
9.569638028119319642e+03
9.572567279473887538e+03
9.580004370363087219e+03
9.585840341769126098e+03
9.593897810914615548e+03
9.603613017968296845e+03
9.607534353125392954e+03
9.609451018336056222e+03
9.612509836032053499e+03
9.620239461485891297e+03
9.626485055274508341e+03
9.635018874595911257e+03
9.645223145321240736e+03
9.649589553654390329e+03
9.651848998814173683e+03
9.655089601779043733e+03
9.662782205177865762e+03
9.668716395359317175e+03
9.676612476547934421e+03
9.685805727344815750e+03
9.688747244764952484e+03
9.689134982317667891e+03
