2.000000000000000000e+00
2.000000000000000000e+00
2.000000000000000000e+00
2.000000000000000000e+00
4.000000000000000000e+00
4.000000000000000000e+00
7.000000000000000000e+00
7.000000000000000000e+00
1.100000000000000000e+01
1.500000000000000000e+01
2.000000000000000000e+01
2.000000000000000000e+01
2.000000000000000000e+01
2.200000000000000000e+01
2.300000000000000000e+01
2.300000000000000000e+01
2.300000000000000000e+01
2.400000000000000000e+01
2.400000000000000000e+01
2.600000000000000000e+01
2.700000000000000000e+01
2.800000000000000000e+01
3.300000000000000000e+01
4.300000000000000000e+01
5.400000000000000000e+01
6.000000000000000000e+01
6.700000000000000000e+01
7.900000000000000000e+01
8.500000000000000000e+01
9.500000000000000000e+01
1.120000000000000000e+02
1.370000000000000000e+02
1.490000000000000000e+02
1.600000000000000000e+02
1.730000000000000000e+02
1.920000000000000000e+02
2.180000000000000000e+02
2.360000000000000000e+02
2.450000000000000000e+02
2.590000000000000000e+02
2.780000000000000000e+02
2.980000000000000000e+02
3.330000000000000000e+02
3.650000000000000000e+02
4.200000000000000000e+02
4.660000000000000000e+02
4.990000000000000000e+02
5.270000000000000000e+02
5.850000000000000000e+02
6.400000000000000000e+02
6.960000000000000000e+02
7.330000000000000000e+02
7.950000000000000000e+02
8.260000000000000000e+02
8.430000000000000000e+02
8.930000000000000000e+02
9.280000000000000000e+02
9.680000000000000000e+02
1.022000000000000000e+03
1.059000000000000000e+03
1.104000000000000000e+03
1.144000000000000000e+03
1.217000000000000000e+03
1.314000000000000000e+03
1.416000000000000000e+03
1.530000000000000000e+03
1.728000000000000000e+03
1.907000000000000000e+03
2.001000000000000000e+03
2.255000000000000000e+03
2.535000000000000000e+03
2.818000000000000000e+03
3.154000000000000000e+03
3.525000000000000000e+03
3.876000000000000000e+03
4.110000000000000000e+03
4.485000000000000000e+03
5.020000000000000000e+03
5.614000000000000000e+03
6.250000000000000000e+03
6.951000000000000000e+03
7.473000000000000000e+03
7.773000000000000000e+03
8.277000000000000000e+03
8.835000000000000000e+03
9.398000000000000000e+03
9.958000000000000000e+03
1.054800000000000000e+04
1.091400000000000000e+04
1.125800000000000000e+04
1.164100000000000000e+04
1.203700000000000000e+04
1.246900000000000000e+04
1.285400000000000000e+04
1.318600000000000000e+04
1.340500000000000000e+04
1.357600000000000000e+04
1.386000000000000000e+04
1.407600000000000000e+04
1.428400000000000000e+04
1.455800000000000000e+04
1.486100000000000000e+04
1.506100000000000000e+04
1.522900000000000000e+04
1.535400000000000000e+04
1.545500000000000000e+04
1.555300000000000000e+04
1.564000000000000000e+04
1.575500000000000000e+04
1.582400000000000000e+04
1.586100000000000000e+04
1.594800000000000000e+04
1.599800000000000000e+04
1.609600000000000000e+04
1.614800000000000000e+04
1.620200000000000000e+04
1.622600000000000000e+04
1.625900000000000000e+04
1.628700000000000000e+04
1.632100000000000000e+04
1.636200000000000000e+04
1.638500000000000000e+04
1.641000000000000000e+04
1.645100000000000000e+04
1.647200000000000000e+04
1.650200000000000000e+04
1.652800000000000000e+04
1.658800000000000000e+04
1.666100000000000000e+04
1.670600000000000000e+04
1.674100000000000000e+04
1.677800000000000000e+04
1.682900000000000000e+04
1.685800000000000000e+04
1.690200000000000000e+04
1.694900000000000000e+04
1.699500000000000000e+04
1.703300000000000000e+04
1.705400000000000000e+04
1.709900000000000000e+04
1.713500000000000000e+04
1.717900000000000000e+04
1.724000000000000000e+04
1.728500000000000000e+04
1.736000000000000000e+04
1.743200000000000000e+04
1.747400000000000000e+04
1.752000000000000000e+04
1.758900000000000000e+04
1.765000000000000000e+04
1.771400000000000000e+04
1.776900000000000000e+04
1.781200000000000000e+04
1.786900000000000000e+04
1.796500000000000000e+04
1.804700000000000000e+04
1.815200000000000000e+04
1.824400000000000000e+04
1.835700000000000000e+04
1.846700000000000000e+04
1.860500000000000000e+04
1.873200000000000000e+04
1.892600000000000000e+04
1.917600000000000000e+04
1.945000000000000000e+04
1.965800000000000000e+04
1.983400000000000000e+04
2.004200000000000000e+04
2.024900000000000000e+04
2.060400000000000000e+04
2.103400000000000000e+04
2.142000000000000000e+04
2.182700000000000000e+04
2.208600000000000000e+04
2.241900000000000000e+04
2.286900000000000000e+04
2.349300000000000000e+04
2.409000000000000000e+04
2.475100000000000000e+04
2.526200000000000000e+04
2.568000000000000000e+04
2.631200000000000000e+04
2.710700000000000000e+04
2.808800000000000000e+04
2.886700000000000000e+04
2.966800000000000000e+04
3.050700000000000000e+04
3.110700000000000000e+04
3.209200000000000000e+04
3.336200000000000000e+04
3.467000000000000000e+04
3.625600000000000000e+04
3.779000000000000000e+04
3.912100000000000000e+04
4.008600000000000000e+04
4.133200000000000000e+04
4.268700000000000000e+04
4.417200000000000000e+04
4.577700000000000000e+04
4.734800000000000000e+04
4.878900000000000000e+04
4.962700000000000000e+04
5.032400000000000000e+04
5.130300000000000000e+04
5.247500000000000000e+04
5.383100000000000000e+04
5.506200000000000000e+04
5.607900000000000000e+04
5.672600000000000000e+04
5.764200000000000000e+04
5.871200000000000000e+04
5.989000000000000000e+04
6.092700000000000000e+04
6.191100000000000000e+04
6.265500000000000000e+04
6.314800000000000000e+04
6.386300000000000000e+04
6.476600000000000000e+04
6.562900000000000000e+04
6.650500000000000000e+04
6.734900000000000000e+04
6.794900000000000000e+04
6.838500000000000000e+04
6.901800000000000000e+04
6.961000000000000000e+04
7.026700000000000000e+04
7.085400000000000000e+04
7.145200000000000000e+04
7.190300000000000000e+04
7.219400000000000000e+04
7.270300000000000000e+04
7.321100000000000000e+04
7.392300000000000000e+04
7.456500000000000000e+04
7.521100000000000000e+04
7.565000000000000000e+04
7.591600000000000000e+04
7.644700000000000000e+04
7.699800000000000000e+04
7.748700000000000000e+04
7.805900000000000000e+04
7.865500000000000000e+04
7.913500000000000000e+04
7.944500000000000000e+04
7.977600000000000000e+04
7.999500000000000000e+04
8.047700000000000000e+04
8.105000000000000000e+04
8.168900000000000000e+04
8.217400000000000000e+04
8.247600000000000000e+04
8.300300000000000000e+04
8.357900000000000000e+04
8.421200000000000000e+04
8.475400000000000000e+04
8.532800000000000000e+04
8.572800000000000000e+04
8.600700000000000000e+04
8.650700000000000000e+04
8.701300000000000000e+04
8.764000000000000000e+04
8.824300000000000000e+04
8.892100000000000000e+04
8.935700000000000000e+04
8.963500000000000000e+04
9.013300000000000000e+04
9.068500000000000000e+04
9.139300000000000000e+04
9.203200000000000000e+04
9.265500000000000000e+04
9.308500000000000000e+04
9.340100000000000000e+04
9.388200000000000000e+04
9.449700000000000000e+04
9.511300000000000000e+04
9.585800000000000000e+04
9.658400000000000000e+04
9.707700000000000000e+04
9.748700000000000000e+04
9.813300000000000000e+04
9.886400000000000000e+04
9.967200000000000000e+04
1.004460000000000000e+05
1.013230000000000000e+05
1.019360000000000000e+05
1.024230000000000000e+05
1.032880000000000000e+05
1.039120000000000000e+05
1.049600000000000000e+05
1.061030000000000000e+05
1.074360000000000000e+05
1.083860000000000000e+05
1.091660000000000000e+05
1.104490000000000000e+05
1.119930000000000000e+05
1.136520000000000000e+05
1.153560000000000000e+05
1.170910000000000000e+05
1.185300000000000000e+05
1.194800000000000000e+05
1.211800000000000000e+05
1.233740000000000000e+05
1.257590000000000000e+05
1.281800000000000000e+05
1.307720000000000000e+05
1.329310000000000000e+05
1.344490000000000000e+05
1.356780000000000000e+05
1.376200000000000000e+05
1.401200000000000000e+05
1.426510000000000000e+05
1.453260000000000000e+05
1.473880000000000000e+05
1.488240000000000000e+05
1.508570000000000000e+05
1.532890000000000000e+05
1.558060000000000000e+05
1.582580000000000000e+05
1.607660000000000000e+05
1.628040000000000000e+05
1.643350000000000000e+05
1.665110000000000000e+05
1.693210000000000000e+05
1.722900000000000000e+05
1.750850000000000000e+05
1.781220000000000000e+05
1.805050000000000000e+05
1.821860000000000000e+05
1.846120000000000000e+05
1.876080000000000000e+05
1.908170000000000000e+05
1.936540000000000000e+05
1.966430000000000000e+05
1.991340000000000000e+05
2.009450000000000000e+05
2.036390000000000000e+05
2.069150000000000000e+05
2.106610000000000000e+05
2.144930000000000000e+05
2.183780000000000000e+05
2.213220000000000000e+05
2.237190000000000000e+05
2.273460000000000000e+05
2.312170000000000000e+05
2.357490000000000000e+05
2.390050000000000000e+05
2.420760000000000000e+05
2.452420000000000000e+05
2.485850000000000000e+05
2.535340000000000000e+05
2.595830000000000000e+05
2.672250000000000000e+05
2.751820000000000000e+05
2.830360000000000000e+05
2.891440000000000000e+05
2.940500000000000000e+05
2.986470000000000000e+05
3.045640000000000000e+05
3.112200000000000000e+05
3.183930000000000000e+05
3.254350000000000000e+05
3.311950000000000000e+05
3.361320000000000000e+05
3.414670000000000000e+05
3.470290000000000000e+05
3.526930000000000000e+05
3.577500000000000000e+05
3.624760000000000000e+05
3.664660000000000000e+05
3.692290000000000000e+05
3.730820000000000000e+05
3.770560000000000000e+05
3.811870000000000000e+05
3.847250000000000000e+05
3.880670000000000000e+05
3.907400000000000000e+05
3.925330000000000000e+05
3.948570000000000000e+05
3.974910000000000000e+05
4.000690000000000000e+05
4.024390000000000000e+05
4.047160000000000000e+05
4.063460000000000000e+05
4.075630000000000000e+05
4.091310000000000000e+05
4.110170000000000000e+05
4.127070000000000000e+05
4.140070000000000000e+05
4.153670000000000000e+05
4.167290000000000000e+05
4.176940000000000000e+05
4.190020000000000000e+05
4.204500000000000000e+05
4.219860000000000000e+05
4.232870000000000000e+05
4.245200000000000000e+05
4.255520000000000000e+05
4.262920000000000000e+05
4.273730000000000000e+05
4.282940000000000000e+05
4.293700000000000000e+05
4.304240000000000000e+05
4.316370000000000000e+05
4.326360000000000000e+05
4.333340000000000000e+05
4.342220000000000000e+05
4.354650000000000000e+05
4.366340000000000000e+05
4.377820000000000000e+05
4.388250000000000000e+05
4.398960000000000000e+05
4.404960000000000000e+05
4.416230000000000000e+05
4.429360000000000000e+05
4.442530000000000000e+05
4.455240000000000000e+05
4.468430000000000000e+05
4.478300000000000000e+05
4.485250000000000000e+05
4.496580000000000000e+05
4.511910000000000000e+05
4.526880000000000000e+05
4.541510000000000000e+05
4.556670000000000000e+05
4.567850000000000000e+05
4.576010000000000000e+05
4.591010000000000000e+05
4.610180000000000000e+05
4.629330000000000000e+05
4.649580000000000000e+05
4.670290000000000000e+05
4.688110000000000000e+05
4.701560000000000000e+05
4.722430000000000000e+05
4.750860000000000000e+05
4.776910000000000000e+05
4.804450000000000000e+05
4.832170000000000000e+05
4.856840000000000000e+05
4.872550000000000000e+05
4.899210000000000000e+05
4.933690000000000000e+05
4.968650000000000000e+05
5.003530000000000000e+05
5.041180000000000000e+05
5.069540000000000000e+05
5.090580000000000000e+05
5.125100000000000000e+05
5.168170000000000000e+05
5.213860000000000000e+05
5.259100000000000000e+05
5.307030000000000000e+05
5.347870000000000000e+05
5.376900000000000000e+05
5.420400000000000000e+05
5.473260000000000000e+05
5.528180000000000000e+05
5.579220000000000000e+05
5.635170000000000000e+05
5.681160000000000000e+05
5.714300000000000000e+05
5.763910000000000000e+05
5.821740000000000000e+05
5.880870000000000000e+05
5.927710000000000000e+05
5.987540000000000000e+05
6.046440000000000000e+05
6.091080000000000000e+05
6.132980000000000000e+05
6.173580000000000000e+05
6.217280000000000000e+05
6.277780000000000000e+05
6.350160000000000000e+05
6.415000000000000000e+05
6.464400000000000000e+05
6.526750000000000000e+05
6.597260000000000000e+05
6.666000000000000000e+05
6.728620000000000000e+05
6.792790000000000000e+05
6.845350000000000000e+05
6.882120000000000000e+05
6.934360000000000000e+05
6.992270000000000000e+05
7.049390000000000000e+05
7.101840000000000000e+05
7.152190000000000000e+05
7.192580000000000000e+05
7.219690000000000000e+05
7.258610000000000000e+05
7.303940000000000000e+05
7.345260000000000000e+05
7.382290000000000000e+05
7.418220000000000000e+05
7.446960000000000000e+05
7.464870000000000000e+05
7.491260000000000000e+05
7.521600000000000000e+05
7.549910000000000000e+05
7.575830000000000000e+05
7.602330000000000000e+05
7.622530000000000000e+05
7.635330000000000000e+05
7.654140000000000000e+05
7.676520000000000000e+05
7.696940000000000000e+05
7.716280000000000000e+05
7.735690000000000000e+05
7.749510000000000000e+05
7.758840000000000000e+05
7.773010000000000000e+05
7.790080000000000000e+05
7.805580000000000000e+05
7.821780000000000000e+05
7.836960000000000000e+05
7.850020000000000000e+05
7.858700000000000000e+05
7.873050000000000000e+05
7.890850000000000000e+05
7.907590000000000000e+05
7.924690000000000000e+05
7.941000000000000000e+05
7.953820000000000000e+05
7.963830000000000000e+05
7.977630000000000000e+05
7.995830000000000000e+05
8.013370000000000000e+05
8.031120000000000000e+05
8.049900000000000000e+05
8.064750000000000000e+05
8.075040000000000000e+05
8.091720000000000000e+05
8.113610000000000000e+05
8.136070000000000000e+05
8.158830000000000000e+05
8.183410000000000000e+05
8.203710000000000000e+05
8.218760000000000000e+05
8.242600000000000000e+05
8.274520000000000000e+05
8.308700000000000000e+05
8.343030000000000000e+05
8.381890000000000000e+05
8.412900000000000000e+05
8.436180000000000000e+05
8.473770000000000000e+05
8.523260000000000000e+05
8.577250000000000000e+05
8.619590000000000000e+05
8.655530000000000000e+05
8.705920000000000000e+05
8.753010000000000000e+05
8.829710000000000000e+05
8.925990000000000000e+05
9.033510000000000000e+05
9.141820000000000000e+05
9.266040000000000000e+05
9.368520000000000000e+05
9.453300000000000000e+05
9.574310000000000000e+05
9.717430000000000000e+05
9.870600000000000000e+05
1.002867000000000000e+06
1.018688000000000000e+06
1.033214000000000000e+06
1.045392000000000000e+06
1.056125000000000000e+06
1.072153000000000000e+06
1.091187000000000000e+06
1.111683000000000000e+06
1.131986000000000000e+06
1.149874000000000000e+06
1.164881000000000000e+06
1.184986000000000000e+06
1.209082000000000000e+06
1.234423000000000000e+06
1.260415000000000000e+06
1.286077000000000000e+06
1.308422000000000000e+06
1.325346000000000000e+06
1.347015000000000000e+06
1.371426000000000000e+06
1.396464000000000000e+06
1.420783000000000000e+06
1.443642000000000000e+06
1.462979000000000000e+06
1.476653000000000000e+06
1.494372000000000000e+06
1.514400000000000000e+06
1.532616000000000000e+06
1.549337000000000000e+06
1.565351000000000000e+06
1.578258000000000000e+06
1.586482000000000000e+06
1.597089000000000000e+06
1.609477000000000000e+06
1.619873000000000000e+06
1.628732000000000000e+06
1.637534000000000000e+06
1.644747000000000000e+06
1.648920000000000000e+06
1.655199000000000000e+06
1.662008000000000000e+06
1.667699000000000000e+06
1.672812000000000000e+06
1.677512000000000000e+06
1.680908000000000000e+06
1.683129000000000000e+06
1.684899000000000000e+06
1.688142000000000000e+06
1.691743000000000000e+06
1.693838000000000000e+06
1.696508000000000000e+06
1.698644000000000000e+06
1.699792000000000000e+06
1.701514000000000000e+06
1.703497000000000000e+06
1.705072000000000000e+06
1.706516000000000000e+06
1.707759000000000000e+06
1.708726000000000000e+06
1.709325000000000000e+06
1.710304000000000000e+06
1.711429000000000000e+06
1.712401000000000000e+06
1.713228000000000000e+06
1.714002000000000000e+06
1.714555000000000000e+06
1.714924000000000000e+06
1.715531000000000000e+06
1.716262000000000000e+06
1.716879000000000000e+06
1.717396000000000000e+06
1.717896000000000000e+06
1.718324000000000000e+06
1.718554000000000000e+06
1.718925000000000000e+06
1.719313000000000000e+06
1.719656000000000000e+06
1.719980000000000000e+06
1.720263000000000000e+06
1.720495000000000000e+06
1.720646000000000000e+06
1.720956000000000000e+06
1.721266000000000000e+06
1.721539000000000000e+06
1.721831000000000000e+06
1.722115000000000000e+06
1.722343000000000000e+06
1.722427000000000000e+06
1.722648000000000000e+06
1.722912000000000000e+06
1.723070000000000000e+06
1.723295000000000000e+06
1.723525000000000000e+06
1.723682000000000000e+06
1.723782000000000000e+06
1.723976000000000000e+06
1.724172000000000000e+06
1.724379000000000000e+06
1.724573000000000000e+06
1.724767000000000000e+06
1.724893000000000000e+06
1.724967000000000000e+06
1.725111000000000000e+06
1.725310000000000000e+06
1.725458000000000000e+06
1.725611000000000000e+06
1.725715000000000000e+06
1.725850000000000000e+06
1.725894000000000000e+06
1.726001000000000000e+06
1.726074000000000000e+06
1.726186000000000000e+06
1.726299000000000000e+06
1.726419000000000000e+06
1.726479000000000000e+06
1.726555000000000000e+06
1.726636000000000000e+06
1.726751000000000000e+06
1.726864000000000000e+06
1.727005000000000000e+06
1.727125000000000000e+06
1.727229000000000000e+06
1.727283000000000000e+06
1.727382000000000000e+06
1.727504000000000000e+06
1.727658000000000000e+06
1.727794000000000000e+06
1.727925000000000000e+06
1.728023000000000000e+06
1.728090000000000000e+06
1.728218000000000000e+06
1.728377000000000000e+06
1.728540000000000000e+06
1.728701000000000000e+06
1.728880000000000000e+06
1.729030000000000000e+06
1.729139000000000000e+06
1.729357000000000000e+06
1.729577000000000000e+06
1.729824000000000000e+06
1.730084000000000000e+06
1.730347000000000000e+06
1.730572000000000000e+06
1.730735000000000000e+06
1.731048000000000000e+06
1.731446000000000000e+06
1.731878000000000000e+06
1.732296000000000000e+06
1.732752000000000000e+06
1.733229000000000000e+06
1.733901000000000000e+06
1.735050000000000000e+06
1.737540000000000000e+06
1.741837000000000000e+06
1.747907000000000000e+06
1.756209000000000000e+06
1.764280000000000000e+06
1.770545000000000000e+06
1.776780000000000000e+06
1.789824000000000000e+06
1.808501000000000000e+06
1.830381000000000000e+06
1.856002000000000000e+06
1.881481000000000000e+06
1.902304000000000000e+06
1.934391000000000000e+06
1.975761000000000000e+06
2.021758000000000000e+06
2.071471000000000000e+06
2.125882000000000000e+06
2.175719000000000000e+06
2.220382000000000000e+06
2.282871000000000000e+06
2.354358000000000000e+06
2.433094000000000000e+06
2.514804000000000000e+06
2.599599000000000000e+06
2.677602000000000000e+06
2.738460000000000000e+06
2.820053000000000000e+06
2.914824000000000000e+06
3.019169000000000000e+06
3.117346000000000000e+06
3.219621000000000000e+06
3.309439000000000000e+06
3.377378000000000000e+06
3.478462000000000000e+06
3.576261000000000000e+06
3.675865000000000000e+06
3.774164000000000000e+06
3.842551000000000000e+06
3.919931000000000000e+06
3.979984000000000000e+06
4.064142000000000000e+06
4.155027000000000000e+06
4.250142000000000000e+06
4.337780000000000000e+06
4.419254000000000000e+06
4.490748000000000000e+06
4.542657000000000000e+06
4.612104000000000000e+06
4.692406000000000000e+06
4.753558000000000000e+06
4.819151000000000000e+06
