0.000000000000000000e+00
0.000000000000000000e+00
0.000000000000000000e+00
0.000000000000000000e+00
1.000000000000000000e+00
1.000000000000000000e+00
1.000000000000000000e+00
1.000000000000000000e+00
1.000000000000000000e+00
1.000000000000000000e+00
1.000000000000000000e+00
1.000000000000000000e+00
1.000000000000000000e+00
1.000000000000000000e+00
1.000000000000000000e+00
1.000000000000000000e+00
1.000000000000000000e+00
1.000000000000000000e+00
1.000000000000000000e+00
4.000000000000000000e+00
9.000000000000000000e+00
9.000000000000000000e+00
9.000000000000000000e+00
9.000000000000000000e+00
1.200000000000000000e+01
1.200000000000000000e+01
1.200000000000000000e+01
1.300000000000000000e+01
1.800000000000000000e+01
1.800000000000000000e+01
2.200000000000000000e+01
2.200000000000000000e+01
2.200000000000000000e+01
2.200000000000000000e+01
2.200000000000000000e+01
2.200000000000000000e+01
2.200000000000000000e+01
2.200000000000000000e+01
3.200000000000000000e+01
3.200000000000000000e+01
3.200000000000000000e+01
4.300000000000000000e+01
4.300000000000000000e+01
4.300000000000000000e+01
4.600000000000000000e+01
7.600000000000000000e+01
7.600000000000000000e+01
7.600000000000000000e+01
1.010000000000000000e+02
1.180000000000000000e+02
1.180000000000000000e+02
1.180000000000000000e+02
1.180000000000000000e+02
1.180000000000000000e+02
1.440000000000000000e+02
1.440000000000000000e+02
1.440000000000000000e+02
1.500000000000000000e+02
1.910000000000000000e+02
2.320000000000000000e+02
2.350000000000000000e+02
2.350000000000000000e+02
2.850000000000000000e+02
3.100000000000000000e+02
3.590000000000000000e+02
3.720000000000000000e+02
4.040000000000000000e+02
4.240000000000000000e+02
4.240000000000000000e+02
4.240000000000000000e+02
4.720000000000000000e+02
4.720000000000000000e+02
5.140000000000000000e+02
5.140000000000000000e+02
5.140000000000000000e+02
5.750000000000000000e+02
5.920000000000000000e+02
6.220000000000000000e+02
6.320000000000000000e+02
6.850000000000000000e+02
7.620000000000000000e+02
7.620000000000000000e+02
7.840000000000000000e+02
7.990000000000000000e+02
8.530000000000000000e+02
9.010000000000000000e+02
9.350000000000000000e+02
1.069000000000000000e+03
1.159000000000000000e+03
1.159000000000000000e+03
1.239000000000000000e+03
1.356000000000000000e+03
1.494000000000000000e+03
1.530000000000000000e+03
1.656000000000000000e+03
1.809000000000000000e+03
1.899000000000000000e+03
1.899000000000000000e+03
2.368000000000000000e+03
2.460000000000000000e+03
2.975000000000000000e+03
3.205000000000000000e+03
3.981000000000000000e+03
4.156000000000000000e+03
4.496000000000000000e+03
4.496000000000000000e+03
4.918000000000000000e+03
5.146000000000000000e+03
5.906000000000000000e+03
8.127000000000000000e+03
8.293000000000000000e+03
8.531000000000000000e+03
8.920000000000000000e+03
9.868000000000000000e+03
1.033800000000000000e+04
1.033800000000000000e+04
1.115300000000000000e+04
1.156400000000000000e+04
1.156400000000000000e+04
1.156400000000000000e+04
1.267200000000000000e+04
1.300500000000000000e+04
1.324400000000000000e+04
1.341300000000000000e+04
1.361200000000000000e+04
1.381000000000000000e+04
1.397300000000000000e+04
1.409600000000000000e+04
1.421300000000000000e+04
1.426700000000000000e+04
1.434200000000000000e+04
1.446300000000000000e+04
1.458500000000000000e+04
1.470200000000000000e+04
1.478500000000000000e+04
1.492500000000000000e+04
1.492700000000000000e+04
1.499000000000000000e+04
1.504300000000000000e+04
1.514100000000000000e+04
1.521700000000000000e+04
1.523300000000000000e+04
1.536200000000000000e+04
1.545800000000000000e+04
1.551400000000000000e+04
1.556700000000000000e+04
1.565200000000000000e+04
1.575300000000000000e+04
1.575300000000000000e+04
1.584400000000000000e+04
1.594800000000000000e+04
1.594800000000000000e+04
1.595700000000000000e+04
1.609600000000000000e+04
1.610100000000000000e+04
1.614200000000000000e+04
1.622400000000000000e+04
1.629300000000000000e+04
1.632700000000000000e+04
1.638800000000000000e+04
1.645800000000000000e+04
1.656300000000000000e+04
1.661500000000000000e+04
1.672100000000000000e+04
1.683200000000000000e+04
1.687000000000000000e+04
1.700700000000000000e+04
1.705700000000000000e+04
1.705700000000000000e+04
1.741200000000000000e+04
1.749400000000000000e+04
1.749400000000000000e+04
1.784500000000000000e+04
1.805800000000000000e+04
1.812600000000000000e+04
1.812600000000000000e+04
1.864100000000000000e+04
1.894400000000000000e+04
1.921100000000000000e+04
1.921100000000000000e+04
1.960300000000000000e+04
2.000100000000000000e+04
2.048200000000000000e+04
2.087800000000000000e+04
2.117300000000000000e+04
2.146400000000000000e+04
2.160600000000000000e+04
2.197000000000000000e+04
2.263600000000000000e+04
2.335100000000000000e+04
2.402400000000000000e+04
2.477400000000000000e+04
2.534700000000000000e+04
2.574800000000000000e+04
2.647600000000000000e+04
2.718700000000000000e+04
2.802000000000000000e+04
2.885800000000000000e+04
3.024100000000000000e+04
3.124800000000000000e+04
3.286700000000000000e+04
3.345000000000000000e+04
3.413600000000000000e+04
3.496900000000000000e+04
3.619100000000000000e+04
3.549800000000000000e+04
3.943900000000000000e+04
4.056000000000000000e+04
4.159100000000000000e+04
4.296500000000000000e+04
4.378600000000000000e+04
4.511000000000000000e+04
4.626400000000000000e+04
4.741800000000000000e+04
4.831900000000000000e+04
4.908900000000000000e+04
5.009200000000000000e+04
5.140700000000000000e+04
5.254200000000000000e+04
5.369100000000000000e+04
5.488300000000000000e+04
5.570000000000000000e+04
5.633800000000000000e+04
5.750300000000000000e+04
5.810800000000000000e+04
5.820000000000000000e+04
6.009300000000000000e+04
6.109900000000000000e+04
6.173000000000000000e+04
6.219000000000000000e+04
6.293600000000000000e+04
6.373400000000000000e+04
6.448900000000000000e+04
6.524400000000000000e+04
6.593400000000000000e+04
6.652400000000000000e+04
6.690100000000000000e+04
6.690100000000000000e+04
6.811000000000000000e+04
6.882700000000000000e+04
6.946800000000000000e+04
7.005100000000000000e+04
7.060400000000000000e+04
7.097000000000000000e+04
7.121400000000000000e+04
7.154700000000000000e+04
7.206600000000000000e+04
7.301600000000000000e+04
7.367700000000000000e+04
7.367700000000000000e+04
7.449500000000000000e+04
7.496200000000000000e+04
7.552200000000000000e+04
7.608100000000000000e+04
7.670000000000000000e+04
7.670000000000000000e+04
7.785100000000000000e+04
7.807100000000000000e+04
7.852100000000000000e+04
7.912300000000000000e+04
7.967400000000000000e+04
8.014000000000000000e+04
8.079800000000000000e+04
8.126600000000000000e+04
8.155200000000000000e+04
8.206300000000000000e+04
8.257600000000000000e+04
8.327200000000000000e+04
8.388200000000000000e+04
8.446100000000000000e+04
8.446100000000000000e+04
8.531000000000000000e+04
8.586700000000000000e+04
8.642900000000000000e+04
8.702200000000000000e+04
8.760000000000000000e+04
8.813800000000000000e+04
8.861000000000000000e+04
8.903100000000000000e+04
8.946500000000000000e+04
9.011800000000000000e+04
9.062400000000000000e+04
9.118400000000000000e+04
8.976500000000000000e+04
9.225000000000000000e+04
9.267300000000000000e+04
9.313300000000000000e+04
9.356400000000000000e+04
9.437600000000000000e+04
9.501000000000000000e+04
9.570300000000000000e+04
9.643000000000000000e+04
9.668400000000000000e+04
9.848700000000000000e+04
9.830500000000000000e+04
9.928200000000000000e+04
1.001970000000000000e+05
1.011620000000000000e+05
9.195400000000000000e+04
1.028100000000000000e+05
1.037780000000000000e+05
1.048370000000000000e+05
1.060740000000000000e+05
1.075210000000000000e+05
1.089810000000000000e+05
1.102730000000000000e+05
1.113430000000000000e+05
1.123850000000000000e+05
1.145690000000000000e+05
1.162220000000000000e+05
1.177090000000000000e+05
1.201030000000000000e+05
1.217350000000000000e+05
1.272890000000000000e+05
1.253040000000000000e+05
1.271480000000000000e+05
1.290850000000000000e+05
1.310200000000000000e+05
1.332870000000000000e+05
1.351210000000000000e+05
1.367470000000000000e+05
1.388380000000000000e+05
1.404660000000000000e+05
1.428500000000000000e+05
1.448580000000000000e+05
1.473680000000000000e+05
1.491300000000000000e+05
1.507910000000000000e+05
1.533630000000000000e+05
1.553910000000000000e+05
1.581310000000000000e+05
1.606300000000000000e+05
1.631520000000000000e+05
1.651770000000000000e+05
1.673570000000000000e+05
1.691860000000000000e+05
1.719590000000000000e+05
1.747230000000000000e+05
1.776370000000000000e+05
1.800320000000000000e+05
1.824400000000000000e+05
1.845060000000000000e+05
1.867900000000000000e+05
1.893100000000000000e+05
1.912950000000000000e+05
1.935580000000000000e+05
1.962640000000000000e+05
1.983300000000000000e+05
2.005200000000000000e+05
2.032650000000000000e+05
2.068830000000000000e+05
2.102950000000000000e+05
2.135810000000000000e+05
2.172130000000000000e+05
2.203800000000000000e+05
2.228070000000000000e+05
2.252400000000000000e+05
2.289170000000000000e+05
2.335090000000000000e+05
2.383110000000000000e+05
2.438170000000000000e+05
2.483320000000000000e+05
2.526310000000000000e+05
2.575630000000000000e+05
2.648310000000000000e+05
2.730310000000000000e+05
2.790580000000000000e+05
2.853660000000000000e+05
2.903860000000000000e+05
2.903860000000000000e+05
3.013840000000000000e+05
3.080080000000000000e+05
3.142780000000000000e+05
3.200920000000000000e+05
3.254360000000000000e+05
3.254360000000000000e+05
3.339690000000000000e+05
3.392210000000000000e+05
3.439810000000000000e+05
3.491760000000000000e+05
3.543170000000000000e+05
3.587160000000000000e+05
3.620750000000000000e+05
3.650820000000000000e+05
3.686570000000000000e+05
3.723790000000000000e+05
3.752980000000000000e+05
3.778680000000000000e+05
3.804130000000000000e+05
3.827300000000000000e+05
3.849410000000000000e+05
3.875840000000000000e+05
3.910520000000000000e+05
3.933380000000000000e+05
3.953360000000000000e+05
3.971370000000000000e+05
3.987650000000000000e+05
4.000940000000000000e+05
4.016530000000000000e+05
4.032250000000000000e+05
4.051010000000000000e+05
4.064280000000000000e+05
4.078640000000000000e+05
4.091630000000000000e+05
4.104480000000000000e+05
4.119590000000000000e+05
4.131780000000000000e+05
4.131780000000000000e+05
4.158680000000000000e+05
4.171360000000000000e+05
4.181050000000000000e+05
4.181050000000000000e+05
4.201040000000000000e+05
4.212650000000000000e+05
4.223860000000000000e+05
4.234630000000000000e+05
4.245290000000000000e+05
4.255070000000000000e+05
4.255070000000000000e+05
4.274260000000000000e+05
4.286270000000000000e+05
4.297420000000000000e+05
4.307710000000000000e+05
4.319720000000000000e+05
4.319720000000000000e+05
4.341180000000000000e+05
4.352050000000000000e+05
4.363070000000000000e+05
4.375460000000000000e+05
4.387230000000000000e+05
4.387230000000000000e+05
4.387230000000000000e+05
4.422130000000000000e+05
4.434840000000000000e+05
4.448680000000000000e+05
4.462600000000000000e+05
4.475590000000000000e+05
4.489350000000000000e+05
4.504680000000000000e+05
4.519990000000000000e+05
4.538990000000000000e+05
4.552260000000000000e+05
4.568940000000000000e+05
4.586840000000000000e+05
4.586840000000000000e+05
4.635690000000000000e+05
4.657600000000000000e+05
4.686140000000000000e+05
4.708510000000000000e+05
4.734140000000000000e+05
4.755980000000000000e+05
4.782220000000000000e+05
4.806370000000000000e+05
4.828960000000000000e+05
4.859200000000000000e+05
4.887880000000000000e+05
4.915050000000000000e+05
4.947260000000000000e+05
4.980860000000000000e+05
5.014530000000000000e+05
5.045820000000000000e+05
5.082320000000000000e+05
5.082620000000000000e+05
5.154040000000000000e+05
5.188910000000000000e+05
5.230710000000000000e+05
5.270770000000000000e+05
5.309130000000000000e+05
5.346800000000000000e+05
5.387900000000000000e+05
5.424130000000000000e+05
5.458860000000000000e+05
5.511370000000000000e+05
5.552450000000000000e+05
5.593970000000000000e+05
5.639720000000000000e+05
5.684020000000000000e+05
5.737570000000000000e+05
5.792900000000000000e+05
5.846140000000000000e+05
5.898880000000000000e+05
5.950210000000000000e+05
6.022000000000000000e+05
6.089300000000000000e+05
6.151680000000000000e+05
6.214520000000000000e+05
6.283660000000000000e+05
6.339470000000000000e+05
6.397310000000000000e+05
6.450010000000000000e+05
6.499550000000000000e+05
6.550660000000000000e+05
6.595760000000000000e+05
6.667860000000000000e+05
6.716160000000000000e+05
6.757210000000000000e+05
6.804650000000000000e+05
6.852090000000000000e+05
6.904670000000000000e+05
6.948540000000000000e+05
6.995850000000000000e+05
7.033690000000000000e+05
7.064880000000000000e+05
7.100600000000000000e+05
7.136510000000000000e+05
7.177260000000000000e+05
7.211040000000000000e+05
7.246480000000000000e+05
7.275740000000000000e+05
7.302900000000000000e+05
7.331600000000000000e+05
7.367850000000000000e+05
7.400570000000000000e+05
7.426920000000000000e+05
7.462750000000000000e+05
7.484750000000000000e+05
7.502740000000000000e+05
7.522710000000000000e+05
7.541780000000000000e+05
7.561370000000000000e+05
7.580170000000000000e+05
7.600870000000000000e+05
7.617560000000000000e+05
7.632080000000000000e+05
7.647570000000000000e+05
7.664600000000000000e+05
7.681720000000000000e+05
7.698520000000000000e+05
7.716280000000000000e+05
7.733240000000000000e+05
7.748860000000000000e+05
7.764900000000000000e+05
7.783360000000000000e+05
7.798550000000000000e+05
7.814570000000000000e+05
7.832730000000000000e+05
7.832910000000000000e+05
7.864250000000000000e+05
7.879750000000000000e+05
7.897490000000000000e+05
7.915950000000000000e+05
7.934870000000000000e+05
7.952320000000000000e+05
7.970520000000000000e+05
7.989060000000000000e+05
8.011810000000000000e+05
8.035250000000000000e+05
8.060460000000000000e+05
8.082570000000000000e+05
8.107280000000000000e+05
8.138680000000000000e+05
8.167190000000000000e+05
8.199820000000000000e+05
8.237450000000000000e+05
8.272160000000000000e+05
8.309310000000000000e+05
8.348110000000000000e+05
8.390900000000000000e+05
8.426240000000000000e+05
8.477170000000000000e+05
8.524510000000000000e+05
0.000000000000000000e+00
0.000000000000000000e+00
0.000000000000000000e+00
0.000000000000000000e+00
0.000000000000000000e+00
0.000000000000000000e+00
0.000000000000000000e+00
0.000000000000000000e+00
0.000000000000000000e+00
0.000000000000000000e+00
0.000000000000000000e+00
0.000000000000000000e+00
0.000000000000000000e+00
0.000000000000000000e+00
0.000000000000000000e+00
0.000000000000000000e+00
0.000000000000000000e+00
0.000000000000000000e+00
0.000000000000000000e+00
0.000000000000000000e+00
0.000000000000000000e+00
0.000000000000000000e+00
0.000000000000000000e+00
0.000000000000000000e+00
0.000000000000000000e+00
0.000000000000000000e+00
0.000000000000000000e+00
0.000000000000000000e+00
0.000000000000000000e+00
0.000000000000000000e+00
0.000000000000000000e+00
0.000000000000000000e+00
0.000000000000000000e+00
0.000000000000000000e+00
0.000000000000000000e+00
