3.048885526809302974e+04
3.052903265394387563e+04
3.056018309330805641e+04
3.057965852693365741e+04
3.060544607202792395e+04
3.064217726512804802e+04
3.067037789951417290e+04
3.069995543888400425e+04
3.072799411289612181e+04
3.074610799984044934e+04
3.075178184930277712e+04
3.076314946366551158e+04
3.078499993511260618e+04
3.079802424224613787e+04
3.081229926473759042e+04
3.082507940215526833e+04
3.082814618455044547e+04
3.081914570966879910e+04
3.081636380522652689e+04
3.082472928807671269e+04
3.082505789319339601e+04
3.082753399163010181e+04
3.082950033473234362e+04
3.082280625245250485e+04
3.080514416906327460e+04
3.079482435063075536e+04
3.079677825917597875e+04
3.079180307673428615e+04
3.079004449629535520e+04
3.078878798295271190e+04
3.077980888836556187e+04
3.076071122757239573e+04
3.074970497025636723e+04
3.075161215284248465e+04
3.074711430167850631e+04
3.074623818888820097e+04
3.074615004841264454e+04
3.073850856113568807e+04
3.072080634747521617e+04
3.071114975427784884e+04
3.071426718418872406e+04
3.071075840806809356e+04
3.071058184208453531e+04
3.071084988771350982e+04
3.070318262552122906e+04
3.068504959470027461e+04
3.067454945033896365e+04
3.067641776297190154e+04
3.067127542792952590e+04
3.066911470269783240e+04
3.066709301552998659e+04
3.065688488821628562e+04
3.063602176241338384e+04
3.062266958262163098e+04
3.062163446332538660e+04
3.061360897078538255e+04
3.060865609886477614e+04
3.060400113972965482e+04
3.059138184477177128e+04
3.056838671096205871e+04
