1.936527370675037382e+06
1.940886095527864294e+06
1.944810795367655111e+06
1.948210012757003075e+06
1.952142310265637003e+06
1.956739170345108258e+06
1.961228991450529080e+06
1.967347933914955473e+06
1.971706658767786110e+06
1.975631358607577393e+06
1.979030575996925123e+06
1.982962873505559750e+06
1.987559733585029375e+06
1.992049554690451827e+06
1.998168497154878220e+06
2.002527222007707460e+06
2.006451921847496647e+06
2.009851139236847870e+06
2.013783436745479237e+06
2.018380296824952122e+06
2.022870117930373875e+06
2.028989060394800501e+06
2.033347785247628111e+06
2.037272485087423585e+06
2.040671702476769919e+06
2.044603999985402916e+06
2.049200860064873239e+06
2.053690681170296855e+06
2.059809623634719057e+06
2.064168348487551091e+06
2.068093048327344470e+06
2.071492265716691734e+06
2.075424563225324033e+06
2.080021423304796685e+06
2.084511244410215644e+06
2.090630186874641571e+06
2.094988911727471976e+06
2.098913611567264888e+06
2.102312828956613317e+06
2.106245126465246547e+06
2.110841986544718035e+06
2.115331807650138158e+06
2.121450750114564784e+06
2.125809474967394024e+06
2.129734174807185773e+06
2.133133392196533270e+06
2.137065689705167431e+06
2.141662549784638453e+06
2.146152370890061371e+06
2.152271313354487531e+06
2.156630038207317702e+06
2.160554738047112711e+06
2.163953955436457880e+06
2.167886252945090644e+06
2.172483113024562132e+06
2.176972934129978996e+06
2.183091876594409812e+06
2.187450601447239518e+06
2.191375301287035458e+06
2.194774518676377367e+06
