-2.278484424611640497e+04
-2.369627011802987909e+04
-2.459599580389298353e+04
-2.545252256091776144e+04
-2.616831133217134993e+04
-2.910194860637613965e+04
-2.940148265948684639e+04
-3.052865751437571816e+04
-3.144008338628779165e+04
-3.233980907215489788e+04
-3.319633582917805325e+04
-3.391212460042801104e+04
-3.684576187463694805e+04
-3.714529592774860794e+04
-3.827247078263785079e+04
-3.918389665455110662e+04
-4.008362234041650663e+04
-4.094014909743859607e+04
-4.165593786868864845e+04
-4.458957514289726532e+04
-4.488910919600712077e+04
-4.601628405089716398e+04
-4.692770992280902283e+04
-4.782743560867842461e+04
-4.868396236569888424e+04
-4.939975113695045002e+04
-5.233338841115824471e+04
-5.263292246426972997e+04
-5.376009731915672455e+04
-5.467152319107022777e+04
-5.557124887693476194e+04
-5.642777563395704783e+04
-5.714356440520612523e+04
-6.007720167941912950e+04
-6.037673573252982897e+04
-6.150391058741603774e+04
-6.241533645933118532e+04
-6.331506214519667992e+04
-6.417158890222140326e+04
-6.488737767346791952e+04
-6.782101494767982513e+04
-6.812054900079000799e+04
-6.924772385567924357e+04
-7.015914972759128432e+04
-7.105887541345867794e+04
-7.191540217047948681e+04
-7.263119094172847690e+04
-7.556482821594034613e+04
-7.586436226904843352e+04
-7.699153712393599562e+04
-7.790296299584937515e+04
-7.880268868171493523e+04
-7.965921543874002236e+04
-8.037500420998928894e+04
-8.330864148419839330e+04
-8.360817553731010412e+04
-8.473535039219795726e+04
-8.564677626411040546e+04
-8.654650194997694052e+04
-8.740302870699987398e+04
