8.524180424269339710e+03
8.527138378977177126e+03
8.529753555575673090e+03
8.532649590910548795e+03
8.536095566360656449e+03
8.539311810206756491e+03
8.542660387212503338e+03
8.546841453656812519e+03
8.551915760521465927e+03
8.556712929670648009e+03
8.561850396083549640e+03
8.567591512902834438e+03
8.573151447602715052e+03
8.578887738777122649e+03
8.585496690150224822e+03
8.593035883666900190e+03
8.600332436455022616e+03
8.608001895470573800e+03
8.616306268103759066e+03
8.624459819285468257e+03
8.632819507486470684e+03
8.642081239681605439e+03
8.652302231092999136e+03
8.662309098845367771e+03
8.672716587960483594e+03
8.683785432744920399e+03
8.694727988929333151e+03
8.705898513696551163e+03
8.717989278228325929e+03
8.731052802847267230e+03
8.743909847754395742e+03
8.757168061172867965e+03
8.771079790773101195e+03
8.784847695933165596e+03
8.798815039492148571e+03
8.813661844437525360e+03
8.829427205687017704e+03
8.844917389321335577e+03
8.860724619717580936e+03
8.877085058412592844e+03
8.893184609560526951e+03
8.909349427365756128e+03
8.926242307137354146e+03
8.943885245889099679e+03
8.961067800251941662e+03
8.978366137296965462e+03
8.996001277084196772e+03
9.013145156723348919e+03
9.030111386288044741e+03
9.047551873326778150e+03
9.065479597226125406e+03
9.082677156849005769e+03
9.099715983112559115e+03
9.116814711874085333e+03
9.133145344018526885e+03
9.149024060807625574e+03
9.165107869609164482e+03
9.181417360326908238e+03
9.196745195729676198e+03
9.211675227838120918e+03
