6.332123855708559859e+04
6.338985986189491814e+04
6.341655171385304129e+04
6.345613200339229661e+04
6.348460989091426018e+04
6.347900259688586084e+04
6.347464651405476616e+04
6.346738294544281962e+04
6.353494824854884791e+04
6.355793925884988857e+04
6.359104013783900155e+04
6.361019114349501615e+04
6.359241360950354283e+04
6.357312774829143018e+04
6.354834328026363801e+04
6.359605240546077403e+04
6.359719577317107905e+04
6.360688743241071643e+04
6.360157916138468863e+04
6.355887843070029339e+04
6.351485665609412536e+04
6.346622785796885728e+04
6.349172743307882774e+04
6.347306195500661124e+04
6.346611631516996567e+04
6.344809899260680686e+04
6.339734015040718805e+04
6.335057970049630239e+04
6.330512597116499819e+04
6.334021521799860056e+04
6.333794343447297433e+04
6.335445730343192554e+04
6.336708558231502684e+04
6.335412608532990271e+04
6.335212581638781558e+04
6.335803523326883442e+04
6.345056715216823795e+04
6.351113193009501265e+04
6.359503585249101161e+04
6.367862400465412793e+04
6.373908267250961944e+04
6.381173860528174555e+04
6.389223579810965020e+04
6.405791988535015844e+04
6.418880127549778990e+04
6.433878337071085116e+04
6.448283649996238819e+04
6.459683191119524417e+04
6.471487242056502146e+04
6.483149962558702100e+04
6.502310702333795780e+04
6.516892943542931607e+04
6.532229439259548963e+04
6.545781547487594071e+04
6.555124139384717273e+04
6.563679694564986858e+04
6.570939537538094737e+04
6.584605124202265870e+04
6.592686405645080958e+04
6.600625834455409495e+04
