-1.593387571568242493e+03
9.207032762845835805e+01
8.893771605845083172e+01
7.768514899807494203e+02
3.507550704285613392e+02
3.589354624125487589e+02
4.708308594861233587e+02
-1.390607550793096607e+03
3.619850214693099133e+02
4.186183303727955263e+02
1.157122751433746544e+03
7.709233192916984763e+02
8.071220291737747630e+02
9.343401700125430125e+02
-9.248966560166195450e+02
8.167531328047888337e+02
8.496770957223745881e+02
1.552470757125162208e+03
1.119686161197139882e+03
1.099877727450946168e+03
1.163398356332574394e+03
-7.652700866007808145e+02
9.033337717017933528e+02
8.618150086839611959e+02
1.491015958999343638e+03
9.876958134159208385e+02
9.025091146513036620e+02
9.077381557108230936e+02
-1.070434657223875092e+03
5.588729542012738420e+02
4.893654098801781629e+02
1.102630991069818720e+03
5.958006238008338187e+02
5.195171572894029168e+02
5.456703652890569174e+02
-1.400316408923718882e+03
2.713389693232198283e+02
2.529355001476379812e+02
9.243957637017479101e+02
4.809774600976537045e+02
4.713015469247442297e+02
5.651503632313775825e+02
-1.314180300040161228e+03
4.210097272660690919e+02
4.610470323787956204e+02
1.184051597056786022e+03
7.837030629482611630e+02
8.073163987076488866e+02
9.236789281193487113e+02
-9.445684793462727384e+02
7.899780027332628833e+02
8.177145215040975472e+02
1.517192514397683226e+03
1.082869806330781557e+03
1.063160465104310333e+03
1.128236216661667868e+03
-7.976366370437142450e+02
8.747606641901702460e+02
8.377715394961149968e+02
1.471966029032526649e+03
