4.262874601073367558e+03
4.266939028061639874e+03
4.271629346657805399e+03
4.277701792851778919e+03
4.284481263933505943e+03
4.288914431247110770e+03
4.294627364178802964e+03
4.315181765983744299e+03
4.328477351738197285e+03
4.342709184895472390e+03
4.358511446208650341e+03
4.375079564750441023e+03
4.389225972318195090e+03
4.404440530483043403e+03
4.434149664029237101e+03
4.456121660989409975e+03
4.478426884253076423e+03
4.501584297442253046e+03
4.524686166000267804e+03
4.544456130092305102e+03
4.564311639693174584e+03
4.597624734098561930e+03
4.622128583314647585e+03
4.645878503471003569e+03
4.669398826939258470e+03
4.691807477539314277e+03
4.709873448634499255e+03
4.727078187481438363e+03
4.756874892548773460e+03
4.777093176633265102e+03
4.795897853296552967e+03
4.813933281542747864e+03
4.830445180827456170e+03
4.842335181799687234e+03
4.853219187892748778e+03
4.876683628532414332e+03
4.890687131240137205e+03
4.903516443079979581e+03
4.915928105896090528e+03
4.927267861773612822e+03
4.934523111637841794e+03
4.941379551328967864e+03
4.961476105610237028e+03
4.972805716556645166e+03
4.983670834717937396e+03
4.994825123812001948e+03
5.005593349957166538e+03
5.012924761407934056e+03
5.020451055166865444e+03
5.041743012753335279e+03
5.054713314249087489e+03
5.067574323841521618e+03
5.080982296098891311e+03
5.094159907776135697e+03
5.103952351988064947e+03
5.113888020913163018e+03
5.137437789867861284e+03
5.152420345015389103e+03
5.166962285390187390e+03
5.181644391851210457e+03
