0.000000000000000000e+00
0.000000000000000000e+00
0.000000000000000000e+00
0.000000000000000000e+00
0.000000000000000000e+00
0.000000000000000000e+00
0.000000000000000000e+00
0.000000000000000000e+00
0.000000000000000000e+00
0.000000000000000000e+00
0.000000000000000000e+00
0.000000000000000000e+00
0.000000000000000000e+00
0.000000000000000000e+00
0.000000000000000000e+00
0.000000000000000000e+00
0.000000000000000000e+00
0.000000000000000000e+00
0.000000000000000000e+00
0.000000000000000000e+00
0.000000000000000000e+00
0.000000000000000000e+00
0.000000000000000000e+00
0.000000000000000000e+00
0.000000000000000000e+00
0.000000000000000000e+00
0.000000000000000000e+00
0.000000000000000000e+00
0.000000000000000000e+00
0.000000000000000000e+00
0.000000000000000000e+00
0.000000000000000000e+00
0.000000000000000000e+00
0.000000000000000000e+00
0.000000000000000000e+00
0.000000000000000000e+00
0.000000000000000000e+00
0.000000000000000000e+00
0.000000000000000000e+00
0.000000000000000000e+00
0.000000000000000000e+00
0.000000000000000000e+00
0.000000000000000000e+00
0.000000000000000000e+00
0.000000000000000000e+00
0.000000000000000000e+00
0.000000000000000000e+00
0.000000000000000000e+00
0.000000000000000000e+00
0.000000000000000000e+00
0.000000000000000000e+00
0.000000000000000000e+00
0.000000000000000000e+00
0.000000000000000000e+00
0.000000000000000000e+00
0.000000000000000000e+00
0.000000000000000000e+00
0.000000000000000000e+00
0.000000000000000000e+00
0.000000000000000000e+00
0.000000000000000000e+00
0.000000000000000000e+00
0.000000000000000000e+00
0.000000000000000000e+00
0.000000000000000000e+00
0.000000000000000000e+00
0.000000000000000000e+00
0.000000000000000000e+00
0.000000000000000000e+00
0.000000000000000000e+00
0.000000000000000000e+00
0.000000000000000000e+00
0.000000000000000000e+00
7.000000000000000000e+00
7.000000000000000000e+00
7.000000000000000000e+00
8.000000000000000000e+00
1.900000000000000000e+01
2.300000000000000000e+01
2.300000000000000000e+01
2.800000000000000000e+01
4.200000000000000000e+01
4.200000000000000000e+01
5.100000000000000000e+01
6.500000000000000000e+01
8.100000000000000000e+01
1.080000000000000000e+02
1.800000000000000000e+02
2.080000000000000000e+02
2.240000000000000000e+02
2.430000000000000000e+02
2.610000000000000000e+02
2.660000000000000000e+02
2.850000000000000000e+02
2.950000000000000000e+02
2.990000000000000000e+02
3.020000000000000000e+02
3.030000000000000000e+02
3.060000000000000000e+02
3.100000000000000000e+02
3.120000000000000000e+02
3.140000000000000000e+02
3.150000000000000000e+02
3.160000000000000000e+02
3.190000000000000000e+02
3.200000000000000000e+02
3.200000000000000000e+02
3.200000000000000000e+02
3.200000000000000000e+02
3.200000000000000000e+02
3.220000000000000000e+02
3.220000000000000000e+02
3.220000000000000000e+02
3.220000000000000000e+02
3.220000000000000000e+02
3.220000000000000000e+02
3.220000000000000000e+02
3.220000000000000000e+02
3.220000000000000000e+02
3.220000000000000000e+02
3.220000000000000000e+02
3.220000000000000000e+02
3.220000000000000000e+02
3.220000000000000000e+02
3.220000000000000000e+02
3.220000000000000000e+02
3.220000000000000000e+02
3.220000000000000000e+02
3.220000000000000000e+02
3.220000000000000000e+02
3.220000000000000000e+02
3.220000000000000000e+02
3.220000000000000000e+02
3.220000000000000000e+02
3.220000000000000000e+02
3.240000000000000000e+02
3.240000000000000000e+02
3.240000000000000000e+02
3.240000000000000000e+02
3.240000000000000000e+02
3.250000000000000000e+02
3.250000000000000000e+02
3.250000000000000000e+02
3.250000000000000000e+02
3.250000000000000000e+02
3.250000000000000000e+02
3.250000000000000000e+02
3.250000000000000000e+02
3.250000000000000000e+02
3.250000000000000000e+02
3.260000000000000000e+02
3.260000000000000000e+02
3.260000000000000000e+02
3.260000000000000000e+02
3.260000000000000000e+02
3.260000000000000000e+02
3.260000000000000000e+02
3.260000000000000000e+02
3.260000000000000000e+02
3.260000000000000000e+02
3.260000000000000000e+02
3.260000000000000000e+02
3.300000000000000000e+02
3.300000000000000000e+02
3.300000000000000000e+02
3.300000000000000000e+02
3.300000000000000000e+02
3.300000000000000000e+02
3.300000000000000000e+02
3.300000000000000000e+02
3.300000000000000000e+02
3.300000000000000000e+02
3.300000000000000000e+02
3.300000000000000000e+02
3.300000000000000000e+02
3.310000000000000000e+02
3.310000000000000000e+02
3.310000000000000000e+02
3.310000000000000000e+02
3.310000000000000000e+02
3.320000000000000000e+02
3.320000000000000000e+02
3.320000000000000000e+02
3.320000000000000000e+02
3.320000000000000000e+02
3.320000000000000000e+02
3.320000000000000000e+02
3.320000000000000000e+02
3.320000000000000000e+02
3.320000000000000000e+02
3.320000000000000000e+02
3.320000000000000000e+02
3.320000000000000000e+02
3.320000000000000000e+02
3.340000000000000000e+02
3.340000000000000000e+02
3.340000000000000000e+02
3.340000000000000000e+02
3.340000000000000000e+02
3.340000000000000000e+02
3.340000000000000000e+02
3.340000000000000000e+02
3.340000000000000000e+02
3.340000000000000000e+02
3.340000000000000000e+02
3.340000000000000000e+02
3.340000000000000000e+02
3.340000000000000000e+02
3.340000000000000000e+02
3.340000000000000000e+02
3.340000000000000000e+02
3.340000000000000000e+02
3.340000000000000000e+02
3.340000000000000000e+02
3.350000000000000000e+02
3.350000000000000000e+02
3.350000000000000000e+02
3.350000000000000000e+02
3.350000000000000000e+02
3.350000000000000000e+02
3.350000000000000000e+02
3.350000000000000000e+02
3.350000000000000000e+02
3.350000000000000000e+02
3.350000000000000000e+02
3.350000000000000000e+02
3.350000000000000000e+02
3.350000000000000000e+02
3.350000000000000000e+02
3.350000000000000000e+02
3.350000000000000000e+02
3.350000000000000000e+02
3.350000000000000000e+02
3.350000000000000000e+02
3.350000000000000000e+02
3.350000000000000000e+02
3.350000000000000000e+02
3.380000000000000000e+02
3.380000000000000000e+02
3.380000000000000000e+02
3.380000000000000000e+02
3.380000000000000000e+02
3.380000000000000000e+02
3.380000000000000000e+02
3.390000000000000000e+02
3.390000000000000000e+02
3.430000000000000000e+02
3.430000000000000000e+02
3.430000000000000000e+02
3.430000000000000000e+02
3.430000000000000000e+02
3.430000000000000000e+02
3.440000000000000000e+02
3.440000000000000000e+02
3.440000000000000000e+02
3.570000000000000000e+02
3.570000000000000000e+02
3.570000000000000000e+02
3.570000000000000000e+02
3.580000000000000000e+02
3.580000000000000000e+02
3.580000000000000000e+02
3.580000000000000000e+02
3.580000000000000000e+02
3.590000000000000000e+02
3.610000000000000000e+02
3.610000000000000000e+02
3.640000000000000000e+02
3.640000000000000000e+02
3.640000000000000000e+02
3.640000000000000000e+02
3.790000000000000000e+02
3.790000000000000000e+02
3.790000000000000000e+02
3.860000000000000000e+02
3.860000000000000000e+02
3.860000000000000000e+02
3.860000000000000000e+02
3.890000000000000000e+02
3.890000000000000000e+02
3.890000000000000000e+02
3.890000000000000000e+02
3.980000000000000000e+02
3.980000000000000000e+02
4.070000000000000000e+02
4.130000000000000000e+02
4.130000000000000000e+02
4.160000000000000000e+02
4.160000000000000000e+02
4.160000000000000000e+02
4.160000000000000000e+02
4.160000000000000000e+02
4.160000000000000000e+02
4.160000000000000000e+02
4.160000000000000000e+02
4.270000000000000000e+02
4.280000000000000000e+02
4.280000000000000000e+02
4.310000000000000000e+02
4.310000000000000000e+02
4.310000000000000000e+02
4.330000000000000000e+02
4.330000000000000000e+02
4.330000000000000000e+02
4.330000000000000000e+02
4.330000000000000000e+02
4.330000000000000000e+02
4.330000000000000000e+02
4.400000000000000000e+02
4.400000000000000000e+02
4.430000000000000000e+02
4.430000000000000000e+02
4.430000000000000000e+02
4.560000000000000000e+02
4.630000000000000000e+02
4.650000000000000000e+02
4.650000000000000000e+02
4.650000000000000000e+02
4.650000000000000000e+02
4.650000000000000000e+02
4.780000000000000000e+02
4.780000000000000000e+02
4.780000000000000000e+02
4.780000000000000000e+02
4.780000000000000000e+02
4.780000000000000000e+02
4.780000000000000000e+02
4.890000000000000000e+02
4.890000000000000000e+02
4.890000000000000000e+02
4.890000000000000000e+02
4.890000000000000000e+02
4.890000000000000000e+02
4.890000000000000000e+02
4.890000000000000000e+02
4.960000000000000000e+02
4.960000000000000000e+02
4.960000000000000000e+02
4.960000000000000000e+02
4.960000000000000000e+02
4.960000000000000000e+02
4.960000000000000000e+02
4.960000000000000000e+02
4.960000000000000000e+02
4.960000000000000000e+02
4.960000000000000000e+02
4.960000000000000000e+02
4.960000000000000000e+02
5.130000000000000000e+02
5.130000000000000000e+02
5.140000000000000000e+02
5.140000000000000000e+02
5.140000000000000000e+02
5.140000000000000000e+02
5.140000000000000000e+02
5.140000000000000000e+02
5.160000000000000000e+02
5.160000000000000000e+02
5.160000000000000000e+02
5.160000000000000000e+02
5.160000000000000000e+02
5.160000000000000000e+02
5.180000000000000000e+02
5.180000000000000000e+02
5.180000000000000000e+02
5.180000000000000000e+02
5.180000000000000000e+02
5.180000000000000000e+02
5.180000000000000000e+02
5.250000000000000000e+02
5.250000000000000000e+02
5.280000000000000000e+02
5.280000000000000000e+02
5.280000000000000000e+02
5.280000000000000000e+02
5.280000000000000000e+02
5.360000000000000000e+02
5.400000000000000000e+02
5.400000000000000000e+02
5.400000000000000000e+02
5.400000000000000000e+02
5.400000000000000000e+02
5.400000000000000000e+02
5.430000000000000000e+02
5.440000000000000000e+02
5.460000000000000000e+02
5.460000000000000000e+02
5.460000000000000000e+02
5.460000000000000000e+02
5.460000000000000000e+02
5.540000000000000000e+02
5.560000000000000000e+02
5.560000000000000000e+02
5.560000000000000000e+02
5.560000000000000000e+02
5.560000000000000000e+02
5.560000000000000000e+02
5.560000000000000000e+02
5.710000000000000000e+02
5.710000000000000000e+02
5.710000000000000000e+02
5.710000000000000000e+02
5.710000000000000000e+02
5.710000000000000000e+02
5.880000000000000000e+02
5.880000000000000000e+02
5.880000000000000000e+02
5.880000000000000000e+02
5.880000000000000000e+02
5.880000000000000000e+02
5.880000000000000000e+02
5.880000000000000000e+02
5.880000000000000000e+02
5.880000000000000000e+02
5.920000000000000000e+02
5.920000000000000000e+02
5.920000000000000000e+02
5.920000000000000000e+02
5.920000000000000000e+02
5.920000000000000000e+02
5.920000000000000000e+02
5.920000000000000000e+02
5.920000000000000000e+02
5.920000000000000000e+02
5.920000000000000000e+02
5.920000000000000000e+02
5.920000000000000000e+02
5.920000000000000000e+02
5.920000000000000000e+02
5.920000000000000000e+02
5.920000000000000000e+02
6.410000000000000000e+02
6.430000000000000000e+02
6.430000000000000000e+02
6.430000000000000000e+02
6.450000000000000000e+02
6.880000000000000000e+02
6.880000000000000000e+02
7.070000000000000000e+02
7.070000000000000000e+02
7.070000000000000000e+02
7.070000000000000000e+02
7.300000000000000000e+02
7.300000000000000000e+02
7.500000000000000000e+02
7.750000000000000000e+02
7.970000000000000000e+02
7.970000000000000000e+02
8.410000000000000000e+02
8.650000000000000000e+02
8.650000000000000000e+02
9.340000000000000000e+02
9.340000000000000000e+02
9.340000000000000000e+02
9.340000000000000000e+02
9.870000000000000000e+02
9.960000000000000000e+02
9.960000000000000000e+02
1.029000000000000000e+03
1.040000000000000000e+03
1.055000000000000000e+03
1.055000000000000000e+03
1.068000000000000000e+03
1.068000000000000000e+03
1.084000000000000000e+03
1.088000000000000000e+03
1.106000000000000000e+03
1.108000000000000000e+03
1.111000000000000000e+03
1.111000000000000000e+03
1.111000000000000000e+03
1.121000000000000000e+03
1.121000000000000000e+03
1.123000000000000000e+03
1.124000000000000000e+03
1.125000000000000000e+03
1.128000000000000000e+03
1.130000000000000000e+03
1.130000000000000000e+03
1.131000000000000000e+03
1.134000000000000000e+03
1.145000000000000000e+03
1.145000000000000000e+03
1.145000000000000000e+03
1.145000000000000000e+03
1.151000000000000000e+03
1.161000000000000000e+03
1.161000000000000000e+03
1.169000000000000000e+03
1.171000000000000000e+03
1.176000000000000000e+03
1.176000000000000000e+03
1.181000000000000000e+03
1.183000000000000000e+03
1.191000000000000000e+03
1.193000000000000000e+03
1.195000000000000000e+03
1.198000000000000000e+03
1.198000000000000000e+03
1.198000000000000000e+03
1.198000000000000000e+03
1.206000000000000000e+03
1.206000000000000000e+03
1.206000000000000000e+03
1.213000000000000000e+03
1.213000000000000000e+03
1.233000000000000000e+03
1.243000000000000000e+03
1.247000000000000000e+03
1.265000000000000000e+03
1.265000000000000000e+03
1.265000000000000000e+03
1.265000000000000000e+03
1.265000000000000000e+03
1.265000000000000000e+03
1.265000000000000000e+03
1.265000000000000000e+03
1.265000000000000000e+03
1.331000000000000000e+03
1.331000000000000000e+03
1.331000000000000000e+03
1.411000000000000000e+03
1.411000000000000000e+03
1.411000000000000000e+03
1.411000000000000000e+03
1.411000000000000000e+03
1.534000000000000000e+03
1.534000000000000000e+03
1.534000000000000000e+03
1.534000000000000000e+03
1.534000000000000000e+03
1.534000000000000000e+03
1.534000000000000000e+03
1.534000000000000000e+03
1.534000000000000000e+03
1.534000000000000000e+03
1.534000000000000000e+03
1.534000000000000000e+03
1.534000000000000000e+03
1.534000000000000000e+03
1.534000000000000000e+03
1.534000000000000000e+03
1.534000000000000000e+03
1.534000000000000000e+03
1.534000000000000000e+03
1.854000000000000000e+03
1.854000000000000000e+03
1.854000000000000000e+03
1.854000000000000000e+03
1.854000000000000000e+03
1.854000000000000000e+03
1.854000000000000000e+03
1.854000000000000000e+03
1.854000000000000000e+03
1.854000000000000000e+03
1.854000000000000000e+03
1.854000000000000000e+03
1.854000000000000000e+03
1.854000000000000000e+03
1.854000000000000000e+03
1.854000000000000000e+03
0.000000000000000000e+00
0.000000000000000000e+00
0.000000000000000000e+00
0.000000000000000000e+00
0.000000000000000000e+00
0.000000000000000000e+00
0.000000000000000000e+00
0.000000000000000000e+00
0.000000000000000000e+00
0.000000000000000000e+00
0.000000000000000000e+00
0.000000000000000000e+00
0.000000000000000000e+00
0.000000000000000000e+00
0.000000000000000000e+00
0.000000000000000000e+00
0.000000000000000000e+00
0.000000000000000000e+00
0.000000000000000000e+00
0.000000000000000000e+00
0.000000000000000000e+00
0.000000000000000000e+00
0.000000000000000000e+00
0.000000000000000000e+00
0.000000000000000000e+00
0.000000000000000000e+00
0.000000000000000000e+00
0.000000000000000000e+00
0.000000000000000000e+00
0.000000000000000000e+00
0.000000000000000000e+00
0.000000000000000000e+00
0.000000000000000000e+00
0.000000000000000000e+00
0.000000000000000000e+00
0.000000000000000000e+00
0.000000000000000000e+00
0.000000000000000000e+00
0.000000000000000000e+00
0.000000000000000000e+00
0.000000000000000000e+00
0.000000000000000000e+00
0.000000000000000000e+00
0.000000000000000000e+00
0.000000000000000000e+00
0.000000000000000000e+00
0.000000000000000000e+00
0.000000000000000000e+00
0.000000000000000000e+00
0.000000000000000000e+00
0.000000000000000000e+00
0.000000000000000000e+00
0.000000000000000000e+00
0.000000000000000000e+00
0.000000000000000000e+00
0.000000000000000000e+00
0.000000000000000000e+00
0.000000000000000000e+00
0.000000000000000000e+00
0.000000000000000000e+00
0.000000000000000000e+00
0.000000000000000000e+00
0.000000000000000000e+00
0.000000000000000000e+00
0.000000000000000000e+00
0.000000000000000000e+00
0.000000000000000000e+00
0.000000000000000000e+00
0.000000000000000000e+00
0.000000000000000000e+00
0.000000000000000000e+00
0.000000000000000000e+00
0.000000000000000000e+00
0.000000000000000000e+00
0.000000000000000000e+00
0.000000000000000000e+00
0.000000000000000000e+00
0.000000000000000000e+00
0.000000000000000000e+00
0.000000000000000000e+00
0.000000000000000000e+00
0.000000000000000000e+00
0.000000000000000000e+00
0.000000000000000000e+00
0.000000000000000000e+00
0.000000000000000000e+00
0.000000000000000000e+00
0.000000000000000000e+00
0.000000000000000000e+00
0.000000000000000000e+00
0.000000000000000000e+00
0.000000000000000000e+00
0.000000000000000000e+00
0.000000000000000000e+00
0.000000000000000000e+00
0.000000000000000000e+00
0.000000000000000000e+00
0.000000000000000000e+00
0.000000000000000000e+00
0.000000000000000000e+00
0.000000000000000000e+00
0.000000000000000000e+00
0.000000000000000000e+00
0.000000000000000000e+00
0.000000000000000000e+00
0.000000000000000000e+00
0.000000000000000000e+00
0.000000000000000000e+00
0.000000000000000000e+00
0.000000000000000000e+00
0.000000000000000000e+00
0.000000000000000000e+00
0.000000000000000000e+00
0.000000000000000000e+00
0.000000000000000000e+00
0.000000000000000000e+00
0.000000000000000000e+00
0.000000000000000000e+00
0.000000000000000000e+00
0.000000000000000000e+00
0.000000000000000000e+00
0.000000000000000000e+00
0.000000000000000000e+00
0.000000000000000000e+00
0.000000000000000000e+00
0.000000000000000000e+00
0.000000000000000000e+00
0.000000000000000000e+00
0.000000000000000000e+00
0.000000000000000000e+00
0.000000000000000000e+00
0.000000000000000000e+00
0.000000000000000000e+00
0.000000000000000000e+00
0.000000000000000000e+00
0.000000000000000000e+00
0.000000000000000000e+00
0.000000000000000000e+00
0.000000000000000000e+00
0.000000000000000000e+00
0.000000000000000000e+00
0.000000000000000000e+00
0.000000000000000000e+00
0.000000000000000000e+00
0.000000000000000000e+00
0.000000000000000000e+00
0.000000000000000000e+00
0.000000000000000000e+00
0.000000000000000000e+00
0.000000000000000000e+00
0.000000000000000000e+00
0.000000000000000000e+00
0.000000000000000000e+00
0.000000000000000000e+00
0.000000000000000000e+00
0.000000000000000000e+00
0.000000000000000000e+00
0.000000000000000000e+00
0.000000000000000000e+00
0.000000000000000000e+00
0.000000000000000000e+00
0.000000000000000000e+00
0.000000000000000000e+00
0.000000000000000000e+00
0.000000000000000000e+00
0.000000000000000000e+00
0.000000000000000000e+00
0.000000000000000000e+00
0.000000000000000000e+00
0.000000000000000000e+00
0.000000000000000000e+00
0.000000000000000000e+00
0.000000000000000000e+00
0.000000000000000000e+00
0.000000000000000000e+00
0.000000000000000000e+00
0.000000000000000000e+00
0.000000000000000000e+00
0.000000000000000000e+00
0.000000000000000000e+00
0.000000000000000000e+00
0.000000000000000000e+00
0.000000000000000000e+00
0.000000000000000000e+00
0.000000000000000000e+00
0.000000000000000000e+00
0.000000000000000000e+00
0.000000000000000000e+00
0.000000000000000000e+00
0.000000000000000000e+00
0.000000000000000000e+00
0.000000000000000000e+00
0.000000000000000000e+00
0.000000000000000000e+00
0.000000000000000000e+00
0.000000000000000000e+00
0.000000000000000000e+00
0.000000000000000000e+00
0.000000000000000000e+00
0.000000000000000000e+00
0.000000000000000000e+00
0.000000000000000000e+00
0.000000000000000000e+00
0.000000000000000000e+00
0.000000000000000000e+00
0.000000000000000000e+00
0.000000000000000000e+00
0.000000000000000000e+00
0.000000000000000000e+00
0.000000000000000000e+00
0.000000000000000000e+00
0.000000000000000000e+00
0.000000000000000000e+00
0.000000000000000000e+00
0.000000000000000000e+00
0.000000000000000000e+00
0.000000000000000000e+00
0.000000000000000000e+00
0.000000000000000000e+00
0.000000000000000000e+00
0.000000000000000000e+00
0.000000000000000000e+00
0.000000000000000000e+00
0.000000000000000000e+00
0.000000000000000000e+00
0.000000000000000000e+00
0.000000000000000000e+00
0.000000000000000000e+00
0.000000000000000000e+00
0.000000000000000000e+00
0.000000000000000000e+00
0.000000000000000000e+00
0.000000000000000000e+00
0.000000000000000000e+00
0.000000000000000000e+00
0.000000000000000000e+00
0.000000000000000000e+00
0.000000000000000000e+00
0.000000000000000000e+00
0.000000000000000000e+00
0.000000000000000000e+00
0.000000000000000000e+00
0.000000000000000000e+00
0.000000000000000000e+00
0.000000000000000000e+00
0.000000000000000000e+00
0.000000000000000000e+00
0.000000000000000000e+00
0.000000000000000000e+00
0.000000000000000000e+00
0.000000000000000000e+00
0.000000000000000000e+00
0.000000000000000000e+00
0.000000000000000000e+00
0.000000000000000000e+00
0.000000000000000000e+00
0.000000000000000000e+00
0.000000000000000000e+00
0.000000000000000000e+00
0.000000000000000000e+00
0.000000000000000000e+00
0.000000000000000000e+00
0.000000000000000000e+00
0.000000000000000000e+00
0.000000000000000000e+00
0.000000000000000000e+00
0.000000000000000000e+00
0.000000000000000000e+00
0.000000000000000000e+00
0.000000000000000000e+00
0.000000000000000000e+00
0.000000000000000000e+00
0.000000000000000000e+00
0.000000000000000000e+00
0.000000000000000000e+00
0.000000000000000000e+00
0.000000000000000000e+00
0.000000000000000000e+00
0.000000000000000000e+00
0.000000000000000000e+00
0.000000000000000000e+00
