2.299500018686106778e+05
2.303235730911253195e+05
2.304794546810497704e+05
2.307851622675469844e+05
2.309155184713877970e+05
2.309676142375394411e+05
2.309989691269020841e+05
2.311105483823987306e+05
2.314830440388434508e+05
2.316417198836536263e+05
2.319545971684796386e+05
2.320968547924910090e+05
2.321657748648088891e+05
2.322188928618579812e+05
2.323570106191872328e+05
2.327604796510564047e+05
2.329540546186781139e+05
2.333050936483230325e+05
2.334879788125865452e+05
2.335990870774924697e+05
2.336949701466966362e+05
2.338754005018411262e+05
2.343196900650894677e+05
2.345515801442287921e+05
2.349374781449043367e+05
2.351509131296511041e+05
2.352875393163905537e+05
2.354033448009786662e+05
2.355977217583344318e+05
2.360498036413015798e+05
2.362833673002349678e+05
2.366650749665344192e+05
2.368689278552324977e+05
2.369912603855026537e+05
2.370889324473525921e+05
2.372623763494204322e+05
2.376919045757017157e+05
2.379025770953336614e+05
2.382624041793036740e+05
2.384467576502005686e+05
2.385533208602140076e+05
2.386402362081476604e+05
2.388091082561686926e+05
2.392412699985809450e+05
2.394626124044090393e+05
2.398417544739261793e+05
2.400544278876995668e+05
2.401984075230639719e+05
2.403316474217826326e+05
2.405552808077578375e+05
2.410498919892582344e+05
2.413403602802496171e+05
2.417940529191402602e+05
2.420852405304750137e+05
2.423100656120204658e+05
2.425247225994169130e+05
2.428285068643853883e+05
2.434001390620612074e+05
2.437626634080164076e+05
2.442816952203958936e+05
