0.000000000000000000e+00
0.000000000000000000e+00
0.000000000000000000e+00
0.000000000000000000e+00
0.000000000000000000e+00
0.000000000000000000e+00
0.000000000000000000e+00
0.000000000000000000e+00
0.000000000000000000e+00
0.000000000000000000e+00
0.000000000000000000e+00
0.000000000000000000e+00
0.000000000000000000e+00
0.000000000000000000e+00
0.000000000000000000e+00
0.000000000000000000e+00
0.000000000000000000e+00
0.000000000000000000e+00
0.000000000000000000e+00
0.000000000000000000e+00
0.000000000000000000e+00
0.000000000000000000e+00
0.000000000000000000e+00
0.000000000000000000e+00
0.000000000000000000e+00
0.000000000000000000e+00
0.000000000000000000e+00
0.000000000000000000e+00
0.000000000000000000e+00
0.000000000000000000e+00
0.000000000000000000e+00
0.000000000000000000e+00
0.000000000000000000e+00
0.000000000000000000e+00
0.000000000000000000e+00
0.000000000000000000e+00
0.000000000000000000e+00
0.000000000000000000e+00
0.000000000000000000e+00
0.000000000000000000e+00
0.000000000000000000e+00
0.000000000000000000e+00
0.000000000000000000e+00
0.000000000000000000e+00
0.000000000000000000e+00
0.000000000000000000e+00
0.000000000000000000e+00
0.000000000000000000e+00
0.000000000000000000e+00
0.000000000000000000e+00
0.000000000000000000e+00
0.000000000000000000e+00
0.000000000000000000e+00
0.000000000000000000e+00
0.000000000000000000e+00
0.000000000000000000e+00
0.000000000000000000e+00
0.000000000000000000e+00
0.000000000000000000e+00
0.000000000000000000e+00
0.000000000000000000e+00
0.000000000000000000e+00
0.000000000000000000e+00
0.000000000000000000e+00
0.000000000000000000e+00
0.000000000000000000e+00
0.000000000000000000e+00
0.000000000000000000e+00
0.000000000000000000e+00
0.000000000000000000e+00
0.000000000000000000e+00
1.000000000000000000e+00
1.000000000000000000e+00
1.000000000000000000e+00
1.000000000000000000e+00
1.000000000000000000e+00
1.000000000000000000e+00
1.000000000000000000e+00
1.000000000000000000e+00
2.000000000000000000e+00
2.000000000000000000e+00
2.000000000000000000e+00
2.000000000000000000e+00
2.000000000000000000e+00
2.000000000000000000e+00
2.000000000000000000e+00
2.000000000000000000e+00
2.000000000000000000e+00
3.000000000000000000e+00
3.000000000000000000e+00
3.000000000000000000e+00
3.000000000000000000e+00
3.000000000000000000e+00
3.000000000000000000e+00
3.000000000000000000e+00
3.000000000000000000e+00
3.000000000000000000e+00
3.000000000000000000e+00
3.000000000000000000e+00
3.000000000000000000e+00
3.000000000000000000e+00
3.000000000000000000e+00
3.000000000000000000e+00
3.000000000000000000e+00
3.000000000000000000e+00
4.000000000000000000e+00
4.000000000000000000e+00
4.000000000000000000e+00
7.000000000000000000e+00
7.000000000000000000e+00
7.000000000000000000e+00
7.000000000000000000e+00
7.000000000000000000e+00
7.000000000000000000e+00
7.000000000000000000e+00
7.000000000000000000e+00
7.000000000000000000e+00
7.000000000000000000e+00
7.000000000000000000e+00
7.000000000000000000e+00
7.000000000000000000e+00
7.000000000000000000e+00
7.000000000000000000e+00
7.000000000000000000e+00
7.000000000000000000e+00
7.000000000000000000e+00
7.000000000000000000e+00
7.000000000000000000e+00
7.000000000000000000e+00
7.000000000000000000e+00
7.000000000000000000e+00
7.000000000000000000e+00
7.000000000000000000e+00
7.000000000000000000e+00
7.000000000000000000e+00
7.000000000000000000e+00
7.000000000000000000e+00
7.000000000000000000e+00
1.000000000000000000e+01
1.000000000000000000e+01
1.000000000000000000e+01
1.000000000000000000e+01
1.000000000000000000e+01
1.000000000000000000e+01
1.100000000000000000e+01
1.100000000000000000e+01
1.100000000000000000e+01
1.100000000000000000e+01
1.100000000000000000e+01
1.100000000000000000e+01
1.100000000000000000e+01
1.100000000000000000e+01
1.100000000000000000e+01
1.800000000000000000e+01
1.800000000000000000e+01
1.800000000000000000e+01
2.100000000000000000e+01
2.100000000000000000e+01
2.200000000000000000e+01
2.200000000000000000e+01
2.400000000000000000e+01
3.000000000000000000e+01
3.000000000000000000e+01
3.000000000000000000e+01
3.000000000000000000e+01
3.000000000000000000e+01
3.000000000000000000e+01
4.200000000000000000e+01
4.200000000000000000e+01
4.200000000000000000e+01
4.200000000000000000e+01
4.200000000000000000e+01
4.200000000000000000e+01
4.200000000000000000e+01
4.200000000000000000e+01
4.200000000000000000e+01
4.200000000000000000e+01
1.090000000000000000e+02
1.200000000000000000e+02
1.200000000000000000e+02
1.280000000000000000e+02
1.280000000000000000e+02
1.280000000000000000e+02
1.340000000000000000e+02
1.360000000000000000e+02
1.390000000000000000e+02
1.390000000000000000e+02
1.400000000000000000e+02
1.420000000000000000e+02
1.460000000000000000e+02
1.490000000000000000e+02
1.510000000000000000e+02
1.650000000000000000e+02
1.700000000000000000e+02
1.710000000000000000e+02
1.730000000000000000e+02
1.760000000000000000e+02
1.990000000000000000e+02
2.000000000000000000e+02
2.030000000000000000e+02
2.350000000000000000e+02
2.410000000000000000e+02
2.410000000000000000e+02
2.460000000000000000e+02
2.460000000000000000e+02
2.560000000000000000e+02
2.600000000000000000e+02
2.600000000000000000e+02
2.640000000000000000e+02
2.640000000000000000e+02
2.690000000000000000e+02
2.740000000000000000e+02
2.770000000000000000e+02
2.790000000000000000e+02
2.800000000000000000e+02
2.800000000000000000e+02
2.820000000000000000e+02
2.820000000000000000e+02
2.820000000000000000e+02
2.830000000000000000e+02
2.840000000000000000e+02
2.870000000000000000e+02
2.880000000000000000e+02
2.900000000000000000e+02
2.920000000000000000e+02
2.920000000000000000e+02
2.920000000000000000e+02
2.920000000000000000e+02
2.950000000000000000e+02
2.950000000000000000e+02
2.970000000000000000e+02
3.000000000000000000e+02
3.000000000000000000e+02
3.060000000000000000e+02
3.120000000000000000e+02
3.120000000000000000e+02
3.200000000000000000e+02
3.240000000000000000e+02
3.260000000000000000e+02
3.260000000000000000e+02
3.290000000000000000e+02
3.300000000000000000e+02
3.300000000000000000e+02
3.310000000000000000e+02
3.310000000000000000e+02
3.320000000000000000e+02
3.320000000000000000e+02
3.320000000000000000e+02
3.320000000000000000e+02
3.320000000000000000e+02
3.320000000000000000e+02
3.320000000000000000e+02
3.320000000000000000e+02
3.330000000000000000e+02
3.330000000000000000e+02
3.330000000000000000e+02
3.330000000000000000e+02
3.340000000000000000e+02
3.350000000000000000e+02
3.350000000000000000e+02
3.350000000000000000e+02
3.360000000000000000e+02
3.370000000000000000e+02
3.370000000000000000e+02
3.450000000000000000e+02
3.450000000000000000e+02
3.450000000000000000e+02
3.460000000000000000e+02
3.460000000000000000e+02
3.460000000000000000e+02
3.460000000000000000e+02
3.460000000000000000e+02
3.460000000000000000e+02
3.460000000000000000e+02
3.460000000000000000e+02
3.460000000000000000e+02
3.480000000000000000e+02
3.480000000000000000e+02
3.480000000000000000e+02
3.480000000000000000e+02
3.480000000000000000e+02
3.480000000000000000e+02
3.490000000000000000e+02
3.490000000000000000e+02
3.490000000000000000e+02
3.490000000000000000e+02
3.490000000000000000e+02
3.490000000000000000e+02
3.490000000000000000e+02
3.490000000000000000e+02
3.490000000000000000e+02
3.490000000000000000e+02
3.490000000000000000e+02
3.500000000000000000e+02
3.500000000000000000e+02
3.500000000000000000e+02
3.500000000000000000e+02
3.500000000000000000e+02
3.530000000000000000e+02
3.530000000000000000e+02
3.530000000000000000e+02
3.560000000000000000e+02
3.560000000000000000e+02
3.560000000000000000e+02
3.560000000000000000e+02
3.570000000000000000e+02
3.570000000000000000e+02
3.570000000000000000e+02
3.570000000000000000e+02
3.570000000000000000e+02
3.570000000000000000e+02
3.570000000000000000e+02
3.570000000000000000e+02
3.570000000000000000e+02
3.570000000000000000e+02
3.570000000000000000e+02
3.570000000000000000e+02
3.640000000000000000e+02
3.640000000000000000e+02
3.640000000000000000e+02
3.640000000000000000e+02
3.640000000000000000e+02
3.640000000000000000e+02
3.640000000000000000e+02
3.650000000000000000e+02
3.660000000000000000e+02
3.670000000000000000e+02
3.670000000000000000e+02
3.680000000000000000e+02
3.690000000000000000e+02
3.690000000000000000e+02
3.730000000000000000e+02
3.730000000000000000e+02
3.730000000000000000e+02
3.750000000000000000e+02
3.790000000000000000e+02
3.800000000000000000e+02
3.810000000000000000e+02
3.810000000000000000e+02
3.820000000000000000e+02
3.830000000000000000e+02
3.840000000000000000e+02
3.850000000000000000e+02
3.860000000000000000e+02
3.880000000000000000e+02
3.900000000000000000e+02
3.920000000000000000e+02
3.940000000000000000e+02
3.980000000000000000e+02
4.120000000000000000e+02
4.170000000000000000e+02
4.230000000000000000e+02
4.410000000000000000e+02
4.640000000000000000e+02
4.690000000000000000e+02
4.710000000000000000e+02
4.950000000000000000e+02
5.090000000000000000e+02
5.140000000000000000e+02
5.270000000000000000e+02
5.370000000000000000e+02
5.460000000000000000e+02
5.590000000000000000e+02
5.780000000000000000e+02
5.850000000000000000e+02
5.970000000000000000e+02
6.100000000000000000e+02
6.270000000000000000e+02
6.390000000000000000e+02
6.600000000000000000e+02
6.720000000000000000e+02
6.880000000000000000e+02
7.050000000000000000e+02
7.280000000000000000e+02
7.450000000000000000e+02
7.630000000000000000e+02
7.800000000000000000e+02
7.940000000000000000e+02
8.040000000000000000e+02
8.120000000000000000e+02
8.280000000000000000e+02
8.390000000000000000e+02
8.530000000000000000e+02
8.690000000000000000e+02
8.810000000000000000e+02
9.010000000000000000e+02
9.140000000000000000e+02
9.310000000000000000e+02
9.400000000000000000e+02
9.510000000000000000e+02
9.590000000000000000e+02
9.740000000000000000e+02
9.830000000000000000e+02
9.910000000000000000e+02
1.002000000000000000e+03
1.016000000000000000e+03
1.020000000000000000e+03
1.031000000000000000e+03
1.040000000000000000e+03
1.051000000000000000e+03
1.059000000000000000e+03
1.066000000000000000e+03
1.081000000000000000e+03
1.091000000000000000e+03
1.098000000000000000e+03
1.104000000000000000e+03
1.108000000000000000e+03
1.109000000000000000e+03
1.113000000000000000e+03
1.116000000000000000e+03
1.124000000000000000e+03
1.132000000000000000e+03
1.137000000000000000e+03
1.140000000000000000e+03
1.148000000000000000e+03
1.149000000000000000e+03
1.153000000000000000e+03
1.158000000000000000e+03
1.164000000000000000e+03
1.167000000000000000e+03
1.170000000000000000e+03
1.175000000000000000e+03
1.178000000000000000e+03
1.178000000000000000e+03
1.179000000000000000e+03
1.182000000000000000e+03
1.185000000000000000e+03
1.187000000000000000e+03
1.191000000000000000e+03
1.194000000000000000e+03
1.198000000000000000e+03
1.200000000000000000e+03
1.200000000000000000e+03
1.202000000000000000e+03
1.208000000000000000e+03
1.212000000000000000e+03
1.215000000000000000e+03
1.215000000000000000e+03
1.220000000000000000e+03
1.222000000000000000e+03
1.224000000000000000e+03
1.224000000000000000e+03
1.225000000000000000e+03
1.226000000000000000e+03
1.226000000000000000e+03
1.226000000000000000e+03
1.227000000000000000e+03
1.229000000000000000e+03
1.229000000000000000e+03
1.230000000000000000e+03
1.233000000000000000e+03
1.234000000000000000e+03
1.235000000000000000e+03
1.236000000000000000e+03
1.236000000000000000e+03
1.238000000000000000e+03
1.240000000000000000e+03
1.245000000000000000e+03
1.245000000000000000e+03
1.246000000000000000e+03
1.248000000000000000e+03
1.249000000000000000e+03
1.249000000000000000e+03
1.250000000000000000e+03
1.251000000000000000e+03
1.251000000000000000e+03
1.253000000000000000e+03
1.253000000000000000e+03
1.254000000000000000e+03
1.255000000000000000e+03
1.256000000000000000e+03
1.256000000000000000e+03
1.257000000000000000e+03
1.257000000000000000e+03
1.257000000000000000e+03
1.258000000000000000e+03
1.259000000000000000e+03
1.260000000000000000e+03
1.260000000000000000e+03
1.260000000000000000e+03
1.260000000000000000e+03
1.261000000000000000e+03
1.263000000000000000e+03
1.263000000000000000e+03
1.265000000000000000e+03
1.266000000000000000e+03
1.267000000000000000e+03
1.268000000000000000e+03
1.271000000000000000e+03
1.271000000000000000e+03
1.273000000000000000e+03
1.275000000000000000e+03
1.275000000000000000e+03
1.276000000000000000e+03
1.278000000000000000e+03
1.281000000000000000e+03
1.282000000000000000e+03
1.284000000000000000e+03
1.288000000000000000e+03
1.297000000000000000e+03
1.303000000000000000e+03
1.308000000000000000e+03
1.315000000000000000e+03
1.321000000000000000e+03
1.324000000000000000e+03
1.332000000000000000e+03
1.348000000000000000e+03
1.365000000000000000e+03
1.389000000000000000e+03
1.416000000000000000e+03
1.444000000000000000e+03
1.492000000000000000e+03
1.525000000000000000e+03
1.554000000000000000e+03
1.595000000000000000e+03
1.644000000000000000e+03
1.691000000000000000e+03
1.744000000000000000e+03
1.794000000000000000e+03
1.855000000000000000e+03
1.915000000000000000e+03
1.967000000000000000e+03
2.022000000000000000e+03
2.091000000000000000e+03
2.138000000000000000e+03
2.199000000000000000e+03
2.271000000000000000e+03
2.341000000000000000e+03
2.397000000000000000e+03
2.443000000000000000e+03
2.492000000000000000e+03
2.559000000000000000e+03
2.618000000000000000e+03
2.672000000000000000e+03
2.736000000000000000e+03
2.775000000000000000e+03
2.822000000000000000e+03
2.867000000000000000e+03
2.904000000000000000e+03
2.949000000000000000e+03
2.991000000000000000e+03
3.022000000000000000e+03
3.052000000000000000e+03
3.084000000000000000e+03
3.113000000000000000e+03
3.138000000000000000e+03
3.162000000000000000e+03
3.196000000000000000e+03
3.221000000000000000e+03
3.250000000000000000e+03
3.272000000000000000e+03
3.295000000000000000e+03
3.316000000000000000e+03
3.338000000000000000e+03
3.355000000000000000e+03
3.376000000000000000e+03
3.389000000000000000e+03
3.406000000000000000e+03
3.412000000000000000e+03
3.422000000000000000e+03
3.430000000000000000e+03
3.447000000000000000e+03
3.459000000000000000e+03
3.474000000000000000e+03
3.484000000000000000e+03
3.491000000000000000e+03
3.499000000000000000e+03
3.509000000000000000e+03
3.512000000000000000e+03
3.515000000000000000e+03
3.521000000000000000e+03
3.529000000000000000e+03
3.538000000000000000e+03
3.550000000000000000e+03
3.556000000000000000e+03
3.564000000000000000e+03
3.569000000000000000e+03
3.573000000000000000e+03
3.574000000000000000e+03
3.578000000000000000e+03
3.583000000000000000e+03
3.586000000000000000e+03
3.587000000000000000e+03
3.587000000000000000e+03
3.591000000000000000e+03
3.596000000000000000e+03
3.599000000000000000e+03
3.602000000000000000e+03
3.605000000000000000e+03
3.608000000000000000e+03
3.611000000000000000e+03
3.614000000000000000e+03
3.616000000000000000e+03
3.617000000000000000e+03
3.620000000000000000e+03
3.622000000000000000e+03
3.623000000000000000e+03
3.626000000000000000e+03
3.629000000000000000e+03
3.631000000000000000e+03
3.633000000000000000e+03
3.635000000000000000e+03
3.636000000000000000e+03
3.636000000000000000e+03
3.637000000000000000e+03
3.638000000000000000e+03
3.638000000000000000e+03
3.639000000000000000e+03
3.639000000000000000e+03
3.639000000000000000e+03
3.641000000000000000e+03
3.642000000000000000e+03
3.645000000000000000e+03
3.646000000000000000e+03
3.647000000000000000e+03
3.647000000000000000e+03
3.648000000000000000e+03
3.648000000000000000e+03
3.649000000000000000e+03
3.649000000000000000e+03
3.649000000000000000e+03
3.649000000000000000e+03
3.650000000000000000e+03
3.652000000000000000e+03
3.653000000000000000e+03
3.653000000000000000e+03
3.653000000000000000e+03
3.654000000000000000e+03
3.654000000000000000e+03
3.654000000000000000e+03
3.657000000000000000e+03
3.657000000000000000e+03
3.657000000000000000e+03
3.658000000000000000e+03
3.658000000000000000e+03
3.658000000000000000e+03
3.658000000000000000e+03
3.658000000000000000e+03
3.658000000000000000e+03
3.658000000000000000e+03
3.659000000000000000e+03
3.659000000000000000e+03
3.659000000000000000e+03
3.660000000000000000e+03
3.660000000000000000e+03
3.660000000000000000e+03
3.660000000000000000e+03
3.661000000000000000e+03
3.661000000000000000e+03
3.661000000000000000e+03
3.661000000000000000e+03
3.661000000000000000e+03
3.662000000000000000e+03
3.662000000000000000e+03
3.663000000000000000e+03
3.664000000000000000e+03
3.664000000000000000e+03
3.664000000000000000e+03
3.664000000000000000e+03
3.664000000000000000e+03
3.664000000000000000e+03
3.664000000000000000e+03
3.666000000000000000e+03
3.666000000000000000e+03
3.666000000000000000e+03
3.666000000000000000e+03
3.666000000000000000e+03
3.667000000000000000e+03
3.667000000000000000e+03
3.667000000000000000e+03
3.667000000000000000e+03
3.667000000000000000e+03
3.667000000000000000e+03
3.667000000000000000e+03
3.667000000000000000e+03
3.667000000000000000e+03
3.667000000000000000e+03
3.667000000000000000e+03
3.667000000000000000e+03
3.667000000000000000e+03
3.667000000000000000e+03
3.667000000000000000e+03
3.667000000000000000e+03
3.667000000000000000e+03
3.668000000000000000e+03
3.668000000000000000e+03
3.668000000000000000e+03
3.668000000000000000e+03
3.668000000000000000e+03
3.669000000000000000e+03
3.670000000000000000e+03
3.670000000000000000e+03
3.671000000000000000e+03
3.671000000000000000e+03
3.673000000000000000e+03
3.674000000000000000e+03
3.678000000000000000e+03
3.679000000000000000e+03
3.684000000000000000e+03
3.685000000000000000e+03
3.685000000000000000e+03
3.688000000000000000e+03
3.691000000000000000e+03
3.697000000000000000e+03
3.702000000000000000e+03
3.709000000000000000e+03
3.716000000000000000e+03
3.726000000000000000e+03
3.730000000000000000e+03
3.734000000000000000e+03
3.740000000000000000e+03
3.743000000000000000e+03
3.753000000000000000e+03
3.762000000000000000e+03
3.772000000000000000e+03
3.782000000000000000e+03
3.790000000000000000e+03
3.798000000000000000e+03
3.812000000000000000e+03
3.817000000000000000e+03
3.825000000000000000e+03
3.830000000000000000e+03
3.834000000000000000e+03
3.844000000000000000e+03
3.852000000000000000e+03
3.860000000000000000e+03
3.866000000000000000e+03
3.873000000000000000e+03
3.877000000000000000e+03
3.879000000000000000e+03
3.885000000000000000e+03
3.890000000000000000e+03
3.895000000000000000e+03
3.900000000000000000e+03
3.905000000000000000e+03
3.906000000000000000e+03
3.907000000000000000e+03
3.910000000000000000e+03
3.914000000000000000e+03
3.915000000000000000e+03
3.917000000000000000e+03
3.920000000000000000e+03
3.921000000000000000e+03
3.925000000000000000e+03
3.928000000000000000e+03
3.928000000000000000e+03
3.930000000000000000e+03
3.933000000000000000e+03
3.933000000000000000e+03
3.934000000000000000e+03
3.935000000000000000e+03
3.936000000000000000e+03
3.937000000000000000e+03
3.937000000000000000e+03
3.938000000000000000e+03
3.939000000000000000e+03
3.939000000000000000e+03
3.941000000000000000e+03
3.942000000000000000e+03
3.943000000000000000e+03
3.943000000000000000e+03
3.945000000000000000e+03
3.946000000000000000e+03
3.947000000000000000e+03
3.947000000000000000e+03
3.947000000000000000e+03
3.951000000000000000e+03
3.952000000000000000e+03
3.952000000000000000e+03
3.953000000000000000e+03
3.955000000000000000e+03
3.957000000000000000e+03
3.958000000000000000e+03
3.958000000000000000e+03
3.959000000000000000e+03
3.959000000000000000e+03
3.959000000000000000e+03
3.960000000000000000e+03
3.960000000000000000e+03
3.960000000000000000e+03
3.960000000000000000e+03
3.960000000000000000e+03
3.960000000000000000e+03
3.960000000000000000e+03
3.961000000000000000e+03
3.962000000000000000e+03
3.962000000000000000e+03
3.962000000000000000e+03
3.962000000000000000e+03
3.963000000000000000e+03
3.963000000000000000e+03
3.964000000000000000e+03
3.965000000000000000e+03
3.966000000000000000e+03
3.966000000000000000e+03
3.966000000000000000e+03
3.966000000000000000e+03
3.966000000000000000e+03
3.966000000000000000e+03
3.966000000000000000e+03
3.966000000000000000e+03
3.967000000000000000e+03
3.967000000000000000e+03
3.967000000000000000e+03
3.967000000000000000e+03
3.967000000000000000e+03
3.967000000000000000e+03
3.967000000000000000e+03
3.967000000000000000e+03
3.967000000000000000e+03
3.967000000000000000e+03
3.968000000000000000e+03
3.969000000000000000e+03
3.969000000000000000e+03
3.970000000000000000e+03
3.973000000000000000e+03
3.973000000000000000e+03
3.973000000000000000e+03
3.973000000000000000e+03
3.973000000000000000e+03
3.974000000000000000e+03
3.974000000000000000e+03
3.974000000000000000e+03
3.974000000000000000e+03
3.976000000000000000e+03
3.976000000000000000e+03
3.976000000000000000e+03
3.976000000000000000e+03
3.976000000000000000e+03
3.976000000000000000e+03
3.976000000000000000e+03
3.976000000000000000e+03
3.976000000000000000e+03
3.976000000000000000e+03
3.976000000000000000e+03
3.976000000000000000e+03
3.982000000000000000e+03
3.982000000000000000e+03
3.982000000000000000e+03
3.983000000000000000e+03
3.983000000000000000e+03
3.983000000000000000e+03
3.983000000000000000e+03
3.983000000000000000e+03
3.983000000000000000e+03
3.983000000000000000e+03
3.983000000000000000e+03
3.983000000000000000e+03
3.984000000000000000e+03
3.984000000000000000e+03
3.984000000000000000e+03
3.985000000000000000e+03
3.985000000000000000e+03
3.985000000000000000e+03
3.985000000000000000e+03
3.985000000000000000e+03
3.985000000000000000e+03
3.985000000000000000e+03
3.985000000000000000e+03
3.985000000000000000e+03
3.987000000000000000e+03
3.987000000000000000e+03
3.987000000000000000e+03
3.988000000000000000e+03
3.988000000000000000e+03
3.988000000000000000e+03
3.988000000000000000e+03
3.988000000000000000e+03
3.988000000000000000e+03
3.989000000000000000e+03
3.989000000000000000e+03
3.989000000000000000e+03
3.989000000000000000e+03
3.989000000000000000e+03
3.989000000000000000e+03
3.990000000000000000e+03
3.990000000000000000e+03
3.992000000000000000e+03
3.992000000000000000e+03
3.994000000000000000e+03
3.997000000000000000e+03
3.998000000000000000e+03
3.998000000000000000e+03
4.000000000000000000e+03
4.003000000000000000e+03
4.003000000000000000e+03
4.003000000000000000e+03
4.003000000000000000e+03
4.003000000000000000e+03
4.003000000000000000e+03
4.006000000000000000e+03
4.006000000000000000e+03
4.006000000000000000e+03
4.007000000000000000e+03
4.007000000000000000e+03
4.007000000000000000e+03
4.008000000000000000e+03
4.008000000000000000e+03
4.008000000000000000e+03
4.008000000000000000e+03
4.008000000000000000e+03
4.008000000000000000e+03
4.008000000000000000e+03
4.008000000000000000e+03
4.008000000000000000e+03
4.009000000000000000e+03
4.009000000000000000e+03
4.009000000000000000e+03
4.009000000000000000e+03
4.013000000000000000e+03
4.013000000000000000e+03
4.013000000000000000e+03
4.013000000000000000e+03
4.013000000000000000e+03
4.013000000000000000e+03
4.015000000000000000e+03
