0.000000000000000000e+00
0.000000000000000000e+00
0.000000000000000000e+00
0.000000000000000000e+00
0.000000000000000000e+00
0.000000000000000000e+00
0.000000000000000000e+00
0.000000000000000000e+00
0.000000000000000000e+00
0.000000000000000000e+00
0.000000000000000000e+00
0.000000000000000000e+00
0.000000000000000000e+00
0.000000000000000000e+00
0.000000000000000000e+00
0.000000000000000000e+00
0.000000000000000000e+00
0.000000000000000000e+00
0.000000000000000000e+00
0.000000000000000000e+00
0.000000000000000000e+00
0.000000000000000000e+00
0.000000000000000000e+00
0.000000000000000000e+00
0.000000000000000000e+00
0.000000000000000000e+00
0.000000000000000000e+00
0.000000000000000000e+00
0.000000000000000000e+00
0.000000000000000000e+00
0.000000000000000000e+00
0.000000000000000000e+00
0.000000000000000000e+00
0.000000000000000000e+00
0.000000000000000000e+00
0.000000000000000000e+00
0.000000000000000000e+00
0.000000000000000000e+00
0.000000000000000000e+00
0.000000000000000000e+00
0.000000000000000000e+00
0.000000000000000000e+00
0.000000000000000000e+00
0.000000000000000000e+00
0.000000000000000000e+00
0.000000000000000000e+00
0.000000000000000000e+00
0.000000000000000000e+00
0.000000000000000000e+00
0.000000000000000000e+00
0.000000000000000000e+00
0.000000000000000000e+00
0.000000000000000000e+00
0.000000000000000000e+00
0.000000000000000000e+00
0.000000000000000000e+00
0.000000000000000000e+00
0.000000000000000000e+00
0.000000000000000000e+00
0.000000000000000000e+00
0.000000000000000000e+00
0.000000000000000000e+00
0.000000000000000000e+00
0.000000000000000000e+00
0.000000000000000000e+00
0.000000000000000000e+00
0.000000000000000000e+00
0.000000000000000000e+00
0.000000000000000000e+00
0.000000000000000000e+00
0.000000000000000000e+00
0.000000000000000000e+00
2.000000000000000000e+00
2.000000000000000000e+00
3.000000000000000000e+00
5.000000000000000000e+00
7.000000000000000000e+00
7.000000000000000000e+00
2.400000000000000000e+01
2.500000000000000000e+01
2.800000000000000000e+01
3.000000000000000000e+01
3.000000000000000000e+01
3.000000000000000000e+01
3.000000000000000000e+01
3.000000000000000000e+01
3.000000000000000000e+01
3.300000000000000000e+01
3.300000000000000000e+01
3.500000000000000000e+01
3.500000000000000000e+01
3.500000000000000000e+01
3.700000000000000000e+01
3.700000000000000000e+01
3.700000000000000000e+01
4.200000000000000000e+01
4.200000000000000000e+01
4.200000000000000000e+01
5.400000000000000000e+01
5.500000000000000000e+01
7.400000000000000000e+01
7.500000000000000000e+01
7.800000000000000000e+01
7.800000000000000000e+01
9.200000000000000000e+01
1.010000000000000000e+02
1.030000000000000000e+02
1.110000000000000000e+02
1.120000000000000000e+02
1.170000000000000000e+02
1.170000000000000000e+02
1.170000000000000000e+02
1.240000000000000000e+02
1.240000000000000000e+02
1.240000000000000000e+02
1.830000000000000000e+02
1.880000000000000000e+02
1.920000000000000000e+02
1.920000000000000000e+02
1.970000000000000000e+02
3.020000000000000000e+02
3.360000000000000000e+02
3.360000000000000000e+02
3.360000000000000000e+02
3.360000000000000000e+02
3.360000000000000000e+02
7.790000000000000000e+02
7.790000000000000000e+02
7.790000000000000000e+02
7.790000000000000000e+02
7.790000000000000000e+02
9.120000000000000000e+02
9.120000000000000000e+02
9.120000000000000000e+02
9.120000000000000000e+02
9.120000000000000000e+02
9.120000000000000000e+02
9.120000000000000000e+02
9.120000000000000000e+02
9.120000000000000000e+02
9.120000000000000000e+02
9.120000000000000000e+02
1.104000000000000000e+03
1.104000000000000000e+03
1.122000000000000000e+03
1.142000000000000000e+03
1.142000000000000000e+03
1.142000000000000000e+03
1.144000000000000000e+03
1.194000000000000000e+03
1.194000000000000000e+03
1.194000000000000000e+03
1.194000000000000000e+03
1.213000000000000000e+03
1.223000000000000000e+03
1.223000000000000000e+03
1.233000000000000000e+03
1.233000000000000000e+03
1.311000000000000000e+03
1.311000000000000000e+03
1.329000000000000000e+03
1.348000000000000000e+03
1.348000000000000000e+03
1.348000000000000000e+03
1.348000000000000000e+03
1.348000000000000000e+03
1.348000000000000000e+03
1.348000000000000000e+03
1.348000000000000000e+03
1.348000000000000000e+03
1.348000000000000000e+03
1.348000000000000000e+03
1.412000000000000000e+03
1.412000000000000000e+03
1.412000000000000000e+03
1.412000000000000000e+03
1.412000000000000000e+03
1.450000000000000000e+03
1.462000000000000000e+03
1.462000000000000000e+03
1.620000000000000000e+03
1.620000000000000000e+03
1.677000000000000000e+03
1.677000000000000000e+03
1.677000000000000000e+03
1.953000000000000000e+03
2.350000000000000000e+03
2.815000000000000000e+03
3.195000000000000000e+03
3.285000000000000000e+03
3.289000000000000000e+03
3.803000000000000000e+03
4.130000000000000000e+03
4.493000000000000000e+03
4.701000000000000000e+03
5.109000000000000000e+03
5.667000000000000000e+03
5.786000000000000000e+03
6.264000000000000000e+03
6.431000000000000000e+03
6.698000000000000000e+03
6.802000000000000000e+03
7.004000000000000000e+03
7.233000000000000000e+03
7.401000000000000000e+03
7.586000000000000000e+03
8.065000000000000000e+03
8.412000000000000000e+03
8.575000000000000000e+03
8.776000000000000000e+03
9.126000000000000000e+03
9.126000000000000000e+03
9.126000000000000000e+03
9.942000000000000000e+03
9.942000000000000000e+03
1.020800000000000000e+04
1.040000000000000000e+04
1.069300000000000000e+04
1.084000000000000000e+04
1.094500000000000000e+04
1.109200000000000000e+04
1.145400000000000000e+04
1.146900000000000000e+04
1.147900000000000000e+04
1.149400000000000000e+04
1.156200000000000000e+04
1.157200000000000000e+04
1.166800000000000000e+04
1.167400000000000000e+04
1.174800000000000000e+04
1.178700000000000000e+04
1.183900000000000000e+04
1.189900000000000000e+04
1.189900000000000000e+04
1.200700000000000000e+04
1.226000000000000000e+04
1.238000000000000000e+04
1.259000000000000000e+04
1.286900000000000000e+04
1.302900000000000000e+04
1.320700000000000000e+04
1.336500000000000000e+04
1.336500000000000000e+04
1.362900000000000000e+04
1.362900000000000000e+04
1.362900000000000000e+04
1.364300000000000000e+04
1.364300000000000000e+04
1.372700000000000000e+04
1.378400000000000000e+04
1.382100000000000000e+04
1.393700000000000000e+04
1.395900000000000000e+04
1.396100000000000000e+04
1.398000000000000000e+04
1.409400000000000000e+04
1.418700000000000000e+04
1.430600000000000000e+04
1.431300000000000000e+04
1.434200000000000000e+04
1.436500000000000000e+04
1.443900000000000000e+04
1.454100000000000000e+04
1.459900000000000000e+04
1.468200000000000000e+04
1.478300000000000000e+04
1.485000000000000000e+04
1.489900000000000000e+04
1.489900000000000000e+04
1.492700000000000000e+04
1.500500000000000000e+04
1.503100000000000000e+04
1.503800000000000000e+04
1.516800000000000000e+04
1.516800000000000000e+04
1.517900000000000000e+04
1.517900000000000000e+04
1.517900000000000000e+04
1.544500000000000000e+04
1.548100000000000000e+04
1.555900000000000000e+04
1.558500000000000000e+04
1.560000000000000000e+04
1.568000000000000000e+04
1.573300000000000000e+04
1.573300000000000000e+04
1.576300000000000000e+04
1.581900000000000000e+04
1.582700000000000000e+04
1.586200000000000000e+04
1.587300000000000000e+04
1.595000000000000000e+04
1.601100000000000000e+04
1.601900000000000000e+04
1.607000000000000000e+04
1.610200000000000000e+04
1.613400000000000000e+04
1.613700000000000000e+04
1.613700000000000000e+04
1.640000000000000000e+04
1.647300000000000000e+04
1.649500000000000000e+04
1.659100000000000000e+04
1.660600000000000000e+04
1.665900000000000000e+04
1.670100000000000000e+04
1.670100000000000000e+04
1.670700000000000000e+04
1.675500000000000000e+04
1.677900000000000000e+04
1.684500000000000000e+04
1.692500000000000000e+04
1.698300000000000000e+04
1.699800000000000000e+04
1.705900000000000000e+04
1.708600000000000000e+04
1.710200000000000000e+04
1.714500000000000000e+04
1.716800000000000000e+04
1.717300000000000000e+04
1.721100000000000000e+04
1.726800000000000000e+04
1.729500000000000000e+04
1.730700000000000000e+04
1.732900000000000000e+04
1.733900000000000000e+04
1.738800000000000000e+04
1.740900000000000000e+04
1.748700000000000000e+04
1.763500000000000000e+04
1.768000000000000000e+04
1.772900000000000000e+04
1.775600000000000000e+04
1.776200000000000000e+04
1.781800000000000000e+04
1.789000000000000000e+04
1.796900000000000000e+04
1.803600000000000000e+04
1.812700000000000000e+04
1.820000000000000000e+04
1.821000000000000000e+04
1.829600000000000000e+04
1.838000000000000000e+04
1.853000000000000000e+04
1.866000000000000000e+04
1.877300000000000000e+04
1.894200000000000000e+04
1.908300000000000000e+04
1.922900000000000000e+04
1.952600000000000000e+04
1.967200000000000000e+04
1.998000000000000000e+04
2.034900000000000000e+04
2.051200000000000000e+04
2.059800000000000000e+04
2.078100000000000000e+04
2.107400000000000000e+04
2.156800000000000000e+04
2.250400000000000000e+04
2.410500000000000000e+04
2.510600000000000000e+04
2.615900000000000000e+04
2.732700000000000000e+04
2.806600000000000000e+04
2.977500000000000000e+04
3.152200000000000000e+04
3.266700000000000000e+04
3.429300000000000000e+04
3.596000000000000000e+04
3.863900000000000000e+04
4.036200000000000000e+04
4.128200000000000000e+04
4.277100000000000000e+04
4.413300000000000000e+04
4.544300000000000000e+04
4.800000000000000000e+04
4.939400000000000000e+04
4.969600000000000000e+04
5.047900000000000000e+04
5.130500000000000000e+04
5.204500000000000000e+04
5.341000000000000000e+04
5.483500000000000000e+04
5.632900000000000000e+04
5.831900000000000000e+04
5.887500000000000000e+04
5.998900000000000000e+04
6.130200000000000000e+04
6.257500000000000000e+04
6.287000000000000000e+04
6.326200000000000000e+04
6.360900000000000000e+04
6.404000000000000000e+04
6.505100000000000000e+04
6.601300000000000000e+04
6.694300000000000000e+04
6.794400000000000000e+04
6.892800000000000000e+04
6.943600000000000000e+04
6.980300000000000000e+04
7.080000000000000000e+04
7.263500000000000000e+04
7.360900000000000000e+04
7.449800000000000000e+04
7.508700000000000000e+04
7.556300000000000000e+04
7.629900000000000000e+04
7.649800000000000000e+04
7.708100000000000000e+04
7.760900000000000000e+04
7.794300000000000000e+04
7.872100000000000000e+04
7.916200000000000000e+04
7.955600000000000000e+04
8.002700000000000000e+04
8.046200000000000000e+04
8.059900000000000000e+04
8.175600000000000000e+04
8.237500000000000000e+04
8.243200000000000000e+04
8.245700000000000000e+04
8.252700000000000000e+04
8.271400000000000000e+04
8.311000000000000000e+04
8.325800000000000000e+04
8.331900000000000000e+04
8.347800000000000000e+04
8.361700000000000000e+04
8.389500000000000000e+04
8.401800000000000000e+04
8.426400000000000000e+04
8.434700000000000000e+04
8.446400000000000000e+04
8.451900000000000000e+04
8.459200000000000000e+04
8.469800000000000000e+04
8.482500000000000000e+04
8.501700000000000000e+04
8.506800000000000000e+04
8.517800000000000000e+04
8.533800000000000000e+04
8.540900000000000000e+04
8.544600000000000000e+04
8.555900000000000000e+04
8.681300000000000000e+04
8.801800000000000000e+04
8.807700000000000000e+04
8.814400000000000000e+04
8.824100000000000000e+04
8.828300000000000000e+04
8.841400000000000000e+04
8.855500000000000000e+04
8.871800000000000000e+04
8.886000000000000000e+04
8.890000000000000000e+04
8.895600000000000000e+04
8.911700000000000000e+04
8.925600000000000000e+04
8.940300000000000000e+04
8.957400000000000000e+04
8.967800000000000000e+04
8.971700000000000000e+04
8.974300000000000000e+04
8.985200000000000000e+04
8.993300000000000000e+04
9.001200000000000000e+04
9.008200000000000000e+04
9.013000000000000000e+04
9.016600000000000000e+04
9.019800000000000000e+04
9.026400000000000000e+04
9.031600000000000000e+04
9.036300000000000000e+04
9.042800000000000000e+04
9.050100000000000000e+04
9.053900000000000000e+04
9.057400000000000000e+04
9.063500000000000000e+04
9.069900000000000000e+04
9.077700000000000000e+04
9.081600000000000000e+04
9.086200000000000000e+04
9.089200000000000000e+04
9.091900000000000000e+04
9.095500000000000000e+04
9.101900000000000000e+04
9.110200000000000000e+04
9.115600000000000000e+04
9.120000000000000000e+04
9.122100000000000000e+04
9.123900000000000000e+04
9.132100000000000000e+04
9.144300000000000000e+04
9.159400000000000000e+04
9.175200000000000000e+04
9.195600000000000000e+04
9.203900000000000000e+04
9.210800000000000000e+04
9.232000000000000000e+04
9.251400000000000000e+04
9.303600000000000000e+04
9.337400000000000000e+04
9.369400000000000000e+04
9.399200000000000000e+04
9.418900000000000000e+04
9.499500000000000000e+04
9.567400000000000000e+04
9.664600000000000000e+04
9.775600000000000000e+04
9.899400000000000000e+04
9.989500000000000000e+04
1.004230000000000000e+05
1.018850000000000000e+05
1.038840000000000000e+05
1.059600000000000000e+05
1.089600000000000000e+05
1.104500000000000000e+05
1.118440000000000000e+05
1.131090000000000000e+05
1.158980000000000000e+05
1.194110000000000000e+05
1.219650000000000000e+05
1.245820000000000000e+05
1.264410000000000000e+05
1.283120000000000000e+05
1.317920000000000000e+05
1.344190000000000000e+05
1.378190000000000000e+05
1.408800000000000000e+05
1.431280000000000000e+05
1.459080000000000000e+05
1.477510000000000000e+05
1.494210000000000000e+05
1.521030000000000000e+05
1.547760000000000000e+05
1.574890000000000000e+05
1.602150000000000000e+05
1.622390000000000000e+05
1.636810000000000000e+05
1.649240000000000000e+05
1.663880000000000000e+05
1.680520000000000000e+05
1.693200000000000000e+05
1.716990000000000000e+05
1.733200000000000000e+05
1.747280000000000000e+05
1.754290000000000000e+05
1.774190000000000000e+05
1.791710000000000000e+05
1.805350000000000000e+05
1.816380000000000000e+05
1.826650000000000000e+05
1.835340000000000000e+05
1.839570000000000000e+05
1.852100000000000000e+05
1.862110000000000000e+05
1.872360000000000000e+05
1.881060000000000000e+05
1.889500000000000000e+05
1.893410000000000000e+05
1.896580000000000000e+05
0.000000000000000000e+00
0.000000000000000000e+00
0.000000000000000000e+00
0.000000000000000000e+00
0.000000000000000000e+00
0.000000000000000000e+00
0.000000000000000000e+00
0.000000000000000000e+00
0.000000000000000000e+00
0.000000000000000000e+00
0.000000000000000000e+00
0.000000000000000000e+00
0.000000000000000000e+00
0.000000000000000000e+00
0.000000000000000000e+00
0.000000000000000000e+00
0.000000000000000000e+00
0.000000000000000000e+00
0.000000000000000000e+00
0.000000000000000000e+00
0.000000000000000000e+00
0.000000000000000000e+00
0.000000000000000000e+00
0.000000000000000000e+00
0.000000000000000000e+00
0.000000000000000000e+00
0.000000000000000000e+00
0.000000000000000000e+00
0.000000000000000000e+00
0.000000000000000000e+00
0.000000000000000000e+00
0.000000000000000000e+00
0.000000000000000000e+00
0.000000000000000000e+00
0.000000000000000000e+00
0.000000000000000000e+00
0.000000000000000000e+00
0.000000000000000000e+00
0.000000000000000000e+00
0.000000000000000000e+00
0.000000000000000000e+00
0.000000000000000000e+00
0.000000000000000000e+00
0.000000000000000000e+00
0.000000000000000000e+00
0.000000000000000000e+00
0.000000000000000000e+00
0.000000000000000000e+00
0.000000000000000000e+00
0.000000000000000000e+00
0.000000000000000000e+00
0.000000000000000000e+00
0.000000000000000000e+00
0.000000000000000000e+00
0.000000000000000000e+00
0.000000000000000000e+00
0.000000000000000000e+00
0.000000000000000000e+00
0.000000000000000000e+00
0.000000000000000000e+00
0.000000000000000000e+00
0.000000000000000000e+00
0.000000000000000000e+00
0.000000000000000000e+00
0.000000000000000000e+00
0.000000000000000000e+00
0.000000000000000000e+00
0.000000000000000000e+00
0.000000000000000000e+00
0.000000000000000000e+00
0.000000000000000000e+00
0.000000000000000000e+00
0.000000000000000000e+00
0.000000000000000000e+00
0.000000000000000000e+00
0.000000000000000000e+00
0.000000000000000000e+00
0.000000000000000000e+00
0.000000000000000000e+00
0.000000000000000000e+00
0.000000000000000000e+00
0.000000000000000000e+00
0.000000000000000000e+00
0.000000000000000000e+00
0.000000000000000000e+00
0.000000000000000000e+00
0.000000000000000000e+00
0.000000000000000000e+00
0.000000000000000000e+00
0.000000000000000000e+00
0.000000000000000000e+00
0.000000000000000000e+00
0.000000000000000000e+00
0.000000000000000000e+00
0.000000000000000000e+00
0.000000000000000000e+00
0.000000000000000000e+00
0.000000000000000000e+00
0.000000000000000000e+00
0.000000000000000000e+00
0.000000000000000000e+00
0.000000000000000000e+00
0.000000000000000000e+00
0.000000000000000000e+00
0.000000000000000000e+00
0.000000000000000000e+00
0.000000000000000000e+00
0.000000000000000000e+00
0.000000000000000000e+00
0.000000000000000000e+00
0.000000000000000000e+00
0.000000000000000000e+00
0.000000000000000000e+00
0.000000000000000000e+00
0.000000000000000000e+00
0.000000000000000000e+00
0.000000000000000000e+00
0.000000000000000000e+00
0.000000000000000000e+00
0.000000000000000000e+00
0.000000000000000000e+00
0.000000000000000000e+00
0.000000000000000000e+00
0.000000000000000000e+00
0.000000000000000000e+00
0.000000000000000000e+00
0.000000000000000000e+00
0.000000000000000000e+00
0.000000000000000000e+00
0.000000000000000000e+00
0.000000000000000000e+00
0.000000000000000000e+00
0.000000000000000000e+00
0.000000000000000000e+00
0.000000000000000000e+00
0.000000000000000000e+00
0.000000000000000000e+00
0.000000000000000000e+00
0.000000000000000000e+00
0.000000000000000000e+00
0.000000000000000000e+00
0.000000000000000000e+00
0.000000000000000000e+00
0.000000000000000000e+00
0.000000000000000000e+00
0.000000000000000000e+00
0.000000000000000000e+00
0.000000000000000000e+00
0.000000000000000000e+00
0.000000000000000000e+00
0.000000000000000000e+00
0.000000000000000000e+00
0.000000000000000000e+00
0.000000000000000000e+00
0.000000000000000000e+00
0.000000000000000000e+00
0.000000000000000000e+00
0.000000000000000000e+00
0.000000000000000000e+00
0.000000000000000000e+00
0.000000000000000000e+00
0.000000000000000000e+00
0.000000000000000000e+00
0.000000000000000000e+00
0.000000000000000000e+00
0.000000000000000000e+00
0.000000000000000000e+00
0.000000000000000000e+00
0.000000000000000000e+00
0.000000000000000000e+00
0.000000000000000000e+00
0.000000000000000000e+00
0.000000000000000000e+00
0.000000000000000000e+00
0.000000000000000000e+00
0.000000000000000000e+00
0.000000000000000000e+00
0.000000000000000000e+00
0.000000000000000000e+00
0.000000000000000000e+00
0.000000000000000000e+00
0.000000000000000000e+00
0.000000000000000000e+00
0.000000000000000000e+00
0.000000000000000000e+00
0.000000000000000000e+00
0.000000000000000000e+00
0.000000000000000000e+00
0.000000000000000000e+00
0.000000000000000000e+00
0.000000000000000000e+00
0.000000000000000000e+00
0.000000000000000000e+00
0.000000000000000000e+00
0.000000000000000000e+00
0.000000000000000000e+00
0.000000000000000000e+00
0.000000000000000000e+00
0.000000000000000000e+00
0.000000000000000000e+00
0.000000000000000000e+00
0.000000000000000000e+00
0.000000000000000000e+00
0.000000000000000000e+00
0.000000000000000000e+00
0.000000000000000000e+00
0.000000000000000000e+00
0.000000000000000000e+00
0.000000000000000000e+00
0.000000000000000000e+00
0.000000000000000000e+00
0.000000000000000000e+00
0.000000000000000000e+00
0.000000000000000000e+00
0.000000000000000000e+00
0.000000000000000000e+00
0.000000000000000000e+00
0.000000000000000000e+00
0.000000000000000000e+00
0.000000000000000000e+00
0.000000000000000000e+00
0.000000000000000000e+00
0.000000000000000000e+00
0.000000000000000000e+00
0.000000000000000000e+00
0.000000000000000000e+00
0.000000000000000000e+00
0.000000000000000000e+00
0.000000000000000000e+00
0.000000000000000000e+00
0.000000000000000000e+00
0.000000000000000000e+00
0.000000000000000000e+00
0.000000000000000000e+00
0.000000000000000000e+00
0.000000000000000000e+00
0.000000000000000000e+00
0.000000000000000000e+00
0.000000000000000000e+00
0.000000000000000000e+00
0.000000000000000000e+00
0.000000000000000000e+00
0.000000000000000000e+00
0.000000000000000000e+00
0.000000000000000000e+00
0.000000000000000000e+00
0.000000000000000000e+00
0.000000000000000000e+00
0.000000000000000000e+00
0.000000000000000000e+00
0.000000000000000000e+00
0.000000000000000000e+00
0.000000000000000000e+00
0.000000000000000000e+00
0.000000000000000000e+00
0.000000000000000000e+00
0.000000000000000000e+00
0.000000000000000000e+00
0.000000000000000000e+00
0.000000000000000000e+00
0.000000000000000000e+00
0.000000000000000000e+00
0.000000000000000000e+00
0.000000000000000000e+00
0.000000000000000000e+00
0.000000000000000000e+00
0.000000000000000000e+00
0.000000000000000000e+00
0.000000000000000000e+00
0.000000000000000000e+00
0.000000000000000000e+00
0.000000000000000000e+00
0.000000000000000000e+00
0.000000000000000000e+00
0.000000000000000000e+00
0.000000000000000000e+00
0.000000000000000000e+00
0.000000000000000000e+00
0.000000000000000000e+00
0.000000000000000000e+00
0.000000000000000000e+00
0.000000000000000000e+00
0.000000000000000000e+00
0.000000000000000000e+00
0.000000000000000000e+00
0.000000000000000000e+00
0.000000000000000000e+00
0.000000000000000000e+00
0.000000000000000000e+00
0.000000000000000000e+00
0.000000000000000000e+00
0.000000000000000000e+00
0.000000000000000000e+00
0.000000000000000000e+00
0.000000000000000000e+00
0.000000000000000000e+00
0.000000000000000000e+00
0.000000000000000000e+00
0.000000000000000000e+00
0.000000000000000000e+00
0.000000000000000000e+00
0.000000000000000000e+00
0.000000000000000000e+00
0.000000000000000000e+00
0.000000000000000000e+00
0.000000000000000000e+00
0.000000000000000000e+00
0.000000000000000000e+00
0.000000000000000000e+00
0.000000000000000000e+00
0.000000000000000000e+00
0.000000000000000000e+00
0.000000000000000000e+00
0.000000000000000000e+00
0.000000000000000000e+00
