2.379982497090150428e+05
2.387200791715767118e+05
2.395836494780192443e+05
2.405097628530580259e+05
2.414151650038216321e+05
2.423167606739942566e+05
2.431883650645072630e+05
2.443064629302115645e+05
2.450282923927730590e+05
2.458918626992161735e+05
2.468179760742541985e+05
2.477233782250179502e+05
2.486249738951904874e+05
2.494965782857037557e+05
2.506146761514078826e+05
2.513365056139692606e+05
2.522000759204121714e+05
2.531261892954503710e+05
2.540315914462142391e+05
2.549331871163869218e+05
2.558047915068996663e+05
2.569228893726044917e+05
2.576447188351658697e+05
2.585082891416088387e+05
2.594344025166469219e+05
2.603398046674107318e+05
2.612414003375830944e+05
2.621130047280961880e+05
2.632311025938010425e+05
2.639529320563619840e+05
2.648165023628051858e+05
2.657426157378431526e+05
2.666480178886073991e+05
2.675496135587798199e+05
2.684212179492927389e+05
2.695393158149973024e+05
2.702611452775589423e+05
2.711247155840014457e+05
2.720508289590397035e+05
2.729562311098034261e+05
2.738578267799760215e+05
2.747294311704894644e+05
2.758475290361937368e+05
2.765693584987550275e+05
2.774329288051977637e+05
2.783590421802359051e+05
2.792644443310000934e+05
2.801660400011726888e+05
2.810376443916859571e+05
2.821557422573902295e+05
2.828775717199516948e+05
2.837411420263944892e+05
2.846672554014325724e+05
2.855726575521967025e+05
2.864742532223691233e+05
2.873458576128824498e+05
2.884639554785866640e+05
2.891857849411478383e+05
2.900493552475905162e+05
2.909754686226286576e+05
