0.000000000000000000e+00
0.000000000000000000e+00
0.000000000000000000e+00
0.000000000000000000e+00
0.000000000000000000e+00
0.000000000000000000e+00
0.000000000000000000e+00
0.000000000000000000e+00
0.000000000000000000e+00
0.000000000000000000e+00
0.000000000000000000e+00
0.000000000000000000e+00
0.000000000000000000e+00
0.000000000000000000e+00
0.000000000000000000e+00
0.000000000000000000e+00
0.000000000000000000e+00
0.000000000000000000e+00
0.000000000000000000e+00
0.000000000000000000e+00
0.000000000000000000e+00
0.000000000000000000e+00
0.000000000000000000e+00
0.000000000000000000e+00
0.000000000000000000e+00
0.000000000000000000e+00
0.000000000000000000e+00
0.000000000000000000e+00
0.000000000000000000e+00
0.000000000000000000e+00
0.000000000000000000e+00
0.000000000000000000e+00
0.000000000000000000e+00
0.000000000000000000e+00
0.000000000000000000e+00
0.000000000000000000e+00
0.000000000000000000e+00
0.000000000000000000e+00
0.000000000000000000e+00
0.000000000000000000e+00
0.000000000000000000e+00
0.000000000000000000e+00
0.000000000000000000e+00
0.000000000000000000e+00
0.000000000000000000e+00
0.000000000000000000e+00
0.000000000000000000e+00
0.000000000000000000e+00
0.000000000000000000e+00
0.000000000000000000e+00
0.000000000000000000e+00
0.000000000000000000e+00
0.000000000000000000e+00
0.000000000000000000e+00
0.000000000000000000e+00
0.000000000000000000e+00
0.000000000000000000e+00
0.000000000000000000e+00
0.000000000000000000e+00
0.000000000000000000e+00
0.000000000000000000e+00
0.000000000000000000e+00
0.000000000000000000e+00
0.000000000000000000e+00
0.000000000000000000e+00
0.000000000000000000e+00
0.000000000000000000e+00
0.000000000000000000e+00
0.000000000000000000e+00
0.000000000000000000e+00
0.000000000000000000e+00
0.000000000000000000e+00
0.000000000000000000e+00
0.000000000000000000e+00
0.000000000000000000e+00
0.000000000000000000e+00
0.000000000000000000e+00
0.000000000000000000e+00
0.000000000000000000e+00
0.000000000000000000e+00
0.000000000000000000e+00
0.000000000000000000e+00
0.000000000000000000e+00
0.000000000000000000e+00
0.000000000000000000e+00
0.000000000000000000e+00
0.000000000000000000e+00
0.000000000000000000e+00
0.000000000000000000e+00
3.000000000000000000e+00
3.000000000000000000e+00
8.000000000000000000e+00
8.000000000000000000e+00
1.000000000000000000e+01
1.000000000000000000e+01
1.200000000000000000e+01
1.200000000000000000e+01
1.200000000000000000e+01
1.200000000000000000e+01
1.200000000000000000e+01
1.200000000000000000e+01
1.400000000000000000e+01
1.400000000000000000e+01
1.400000000000000000e+01
1.400000000000000000e+01
1.400000000000000000e+01
1.400000000000000000e+01
1.400000000000000000e+01
1.400000000000000000e+01
1.400000000000000000e+01
1.400000000000000000e+01
1.400000000000000000e+01
1.400000000000000000e+01
1.400000000000000000e+01
1.500000000000000000e+01
1.500000000000000000e+01
1.500000000000000000e+01
1.500000000000000000e+01
1.500000000000000000e+01
1.500000000000000000e+01
1.500000000000000000e+01
1.500000000000000000e+01
1.500000000000000000e+01
1.500000000000000000e+01
1.500000000000000000e+01
1.500000000000000000e+01
1.500000000000000000e+01
1.500000000000000000e+01
1.500000000000000000e+01
1.500000000000000000e+01
1.500000000000000000e+01
1.500000000000000000e+01
1.500000000000000000e+01
1.500000000000000000e+01
1.800000000000000000e+01
1.800000000000000000e+01
1.800000000000000000e+01
1.800000000000000000e+01
1.800000000000000000e+01
1.800000000000000000e+01
1.800000000000000000e+01
1.800000000000000000e+01
1.800000000000000000e+01
1.800000000000000000e+01
1.800000000000000000e+01
1.800000000000000000e+01
1.800000000000000000e+01
1.800000000000000000e+01
1.800000000000000000e+01
1.800000000000000000e+01
1.800000000000000000e+01
1.800000000000000000e+01
1.800000000000000000e+01
1.800000000000000000e+01
1.800000000000000000e+01
1.800000000000000000e+01
1.800000000000000000e+01
1.800000000000000000e+01
1.800000000000000000e+01
1.800000000000000000e+01
1.800000000000000000e+01
1.800000000000000000e+01
1.800000000000000000e+01
1.800000000000000000e+01
1.800000000000000000e+01
1.800000000000000000e+01
1.800000000000000000e+01
1.800000000000000000e+01
1.800000000000000000e+01
1.800000000000000000e+01
1.800000000000000000e+01
1.800000000000000000e+01
1.800000000000000000e+01
1.800000000000000000e+01
1.800000000000000000e+01
1.800000000000000000e+01
1.800000000000000000e+01
1.800000000000000000e+01
1.800000000000000000e+01
1.800000000000000000e+01
1.800000000000000000e+01
1.800000000000000000e+01
1.800000000000000000e+01
1.800000000000000000e+01
1.800000000000000000e+01
1.800000000000000000e+01
1.800000000000000000e+01
1.800000000000000000e+01
1.800000000000000000e+01
1.800000000000000000e+01
1.800000000000000000e+01
1.800000000000000000e+01
1.800000000000000000e+01
1.800000000000000000e+01
1.800000000000000000e+01
1.800000000000000000e+01
1.800000000000000000e+01
1.800000000000000000e+01
1.800000000000000000e+01
1.800000000000000000e+01
1.800000000000000000e+01
1.800000000000000000e+01
1.800000000000000000e+01
1.800000000000000000e+01
2.000000000000000000e+01
2.000000000000000000e+01
2.000000000000000000e+01
2.000000000000000000e+01
2.000000000000000000e+01
2.000000000000000000e+01
2.000000000000000000e+01
2.000000000000000000e+01
2.000000000000000000e+01
2.300000000000000000e+01
2.300000000000000000e+01
2.300000000000000000e+01
2.300000000000000000e+01
2.300000000000000000e+01
2.300000000000000000e+01
2.300000000000000000e+01
2.300000000000000000e+01
2.300000000000000000e+01
2.300000000000000000e+01
2.300000000000000000e+01
2.300000000000000000e+01
2.300000000000000000e+01
2.300000000000000000e+01
2.400000000000000000e+01
2.400000000000000000e+01
2.400000000000000000e+01
2.400000000000000000e+01
2.400000000000000000e+01
2.400000000000000000e+01
2.400000000000000000e+01
2.400000000000000000e+01
2.400000000000000000e+01
2.400000000000000000e+01
2.400000000000000000e+01
2.400000000000000000e+01
2.600000000000000000e+01
2.600000000000000000e+01
2.600000000000000000e+01
2.600000000000000000e+01
2.600000000000000000e+01
2.800000000000000000e+01
2.800000000000000000e+01
2.800000000000000000e+01
2.800000000000000000e+01
2.800000000000000000e+01
2.800000000000000000e+01
2.800000000000000000e+01
2.800000000000000000e+01
2.800000000000000000e+01
2.800000000000000000e+01
2.800000000000000000e+01
2.800000000000000000e+01
2.800000000000000000e+01
2.800000000000000000e+01
2.800000000000000000e+01
2.800000000000000000e+01
2.800000000000000000e+01
2.800000000000000000e+01
2.800000000000000000e+01
2.800000000000000000e+01
2.800000000000000000e+01
3.000000000000000000e+01
3.000000000000000000e+01
3.000000000000000000e+01
3.000000000000000000e+01
3.000000000000000000e+01
3.000000000000000000e+01
3.000000000000000000e+01
3.000000000000000000e+01
3.000000000000000000e+01
3.000000000000000000e+01
3.000000000000000000e+01
3.000000000000000000e+01
3.000000000000000000e+01
3.000000000000000000e+01
3.000000000000000000e+01
3.100000000000000000e+01
3.100000000000000000e+01
3.100000000000000000e+01
3.100000000000000000e+01
3.100000000000000000e+01
3.100000000000000000e+01
3.100000000000000000e+01
3.100000000000000000e+01
3.100000000000000000e+01
3.100000000000000000e+01
3.100000000000000000e+01
3.100000000000000000e+01
3.100000000000000000e+01
3.100000000000000000e+01
3.200000000000000000e+01
3.200000000000000000e+01
3.200000000000000000e+01
3.200000000000000000e+01
3.200000000000000000e+01
3.200000000000000000e+01
3.200000000000000000e+01
3.200000000000000000e+01
3.200000000000000000e+01
3.200000000000000000e+01
3.300000000000000000e+01
3.300000000000000000e+01
3.300000000000000000e+01
3.300000000000000000e+01
3.300000000000000000e+01
3.300000000000000000e+01
3.300000000000000000e+01
3.300000000000000000e+01
3.300000000000000000e+01
3.300000000000000000e+01
3.300000000000000000e+01
3.300000000000000000e+01
3.300000000000000000e+01
3.300000000000000000e+01
3.300000000000000000e+01
3.300000000000000000e+01
3.300000000000000000e+01
3.500000000000000000e+01
3.500000000000000000e+01
3.500000000000000000e+01
3.500000000000000000e+01
3.500000000000000000e+01
3.800000000000000000e+01
3.800000000000000000e+01
3.800000000000000000e+01
3.800000000000000000e+01
3.800000000000000000e+01
4.200000000000000000e+01
4.200000000000000000e+01
4.200000000000000000e+01
4.200000000000000000e+01
4.400000000000000000e+01
4.400000000000000000e+01
4.400000000000000000e+01
4.400000000000000000e+01
4.400000000000000000e+01
4.400000000000000000e+01
4.400000000000000000e+01
4.400000000000000000e+01
4.400000000000000000e+01
4.400000000000000000e+01
4.400000000000000000e+01
4.400000000000000000e+01
4.400000000000000000e+01
4.400000000000000000e+01
4.400000000000000000e+01
4.400000000000000000e+01
4.400000000000000000e+01
4.400000000000000000e+01
4.400000000000000000e+01
4.700000000000000000e+01
4.700000000000000000e+01
4.700000000000000000e+01
4.700000000000000000e+01
4.700000000000000000e+01
4.700000000000000000e+01
4.700000000000000000e+01
5.300000000000000000e+01
5.300000000000000000e+01
5.300000000000000000e+01
5.300000000000000000e+01
5.300000000000000000e+01
5.300000000000000000e+01
5.300000000000000000e+01
5.300000000000000000e+01
5.300000000000000000e+01
5.300000000000000000e+01
5.300000000000000000e+01
5.300000000000000000e+01
5.300000000000000000e+01
5.300000000000000000e+01
5.300000000000000000e+01
5.300000000000000000e+01
5.300000000000000000e+01
5.300000000000000000e+01
5.300000000000000000e+01
5.300000000000000000e+01
5.300000000000000000e+01
5.300000000000000000e+01
5.300000000000000000e+01
5.300000000000000000e+01
5.400000000000000000e+01
5.400000000000000000e+01
5.400000000000000000e+01
5.400000000000000000e+01
5.400000000000000000e+01
5.400000000000000000e+01
5.400000000000000000e+01
5.400000000000000000e+01
5.400000000000000000e+01
5.400000000000000000e+01
5.400000000000000000e+01
5.400000000000000000e+01
5.400000000000000000e+01
5.400000000000000000e+01
5.400000000000000000e+01
5.400000000000000000e+01
5.400000000000000000e+01
5.400000000000000000e+01
5.400000000000000000e+01
5.400000000000000000e+01
5.400000000000000000e+01
5.400000000000000000e+01
5.400000000000000000e+01
5.400000000000000000e+01
5.500000000000000000e+01
5.500000000000000000e+01
5.700000000000000000e+01
5.700000000000000000e+01
5.700000000000000000e+01
5.700000000000000000e+01
6.000000000000000000e+01
6.000000000000000000e+01
6.000000000000000000e+01
6.000000000000000000e+01
6.000000000000000000e+01
6.000000000000000000e+01
6.400000000000000000e+01
6.400000000000000000e+01
6.400000000000000000e+01
6.400000000000000000e+01
6.400000000000000000e+01
6.400000000000000000e+01
6.400000000000000000e+01
6.400000000000000000e+01
6.400000000000000000e+01
6.400000000000000000e+01
6.400000000000000000e+01
6.400000000000000000e+01
6.400000000000000000e+01
6.400000000000000000e+01
6.400000000000000000e+01
6.400000000000000000e+01
6.400000000000000000e+01
6.400000000000000000e+01
6.400000000000000000e+01
6.400000000000000000e+01
6.400000000000000000e+01
6.400000000000000000e+01
6.400000000000000000e+01
6.400000000000000000e+01
6.400000000000000000e+01
6.400000000000000000e+01
6.400000000000000000e+01
6.400000000000000000e+01
6.400000000000000000e+01
6.400000000000000000e+01
6.500000000000000000e+01
6.500000000000000000e+01
6.500000000000000000e+01
6.500000000000000000e+01
6.500000000000000000e+01
6.500000000000000000e+01
6.500000000000000000e+01
6.500000000000000000e+01
6.500000000000000000e+01
6.500000000000000000e+01
6.500000000000000000e+01
6.500000000000000000e+01
6.500000000000000000e+01
6.500000000000000000e+01
6.800000000000000000e+01
6.800000000000000000e+01
6.800000000000000000e+01
7.500000000000000000e+01
8.400000000000000000e+01
8.400000000000000000e+01
8.400000000000000000e+01
9.600000000000000000e+01
9.800000000000000000e+01
1.010000000000000000e+02
1.010000000000000000e+02
1.060000000000000000e+02
1.090000000000000000e+02
1.090000000000000000e+02
1.090000000000000000e+02
1.190000000000000000e+02
1.190000000000000000e+02
1.190000000000000000e+02
1.190000000000000000e+02
1.290000000000000000e+02
1.290000000000000000e+02
1.340000000000000000e+02
1.340000000000000000e+02
1.350000000000000000e+02
1.470000000000000000e+02
1.550000000000000000e+02
1.590000000000000000e+02
1.610000000000000000e+02
1.610000000000000000e+02
1.640000000000000000e+02
1.670000000000000000e+02
1.670000000000000000e+02
1.810000000000000000e+02
1.830000000000000000e+02
1.890000000000000000e+02
1.930000000000000000e+02
1.930000000000000000e+02
2.300000000000000000e+02
2.340000000000000000e+02
2.490000000000000000e+02
2.560000000000000000e+02
2.780000000000000000e+02
3.040000000000000000e+02
3.120000000000000000e+02
3.350000000000000000e+02
3.670000000000000000e+02
3.880000000000000000e+02
4.520000000000000000e+02
4.520000000000000000e+02
4.730000000000000000e+02
4.730000000000000000e+02
5.320000000000000000e+02
6.180000000000000000e+02
6.360000000000000000e+02
6.530000000000000000e+02
6.750000000000000000e+02
7.360000000000000000e+02
7.530000000000000000e+02
7.790000000000000000e+02
8.080000000000000000e+02
8.820000000000000000e+02
9.180000000000000000e+02
9.700000000000000000e+02
1.101000000000000000e+03
1.209000000000000000e+03
1.287000000000000000e+03
1.318000000000000000e+03
1.355000000000000000e+03
1.456000000000000000e+03
1.518000000000000000e+03
1.697000000000000000e+03
1.859000000000000000e+03
1.991000000000000000e+03
2.221000000000000000e+03
2.221000000000000000e+03
2.748000000000000000e+03
3.218000000000000000e+03
3.377000000000000000e+03
3.765000000000000000e+03
3.890000000000000000e+03
4.233000000000000000e+03
4.550000000000000000e+03
4.729000000000000000e+03
5.521000000000000000e+03
5.686000000000000000e+03
5.928000000000000000e+03
6.191000000000000000e+03
6.319000000000000000e+03
6.706000000000000000e+03
6.951000000000000000e+03
7.195000000000000000e+03
7.705000000000000000e+03
7.942000000000000000e+03
8.531000000000000000e+03
9.644000000000000000e+03
1.084800000000000000e+04
0.000000000000000000e+00
0.000000000000000000e+00
0.000000000000000000e+00
0.000000000000000000e+00
0.000000000000000000e+00
0.000000000000000000e+00
0.000000000000000000e+00
0.000000000000000000e+00
0.000000000000000000e+00
0.000000000000000000e+00
0.000000000000000000e+00
0.000000000000000000e+00
0.000000000000000000e+00
0.000000000000000000e+00
0.000000000000000000e+00
0.000000000000000000e+00
0.000000000000000000e+00
0.000000000000000000e+00
0.000000000000000000e+00
0.000000000000000000e+00
0.000000000000000000e+00
0.000000000000000000e+00
0.000000000000000000e+00
0.000000000000000000e+00
0.000000000000000000e+00
0.000000000000000000e+00
0.000000000000000000e+00
0.000000000000000000e+00
0.000000000000000000e+00
0.000000000000000000e+00
0.000000000000000000e+00
0.000000000000000000e+00
0.000000000000000000e+00
0.000000000000000000e+00
0.000000000000000000e+00
0.000000000000000000e+00
0.000000000000000000e+00
0.000000000000000000e+00
0.000000000000000000e+00
0.000000000000000000e+00
0.000000000000000000e+00
0.000000000000000000e+00
0.000000000000000000e+00
0.000000000000000000e+00
0.000000000000000000e+00
0.000000000000000000e+00
0.000000000000000000e+00
0.000000000000000000e+00
0.000000000000000000e+00
0.000000000000000000e+00
0.000000000000000000e+00
0.000000000000000000e+00
0.000000000000000000e+00
0.000000000000000000e+00
0.000000000000000000e+00
0.000000000000000000e+00
0.000000000000000000e+00
0.000000000000000000e+00
0.000000000000000000e+00
0.000000000000000000e+00
0.000000000000000000e+00
0.000000000000000000e+00
0.000000000000000000e+00
0.000000000000000000e+00
0.000000000000000000e+00
0.000000000000000000e+00
0.000000000000000000e+00
0.000000000000000000e+00
0.000000000000000000e+00
0.000000000000000000e+00
0.000000000000000000e+00
0.000000000000000000e+00
0.000000000000000000e+00
0.000000000000000000e+00
0.000000000000000000e+00
0.000000000000000000e+00
0.000000000000000000e+00
0.000000000000000000e+00
0.000000000000000000e+00
0.000000000000000000e+00
0.000000000000000000e+00
0.000000000000000000e+00
0.000000000000000000e+00
0.000000000000000000e+00
0.000000000000000000e+00
0.000000000000000000e+00
0.000000000000000000e+00
0.000000000000000000e+00
0.000000000000000000e+00
0.000000000000000000e+00
0.000000000000000000e+00
0.000000000000000000e+00
0.000000000000000000e+00
0.000000000000000000e+00
0.000000000000000000e+00
0.000000000000000000e+00
0.000000000000000000e+00
0.000000000000000000e+00
0.000000000000000000e+00
0.000000000000000000e+00
0.000000000000000000e+00
0.000000000000000000e+00
0.000000000000000000e+00
0.000000000000000000e+00
0.000000000000000000e+00
0.000000000000000000e+00
0.000000000000000000e+00
0.000000000000000000e+00
0.000000000000000000e+00
0.000000000000000000e+00
0.000000000000000000e+00
0.000000000000000000e+00
0.000000000000000000e+00
0.000000000000000000e+00
0.000000000000000000e+00
0.000000000000000000e+00
0.000000000000000000e+00
0.000000000000000000e+00
0.000000000000000000e+00
0.000000000000000000e+00
0.000000000000000000e+00
0.000000000000000000e+00
0.000000000000000000e+00
0.000000000000000000e+00
0.000000000000000000e+00
0.000000000000000000e+00
0.000000000000000000e+00
0.000000000000000000e+00
0.000000000000000000e+00
0.000000000000000000e+00
0.000000000000000000e+00
0.000000000000000000e+00
0.000000000000000000e+00
0.000000000000000000e+00
0.000000000000000000e+00
0.000000000000000000e+00
0.000000000000000000e+00
0.000000000000000000e+00
0.000000000000000000e+00
0.000000000000000000e+00
0.000000000000000000e+00
0.000000000000000000e+00
0.000000000000000000e+00
0.000000000000000000e+00
0.000000000000000000e+00
0.000000000000000000e+00
0.000000000000000000e+00
0.000000000000000000e+00
0.000000000000000000e+00
0.000000000000000000e+00
0.000000000000000000e+00
0.000000000000000000e+00
0.000000000000000000e+00
0.000000000000000000e+00
0.000000000000000000e+00
0.000000000000000000e+00
0.000000000000000000e+00
0.000000000000000000e+00
0.000000000000000000e+00
0.000000000000000000e+00
0.000000000000000000e+00
0.000000000000000000e+00
0.000000000000000000e+00
0.000000000000000000e+00
0.000000000000000000e+00
0.000000000000000000e+00
0.000000000000000000e+00
0.000000000000000000e+00
0.000000000000000000e+00
0.000000000000000000e+00
0.000000000000000000e+00
0.000000000000000000e+00
0.000000000000000000e+00
0.000000000000000000e+00
0.000000000000000000e+00
0.000000000000000000e+00
0.000000000000000000e+00
0.000000000000000000e+00
0.000000000000000000e+00
0.000000000000000000e+00
0.000000000000000000e+00
0.000000000000000000e+00
0.000000000000000000e+00
0.000000000000000000e+00
0.000000000000000000e+00
0.000000000000000000e+00
0.000000000000000000e+00
0.000000000000000000e+00
0.000000000000000000e+00
0.000000000000000000e+00
0.000000000000000000e+00
0.000000000000000000e+00
0.000000000000000000e+00
0.000000000000000000e+00
0.000000000000000000e+00
0.000000000000000000e+00
0.000000000000000000e+00
0.000000000000000000e+00
0.000000000000000000e+00
0.000000000000000000e+00
0.000000000000000000e+00
0.000000000000000000e+00
0.000000000000000000e+00
0.000000000000000000e+00
0.000000000000000000e+00
0.000000000000000000e+00
0.000000000000000000e+00
0.000000000000000000e+00
0.000000000000000000e+00
0.000000000000000000e+00
0.000000000000000000e+00
0.000000000000000000e+00
0.000000000000000000e+00
0.000000000000000000e+00
0.000000000000000000e+00
0.000000000000000000e+00
0.000000000000000000e+00
