8.812068480270896771e+02
8.843185080218272560e+02
8.889492018190793488e+02
8.933656558168360107e+02
8.988410846435544954e+02
9.036879781634789879e+02
9.091807696422388290e+02
9.142016552566967675e+02
9.191420448290433569e+02
9.254254460506791702e+02
9.313075375064520358e+02
9.380544429269258444e+02
9.439755500094049694e+02
9.503461097986654522e+02
9.560528902771794719e+02
9.614953701375053470e+02
9.681082835304659966e+02
9.741612818029275331e+02
9.809367372112292287e+02
9.867620459923919043e+02
9.929316818975172509e+02
9.983522895820183294e+02
1.003443319747323585e+03
1.009659032468716077e+03
1.015287649637943673e+03
1.021628695272517348e+03
1.027024893305494516e+03
1.032783884318495666e+03
1.037823058816278945e+03
1.042570014769120462e+03
1.048484469171301498e+03
1.053857405268500088e+03
1.059988492345568829e+03
1.065218143324662378e+03
1.070849464923166806e+03
1.075793389129722755e+03
1.080469483041529429e+03
1.086328254622213990e+03
1.091650722717085273e+03
1.097726274185083184e+03
1.102885159078814013e+03
1.108420864451984926e+03
1.113235641960507792e+03
1.117741673695236386e+03
1.123383682565018717e+03
1.128438746025718046e+03
1.134194328455231698e+03
1.138980877749672118e+03
1.144094223721526760e+03
1.148441052907458470e+03
1.152439946114096529e+03
1.157543789294225689e+03
1.162039323069336660e+03
1.167224854760287371e+03
1.171442488838907366e+03
1.176000125174914501e+03
1.179816512573080672e+03
1.183321857513762552e+03
1.187979812555473927e+03
1.192086623438158767e+03
