2.223226682242830421e+01
1.919338712463359542e+01
1.778928978310437259e+01
1.768770234006954212e+01
2.071275467622171362e+01
1.964059965640710104e+01
-5.693650937285415381e+01
1.356472226485204935e+01
9.202910173056151777e+00
6.799275674969440075e+00
6.052141165939225687e+00
8.804920751482448793e+00
7.841150471262837485e+00
-6.825164765534745470e+01
3.093145030676530460e+00
-9.392926122377343034e-02
-1.030212751432270535e+00
-6.519849151806655918e-02
4.588990279914441750e+00
5.654403707788841160e+00
-6.834690998237348936e+01
5.084292210510112042e+00
3.911420546291841216e+00
4.852381943400592590e+00
7.497375286521867466e+00
1.358033298407892708e+01
1.577744393685245505e+01
-5.742555830627181734e+01
1.644496226337124156e+01
1.533833843506494965e+01
1.597038544578363428e+01
1.794127216586782225e+01
2.300665528286842942e+01
2.387552084196279978e+01
-5.092356209136795542e+01
2.113456095937920765e+01
1.805779016687409921e+01
1.662569557230231609e+01
1.650535776249879660e+01
1.952036641806121509e+01
1.844648845460973163e+01
-5.812422075728942872e+01
1.239154144729637075e+01
8.052605664557727749e+00
5.680598893927932380e+00
4.974406641513576588e+00
7.778114645519069725e+00
6.875976584721577467e+00
-6.914379520671600687e+01
2.286000175803717838e+00
-8.037051382451183557e-01
-1.630139320790168433e+00
-5.430356842388674998e-01
4.244819003734829010e+00
5.454332775354108875e+00
-6.839410473494234566e+01
5.196557132794977996e+00
4.187008390760391663e+00
5.291938382392674001e+00
8.097887076709877618e+00
