-6.835012793055639122e+02
-5.434355508605974592e+02
-1.365763724557447858e+03
-5.206391992854596538e+02
-6.832381535792914065e+02
-6.878680413312017663e+02
-3.069118169242560157e+02
-7.119382148588495056e+02
-5.718724864139643387e+02
-1.394200660109222099e+03
-5.490761348382275173e+02
-7.116750891294706207e+02
-7.163049768845322660e+02
-3.353487524774339477e+02
-7.403751504121348717e+02
-6.003094219668519145e+02
-1.422637595663097045e+03
-5.775130703928072080e+02
-7.401120246840151822e+02
-7.447419124355726581e+02
-3.637856880296452573e+02
-7.688120859632161910e+02
-6.287463575202183392e+02
-1.451074531215650495e+03
-6.059500059440985069e+02
-7.685489602363772974e+02
-7.731788479911929244e+02
-3.922226235837999866e+02
-7.972490215177130040e+02
-6.571832930735852187e+02
-1.479511466768204173e+03
-6.343869414970343996e+02
-7.969858957885767268e+02
-8.016157835422337712e+02
-4.206595591340689566e+02
-8.256859570697871504e+02
-6.856202286267124464e+02
-1.507948402321299682e+03
-6.628238770483261533e+02
-8.254228313409388420e+02
-8.300527190932748454e+02
-4.490964946882236859e+02
-8.541228926230726302e+02
-7.140571641778997218e+02
-1.536385337874632569e+03
-6.912608126029059576e+02
-8.538597668954840856e+02
-8.584896546490061837e+02
-4.775334302414016179e+02
-8.825598281763579962e+02
-7.424940997310269495e+02
-1.564822273426407264e+03
-7.196977481541975976e+02
-8.822967024478462008e+02
-8.869265902000466895e+02
-5.059703657955558356e+02
-9.109967637296429075e+02
-7.709310352843933742e+02
-1.593259208979739697e+03
-7.481346837086089181e+02
