0.000000000000000000e+00
0.000000000000000000e+00
0.000000000000000000e+00
0.000000000000000000e+00
0.000000000000000000e+00
0.000000000000000000e+00
0.000000000000000000e+00
0.000000000000000000e+00
0.000000000000000000e+00
0.000000000000000000e+00
0.000000000000000000e+00
0.000000000000000000e+00
0.000000000000000000e+00
0.000000000000000000e+00
0.000000000000000000e+00
0.000000000000000000e+00
0.000000000000000000e+00
0.000000000000000000e+00
0.000000000000000000e+00
0.000000000000000000e+00
0.000000000000000000e+00
0.000000000000000000e+00
0.000000000000000000e+00
0.000000000000000000e+00
0.000000000000000000e+00
0.000000000000000000e+00
0.000000000000000000e+00
0.000000000000000000e+00
0.000000000000000000e+00
0.000000000000000000e+00
0.000000000000000000e+00
0.000000000000000000e+00
0.000000000000000000e+00
0.000000000000000000e+00
0.000000000000000000e+00
0.000000000000000000e+00
0.000000000000000000e+00
0.000000000000000000e+00
0.000000000000000000e+00
0.000000000000000000e+00
0.000000000000000000e+00
0.000000000000000000e+00
0.000000000000000000e+00
0.000000000000000000e+00
0.000000000000000000e+00
0.000000000000000000e+00
0.000000000000000000e+00
0.000000000000000000e+00
0.000000000000000000e+00
0.000000000000000000e+00
0.000000000000000000e+00
0.000000000000000000e+00
0.000000000000000000e+00
0.000000000000000000e+00
0.000000000000000000e+00
0.000000000000000000e+00
0.000000000000000000e+00
0.000000000000000000e+00
0.000000000000000000e+00
0.000000000000000000e+00
1.000000000000000000e+00
1.000000000000000000e+00
3.000000000000000000e+00
5.000000000000000000e+00
7.000000000000000000e+00
7.000000000000000000e+00
8.000000000000000000e+00
8.000000000000000000e+00
8.000000000000000000e+00
8.000000000000000000e+00
1.000000000000000000e+01
1.000000000000000000e+01
1.000000000000000000e+01
1.000000000000000000e+01
1.000000000000000000e+01
1.000000000000000000e+01
1.000000000000000000e+01
1.700000000000000000e+01
1.700000000000000000e+01
2.000000000000000000e+01
2.000000000000000000e+01
2.100000000000000000e+01
2.100000000000000000e+01
2.800000000000000000e+01
2.900000000000000000e+01
3.100000000000000000e+01
3.400000000000000000e+01
3.500000000000000000e+01
3.900000000000000000e+01
3.900000000000000000e+01
3.900000000000000000e+01
4.100000000000000000e+01
4.600000000000000000e+01
6.500000000000000000e+01
7.000000000000000000e+01
7.600000000000000000e+01
7.600000000000000000e+01
7.600000000000000000e+01
7.600000000000000000e+01
7.600000000000000000e+01
7.900000000000000000e+01
7.900000000000000000e+01
8.000000000000000000e+01
8.000000000000000000e+01
8.100000000000000000e+01
8.100000000000000000e+01
8.100000000000000000e+01
8.200000000000000000e+01
8.700000000000000000e+01
9.100000000000000000e+01
1.030000000000000000e+02
1.040000000000000000e+02
1.040000000000000000e+02
1.150000000000000000e+02
1.190000000000000000e+02
1.290000000000000000e+02
1.370000000000000000e+02
1.450000000000000000e+02
1.460000000000000000e+02
1.560000000000000000e+02
1.620000000000000000e+02
1.640000000000000000e+02
1.680000000000000000e+02
1.940000000000000000e+02
2.090000000000000000e+02
2.130000000000000000e+02
2.270000000000000000e+02
2.330000000000000000e+02
2.340000000000000000e+02
2.440000000000000000e+02
2.540000000000000000e+02
2.540000000000000000e+02
3.070000000000000000e+02
3.160000000000000000e+02
3.520000000000000000e+02
3.540000000000000000e+02
4.090000000000000000e+02
4.240000000000000000e+02
4.330000000000000000e+02
4.530000000000000000e+02
4.720000000000000000e+02
4.890000000000000000e+02
5.090000000000000000e+02
5.530000000000000000e+02
5.830000000000000000e+02
6.090000000000000000e+02
6.380000000000000000e+02
6.510000000000000000e+02
6.620000000000000000e+02
6.680000000000000000e+02
6.880000000000000000e+02
7.330000000000000000e+02
7.370000000000000000e+02
7.570000000000000000e+02
7.620000000000000000e+02
7.880000000000000000e+02
8.160000000000000000e+02
8.390000000000000000e+02
8.590000000000000000e+02
8.830000000000000000e+02
8.890000000000000000e+02
9.030000000000000000e+02
9.180000000000000000e+02
9.390000000000000000e+02
9.690000000000000000e+02
9.870000000000000000e+02
1.012000000000000000e+03
1.040000000000000000e+03
1.071000000000000000e+03
1.092000000000000000e+03
1.111000000000000000e+03
1.135000000000000000e+03
1.157000000000000000e+03
1.219000000000000000e+03
1.268000000000000000e+03
1.330000000000000000e+03
1.383000000000000000e+03
1.402000000000000000e+03
1.435000000000000000e+03
1.491000000000000000e+03
1.507000000000000000e+03
1.536000000000000000e+03
1.557000000000000000e+03
1.582000000000000000e+03
1.590000000000000000e+03
1.616000000000000000e+03
1.669000000000000000e+03
1.701000000000000000e+03
1.720000000000000000e+03
1.748000000000000000e+03
1.808000000000000000e+03
1.864000000000000000e+03
1.907000000000000000e+03
1.946000000000000000e+03
1.973000000000000000e+03
2.029000000000000000e+03
2.079000000000000000e+03
2.120000000000000000e+03
2.213000000000000000e+03
2.241000000000000000e+03
2.269000000000000000e+03
2.411000000000000000e+03
2.481000000000000000e+03
2.559000000000000000e+03
2.638000000000000000e+03
2.708000000000000000e+03
2.791000000000000000e+03
2.855000000000000000e+03
2.914000000000000000e+03
2.991000000000000000e+03
3.045000000000000000e+03
3.115000000000000000e+03
3.195000000000000000e+03
3.304000000000000000e+03
3.395000000000000000e+03
3.440000000000000000e+03
3.508000000000000000e+03
3.590000000000000000e+03
3.651000000000000000e+03
3.697000000000000000e+03
3.760000000000000000e+03
3.821000000000000000e+03
3.916000000000000000e+03
4.039000000000000000e+03
4.117000000000000000e+03
4.207000000000000000e+03
4.265000000000000000e+03
4.341000000000000000e+03
4.444000000000000000e+03
4.557000000000000000e+03
4.647000000000000000e+03
4.764000000000000000e+03
4.832000000000000000e+03
4.918000000000000000e+03
5.040000000000000000e+03
5.269000000000000000e+03
5.482000000000000000e+03
5.713000000000000000e+03
5.994000000000000000e+03
6.161000000000000000e+03
6.264000000000000000e+03
6.537000000000000000e+03
6.771000000000000000e+03
6.912000000000000000e+03
7.114000000000000000e+03
7.262000000000000000e+03
7.399000000000000000e+03
7.589000000000000000e+03
7.757000000000000000e+03
7.983000000000000000e+03
8.288000000000000000e+03
8.556000000000000000e+03
8.728000000000000000e+03
8.888000000000000000e+03
8.979000000000000000e+03
9.049000000000000000e+03
9.196000000000000000e+03
9.296000000000000000e+03
9.398000000000000000e+03
9.494000000000000000e+03
9.639000000000000000e+03
9.742000000000000000e+03
9.844000000000000000e+03
1.000100000000000000e+04
1.008800000000000000e+04
1.025800000000000000e+04
1.039200000000000000e+04
1.053700000000000000e+04
1.061200000000000000e+04
1.070700000000000000e+04
1.086600000000000000e+04
1.108000000000000000e+04
1.119000000000000000e+04
1.133100000000000000e+04
1.155900000000000000e+04
1.174800000000000000e+04
1.189500000000000000e+04
1.198600000000000000e+04
1.216100000000000000e+04
1.227300000000000000e+04
1.241500000000000000e+04
1.252500000000000000e+04
1.277700000000000000e+04
1.286900000000000000e+04
1.298800000000000000e+04
1.313000000000000000e+04
1.320200000000000000e+04
1.328300000000000000e+04
1.339100000000000000e+04
1.348500000000000000e+04
1.357700000000000000e+04
1.376800000000000000e+04
1.382300000000000000e+04
1.389200000000000000e+04
1.399100000000000000e+04
1.409400000000000000e+04
1.422700000000000000e+04
1.434000000000000000e+04
1.444800000000000000e+04
1.451400000000000000e+04
1.456600000000000000e+04
1.462900000000000000e+04
1.472300000000000000e+04
1.487700000000000000e+04
1.498100000000000000e+04
1.503700000000000000e+04
1.510900000000000000e+04
1.523100000000000000e+04
1.530200000000000000e+04
1.546700000000000000e+04
1.550600000000000000e+04
1.558600000000000000e+04
1.561300000000000000e+04
1.570100000000000000e+04
1.577000000000000000e+04
1.586600000000000000e+04
1.591800000000000000e+04
1.603800000000000000e+04
1.613300000000000000e+04
1.624400000000000000e+04
1.632600000000000000e+04
1.637300000000000000e+04
1.644000000000000000e+04
1.652100000000000000e+04
1.668000000000000000e+04
1.681200000000000000e+04
1.695400000000000000e+04
1.700200000000000000e+04
1.704200000000000000e+04
1.714300000000000000e+04
1.725600000000000000e+04
1.733800000000000000e+04
1.747700000000000000e+04
1.756800000000000000e+04
1.769500000000000000e+04
1.776700000000000000e+04
1.776700000000000000e+04
1.803100000000000000e+04
1.810800000000000000e+04
1.816200000000000000e+04
1.826500000000000000e+04
1.831000000000000000e+04
1.837200000000000000e+04
1.848500000000000000e+04
1.864200000000000000e+04
1.879400000000000000e+04
1.896800000000000000e+04
1.930900000000000000e+04
1.946300000000000000e+04
1.954200000000000000e+04
1.966700000000000000e+04
1.996100000000000000e+04
2.048200000000000000e+04
2.136100000000000000e+04
2.193900000000000000e+04
2.233400000000000000e+04
2.299600000000000000e+04
2.372600000000000000e+04
2.426900000000000000e+04
2.500400000000000000e+04
2.586200000000000000e+04
2.655100000000000000e+04
2.744600000000000000e+04
2.827000000000000000e+04
2.939600000000000000e+04
3.022500000000000000e+04
3.084800000000000000e+04
3.162800000000000000e+04
3.241800000000000000e+04
3.278100000000000000e+04
3.405500000000000000e+04
3.492600000000000000e+04
3.583300000000000000e+04
3.710800000000000000e+04
3.770500000000000000e+04
3.865400000000000000e+04
3.946000000000000000e+04
4.026000000000000000e+04
4.143300000000000000e+04
4.248800000000000000e+04
4.318400000000000000e+04
4.411200000000000000e+04
4.460000000000000000e+04
4.491200000000000000e+04
4.578500000000000000e+04
4.673600000000000000e+04
4.779000000000000000e+04
4.858800000000000000e+04
4.913500000000000000e+04
5.026500000000000000e+04
5.069100000000000000e+04
5.180000000000000000e+04
5.262900000000000000e+04
5.352700000000000000e+04
5.420400000000000000e+04
5.496800000000000000e+04
5.564300000000000000e+04
5.616000000000000000e+04
5.659500000000000000e+04
5.692000000000000000e+04
5.759700000000000000e+04
5.821800000000000000e+04
5.877200000000000000e+04
5.935000000000000000e+04
5.960700000000000000e+04
5.991400000000000000e+04
6.039500000000000000e+04
6.117000000000000000e+04
6.152900000000000000e+04
6.213100000000000000e+04
6.252000000000000000e+04
6.270300000000000000e+04
6.288200000000000000e+04
6.317400000000000000e+04
6.364500000000000000e+04
6.400400000000000000e+04
6.429600000000000000e+04
6.451600000000000000e+04
6.451600000000000000e+04
6.492900000000000000e+04
6.519700000000000000e+04
6.545200000000000000e+04
6.579900000000000000e+04
6.606400000000000000e+04
6.621200000000000000e+04
6.630600000000000000e+04
6.649600000000000000e+04
6.664900000000000000e+04
6.676200000000000000e+04
6.687900000000000000e+04
6.701100000000000000e+04
6.719700000000000000e+04
6.719700000000000000e+04
6.729200000000000000e+04
6.757900000000000000e+04
6.772900000000000000e+04
6.792300000000000000e+04
6.800500000000000000e+04
6.811900000000000000e+04
6.822700000000000000e+04
6.829200000000000000e+04
6.843100000000000000e+04
6.846600000000000000e+04
6.850600000000000000e+04
6.857800000000000000e+04
6.875800000000000000e+04
6.879200000000000000e+04
6.887100000000000000e+04
6.892700000000000000e+04
6.900200000000000000e+04
6.906700000000000000e+04
6.913400000000000000e+04
6.920300000000000000e+04
6.922800000000000000e+04
6.930900000000000000e+04
6.943700000000000000e+04
6.952300000000000000e+04
6.959700000000000000e+04
6.964300000000000000e+04
6.966500000000000000e+04
6.971500000000000000e+04
6.976200000000000000e+04
6.980400000000000000e+04
6.986400000000000000e+04
6.991700000000000000e+04
6.996500000000000000e+04
6.998400000000000000e+04
7.000000000000000000e+04
7.003100000000000000e+04
7.005200000000000000e+04
7.010800000000000000e+04
7.013800000000000000e+04
7.016600000000000000e+04
7.021200000000000000e+04
7.028300000000000000e+04
7.026700000000000000e+04
7.028700000000000000e+04
7.031500000000000000e+04
7.036100000000000000e+04
7.041000000000000000e+04
7.044200000000000000e+04
7.046300000000000000e+04
7.048500000000000000e+04
7.050900000000000000e+04
7.052700000000000000e+04
7.055100000000000000e+04
7.056800000000000000e+04
7.059000000000000000e+04
7.060600000000000000e+04
7.063600000000000000e+04
7.065100000000000000e+04
7.067300000000000000e+04
7.069700000000000000e+04
7.072400000000000000e+04
7.078000000000000000e+04
7.079500000000000000e+04
7.085000000000000000e+04
7.092300000000000000e+04
7.096500000000000000e+04
7.101900000000000000e+04
7.108200000000000000e+04
7.111400000000000000e+04
7.114500000000000000e+04
7.116500000000000000e+04
7.123900000000000000e+04
7.127900000000000000e+04
7.135500000000000000e+04
7.146100000000000000e+04
7.153800000000000000e+04
7.156800000000000000e+04
7.165100000000000000e+04
7.176400000000000000e+04
7.192900000000000000e+04
7.212300000000000000e+04
7.236700000000000000e+04
7.250700000000000000e+04
7.257700000000000000e+04
7.277500000000000000e+04
7.321100000000000000e+04
7.365200000000000000e+04
7.418600000000000000e+04
7.470400000000000000e+04
7.513800000000000000e+04
7.542200000000000000e+04
7.582800000000000000e+04
7.640400000000000000e+04
7.720500000000000000e+04
7.807400000000000000e+04
7.921300000000000000e+04
8.015100000000000000e+04
8.088800000000000000e+04
8.234600000000000000e+04
8.311600000000000000e+04
8.492200000000000000e+04
8.624900000000000000e+04
8.793500000000000000e+04
8.886800000000000000e+04
9.055500000000000000e+04
9.188600000000000000e+04
9.342900000000000000e+04
9.473300000000000000e+04
9.612700000000000000e+04
9.815200000000000000e+04
9.941200000000000000e+04
1.007850000000000000e+05
1.020090000000000000e+05
1.037130000000000000e+05
1.058660000000000000e+05
1.073090000000000000e+05
1.087600000000000000e+05
1.102880000000000000e+05
1.117230000000000000e+05
1.134260000000000000e+05
1.158860000000000000e+05
1.176600000000000000e+05
1.199500000000000000e+05
1.220280000000000000e+05
1.235410000000000000e+05
1.249620000000000000e+05
1.263910000000000000e+05
1.274250000000000000e+05
1.290360000000000000e+05
1.305260000000000000e+05
1.317990000000000000e+05
1.324520000000000000e+05
1.331770000000000000e+05
1.343430000000000000e+05
1.355280000000000000e+05
1.365660000000000000e+05
1.374130000000000000e+05
1.383440000000000000e+05
1.387490000000000000e+05
1.390380000000000000e+05
1.400710000000000000e+05
1.407650000000000000e+05
1.413830000000000000e+05
1.420130000000000000e+05
1.425230000000000000e+05
1.427840000000000000e+05
1.431270000000000000e+05
1.436550000000000000e+05
1.440320000000000000e+05
1.444680000000000000e+05
1.451990000000000000e+05
1.457240000000000000e+05
1.458630000000000000e+05
1.460530000000000000e+05
1.463160000000000000e+05
1.467540000000000000e+05
1.470660000000000000e+05
1.474310000000000000e+05
1.477850000000000000e+05
1.479230000000000000e+05
1.480540000000000000e+05
1.484440000000000000e+05
1.485520000000000000e+05
1.487270000000000000e+05
1.489010000000000000e+05
1.490880000000000000e+05
1.492070000000000000e+05
1.492590000000000000e+05
1.494800000000000000e+05
1.496710000000000000e+05
1.498040000000000000e+05
1.499060000000000000e+05
1.499810000000000000e+05
1.500180000000000000e+05
1.500670000000000000e+05
1.502010000000000000e+05
1.502800000000000000e+05
1.503700000000000000e+05
1.504390000000000000e+05
1.504940000000000000e+05
1.505300000000000000e+05
1.505400000000000000e+05
1.505720000000000000e+05
1.506620000000000000e+05
1.507230000000000000e+05
1.507590000000000000e+05
1.507900000000000000e+05
1.508040000000000000e+05
1.508070000000000000e+05
1.508260000000000000e+05
1.508740000000000000e+05
1.508990000000000000e+05
1.509350000000000000e+05
1.509630000000000000e+05
1.509850000000000000e+05
1.509910000000000000e+05
1.510180000000000000e+05
1.510460000000000000e+05
1.510610000000000000e+05
1.510800000000000000e+05
1.510970000000000000e+05
1.511020000000000000e+05
1.511120000000000000e+05
1.511360000000000000e+05
1.511570000000000000e+05
1.511740000000000000e+05
1.511950000000000000e+05
1.512200000000000000e+05
1.512250000000000000e+05
1.512260000000000000e+05
1.512430000000000000e+05
1.512530000000000000e+05
1.512600000000000000e+05
1.512700000000000000e+05
1.512700000000000000e+05
1.512920000000000000e+05
1.513020000000000000e+05
1.513160000000000000e+05
1.513250000000000000e+05
1.513390000000000000e+05
1.513520000000000000e+05
1.513670000000000000e+05
1.513680000000000000e+05
1.513710000000000000e+05
1.513820000000000000e+05
1.513900000000000000e+05
1.514100000000000000e+05
1.514140000000000000e+05
1.514220000000000000e+05
1.514270000000000000e+05
1.514320000000000000e+05
1.514570000000000000e+05
1.514660000000000000e+05
1.514720000000000000e+05
1.514770000000000000e+05
1.514880000000000000e+05
1.514880000000000000e+05
1.514920000000000000e+05
1.514950000000000000e+05
1.515030000000000000e+05
1.515120000000000000e+05
1.515150000000000000e+05
1.515150000000000000e+05
1.515240000000000000e+05
1.515280000000000000e+05
1.515480000000000000e+05
1.515940000000000000e+05
1.516520000000000000e+05
1.517630000000000000e+05
1.518680000000000000e+05
1.519240000000000000e+05
1.520000000000000000e+05
1.521200000000000000e+05
1.523260000000000000e+05
1.525860000000000000e+05
1.529650000000000000e+05
1.534080000000000000e+05
1.536740000000000000e+05
1.537870000000000000e+05
1.545200000000000000e+05
1.554950000000000000e+05
1.567290000000000000e+05
1.581110000000000000e+05
1.581110000000000000e+05
1.599040000000000000e+05
1.604570000000000000e+05
1.625250000000000000e+05
1.648620000000000000e+05
1.673070000000000000e+05
1.700770000000000000e+05
1.709750000000000000e+05
1.715020000000000000e+05
1.721750000000000000e+05
1.756480000000000000e+05
1.792720000000000000e+05
1.842190000000000000e+05
1.890800000000000000e+05
1.917220000000000000e+05
1.924530000000000000e+05
1.933710000000000000e+05
1.963460000000000000e+05
1.999400000000000000e+05
2.032410000000000000e+05
2.062720000000000000e+05
2.093890000000000000e+05
2.103990000000000000e+05
2.109910000000000000e+05
2.128590000000000000e+05
2.148070000000000000e+05
2.165590000000000000e+05
2.178210000000000000e+05
2.187970000000000000e+05
2.190810000000000000e+05
2.193900000000000000e+05
2.202410000000000000e+05
2.209080000000000000e+05
2.214320000000000000e+05
2.219750000000000000e+05
2.224150000000000000e+05
2.225960000000000000e+05
2.226520000000000000e+05
2.228920000000000000e+05
2.231120000000000000e+05
2.234130000000000000e+05
2.236120000000000000e+05
2.237380000000000000e+05
2.238110000000000000e+05
2.238270000000000000e+05
2.239490000000000000e+05
2.240430000000000000e+05
2.241430000000000000e+05
2.242240000000000000e+05
2.243090000000000000e+05
2.243390000000000000e+05
2.243470000000000000e+05
2.244340000000000000e+05
2.244940000000000000e+05
2.245590000000000000e+05
2.246030000000000000e+05
2.246530000000000000e+05
2.247030000000000000e+05
2.247190000000000000e+05
2.247670000000000000e+05
2.247910000000000000e+05
2.248150000000000000e+05
2.248410000000000000e+05
2.248820000000000000e+05
2.249030000000000000e+05
2.249200000000000000e+05
2.249370000000000000e+05
2.249830000000000000e+05
2.249990000000000000e+05
2.250180000000000000e+05
2.250360000000000000e+05
2.250380000000000000e+05
2.250470000000000000e+05
2.250630000000000000e+05
2.250800000000000000e+05
2.251000000000000000e+05
2.251210000000000000e+05
2.251350000000000000e+05
2.251400000000000000e+05
2.251400000000000000e+05
2.251500000000000000e+05
2.251590000000000000e+05
2.251620000000000000e+05
2.251650000000000000e+05
2.251730000000000000e+05
2.251790000000000000e+05
2.251790000000000000e+05
2.251880000000000000e+05
2.251940000000000000e+05
2.252000000000000000e+05
2.252010000000000000e+05
2.252060000000000000e+05
2.252100000000000000e+05
2.252110000000000000e+05
2.252150000000000000e+05
2.252200000000000000e+05
2.252230000000000000e+05
2.252310000000000000e+05
2.252370000000000000e+05
2.252390000000000000e+05
2.252390000000000000e+05
2.252440000000000000e+05
2.252490000000000000e+05
2.252560000000000000e+05
2.252610000000000000e+05
2.252640000000000000e+05
2.252660000000000000e+05
2.252670000000000000e+05
2.252680000000000000e+05
2.252720000000000000e+05
2.252750000000000000e+05
2.252770000000000000e+05
2.252800000000000000e+05
2.252930000000000000e+05
2.252960000000000000e+05
2.253010000000000000e+05
2.253040000000000000e+05
2.253140000000000000e+05
2.253160000000000000e+05
2.253230000000000000e+05
2.253290000000000000e+05
2.253320000000000000e+05
2.253380000000000000e+05
2.253450000000000000e+05
2.253510000000000000e+05
2.253520000000000000e+05
2.253580000000000000e+05
2.253650000000000000e+05
2.253660000000000000e+05
2.253670000000000000e+05
2.253750000000000000e+05
2.253790000000000000e+05
2.253830000000000000e+05
2.253840000000000000e+05
2.253860000000000000e+05
2.253870000000000000e+05
2.253870000000000000e+05
2.254000000000000000e+05
2.254070000000000000e+05
2.254090000000000000e+05
2.254190000000000000e+05
2.254260000000000000e+05
2.254300000000000000e+05
2.254400000000000000e+05
2.254510000000000000e+05
2.254700000000000000e+05
2.254850000000000000e+05
2.254930000000000000e+05
2.254980000000000000e+05
2.255030000000000000e+05
2.255190000000000000e+05
2.255390000000000000e+05
2.255460000000000000e+05
2.255570000000000000e+05
2.255630000000000000e+05
2.255770000000000000e+05
2.255860000000000000e+05
2.256000000000000000e+05
2.256260000000000000e+05
2.256480000000000000e+05
2.256760000000000000e+05
2.257010000000000000e+05
2.257060000000000000e+05
2.257090000000000000e+05
2.257540000000000000e+05
2.257810000000000000e+05
2.257810000000000000e+05
2.258350000000000000e+05
2.259330000000000000e+05
