0.000000000000000000e+00
0.000000000000000000e+00
0.000000000000000000e+00
0.000000000000000000e+00
0.000000000000000000e+00
0.000000000000000000e+00
0.000000000000000000e+00
0.000000000000000000e+00
0.000000000000000000e+00
0.000000000000000000e+00
0.000000000000000000e+00
0.000000000000000000e+00
0.000000000000000000e+00
0.000000000000000000e+00
0.000000000000000000e+00
0.000000000000000000e+00
0.000000000000000000e+00
0.000000000000000000e+00
0.000000000000000000e+00
0.000000000000000000e+00
0.000000000000000000e+00
0.000000000000000000e+00
0.000000000000000000e+00
0.000000000000000000e+00
0.000000000000000000e+00
0.000000000000000000e+00
0.000000000000000000e+00
0.000000000000000000e+00
0.000000000000000000e+00
0.000000000000000000e+00
0.000000000000000000e+00
0.000000000000000000e+00
0.000000000000000000e+00
0.000000000000000000e+00
0.000000000000000000e+00
0.000000000000000000e+00
0.000000000000000000e+00
0.000000000000000000e+00
0.000000000000000000e+00
0.000000000000000000e+00
0.000000000000000000e+00
0.000000000000000000e+00
0.000000000000000000e+00
0.000000000000000000e+00
0.000000000000000000e+00
0.000000000000000000e+00
0.000000000000000000e+00
0.000000000000000000e+00
0.000000000000000000e+00
0.000000000000000000e+00
0.000000000000000000e+00
0.000000000000000000e+00
0.000000000000000000e+00
0.000000000000000000e+00
0.000000000000000000e+00
0.000000000000000000e+00
0.000000000000000000e+00
0.000000000000000000e+00
0.000000000000000000e+00
0.000000000000000000e+00
0.000000000000000000e+00
0.000000000000000000e+00
0.000000000000000000e+00
0.000000000000000000e+00
0.000000000000000000e+00
0.000000000000000000e+00
0.000000000000000000e+00
0.000000000000000000e+00
0.000000000000000000e+00
0.000000000000000000e+00
0.000000000000000000e+00
0.000000000000000000e+00
0.000000000000000000e+00
0.000000000000000000e+00
0.000000000000000000e+00
0.000000000000000000e+00
0.000000000000000000e+00
0.000000000000000000e+00
0.000000000000000000e+00
0.000000000000000000e+00
0.000000000000000000e+00
0.000000000000000000e+00
0.000000000000000000e+00
0.000000000000000000e+00
0.000000000000000000e+00
0.000000000000000000e+00
0.000000000000000000e+00
0.000000000000000000e+00
0.000000000000000000e+00
0.000000000000000000e+00
0.000000000000000000e+00
0.000000000000000000e+00
0.000000000000000000e+00
0.000000000000000000e+00
0.000000000000000000e+00
0.000000000000000000e+00
0.000000000000000000e+00
0.000000000000000000e+00
0.000000000000000000e+00
0.000000000000000000e+00
0.000000000000000000e+00
0.000000000000000000e+00
0.000000000000000000e+00
0.000000000000000000e+00
0.000000000000000000e+00
0.000000000000000000e+00
0.000000000000000000e+00
0.000000000000000000e+00
0.000000000000000000e+00
0.000000000000000000e+00
0.000000000000000000e+00
0.000000000000000000e+00
0.000000000000000000e+00
0.000000000000000000e+00
0.000000000000000000e+00
0.000000000000000000e+00
0.000000000000000000e+00
0.000000000000000000e+00
0.000000000000000000e+00
0.000000000000000000e+00
0.000000000000000000e+00
0.000000000000000000e+00
0.000000000000000000e+00
0.000000000000000000e+00
1.000000000000000000e+00
1.000000000000000000e+00
1.000000000000000000e+00
2.000000000000000000e+00
2.000000000000000000e+00
2.000000000000000000e+00
2.000000000000000000e+00
2.000000000000000000e+00
2.000000000000000000e+00
2.000000000000000000e+00
2.000000000000000000e+00
2.000000000000000000e+00
2.000000000000000000e+00
2.000000000000000000e+00
2.000000000000000000e+00
2.000000000000000000e+00
2.000000000000000000e+00
2.000000000000000000e+00
2.000000000000000000e+00
2.000000000000000000e+00
3.000000000000000000e+00
3.000000000000000000e+00
4.000000000000000000e+00
4.000000000000000000e+00
4.000000000000000000e+00
4.000000000000000000e+00
4.000000000000000000e+00
5.000000000000000000e+00
5.000000000000000000e+00
5.000000000000000000e+00
5.000000000000000000e+00
5.000000000000000000e+00
5.000000000000000000e+00
5.000000000000000000e+00
5.000000000000000000e+00
6.000000000000000000e+00
6.000000000000000000e+00
6.000000000000000000e+00
6.000000000000000000e+00
6.000000000000000000e+00
7.000000000000000000e+00
8.000000000000000000e+00
8.000000000000000000e+00
8.000000000000000000e+00
8.000000000000000000e+00
9.000000000000000000e+00
9.000000000000000000e+00
9.000000000000000000e+00
9.000000000000000000e+00
9.000000000000000000e+00
9.000000000000000000e+00
9.000000000000000000e+00
9.000000000000000000e+00
9.000000000000000000e+00
1.000000000000000000e+01
1.000000000000000000e+01
1.100000000000000000e+01
1.100000000000000000e+01
1.100000000000000000e+01
1.100000000000000000e+01
1.100000000000000000e+01
1.100000000000000000e+01
1.100000000000000000e+01
1.100000000000000000e+01
1.100000000000000000e+01
1.100000000000000000e+01
1.100000000000000000e+01
1.100000000000000000e+01
1.200000000000000000e+01
1.300000000000000000e+01
1.400000000000000000e+01
1.500000000000000000e+01
1.500000000000000000e+01
1.500000000000000000e+01
1.500000000000000000e+01
1.600000000000000000e+01
1.600000000000000000e+01
1.600000000000000000e+01
1.700000000000000000e+01
1.900000000000000000e+01
1.900000000000000000e+01
1.900000000000000000e+01
1.900000000000000000e+01
1.900000000000000000e+01
1.900000000000000000e+01
1.900000000000000000e+01
1.900000000000000000e+01
2.000000000000000000e+01
2.000000000000000000e+01
2.000000000000000000e+01
2.000000000000000000e+01
2.100000000000000000e+01
2.100000000000000000e+01
2.100000000000000000e+01
2.100000000000000000e+01
2.100000000000000000e+01
2.200000000000000000e+01
2.300000000000000000e+01
2.300000000000000000e+01
2.300000000000000000e+01
2.500000000000000000e+01
2.600000000000000000e+01
2.600000000000000000e+01
2.600000000000000000e+01
2.700000000000000000e+01
2.700000000000000000e+01
2.800000000000000000e+01
2.800000000000000000e+01
3.100000000000000000e+01
3.100000000000000000e+01
3.500000000000000000e+01
3.500000000000000000e+01
3.500000000000000000e+01
3.700000000000000000e+01
3.900000000000000000e+01
3.900000000000000000e+01
4.000000000000000000e+01
4.100000000000000000e+01
4.300000000000000000e+01
4.400000000000000000e+01
4.500000000000000000e+01
4.900000000000000000e+01
5.100000000000000000e+01
5.300000000000000000e+01
5.400000000000000000e+01
5.800000000000000000e+01
5.900000000000000000e+01
5.900000000000000000e+01
6.100000000000000000e+01
6.200000000000000000e+01
6.400000000000000000e+01
6.400000000000000000e+01
6.600000000000000000e+01
6.600000000000000000e+01
6.700000000000000000e+01
6.800000000000000000e+01
6.800000000000000000e+01
6.900000000000000000e+01
7.000000000000000000e+01
7.100000000000000000e+01
7.200000000000000000e+01
7.300000000000000000e+01
7.300000000000000000e+01
7.300000000000000000e+01
7.300000000000000000e+01
7.400000000000000000e+01
7.500000000000000000e+01
7.500000000000000000e+01
7.800000000000000000e+01
7.900000000000000000e+01
8.100000000000000000e+01
8.200000000000000000e+01
8.500000000000000000e+01
8.600000000000000000e+01
8.800000000000000000e+01
8.900000000000000000e+01
9.100000000000000000e+01
9.100000000000000000e+01
9.100000000000000000e+01
9.200000000000000000e+01
9.300000000000000000e+01
9.400000000000000000e+01
9.500000000000000000e+01
9.500000000000000000e+01
9.700000000000000000e+01
9.900000000000000000e+01
9.900000000000000000e+01
9.900000000000000000e+01
9.900000000000000000e+01
9.900000000000000000e+01
1.040000000000000000e+02
1.040000000000000000e+02
1.100000000000000000e+02
1.100000000000000000e+02
1.130000000000000000e+02
1.160000000000000000e+02
1.180000000000000000e+02
1.190000000000000000e+02
1.200000000000000000e+02
1.210000000000000000e+02
1.230000000000000000e+02
1.240000000000000000e+02
1.260000000000000000e+02
1.270000000000000000e+02
1.280000000000000000e+02
1.280000000000000000e+02
1.280000000000000000e+02
1.290000000000000000e+02
1.300000000000000000e+02
1.310000000000000000e+02
1.310000000000000000e+02
1.320000000000000000e+02
1.320000000000000000e+02
1.330000000000000000e+02
1.330000000000000000e+02
1.330000000000000000e+02
1.360000000000000000e+02
1.360000000000000000e+02
1.380000000000000000e+02
1.390000000000000000e+02
1.390000000000000000e+02
1.400000000000000000e+02
1.420000000000000000e+02
1.430000000000000000e+02
1.440000000000000000e+02
1.450000000000000000e+02
1.450000000000000000e+02
1.460000000000000000e+02
1.470000000000000000e+02
1.480000000000000000e+02
1.490000000000000000e+02
1.500000000000000000e+02
1.500000000000000000e+02
1.560000000000000000e+02
1.560000000000000000e+02
1.590000000000000000e+02
1.610000000000000000e+02
1.620000000000000000e+02
1.620000000000000000e+02
1.650000000000000000e+02
1.660000000000000000e+02
1.670000000000000000e+02
1.680000000000000000e+02
1.690000000000000000e+02
1.710000000000000000e+02
1.710000000000000000e+02
1.720000000000000000e+02
1.760000000000000000e+02
1.810000000000000000e+02
1.870000000000000000e+02
1.920000000000000000e+02
1.970000000000000000e+02
2.010000000000000000e+02
2.050000000000000000e+02
2.110000000000000000e+02
2.160000000000000000e+02
2.340000000000000000e+02
2.410000000000000000e+02
2.490000000000000000e+02
2.530000000000000000e+02
2.710000000000000000e+02
2.830000000000000000e+02
2.900000000000000000e+02
2.970000000000000000e+02
3.050000000000000000e+02
3.630000000000000000e+02
3.290000000000000000e+02
3.360000000000000000e+02
3.470000000000000000e+02
3.560000000000000000e+02
3.630000000000000000e+02
3.670000000000000000e+02
3.860000000000000000e+02
4.030000000000000000e+02
4.150000000000000000e+02
4.270000000000000000e+02
4.360000000000000000e+02
4.510000000000000000e+02
4.600000000000000000e+02
4.650000000000000000e+02
4.800000000000000000e+02
4.860000000000000000e+02
5.010000000000000000e+02
5.140000000000000000e+02
5.250000000000000000e+02
5.350000000000000000e+02
5.470000000000000000e+02
5.510000000000000000e+02
5.610000000000000000e+02
5.710000000000000000e+02
5.830000000000000000e+02
5.870000000000000000e+02
5.950000000000000000e+02
5.990000000000000000e+02
6.060000000000000000e+02
6.080000000000000000e+02
6.130000000000000000e+02
6.130000000000000000e+02
6.300000000000000000e+02
6.410000000000000000e+02
6.530000000000000000e+02
6.650000000000000000e+02
6.680000000000000000e+02
6.740000000000000000e+02
6.800000000000000000e+02
6.860000000000000000e+02
6.930000000000000000e+02
6.980000000000000000e+02
7.000000000000000000e+02
7.070000000000000000e+02
7.110000000000000000e+02
7.190000000000000000e+02
7.220000000000000000e+02
7.250000000000000000e+02
7.250000000000000000e+02
7.320000000000000000e+02
7.330000000000000000e+02
7.370000000000000000e+02
7.400000000000000000e+02
7.430000000000000000e+02
7.460000000000000000e+02
7.470000000000000000e+02
7.500000000000000000e+02
7.520000000000000000e+02
7.530000000000000000e+02
7.580000000000000000e+02
7.620000000000000000e+02
7.640000000000000000e+02
7.640000000000000000e+02
7.690000000000000000e+02
7.750000000000000000e+02
7.750000000000000000e+02
7.780000000000000000e+02
7.820000000000000000e+02
7.820000000000000000e+02
7.820000000000000000e+02
7.850000000000000000e+02
7.850000000000000000e+02
7.880000000000000000e+02
7.890000000000000000e+02
7.890000000000000000e+02
7.910000000000000000e+02
7.910000000000000000e+02
7.940000000000000000e+02
7.940000000000000000e+02
7.940000000000000000e+02
7.970000000000000000e+02
7.980000000000000000e+02
7.980000000000000000e+02
8.000000000000000000e+02
8.020000000000000000e+02
8.050000000000000000e+02
8.050000000000000000e+02
8.060000000000000000e+02
8.070000000000000000e+02
8.070000000000000000e+02
8.090000000000000000e+02
8.140000000000000000e+02
8.140000000000000000e+02
8.140000000000000000e+02
8.140000000000000000e+02
8.140000000000000000e+02
8.150000000000000000e+02
8.150000000000000000e+02
8.170000000000000000e+02
8.180000000000000000e+02
8.190000000000000000e+02
8.200000000000000000e+02
8.210000000000000000e+02
8.230000000000000000e+02
8.250000000000000000e+02
8.260000000000000000e+02
8.260000000000000000e+02
8.260000000000000000e+02
8.260000000000000000e+02
8.260000000000000000e+02
8.260000000000000000e+02
8.280000000000000000e+02
8.280000000000000000e+02
8.280000000000000000e+02
8.280000000000000000e+02
8.310000000000000000e+02
8.310000000000000000e+02
8.310000000000000000e+02
8.310000000000000000e+02
8.330000000000000000e+02
8.340000000000000000e+02
8.340000000000000000e+02
8.350000000000000000e+02
8.360000000000000000e+02
8.360000000000000000e+02
8.360000000000000000e+02
8.360000000000000000e+02
8.360000000000000000e+02
8.370000000000000000e+02
8.370000000000000000e+02
8.370000000000000000e+02
8.370000000000000000e+02
8.380000000000000000e+02
8.390000000000000000e+02
8.400000000000000000e+02
8.400000000000000000e+02
8.400000000000000000e+02
8.400000000000000000e+02
8.410000000000000000e+02
8.410000000000000000e+02
8.420000000000000000e+02
8.440000000000000000e+02
8.440000000000000000e+02
8.440000000000000000e+02
8.470000000000000000e+02
8.480000000000000000e+02
8.480000000000000000e+02
8.520000000000000000e+02
8.570000000000000000e+02
8.630000000000000000e+02
8.650000000000000000e+02
8.670000000000000000e+02
8.680000000000000000e+02
8.690000000000000000e+02
8.720000000000000000e+02
8.780000000000000000e+02
8.840000000000000000e+02
8.850000000000000000e+02
8.970000000000000000e+02
9.040000000000000000e+02
9.120000000000000000e+02
9.230000000000000000e+02
9.340000000000000000e+02
9.390000000000000000e+02
9.470000000000000000e+02
9.620000000000000000e+02
9.820000000000000000e+02
9.960000000000000000e+02
1.013000000000000000e+03
1.033000000000000000e+03
1.057000000000000000e+03
1.075000000000000000e+03
1.099000000000000000e+03
1.118000000000000000e+03
1.138000000000000000e+03
1.158000000000000000e+03
1.190000000000000000e+03
1.221000000000000000e+03
1.232000000000000000e+03
1.257000000000000000e+03
1.282000000000000000e+03
1.307000000000000000e+03
1.341000000000000000e+03
1.367000000000000000e+03
1.388000000000000000e+03
1.407000000000000000e+03
1.434000000000000000e+03
1.462000000000000000e+03
1.479000000000000000e+03
1.500000000000000000e+03
1.526000000000000000e+03
1.538000000000000000e+03
1.566000000000000000e+03
1.600000000000000000e+03
1.613000000000000000e+03
1.628000000000000000e+03
1.641000000000000000e+03
1.655000000000000000e+03
1.671000000000000000e+03
1.690000000000000000e+03
1.707000000000000000e+03
1.716000000000000000e+03
1.731000000000000000e+03
1.748000000000000000e+03
1.761000000000000000e+03
1.773000000000000000e+03
1.783000000000000000e+03
1.785000000000000000e+03
1.800000000000000000e+03
1.808000000000000000e+03
1.813000000000000000e+03
1.822000000000000000e+03
1.825000000000000000e+03
1.834000000000000000e+03
1.842000000000000000e+03
1.851000000000000000e+03
1.853000000000000000e+03
1.864000000000000000e+03
