0.000000000000000000e+00
0.000000000000000000e+00
0.000000000000000000e+00
0.000000000000000000e+00
0.000000000000000000e+00
0.000000000000000000e+00
0.000000000000000000e+00
0.000000000000000000e+00
0.000000000000000000e+00
0.000000000000000000e+00
0.000000000000000000e+00
0.000000000000000000e+00
0.000000000000000000e+00
0.000000000000000000e+00
0.000000000000000000e+00
0.000000000000000000e+00
0.000000000000000000e+00
0.000000000000000000e+00
0.000000000000000000e+00
0.000000000000000000e+00
0.000000000000000000e+00
0.000000000000000000e+00
0.000000000000000000e+00
0.000000000000000000e+00
0.000000000000000000e+00
0.000000000000000000e+00
0.000000000000000000e+00
0.000000000000000000e+00
0.000000000000000000e+00
0.000000000000000000e+00
0.000000000000000000e+00
0.000000000000000000e+00
0.000000000000000000e+00
0.000000000000000000e+00
0.000000000000000000e+00
0.000000000000000000e+00
0.000000000000000000e+00
0.000000000000000000e+00
0.000000000000000000e+00
0.000000000000000000e+00
0.000000000000000000e+00
0.000000000000000000e+00
0.000000000000000000e+00
0.000000000000000000e+00
0.000000000000000000e+00
0.000000000000000000e+00
0.000000000000000000e+00
0.000000000000000000e+00
0.000000000000000000e+00
0.000000000000000000e+00
0.000000000000000000e+00
0.000000000000000000e+00
0.000000000000000000e+00
0.000000000000000000e+00
0.000000000000000000e+00
0.000000000000000000e+00
0.000000000000000000e+00
0.000000000000000000e+00
0.000000000000000000e+00
0.000000000000000000e+00
0.000000000000000000e+00
0.000000000000000000e+00
0.000000000000000000e+00
0.000000000000000000e+00
0.000000000000000000e+00
0.000000000000000000e+00
0.000000000000000000e+00
0.000000000000000000e+00
0.000000000000000000e+00
0.000000000000000000e+00
0.000000000000000000e+00
0.000000000000000000e+00
0.000000000000000000e+00
1.000000000000000000e+00
1.000000000000000000e+00
1.000000000000000000e+00
1.000000000000000000e+00
1.000000000000000000e+00
1.000000000000000000e+00
2.000000000000000000e+00
2.000000000000000000e+00
2.000000000000000000e+00
2.000000000000000000e+00
2.000000000000000000e+00
2.000000000000000000e+00
2.000000000000000000e+00
2.000000000000000000e+00
4.000000000000000000e+00
8.000000000000000000e+00
8.000000000000000000e+00
8.000000000000000000e+00
8.000000000000000000e+00
9.000000000000000000e+00
1.200000000000000000e+01
1.200000000000000000e+01
1.200000000000000000e+01
1.200000000000000000e+01
1.200000000000000000e+01
1.200000000000000000e+01
1.200000000000000000e+01
1.200000000000000000e+01
1.800000000000000000e+01
1.900000000000000000e+01
1.900000000000000000e+01
1.900000000000000000e+01
2.100000000000000000e+01
2.400000000000000000e+01
2.700000000000000000e+01
3.400000000000000000e+01
3.400000000000000000e+01
3.400000000000000000e+01
3.400000000000000000e+01
3.400000000000000000e+01
3.500000000000000000e+01
4.200000000000000000e+01
4.300000000000000000e+01
4.400000000000000000e+01
4.400000000000000000e+01
4.400000000000000000e+01
4.800000000000000000e+01
4.800000000000000000e+01
4.800000000000000000e+01
4.800000000000000000e+01
5.100000000000000000e+01
7.100000000000000000e+01
7.100000000000000000e+01
7.100000000000000000e+01
8.200000000000000000e+01
8.400000000000000000e+01
9.000000000000000000e+01
9.100000000000000000e+01
9.700000000000000000e+01
9.800000000000000000e+01
1.090000000000000000e+02
1.140000000000000000e+02
1.190000000000000000e+02
1.260000000000000000e+02
1.270000000000000000e+02
1.310000000000000000e+02
1.360000000000000000e+02
1.380000000000000000e+02
1.440000000000000000e+02
1.450000000000000000e+02
1.510000000000000000e+02
1.510000000000000000e+02
1.570000000000000000e+02
1.600000000000000000e+02
1.600000000000000000e+02
1.750000000000000000e+02
1.770000000000000000e+02
1.770000000000000000e+02
1.810000000000000000e+02
1.810000000000000000e+02
2.060000000000000000e+02
2.200000000000000000e+02
2.210000000000000000e+02
2.230000000000000000e+02
2.250000000000000000e+02
2.280000000000000000e+02
2.290000000000000000e+02
2.320000000000000000e+02
2.480000000000000000e+02
2.490000000000000000e+02
2.490000000000000000e+02
2.560000000000000000e+02
2.560000000000000000e+02
2.770000000000000000e+02
2.800000000000000000e+02
3.370000000000000000e+02
3.400000000000000000e+02
3.440000000000000000e+02
3.490000000000000000e+02
3.640000000000000000e+02
3.690000000000000000e+02
3.730000000000000000e+02
3.750000000000000000e+02
3.750000000000000000e+02
3.970000000000000000e+02
4.080000000000000000e+02
4.720000000000000000e+02
5.050000000000000000e+02
5.060000000000000000e+02
5.230000000000000000e+02
5.280000000000000000e+02
5.320000000000000000e+02
5.430000000000000000e+02
5.930000000000000000e+02
5.960000000000000000e+02
6.020000000000000000e+02
6.160000000000000000e+02
6.380000000000000000e+02
6.410000000000000000e+02
6.450000000000000000e+02
6.540000000000000000e+02
6.760000000000000000e+02
7.650000000000000000e+02
7.780000000000000000e+02
7.950000000000000000e+02
8.270000000000000000e+02
8.320000000000000000e+02
8.400000000000000000e+02
8.600000000000000000e+02
9.100000000000000000e+02
9.510000000000000000e+02
1.015000000000000000e+03
1.075000000000000000e+03
1.136000000000000000e+03
1.163000000000000000e+03
1.196000000000000000e+03
1.245000000000000000e+03
1.291000000000000000e+03
1.380000000000000000e+03
1.406000000000000000e+03
1.474000000000000000e+03
1.503000000000000000e+03
1.661000000000000000e+03
1.809000000000000000e+03
1.927000000000000000e+03
1.968000000000000000e+03
2.055000000000000000e+03
2.078000000000000000e+03
2.100000000000000000e+03
2.170000000000000000e+03
2.170000000000000000e+03
2.170000000000000000e+03
2.370000000000000000e+03
2.511000000000000000e+03
2.579000000000000000e+03
2.615000000000000000e+03
2.697000000000000000e+03
2.715000000000000000e+03
2.763000000000000000e+03
2.857000000000000000e+03
2.899000000000000000e+03
2.905000000000000000e+03
2.960000000000000000e+03
3.024000000000000000e+03
3.181000000000000000e+03
3.267000000000000000e+03
3.393000000000000000e+03
3.502000000000000000e+03
3.620000000000000000e+03
3.622000000000000000e+03
3.738000000000000000e+03
4.064000000000000000e+03
4.350000000000000000e+03
4.558000000000000000e+03
4.649000000000000000e+03
4.769000000000000000e+03
4.807000000000000000e+03
4.836000000000000000e+03
5.205000000000000000e+03
5.232000000000000000e+03
5.573000000000000000e+03
5.595000000000000000e+03
5.736000000000000000e+03
5.852000000000000000e+03
6.104000000000000000e+03
6.358000000000000000e+03
6.812000000000000000e+03
6.911000000000000000e+03
7.171000000000000000e+03
7.203000000000000000e+03
7.338000000000000000e+03
7.550000000000000000e+03
7.880000000000000000e+03
8.035000000000000000e+03
8.214000000000000000e+03
8.262000000000000000e+03
8.272000000000000000e+03
8.513000000000000000e+03
8.836000000000000000e+03
9.007000000000000000e+03
9.165000000000000000e+03
9.226000000000000000e+03
9.234000000000000000e+03
9.244000000000000000e+03
9.253000000000000000e+03
9.254000000000000000e+03
9.282000000000000000e+03
9.785000000000000000e+03
1.000100000000000000e+04
1.043700000000000000e+04
1.043700000000000000e+04
1.043900000000000000e+04
1.043900000000000000e+04
1.069500000000000000e+04
1.098300000000000000e+04
1.117700000000000000e+04
1.127500000000000000e+04
1.158100000000000000e+04
1.160500000000000000e+04
1.165900000000000000e+04
1.174800000000000000e+04
1.195900000000000000e+04
1.213400000000000000e+04
1.223800000000000000e+04
1.250500000000000000e+04
1.250500000000000000e+04
1.259900000000000000e+04
1.264600000000000000e+04
1.275400000000000000e+04
1.284900000000000000e+04
1.305300000000000000e+04
1.315100000000000000e+04
1.315100000000000000e+04
1.322900000000000000e+04
1.340800000000000000e+04
1.345900000000000000e+04
1.352000000000000000e+04
1.363100000000000000e+04
1.367700000000000000e+04
1.367700000000000000e+04
1.372900000000000000e+04
1.377800000000000000e+04
1.401400000000000000e+04
1.403000000000000000e+04
1.416000000000000000e+04
1.434300000000000000e+04
1.441600000000000000e+04
1.442900000000000000e+04
1.443700000000000000e+04
1.468400000000000000e+04
1.471500000000000000e+04
1.479300000000000000e+04
1.479500000000000000e+04
1.481800000000000000e+04
1.500600000000000000e+04
1.511700000000000000e+04
1.524100000000000000e+04
1.525700000000000000e+04
1.536500000000000000e+04
1.545100000000000000e+04
1.545400000000000000e+04
1.573300000000000000e+04
1.585600000000000000e+04
1.585600000000000000e+04
1.601500000000000000e+04
1.601500000000000000e+04
1.610900000000000000e+04
1.611900000000000000e+04
1.617800000000000000e+04
1.643900000000000000e+04
1.658900000000000000e+04
1.666300000000000000e+04
1.668000000000000000e+04
1.668400000000000000e+04
1.676500000000000000e+04
1.682800000000000000e+04
1.706900000000000000e+04
1.714100000000000000e+04
1.745500000000000000e+04
1.747900000000000000e+04
1.752100000000000000e+04
1.753500000000000000e+04
1.762300000000000000e+04
1.817000000000000000e+04
1.828200000000000000e+04
1.835200000000000000e+04
1.837100000000000000e+04
1.851500000000000000e+04
1.860700000000000000e+04
1.888000000000000000e+04
1.913200000000000000e+04
1.948400000000000000e+04
1.951000000000000000e+04
1.985800000000000000e+04
2.000200000000000000e+04
2.055800000000000000e+04
2.101100000000000000e+04
2.134300000000000000e+04
2.249400000000000000e+04
2.275000000000000000e+04
2.355900000000000000e+04
2.394500000000000000e+04
2.395500000000000000e+04
2.459300000000000000e+04
2.501000000000000000e+04
2.548500000000000000e+04
2.567300000000000000e+04
2.621200000000000000e+04
2.679000000000000000e+04
2.716200000000000000e+04
2.743800000000000000e+04
2.781400000000000000e+04
2.839500000000000000e+04
3.012400000000000000e+04
3.101600000000000000e+04
3.150600000000000000e+04
3.169900000000000000e+04
3.194700000000000000e+04
3.226200000000000000e+04
3.285700000000000000e+04
3.380400000000000000e+04
3.438900000000000000e+04
3.492100000000000000e+04
3.526700000000000000e+04
3.622400000000000000e+04
3.757000000000000000e+04
3.787000000000000000e+04
3.867600000000000000e+04
3.980600000000000000e+04
4.076100000000000000e+04
4.109600000000000000e+04
4.141300000000000000e+04
4.279700000000000000e+04
4.400200000000000000e+04
4.427600000000000000e+04
4.588400000000000000e+04
4.629400000000000000e+04
4.642100000000000000e+04
4.659400000000000000e+04
4.772900000000000000e+04
4.845100000000000000e+04
4.861600000000000000e+04
4.893800000000000000e+04
4.981400000000000000e+04
5.038000000000000000e+04
5.038000000000000000e+04
5.084400000000000000e+04
5.137600000000000000e+04
5.236300000000000000e+04
5.239100000000000000e+04
5.252700000000000000e+04
5.268300000000000000e+04
5.288200000000000000e+04
5.318800000000000000e+04
5.380300000000000000e+04
5.409500000000000000e+04
5.507400000000000000e+04
5.516700000000000000e+04
5.527500000000000000e+04
5.527500000000000000e+04
5.537100000000000000e+04
5.640900000000000000e+04
5.683500000000000000e+04
5.684100000000000000e+04
5.696500000000000000e+04
5.712400000000000000e+04
5.723400000000000000e+04
5.792600000000000000e+04
5.806300000000000000e+04
5.812900000000000000e+04
5.833600000000000000e+04
5.838300000000000000e+04
5.890400000000000000e+04
5.940100000000000000e+04
5.990100000000000000e+04
5.997200000000000000e+04
6.111200000000000000e+04
6.118800000000000000e+04
6.120700000000000000e+04
6.129300000000000000e+04
6.231500000000000000e+04
6.232300000000000000e+04
6.234200000000000000e+04
6.239400000000000000e+04
6.240800000000000000e+04
6.245200000000000000e+04
6.250100000000000000e+04
6.292700000000000000e+04
6.444800000000000000e+04
6.454100000000000000e+04
6.454100000000000000e+04
6.591300000000000000e+04
6.688300000000000000e+04
6.693100000000000000e+04
6.732500000000000000e+04
6.734200000000000000e+04
6.734300000000000000e+04
6.769600000000000000e+04
6.770600000000000000e+04
6.774900000000000000e+04
6.778500000000000000e+04
6.779900000000000000e+04
6.788400000000000000e+04
6.804700000000000000e+04
6.831400000000000000e+04
6.848700000000000000e+04
6.871000000000000000e+04
6.872500000000000000e+04
6.873100000000000000e+04
6.874900000000000000e+04
6.877700000000000000e+04
6.884500000000000000e+04
6.884500000000000000e+04
6.884500000000000000e+04
6.909800000000000000e+04
6.910000000000000000e+04
6.911700000000000000e+04
6.919300000000000000e+04
6.922700000000000000e+04
6.923200000000000000e+04
6.949900000000000000e+04
6.950700000000000000e+04
6.952500000000000000e+04
6.954700000000000000e+04
6.955500000000000000e+04
6.964100000000000000e+04
6.965200000000000000e+04
6.965600000000000000e+04
6.966200000000000000e+04
6.968700000000000000e+04
6.968700000000000000e+04
6.970900000000000000e+04
6.974000000000000000e+04
6.987800000000000000e+04
6.987800000000000000e+04
6.988100000000000000e+04
6.988900000000000000e+04
6.993700000000000000e+04
6.999900000000000000e+04
7.002800000000000000e+04
7.003000000000000000e+04
7.004100000000000000e+04
7.004900000000000000e+04
7.024100000000000000e+04
7.028900000000000000e+04
7.030000000000000000e+04
7.035200000000000000e+04
7.057100000000000000e+04
7.059900000000000000e+04
7.108100000000000000e+04
7.115000000000000000e+04
7.118600000000000000e+04
7.120500000000000000e+04
7.149100000000000000e+04
7.149100000000000000e+04
7.162800000000000000e+04
7.163400000000000000e+04
7.216700000000000000e+04
7.240400000000000000e+04
7.243700000000000000e+04
7.244900000000000000e+04
7.289400000000000000e+04
7.289900000000000000e+04
7.361700000000000000e+04
7.388000000000000000e+04
7.421100000000000000e+04
7.439200000000000000e+04
7.491800000000000000e+04
7.512500000000000000e+04
7.626900000000000000e+04
7.671600000000000000e+04
7.683900000000000000e+04
7.833700000000000000e+04
8.005800000000000000e+04
8.077300000000000000e+04
8.229900000000000000e+04
8.261600000000000000e+04
8.276700000000000000e+04
8.499300000000000000e+04
8.607900000000000000e+04
8.642300000000000000e+04
8.725600000000000000e+04
8.808100000000000000e+04
8.838000000000000000e+04
9.084500000000000000e+04
9.581500000000000000e+04
9.644600000000000000e+04
1.009120000000000000e+05
0.000000000000000000e+00
0.000000000000000000e+00
0.000000000000000000e+00
0.000000000000000000e+00
0.000000000000000000e+00
0.000000000000000000e+00
0.000000000000000000e+00
0.000000000000000000e+00
0.000000000000000000e+00
0.000000000000000000e+00
0.000000000000000000e+00
0.000000000000000000e+00
0.000000000000000000e+00
0.000000000000000000e+00
0.000000000000000000e+00
0.000000000000000000e+00
0.000000000000000000e+00
0.000000000000000000e+00
0.000000000000000000e+00
0.000000000000000000e+00
0.000000000000000000e+00
0.000000000000000000e+00
0.000000000000000000e+00
0.000000000000000000e+00
0.000000000000000000e+00
0.000000000000000000e+00
0.000000000000000000e+00
0.000000000000000000e+00
0.000000000000000000e+00
0.000000000000000000e+00
0.000000000000000000e+00
0.000000000000000000e+00
0.000000000000000000e+00
0.000000000000000000e+00
0.000000000000000000e+00
0.000000000000000000e+00
0.000000000000000000e+00
0.000000000000000000e+00
0.000000000000000000e+00
0.000000000000000000e+00
0.000000000000000000e+00
0.000000000000000000e+00
0.000000000000000000e+00
0.000000000000000000e+00
0.000000000000000000e+00
0.000000000000000000e+00
0.000000000000000000e+00
0.000000000000000000e+00
0.000000000000000000e+00
0.000000000000000000e+00
0.000000000000000000e+00
0.000000000000000000e+00
0.000000000000000000e+00
0.000000000000000000e+00
0.000000000000000000e+00
0.000000000000000000e+00
0.000000000000000000e+00
0.000000000000000000e+00
0.000000000000000000e+00
0.000000000000000000e+00
0.000000000000000000e+00
0.000000000000000000e+00
0.000000000000000000e+00
0.000000000000000000e+00
0.000000000000000000e+00
0.000000000000000000e+00
0.000000000000000000e+00
0.000000000000000000e+00
0.000000000000000000e+00
0.000000000000000000e+00
0.000000000000000000e+00
0.000000000000000000e+00
0.000000000000000000e+00
0.000000000000000000e+00
0.000000000000000000e+00
0.000000000000000000e+00
0.000000000000000000e+00
0.000000000000000000e+00
0.000000000000000000e+00
0.000000000000000000e+00
0.000000000000000000e+00
0.000000000000000000e+00
0.000000000000000000e+00
0.000000000000000000e+00
0.000000000000000000e+00
0.000000000000000000e+00
0.000000000000000000e+00
0.000000000000000000e+00
0.000000000000000000e+00
0.000000000000000000e+00
0.000000000000000000e+00
0.000000000000000000e+00
0.000000000000000000e+00
0.000000000000000000e+00
0.000000000000000000e+00
0.000000000000000000e+00
0.000000000000000000e+00
0.000000000000000000e+00
0.000000000000000000e+00
0.000000000000000000e+00
0.000000000000000000e+00
0.000000000000000000e+00
0.000000000000000000e+00
0.000000000000000000e+00
0.000000000000000000e+00
0.000000000000000000e+00
0.000000000000000000e+00
0.000000000000000000e+00
0.000000000000000000e+00
0.000000000000000000e+00
0.000000000000000000e+00
0.000000000000000000e+00
0.000000000000000000e+00
0.000000000000000000e+00
0.000000000000000000e+00
0.000000000000000000e+00
0.000000000000000000e+00
0.000000000000000000e+00
0.000000000000000000e+00
0.000000000000000000e+00
0.000000000000000000e+00
0.000000000000000000e+00
0.000000000000000000e+00
0.000000000000000000e+00
0.000000000000000000e+00
0.000000000000000000e+00
0.000000000000000000e+00
0.000000000000000000e+00
0.000000000000000000e+00
0.000000000000000000e+00
0.000000000000000000e+00
0.000000000000000000e+00
0.000000000000000000e+00
0.000000000000000000e+00
0.000000000000000000e+00
0.000000000000000000e+00
0.000000000000000000e+00
0.000000000000000000e+00
0.000000000000000000e+00
0.000000000000000000e+00
0.000000000000000000e+00
0.000000000000000000e+00
0.000000000000000000e+00
0.000000000000000000e+00
0.000000000000000000e+00
0.000000000000000000e+00
0.000000000000000000e+00
0.000000000000000000e+00
0.000000000000000000e+00
0.000000000000000000e+00
0.000000000000000000e+00
0.000000000000000000e+00
0.000000000000000000e+00
0.000000000000000000e+00
0.000000000000000000e+00
0.000000000000000000e+00
0.000000000000000000e+00
0.000000000000000000e+00
0.000000000000000000e+00
0.000000000000000000e+00
0.000000000000000000e+00
0.000000000000000000e+00
0.000000000000000000e+00
0.000000000000000000e+00
0.000000000000000000e+00
0.000000000000000000e+00
0.000000000000000000e+00
0.000000000000000000e+00
0.000000000000000000e+00
0.000000000000000000e+00
0.000000000000000000e+00
0.000000000000000000e+00
0.000000000000000000e+00
0.000000000000000000e+00
0.000000000000000000e+00
0.000000000000000000e+00
0.000000000000000000e+00
0.000000000000000000e+00
0.000000000000000000e+00
0.000000000000000000e+00
0.000000000000000000e+00
0.000000000000000000e+00
0.000000000000000000e+00
0.000000000000000000e+00
0.000000000000000000e+00
0.000000000000000000e+00
0.000000000000000000e+00
0.000000000000000000e+00
0.000000000000000000e+00
0.000000000000000000e+00
0.000000000000000000e+00
0.000000000000000000e+00
0.000000000000000000e+00
0.000000000000000000e+00
0.000000000000000000e+00
0.000000000000000000e+00
0.000000000000000000e+00
0.000000000000000000e+00
0.000000000000000000e+00
0.000000000000000000e+00
0.000000000000000000e+00
0.000000000000000000e+00
0.000000000000000000e+00
0.000000000000000000e+00
0.000000000000000000e+00
0.000000000000000000e+00
0.000000000000000000e+00
0.000000000000000000e+00
0.000000000000000000e+00
0.000000000000000000e+00
0.000000000000000000e+00
0.000000000000000000e+00
0.000000000000000000e+00
0.000000000000000000e+00
0.000000000000000000e+00
0.000000000000000000e+00
0.000000000000000000e+00
0.000000000000000000e+00
0.000000000000000000e+00
0.000000000000000000e+00
0.000000000000000000e+00
0.000000000000000000e+00
0.000000000000000000e+00
0.000000000000000000e+00
0.000000000000000000e+00
0.000000000000000000e+00
0.000000000000000000e+00
0.000000000000000000e+00
0.000000000000000000e+00
0.000000000000000000e+00
0.000000000000000000e+00
0.000000000000000000e+00
0.000000000000000000e+00
0.000000000000000000e+00
0.000000000000000000e+00
0.000000000000000000e+00
0.000000000000000000e+00
0.000000000000000000e+00
0.000000000000000000e+00
0.000000000000000000e+00
0.000000000000000000e+00
0.000000000000000000e+00
0.000000000000000000e+00
0.000000000000000000e+00
0.000000000000000000e+00
0.000000000000000000e+00
0.000000000000000000e+00
0.000000000000000000e+00
0.000000000000000000e+00
0.000000000000000000e+00
0.000000000000000000e+00
0.000000000000000000e+00
0.000000000000000000e+00
0.000000000000000000e+00
0.000000000000000000e+00
0.000000000000000000e+00
0.000000000000000000e+00
0.000000000000000000e+00
0.000000000000000000e+00
0.000000000000000000e+00
0.000000000000000000e+00
0.000000000000000000e+00
0.000000000000000000e+00
0.000000000000000000e+00
0.000000000000000000e+00
0.000000000000000000e+00
0.000000000000000000e+00
0.000000000000000000e+00
0.000000000000000000e+00
0.000000000000000000e+00
0.000000000000000000e+00
0.000000000000000000e+00
0.000000000000000000e+00
0.000000000000000000e+00
0.000000000000000000e+00
0.000000000000000000e+00
0.000000000000000000e+00
0.000000000000000000e+00
0.000000000000000000e+00
0.000000000000000000e+00
0.000000000000000000e+00
0.000000000000000000e+00
0.000000000000000000e+00
0.000000000000000000e+00
0.000000000000000000e+00
0.000000000000000000e+00
0.000000000000000000e+00
0.000000000000000000e+00
0.000000000000000000e+00
0.000000000000000000e+00
0.000000000000000000e+00
0.000000000000000000e+00
0.000000000000000000e+00
0.000000000000000000e+00
0.000000000000000000e+00
0.000000000000000000e+00
0.000000000000000000e+00
0.000000000000000000e+00
0.000000000000000000e+00
0.000000000000000000e+00
0.000000000000000000e+00
0.000000000000000000e+00
0.000000000000000000e+00
0.000000000000000000e+00
0.000000000000000000e+00
0.000000000000000000e+00
0.000000000000000000e+00
0.000000000000000000e+00
0.000000000000000000e+00
0.000000000000000000e+00
0.000000000000000000e+00
0.000000000000000000e+00
0.000000000000000000e+00
0.000000000000000000e+00
0.000000000000000000e+00
0.000000000000000000e+00
0.000000000000000000e+00
0.000000000000000000e+00
0.000000000000000000e+00
0.000000000000000000e+00
0.000000000000000000e+00
0.000000000000000000e+00
0.000000000000000000e+00
0.000000000000000000e+00
0.000000000000000000e+00
0.000000000000000000e+00
0.000000000000000000e+00
0.000000000000000000e+00
0.000000000000000000e+00
0.000000000000000000e+00
0.000000000000000000e+00
0.000000000000000000e+00
0.000000000000000000e+00
0.000000000000000000e+00
0.000000000000000000e+00
0.000000000000000000e+00
0.000000000000000000e+00
0.000000000000000000e+00
0.000000000000000000e+00
0.000000000000000000e+00
0.000000000000000000e+00
0.000000000000000000e+00
0.000000000000000000e+00
0.000000000000000000e+00
0.000000000000000000e+00
0.000000000000000000e+00
0.000000000000000000e+00
0.000000000000000000e+00
0.000000000000000000e+00
0.000000000000000000e+00
0.000000000000000000e+00
0.000000000000000000e+00
0.000000000000000000e+00
0.000000000000000000e+00
0.000000000000000000e+00
