0.000000000000000000e+00
0.000000000000000000e+00
0.000000000000000000e+00
0.000000000000000000e+00
0.000000000000000000e+00
0.000000000000000000e+00
0.000000000000000000e+00
0.000000000000000000e+00
0.000000000000000000e+00
0.000000000000000000e+00
0.000000000000000000e+00
0.000000000000000000e+00
0.000000000000000000e+00
0.000000000000000000e+00
0.000000000000000000e+00
0.000000000000000000e+00
0.000000000000000000e+00
0.000000000000000000e+00
0.000000000000000000e+00
0.000000000000000000e+00
0.000000000000000000e+00
0.000000000000000000e+00
0.000000000000000000e+00
0.000000000000000000e+00
0.000000000000000000e+00
0.000000000000000000e+00
0.000000000000000000e+00
0.000000000000000000e+00
0.000000000000000000e+00
0.000000000000000000e+00
0.000000000000000000e+00
0.000000000000000000e+00
0.000000000000000000e+00
0.000000000000000000e+00
0.000000000000000000e+00
0.000000000000000000e+00
0.000000000000000000e+00
0.000000000000000000e+00
0.000000000000000000e+00
0.000000000000000000e+00
0.000000000000000000e+00
0.000000000000000000e+00
0.000000000000000000e+00
0.000000000000000000e+00
0.000000000000000000e+00
0.000000000000000000e+00
0.000000000000000000e+00
0.000000000000000000e+00
0.000000000000000000e+00
0.000000000000000000e+00
0.000000000000000000e+00
0.000000000000000000e+00
0.000000000000000000e+00
0.000000000000000000e+00
0.000000000000000000e+00
0.000000000000000000e+00
0.000000000000000000e+00
0.000000000000000000e+00
0.000000000000000000e+00
0.000000000000000000e+00
0.000000000000000000e+00
0.000000000000000000e+00
0.000000000000000000e+00
0.000000000000000000e+00
0.000000000000000000e+00
0.000000000000000000e+00
3.000000000000000000e+00
0.000000000000000000e+00
0.000000000000000000e+00
0.000000000000000000e+00
0.000000000000000000e+00
0.000000000000000000e+00
0.000000000000000000e+00
0.000000000000000000e+00
3.000000000000000000e+00
0.000000000000000000e+00
0.000000000000000000e+00
0.000000000000000000e+00
0.000000000000000000e+00
1.000000000000000000e+00
0.000000000000000000e+00
0.000000000000000000e+00
0.000000000000000000e+00
0.000000000000000000e+00
2.000000000000000000e+00
0.000000000000000000e+00
1.000000000000000000e+00
0.000000000000000000e+00
5.000000000000000000e+00
1.000000000000000000e+01
4.000000000000000000e+00
1.000000000000000000e+00
1.000000000000000000e+00
2.700000000000000000e+01
7.000000000000000000e+00
0.000000000000000000e+00
1.400000000000000000e+01
0.000000000000000000e+00
-6.000000000000000000e+00
6.000000000000000000e+00
3.300000000000000000e+01
4.000000000000000000e+00
2.000000000000000000e+00
4.000000000000000000e+00
0.000000000000000000e+00
1.000000000000000000e+01
2.200000000000000000e+01
3.800000000000000000e+01
3.000000000000000000e+00
8.000000000000000000e+00
3.000000000000000000e+00
5.000000000000000000e+00
2.600000000000000000e+01
1.600000000000000000e+01
1.100000000000000000e+01
1.400000000000000000e+01
4.100000000000000000e+01
2.100000000000000000e+01
9.000000000000000000e+00
0.000000000000000000e+00
4.800000000000000000e+01
4.200000000000000000e+01
0.000000000000000000e+00
2.900000000000000000e+01
5.000000000000000000e+00
2.000000000000000000e+01
1.300000000000000000e+01
1.300000000000000000e+01
0.000000000000000000e+00
1.700000000000000000e+01
1.000000000000000000e+00
1.200000000000000000e+01
1.400000000000000000e+01
5.400000000000000000e+01
3.100000000000000000e+01
2.900000000000000000e+01
2.000000000000000000e+01
1.500000000000000000e+01
2.800000000000000000e+01
4.700000000000000000e+01
2.200000000000000000e+01
2.800000000000000000e+01
7.000000000000000000e+00
5.000000000000000000e+01
7.300000000000000000e+01
5.800000000000000000e+01
5.000000000000000000e+01
4.100000000000000000e+01
6.300000000000000000e+01
3.500000000000000000e+01
6.100000000000000000e+01
1.800000000000000000e+01
6.900000000000000000e+01
9.900000000000000000e+01
8.500000000000000000e+01
5.400000000000000000e+01
7.800000000000000000e+01
8.900000000000000000e+01
1.080000000000000000e+02
8.600000000000000000e+01
9.900000000000000000e+01
6.300000000000000000e+01
6.700000000000000000e+01
6.000000000000000000e+01
1.370000000000000000e+02
1.030000000000000000e+02
9.500000000000000000e+01
5.200000000000000000e+01
8.400000000000000000e+01
5.800000000000000000e+01
7.100000000000000000e+01
5.100000000000000000e+01
5.600000000000000000e+01
1.660000000000000000e+02
1.640000000000000000e+02
9.200000000000000000e+01
4.100000000000000000e+01
1.450000000000000000e+02
9.600000000000000000e+01
1.400000000000000000e+02
1.040000000000000000e+02
2.390000000000000000e+02
1.710000000000000000e+02
1.330000000000000000e+02
1.590000000000000000e+02
1.060000000000000000e+02
2.090000000000000000e+02
1.170000000000000000e+02
6.400000000000000000e+01
1.780000000000000000e+02
1.620000000000000000e+02
1.110000000000000000e+02
1.400000000000000000e+02
1.000000000000000000e+02
6.000000000000000000e+01
6.700000000000000000e+01
1.950000000000000000e+02
1.090000000000000000e+02
1.300000000000000000e+02
7.300000000000000000e+01
1.690000000000000000e+02
5.200000000000000000e+01
1.560000000000000000e+02
1.400000000000000000e+02
8.700000000000000000e+01
9.600000000000000000e+01
1.270000000000000000e+02
8.400000000000000000e+01
1.110000000000000000e+02
2.110000000000000000e+02
2.060000000000000000e+02
2.150000000000000000e+02
1.890000000000000000e+02
1.780000000000000000e+02
8.300000000000000000e+01
2.400000000000000000e+01
5.680000000000000000e+02
4.500000000000000000e+01
4.170000000000000000e+02
4.900000000000000000e+02
8.000000000000000000e+01
8.600000000000000000e+01
1.540000000000000000e+02
3.400000000000000000e+01
7.170000000000000000e+02
4.710000000000000000e+02
7.290000000000000000e+02
7.680000000000000000e+02
3.030000000000000000e+02
4.100000000000000000e+02
4.450000000000000000e+02
7.910000000000000000e+02
5.130000000000000000e+02
1.036000000000000000e+03
1.147000000000000000e+03
1.130000000000000000e+02
6.140000000000000000e+02
0.000000000000000000e+00
1.496000000000000000e+03
6.940000000000000000e+02
4.720000000000000000e+02
6.610000000000000000e+02
2.550000000000000000e+02
5.460000000000000000e+02
6.190000000000000000e+02
7.920000000000000000e+02
5.580000000000000000e+02
1.148000000000000000e+03
3.600000000000000000e+02
0.000000000000000000e+00
8.690000000000000000e+02
4.260000000000000000e+02
5.390000000000000000e+02
5.950000000000000000e+02
4.610000000000000000e+02
2.090000000000000000e+02
1.180000000000000000e+02
4.630000000000000000e+02
3.630000000000000000e+02
4.590000000000000000e+02
4.990000000000000000e+02
6.470000000000000000e+02
1.950000000000000000e+02
8.100000000000000000e+01
2.020000000000000000e+02
5.580000000000000000e+02
2.180000000000000000e+02
1.109000000000000000e+03
4.470000000000000000e+02
1.160000000000000000e+02
3.020000000000000000e+02
4.340000000000000000e+02
5.320000000000000000e+02
4.110000000000000000e+02
7.910000000000000000e+02
0.000000000000000000e+00
7.340000000000000000e+02
1.300000000000000000e+02
5.400000000000000000e+02
2.970000000000000000e+02
2.930000000000000000e+02
6.780000000000000000e+02
3.250000000000000000e+02
0.000000000000000000e+00
5.580000000000000000e+02
4.290000000000000000e+02
7.320000000000000000e+02
3.050000000000000000e+02
4.210000000000000000e+02
3.500000000000000000e+01
2.060000000000000000e+02
0.000000000000000000e+00
3.620000000000000000e+02
3.300000000000000000e+02
3.500000000000000000e+02
2.110000000000000000e+02
1.680000000000000000e+02
3.150000000000000000e+02
2.270000000000000000e+02
1.370000000000000000e+02
1.670000000000000000e+02
0.000000000000000000e+00
0.000000000000000000e+00
7.430000000000000000e+02
3.830000000000000000e+02
0.000000000000000000e+00
4.080000000000000000e+02
0.000000000000000000e+00
3.900000000000000000e+02
3.480000000000000000e+02
2.220000000000000000e+02
6.200000000000000000e+01
4.200000000000000000e+01
3.930000000000000000e+02
0.000000000000000000e+00
8.040000000000000000e+02
7.600000000000000000e+01
0.000000000000000000e+00
1.430000000000000000e+02
3.600000000000000000e+02
0.000000000000000000e+00
3.250000000000000000e+02
1.107000000000000000e+03
6.000000000000000000e+01
2.960000000000000000e+02
1.660000000000000000e+02
6.800000000000000000e+01
2.100000000000000000e+02
7.040000000000000000e+02
5.530000000000000000e+02
5.540000000000000000e+02
5.030000000000000000e+02
0.000000000000000000e+00
2.650000000000000000e+02
3.700000000000000000e+01
1.420000000000000000e+02
3.600000000000000000e+02
0.000000000000000000e+00
7.810000000000000000e+02
1.170000000000000000e+02
0.000000000000000000e+00
2.550000000000000000e+02
6.210000000000000000e+02
0.000000000000000000e+00
1.140000000000000000e+02
2.420000000000000000e+02
4.120000000000000000e+02
0.000000000000000000e+00
0.000000000000000000e+00
0.000000000000000000e+00
0.000000000000000000e+00
0.000000000000000000e+00
1.169000000000000000e+03
2.710000000000000000e+02
0.000000000000000000e+00
5.130000000000000000e+02
8.800000000000000000e+01
2.580000000000000000e+02
3.160000000000000000e+02
9.300000000000000000e+01
0.000000000000000000e+00
7.600000000000000000e+01
3.300000000000000000e+01
3.500000000000000000e+01
1.700000000000000000e+01
1.750000000000000000e+02
1.800000000000000000e+01
3.800000000000000000e+01
2.100000000000000000e+01
8.000000000000000000e+00
1.200000000000000000e+02
7.200000000000000000e+01
6.600000000000000000e+01
8.600000000000000000e+01
3.800000000000000000e+01
1.400000000000000000e+01
0.000000000000000000e+00
1.060000000000000000e+02
3.050000000000000000e+02
1.720000000000000000e+02
1.310000000000000000e+02
1.980000000000000000e+02
3.200000000000000000e+01
1.190000000000000000e+02
3.200000000000000000e+01
1.520000000000000000e+02
8.710000000000000000e+02
1.620000000000000000e+02
1.700000000000000000e+01
0.000000000000000000e+00
1.760000000000000000e+02
1.250000000000000000e+02
1.470000000000000000e+02
3.030000000000000000e+02
2.470000000000000000e+02
4.380000000000000000e+02
7.200000000000000000e+01
1.030000000000000000e+02
1.100000000000000000e+02
9.700000000000000000e+01
4.370000000000000000e+02
4.480000000000000000e+02
5.740000000000000000e+02
6.600000000000000000e+01
1.960000000000000000e+02
1.940000000000000000e+02
3.360000000000000000e+02
3.910000000000000000e+02
0.000000000000000000e+00
2.700000000000000000e+02
8.900000000000000000e+01
9.600000000000000000e+01
1.990000000000000000e+02
6.600000000000000000e+01
1.500000000000000000e+02
1.520000000000000000e+02
0.000000000000000000e+00
2.600000000000000000e+01
4.700000000000000000e+01
1.670000000000000000e+02
2.700000000000000000e+01
8.900000000000000000e+01
9.700000000000000000e+01
0.000000000000000000e+00
0.000000000000000000e+00
7.200000000000000000e+01
2.810000000000000000e+02
4.770000000000000000e+02
4.920000000000000000e+02
6.000000000000000000e+02
3.570000000000000000e+02
6.040000000000000000e+02
0.000000000000000000e+00
6.560000000000000000e+02
8.800000000000000000e+01
5.760000000000000000e+02
0.000000000000000000e+00
0.000000000000000000e+00
6.500000000000000000e+01
9.000000000000000000e+01
2.250000000000000000e+02
6.110000000000000000e+02
4.600000000000000000e+02
4.740000000000000000e+02
3.200000000000000000e+02
2.430000000000000000e+02
1.560000000000000000e+02
1.290000000000000000e+02
4.900000000000000000e+01
8.400000000000000000e+01
2.100000000000000000e+01
0.000000000000000000e+00
1.040000000000000000e+02
0.000000000000000000e+00
1.070000000000000000e+02
0.000000000000000000e+00
9.850000000000000000e+02
1.000000000000000000e+02
0.000000000000000000e+00
1.480000000000000000e+02
0.000000000000000000e+00
1.350000000000000000e+02
3.130000000000000000e+02
3.900000000000000000e+02
1.060000000000000000e+02
1.830000000000000000e+02
0.000000000000000000e+00
4.870000000000000000e+02
5.700000000000000000e+01
5.750000000000000000e+02
6.580000000000000000e+02
5.770000000000000000e+02
2.220000000000000000e+02
0.000000000000000000e+00
0.000000000000000000e+00
5.910000000000000000e+02
2.140000000000000000e+02
0.000000000000000000e+00
0.000000000000000000e+00
3.740000000000000000e+02
4.100000000000000000e+01
3.180000000000000000e+02
1.660000000000000000e+02
3.700000000000000000e+01
2.700000000000000000e+02
1.130000000000000000e+02
1.190000000000000000e+02
0.000000000000000000e+00
1.000000000000000000e+02
3.600000000000000000e+01
2.450000000000000000e+02
2.170000000000000000e+02
0.000000000000000000e+00
1.660000000000000000e+02
0.000000000000000000e+00
5.000000000000000000e+02
3.900000000000000000e+02
5.050000000000000000e+02
9.700000000000000000e+01
9.600000000000000000e+01
6.900000000000000000e+01
1.040000000000000000e+02
2.310000000000000000e+02
3.700000000000000000e+01
1.310000000000000000e+02
7.530000000000000000e+02
5.620000000000000000e+02
3.000000000000000000e+02
0.000000000000000000e+00
1.160000000000000000e+03
1.224000000000000000e+03
5.630000000000000000e+02
0.000000000000000000e+00
7.800000000000000000e+01
4.610000000000000000e+02
7.800000000000000000e+01
1.340000000000000000e+02
8.100000000000000000e+01
7.100000000000000000e+01
1.730000000000000000e+02
6.600000000000000000e+01
5.600000000000000000e+01
0.000000000000000000e+00
0.000000000000000000e+00
9.400000000000000000e+01
5.100000000000000000e+01
1.800000000000000000e+01
1.730000000000000000e+02
3.140000000000000000e+02
2.450000000000000000e+02
2.760000000000000000e+02
1.740000000000000000e+02
1.890000000000000000e+02
3.400000000000000000e+01
1.770000000000000000e+02
1.890000000000000000e+02
1.480000000000000000e+02
1.490000000000000000e+02
1.910000000000000000e+02
2.690000000000000000e+02
3.110000000000000000e+02
5.280000000000000000e+02
0.000000000000000000e+00
0.000000000000000000e+00
2.590000000000000000e+02
3.540000000000000000e+02
3.870000000000000000e+02
3.610000000000000000e+02
2.300000000000000000e+02
0.000000000000000000e+00
0.000000000000000000e+00
2.810000000000000000e+02
6.990000000000000000e+02
6.620000000000000000e+02
8.070000000000000000e+02
8.180000000000000000e+02
0.000000000000000000e+00
0.000000000000000000e+00
0.000000000000000000e+00
9.470000000000000000e+02
7.400000000000000000e+02
-1.023840000000000000e+05
0.000000000000000000e+00
0.000000000000000000e+00
0.000000000000000000e+00
0.000000000000000000e+00
0.000000000000000000e+00
0.000000000000000000e+00
0.000000000000000000e+00
0.000000000000000000e+00
0.000000000000000000e+00
0.000000000000000000e+00
0.000000000000000000e+00
0.000000000000000000e+00
0.000000000000000000e+00
0.000000000000000000e+00
0.000000000000000000e+00
0.000000000000000000e+00
0.000000000000000000e+00
0.000000000000000000e+00
0.000000000000000000e+00
0.000000000000000000e+00
0.000000000000000000e+00
0.000000000000000000e+00
0.000000000000000000e+00
0.000000000000000000e+00
0.000000000000000000e+00
0.000000000000000000e+00
0.000000000000000000e+00
0.000000000000000000e+00
0.000000000000000000e+00
0.000000000000000000e+00
0.000000000000000000e+00
0.000000000000000000e+00
0.000000000000000000e+00
0.000000000000000000e+00
0.000000000000000000e+00
0.000000000000000000e+00
0.000000000000000000e+00
0.000000000000000000e+00
0.000000000000000000e+00
0.000000000000000000e+00
0.000000000000000000e+00
0.000000000000000000e+00
0.000000000000000000e+00
0.000000000000000000e+00
0.000000000000000000e+00
0.000000000000000000e+00
0.000000000000000000e+00
0.000000000000000000e+00
0.000000000000000000e+00
0.000000000000000000e+00
0.000000000000000000e+00
0.000000000000000000e+00
0.000000000000000000e+00
0.000000000000000000e+00
0.000000000000000000e+00
0.000000000000000000e+00
0.000000000000000000e+00
0.000000000000000000e+00
0.000000000000000000e+00
0.000000000000000000e+00
0.000000000000000000e+00
0.000000000000000000e+00
0.000000000000000000e+00
0.000000000000000000e+00
0.000000000000000000e+00
0.000000000000000000e+00
0.000000000000000000e+00
0.000000000000000000e+00
0.000000000000000000e+00
0.000000000000000000e+00
0.000000000000000000e+00
0.000000000000000000e+00
0.000000000000000000e+00
0.000000000000000000e+00
0.000000000000000000e+00
0.000000000000000000e+00
0.000000000000000000e+00
0.000000000000000000e+00
0.000000000000000000e+00
0.000000000000000000e+00
0.000000000000000000e+00
0.000000000000000000e+00
0.000000000000000000e+00
0.000000000000000000e+00
0.000000000000000000e+00
0.000000000000000000e+00
0.000000000000000000e+00
0.000000000000000000e+00
0.000000000000000000e+00
0.000000000000000000e+00
0.000000000000000000e+00
0.000000000000000000e+00
0.000000000000000000e+00
0.000000000000000000e+00
0.000000000000000000e+00
0.000000000000000000e+00
0.000000000000000000e+00
0.000000000000000000e+00
0.000000000000000000e+00
0.000000000000000000e+00
0.000000000000000000e+00
0.000000000000000000e+00
0.000000000000000000e+00
0.000000000000000000e+00
0.000000000000000000e+00
0.000000000000000000e+00
0.000000000000000000e+00
0.000000000000000000e+00
0.000000000000000000e+00
0.000000000000000000e+00
0.000000000000000000e+00
0.000000000000000000e+00
0.000000000000000000e+00
0.000000000000000000e+00
0.000000000000000000e+00
0.000000000000000000e+00
0.000000000000000000e+00
0.000000000000000000e+00
0.000000000000000000e+00
0.000000000000000000e+00
0.000000000000000000e+00
0.000000000000000000e+00
0.000000000000000000e+00
0.000000000000000000e+00
0.000000000000000000e+00
0.000000000000000000e+00
0.000000000000000000e+00
0.000000000000000000e+00
0.000000000000000000e+00
0.000000000000000000e+00
0.000000000000000000e+00
0.000000000000000000e+00
0.000000000000000000e+00
0.000000000000000000e+00
0.000000000000000000e+00
0.000000000000000000e+00
0.000000000000000000e+00
0.000000000000000000e+00
0.000000000000000000e+00
0.000000000000000000e+00
0.000000000000000000e+00
0.000000000000000000e+00
0.000000000000000000e+00
0.000000000000000000e+00
0.000000000000000000e+00
0.000000000000000000e+00
0.000000000000000000e+00
0.000000000000000000e+00
0.000000000000000000e+00
0.000000000000000000e+00
0.000000000000000000e+00
0.000000000000000000e+00
0.000000000000000000e+00
0.000000000000000000e+00
0.000000000000000000e+00
0.000000000000000000e+00
0.000000000000000000e+00
0.000000000000000000e+00
0.000000000000000000e+00
0.000000000000000000e+00
0.000000000000000000e+00
0.000000000000000000e+00
0.000000000000000000e+00
0.000000000000000000e+00
0.000000000000000000e+00
0.000000000000000000e+00
0.000000000000000000e+00
0.000000000000000000e+00
0.000000000000000000e+00
0.000000000000000000e+00
0.000000000000000000e+00
0.000000000000000000e+00
0.000000000000000000e+00
0.000000000000000000e+00
0.000000000000000000e+00
0.000000000000000000e+00
0.000000000000000000e+00
0.000000000000000000e+00
0.000000000000000000e+00
0.000000000000000000e+00
0.000000000000000000e+00
0.000000000000000000e+00
0.000000000000000000e+00
0.000000000000000000e+00
0.000000000000000000e+00
0.000000000000000000e+00
0.000000000000000000e+00
0.000000000000000000e+00
0.000000000000000000e+00
0.000000000000000000e+00
0.000000000000000000e+00
0.000000000000000000e+00
0.000000000000000000e+00
0.000000000000000000e+00
0.000000000000000000e+00
0.000000000000000000e+00
0.000000000000000000e+00
0.000000000000000000e+00
0.000000000000000000e+00
0.000000000000000000e+00
0.000000000000000000e+00
0.000000000000000000e+00
0.000000000000000000e+00
0.000000000000000000e+00
0.000000000000000000e+00
0.000000000000000000e+00
0.000000000000000000e+00
0.000000000000000000e+00
0.000000000000000000e+00
0.000000000000000000e+00
0.000000000000000000e+00
0.000000000000000000e+00
0.000000000000000000e+00
0.000000000000000000e+00
0.000000000000000000e+00
0.000000000000000000e+00
0.000000000000000000e+00
0.000000000000000000e+00
0.000000000000000000e+00
0.000000000000000000e+00
0.000000000000000000e+00
0.000000000000000000e+00
0.000000000000000000e+00
0.000000000000000000e+00
0.000000000000000000e+00
0.000000000000000000e+00
0.000000000000000000e+00
0.000000000000000000e+00
0.000000000000000000e+00
0.000000000000000000e+00
0.000000000000000000e+00
0.000000000000000000e+00
0.000000000000000000e+00
0.000000000000000000e+00
0.000000000000000000e+00
0.000000000000000000e+00
0.000000000000000000e+00
0.000000000000000000e+00
0.000000000000000000e+00
0.000000000000000000e+00
0.000000000000000000e+00
0.000000000000000000e+00
0.000000000000000000e+00
0.000000000000000000e+00
0.000000000000000000e+00
0.000000000000000000e+00
0.000000000000000000e+00
0.000000000000000000e+00
0.000000000000000000e+00
0.000000000000000000e+00
0.000000000000000000e+00
0.000000000000000000e+00
0.000000000000000000e+00
0.000000000000000000e+00
0.000000000000000000e+00
0.000000000000000000e+00
0.000000000000000000e+00
0.000000000000000000e+00
0.000000000000000000e+00
0.000000000000000000e+00
0.000000000000000000e+00
0.000000000000000000e+00
0.000000000000000000e+00
0.000000000000000000e+00
0.000000000000000000e+00
0.000000000000000000e+00
0.000000000000000000e+00
0.000000000000000000e+00
0.000000000000000000e+00
0.000000000000000000e+00
0.000000000000000000e+00
0.000000000000000000e+00
0.000000000000000000e+00
0.000000000000000000e+00
0.000000000000000000e+00
0.000000000000000000e+00
0.000000000000000000e+00
0.000000000000000000e+00
0.000000000000000000e+00
0.000000000000000000e+00
0.000000000000000000e+00
0.000000000000000000e+00
0.000000000000000000e+00
0.000000000000000000e+00
0.000000000000000000e+00
0.000000000000000000e+00
0.000000000000000000e+00
0.000000000000000000e+00
0.000000000000000000e+00
0.000000000000000000e+00
0.000000000000000000e+00
0.000000000000000000e+00
0.000000000000000000e+00
0.000000000000000000e+00
0.000000000000000000e+00
0.000000000000000000e+00
0.000000000000000000e+00
0.000000000000000000e+00
0.000000000000000000e+00
0.000000000000000000e+00
0.000000000000000000e+00
0.000000000000000000e+00
0.000000000000000000e+00
0.000000000000000000e+00
0.000000000000000000e+00
0.000000000000000000e+00
0.000000000000000000e+00
0.000000000000000000e+00
0.000000000000000000e+00
0.000000000000000000e+00
0.000000000000000000e+00
0.000000000000000000e+00
0.000000000000000000e+00
0.000000000000000000e+00
