1.211654455320424688e+02
1.538683104032467952e+02
1.871007512324476920e+02
-4.357370316034228495e+02
2.193824990299390834e+02
2.096841007712562828e+02
1.956185363036996137e+02
2.612694057847580211e+02
3.019410858545500105e+02
3.390367928805603697e+02
-2.842028357265882050e+02
3.662215159310541708e+02
3.476394244988080118e+02
3.207370654474941034e+02
3.699575130087288244e+02
3.910782468576386464e+02
4.060751912578945166e+02
-2.411558987089230754e+02
3.841019750185278667e+02
3.399367454023507662e+02
2.878103538087581796e+02
3.129351273703358629e+02
3.118274444929830338e+02
3.071487542026160327e+02
-3.565945185058734523e+02
2.558311704469675760e+02
2.029197262096230929e+02
1.464153803100076061e+02
1.716797230852766347e+02
1.752400944751869929e+02
1.796295813203065848e+02
-4.709097948625106369e+02
1.584625711221703455e+02
1.257306275881126254e+02
9.202682351320102327e+01
1.420175560573280222e+02
1.714726457847805818e+02
2.021284490461497967e+02
-4.225845128501369459e+02
2.313731142336389439e+02
2.212191027820567797e+02
2.073786662388442323e+02
2.738920681765145559e+02
3.160038620852936333e+02
3.550427480112138028e+02
-2.658376077596336131e+02
3.872653054826861876e+02
3.715773523502800231e+02
3.476772361428066347e+02
3.999000695076516649e+02
4.239181748005267991e+02
4.416083363709946639e+02
-2.032237831122201328e+02
4.240605181938354349e+02
3.814850497431972940e+02
3.304637263221434864e+02
3.561783505472316165e+02
3.551331136451409520e+02
3.499958471082043161e+02
-3.147024563661258298e+02
