1.451488592119920327e+02
1.508999216521718267e+01
2.829069437092255725e+02
2.419674380696324363e+02
3.079250978031635100e+02
1.597392872957684915e+02
2.096624557932776440e+02
3.915296014898926558e+01
-9.667539438899007109e+01
1.673153143130431033e+02
1.245471820418007809e+02
1.906773205248285876e+02
4.461817929945630112e+01
9.852672718840325672e+01
-6.627958579298817199e+01
-1.948689426253554871e+02
7.767893257972136212e+01
4.453917652225617019e+01
1.210997148744328484e+02
-1.401078982496201775e+01
5.107419513344380846e+01
-1.026169099815229799e+02
-2.204319761446165273e+02
6.228652244306499597e+01
3.847495873460792382e+01
1.233127896734701494e+02
-4.744097411690603394e+00
6.603809274001520180e+01
-8.340174322442203447e+01
-1.984558589082325000e+02
8.553466270495012225e+01
6.155268912062574316e+01
1.448673286862745329e+02
1.406411747894543396e+01
8.104222078938136065e+01
-7.306363881562455731e+01
-1.934255335951802692e+02
8.485323150356913402e+01
5.500367609146671555e+01
1.325459545663835286e+02
-3.687982048619801390e+00
5.843545824446401582e+01
-9.973354562810956736e+01
-2.231769913398814538e+02
5.316084700288509168e+01
2.263422059922363871e+01
1.008469980761171456e+02
-3.332725202116392893e+01
3.224321162061940527e+01
-1.211368795581458926e+02
-2.385374530142410663e+02
4.496912820177425374e+01
2.257233093029933002e+01
1.096790488616496475e+02
-1.506089710472997467e+01
6.023989196683908176e+01
-8.337202489740980127e+01
-1.912314151224989303e+02
1.013252118212442383e+02
8.723122582095639643e+01
