9.661663967381306065e+03
1.022071308443830821e+04
1.071951440463408289e+04
1.114685451931907119e+04
1.158604444083137241e+04
1.200890196866149017e+04
1.242764389957001549e+04
1.215945603286998266e+04
1.247384515544382521e+04
1.271188328627730152e+04
1.286910885373674682e+04
1.303572396605023459e+04
1.319037438539153482e+04
1.335184378597145042e+04
1.284343608319053783e+04
1.294015548733474134e+04
1.298779950340164942e+04
1.298573382256122386e+04
1.302699174676086659e+04
1.309198735020454478e+04
1.320017559428808818e+04
1.267443382236567049e+04
1.278827392015838632e+04
1.288499900974906814e+04
1.296057133260337832e+04
1.310383081467926058e+04
1.329034961304248645e+04
1.353425132538608523e+04
1.315276426497869033e+04
1.341361273101464030e+04
1.365435461870855943e+04
1.386542650230577783e+04
1.413053032976086979e+04
1.442064200311949025e+04
1.474596597873150313e+04
1.442060135457460819e+04
1.471002016526021907e+04
1.495046383714847980e+04
1.513201742758298315e+04
1.533899519937416699e+04
1.554391814843145221e+04
1.575940887582918003e+04
1.530277139621192691e+04
1.544335952330489090e+04
1.552184340503087515e+04
1.553313803608208400e+04
1.556663195345841086e+04
1.560000169172835740e+04
1.565094249858547846e+04
1.504158800428491850e+04
1.504572742349630789e+04
1.500793448549368804e+04
1.492637608970258225e+04
1.489294248211910235e+04
1.488698743374820697e+04
1.492701105552212903e+04
1.433505924617750134e+04
1.438394878863137819e+04
1.441643185401232404e+04
1.442806661855881430e+04
