3.412034629933478413e+01
2.741081766624834870e+01
2.350362962585069226e+01
3.288033701062700942e+01
3.405939151814238386e+01
3.608183024982601239e+01
3.258852537180743525e+01
3.465731450620648246e+01
2.794778587315300911e+01
2.404059783272616357e+01
3.341730521750683636e+01
3.459635972500592516e+01
3.661879845669135847e+01
3.312549357866874544e+01
3.519428271307816658e+01
2.848475408000042819e+01
2.457756603958900854e+01
3.395427342437017160e+01
3.513332793187169045e+01
3.715576666354826330e+01
3.366246178552592738e+01
3.573125091992285007e+01
2.902172228686234234e+01
2.511453424645184640e+01
3.449124163120895048e+01
3.567029613873300065e+01
3.769273487041361648e+01
3.419942999240279136e+01
3.626821912679454840e+01
2.955869049373800195e+01
2.565150245331469492e+01
3.502820983807227861e+01
3.620726434559711038e+01
3.822970307727474903e+01
3.473639819925998040e+01
3.680518733366642437e+01
3.009565870061442538e+01
2.618847066019016978e+01
3.556517804495211266e+01
3.674423255246288278e+01
3.876667128414499786e+01
3.527336640612700336e+01
3.734215554052461528e+01
3.063262690746184091e+01
2.672543886704038485e+01
3.610214625181544079e+01
3.728120075932643118e+01
3.930363949100613752e+01
3.581033461298419240e+01
3.787912374738279198e+01
3.116959511430925645e+01
2.726240707390500617e+01
3.663911445868702543e+01
3.781816896618996537e+01
3.984060769787147649e+01
3.634730281986106348e+01
3.841609195426818246e+01
3.170656332118568699e+01
2.779937528076784403e+01
3.717608266552580432e+01
