0.000000000000000000e+00
0.000000000000000000e+00
0.000000000000000000e+00
0.000000000000000000e+00
0.000000000000000000e+00
0.000000000000000000e+00
0.000000000000000000e+00
0.000000000000000000e+00
0.000000000000000000e+00
0.000000000000000000e+00
0.000000000000000000e+00
0.000000000000000000e+00
0.000000000000000000e+00
0.000000000000000000e+00
0.000000000000000000e+00
0.000000000000000000e+00
0.000000000000000000e+00
0.000000000000000000e+00
0.000000000000000000e+00
0.000000000000000000e+00
0.000000000000000000e+00
0.000000000000000000e+00
0.000000000000000000e+00
0.000000000000000000e+00
0.000000000000000000e+00
0.000000000000000000e+00
0.000000000000000000e+00
0.000000000000000000e+00
0.000000000000000000e+00
0.000000000000000000e+00
0.000000000000000000e+00
0.000000000000000000e+00
0.000000000000000000e+00
0.000000000000000000e+00
0.000000000000000000e+00
0.000000000000000000e+00
0.000000000000000000e+00
0.000000000000000000e+00
0.000000000000000000e+00
0.000000000000000000e+00
0.000000000000000000e+00
0.000000000000000000e+00
0.000000000000000000e+00
0.000000000000000000e+00
0.000000000000000000e+00
0.000000000000000000e+00
0.000000000000000000e+00
0.000000000000000000e+00
0.000000000000000000e+00
0.000000000000000000e+00
0.000000000000000000e+00
0.000000000000000000e+00
0.000000000000000000e+00
0.000000000000000000e+00
0.000000000000000000e+00
0.000000000000000000e+00
0.000000000000000000e+00
1.000000000000000000e+00
1.000000000000000000e+00
1.000000000000000000e+00
3.000000000000000000e+00
3.000000000000000000e+00
4.000000000000000000e+00
5.000000000000000000e+00
6.000000000000000000e+00
6.000000000000000000e+00
8.000000000000000000e+00
8.000000000000000000e+00
8.000000000000000000e+00
1.000000000000000000e+01
1.200000000000000000e+01
1.400000000000000000e+01
1.800000000000000000e+01
1.800000000000000000e+01
2.200000000000000000e+01
2.200000000000000000e+01
2.300000000000000000e+01
2.400000000000000000e+01
2.500000000000000000e+01
2.500000000000000000e+01
2.800000000000000000e+01
3.100000000000000000e+01
3.400000000000000000e+01
3.400000000000000000e+01
3.500000000000000000e+01
3.700000000000000000e+01
3.700000000000000000e+01
3.700000000000000000e+01
3.800000000000000000e+01
3.800000000000000000e+01
3.800000000000000000e+01
3.800000000000000000e+01
3.800000000000000000e+01
3.800000000000000000e+01
3.800000000000000000e+01
3.800000000000000000e+01
3.900000000000000000e+01
4.000000000000000000e+01
4.000000000000000000e+01
4.100000000000000000e+01
4.100000000000000000e+01
4.200000000000000000e+01
4.200000000000000000e+01
4.300000000000000000e+01
4.300000000000000000e+01
4.300000000000000000e+01
4.400000000000000000e+01
4.500000000000000000e+01
4.500000000000000000e+01
4.500000000000000000e+01
4.500000000000000000e+01
4.500000000000000000e+01
4.500000000000000000e+01
4.500000000000000000e+01
4.500000000000000000e+01
4.500000000000000000e+01
4.500000000000000000e+01
4.600000000000000000e+01
4.700000000000000000e+01
4.700000000000000000e+01
4.700000000000000000e+01
4.700000000000000000e+01
4.800000000000000000e+01
4.800000000000000000e+01
4.800000000000000000e+01
4.800000000000000000e+01
4.800000000000000000e+01
4.800000000000000000e+01
4.800000000000000000e+01
4.800000000000000000e+01
4.800000000000000000e+01
4.800000000000000000e+01
4.800000000000000000e+01
4.900000000000000000e+01
4.900000000000000000e+01
4.900000000000000000e+01
4.900000000000000000e+01
4.900000000000000000e+01
4.900000000000000000e+01
4.900000000000000000e+01
4.900000000000000000e+01
4.900000000000000000e+01
4.900000000000000000e+01
4.900000000000000000e+01
4.900000000000000000e+01
4.900000000000000000e+01
4.900000000000000000e+01
5.000000000000000000e+01
5.000000000000000000e+01
5.000000000000000000e+01
5.000000000000000000e+01
5.000000000000000000e+01
5.000000000000000000e+01
5.000000000000000000e+01
5.000000000000000000e+01
5.000000000000000000e+01
5.000000000000000000e+01
5.000000000000000000e+01
5.000000000000000000e+01
5.000000000000000000e+01
5.000000000000000000e+01
5.000000000000000000e+01
5.000000000000000000e+01
5.000000000000000000e+01
5.000000000000000000e+01
5.000000000000000000e+01
5.000000000000000000e+01
5.000000000000000000e+01
5.000000000000000000e+01
5.000000000000000000e+01
5.000000000000000000e+01
5.000000000000000000e+01
5.000000000000000000e+01
5.000000000000000000e+01
5.000000000000000000e+01
5.000000000000000000e+01
5.000000000000000000e+01
5.000000000000000000e+01
5.000000000000000000e+01
5.000000000000000000e+01
5.000000000000000000e+01
5.000000000000000000e+01
5.000000000000000000e+01
5.000000000000000000e+01
5.000000000000000000e+01
5.000000000000000000e+01
5.000000000000000000e+01
5.000000000000000000e+01
5.000000000000000000e+01
5.000000000000000000e+01
5.000000000000000000e+01
5.000000000000000000e+01
5.100000000000000000e+01
5.100000000000000000e+01
5.100000000000000000e+01
5.100000000000000000e+01
5.100000000000000000e+01
5.100000000000000000e+01
5.100000000000000000e+01
5.100000000000000000e+01
5.100000000000000000e+01
5.100000000000000000e+01
5.200000000000000000e+01
5.200000000000000000e+01
5.300000000000000000e+01
5.300000000000000000e+01
5.400000000000000000e+01
5.400000000000000000e+01
5.600000000000000000e+01
5.700000000000000000e+01
6.000000000000000000e+01
6.300000000000000000e+01
6.400000000000000000e+01
6.800000000000000000e+01
7.100000000000000000e+01
7.100000000000000000e+01
7.100000000000000000e+01
7.100000000000000000e+01
7.300000000000000000e+01
7.400000000000000000e+01
7.600000000000000000e+01
7.600000000000000000e+01
7.700000000000000000e+01
8.000000000000000000e+01
8.100000000000000000e+01
8.400000000000000000e+01
8.700000000000000000e+01
9.300000000000000000e+01
9.300000000000000000e+01
9.400000000000000000e+01
9.600000000000000000e+01
9.600000000000000000e+01
9.900000000000000000e+01
1.030000000000000000e+02
1.070000000000000000e+02
1.070000000000000000e+02
1.170000000000000000e+02
1.230000000000000000e+02
1.290000000000000000e+02
1.330000000000000000e+02
1.330000000000000000e+02
1.380000000000000000e+02
1.590000000000000000e+02
1.640000000000000000e+02
1.640000000000000000e+02
1.740000000000000000e+02
1.800000000000000000e+02
1.910000000000000000e+02
1.910000000000000000e+02
2.140000000000000000e+02
2.140000000000000000e+02
2.460000000000000000e+02
2.650000000000000000e+02
2.650000000000000000e+02
2.710000000000000000e+02
2.760000000000000000e+02
3.210000000000000000e+02
3.210000000000000000e+02
3.210000000000000000e+02
3.640000000000000000e+02
4.090000000000000000e+02
4.090000000000000000e+02
4.560000000000000000e+02
4.780000000000000000e+02
4.780000000000000000e+02
4.780000000000000000e+02
5.120000000000000000e+02
5.120000000000000000e+02
5.120000000000000000e+02
6.260000000000000000e+02
6.260000000000000000e+02
6.870000000000000000e+02
7.110000000000000000e+02
7.400000000000000000e+02
7.400000000000000000e+02
7.840000000000000000e+02
8.190000000000000000e+02
8.190000000000000000e+02
9.830000000000000000e+02
9.830000000000000000e+02
1.153000000000000000e+03
1.153000000000000000e+03
1.253000000000000000e+03
1.317000000000000000e+03
1.348000000000000000e+03
1.381000000000000000e+03
1.483000000000000000e+03
1.512000000000000000e+03
1.577000000000000000e+03
1.577000000000000000e+03
1.794000000000000000e+03
1.873000000000000000e+03
1.920000000000000000e+03
2.006000000000000000e+03
2.100000000000000000e+03
2.151000000000000000e+03
2.209000000000000000e+03
2.279000000000000000e+03
2.345000000000000000e+03
2.396000000000000000e+03
2.445000000000000000e+03
2.541000000000000000e+03
2.541000000000000000e+03
2.684000000000000000e+03
2.752000000000000000e+03
2.821000000000000000e+03
2.862000000000000000e+03
2.935000000000000000e+03
2.983000000000000000e+03
3.034000000000000000e+03
3.106000000000000000e+03
3.153000000000000000e+03
3.219000000000000000e+03
3.260000000000000000e+03
3.260000000000000000e+03
3.359000000000000000e+03
3.359000000000000000e+03
3.481000000000000000e+03
3.526000000000000000e+03
3.561000000000000000e+03
3.596000000000000000e+03
3.668000000000000000e+03
3.717000000000000000e+03
3.758000000000000000e+03
3.801000000000000000e+03
3.836000000000000000e+03
3.894000000000000000e+03
3.894000000000000000e+03
3.956000000000000000e+03
3.997000000000000000e+03
4.032000000000000000e+03
4.090000000000000000e+03
4.126000000000000000e+03
4.158000000000000000e+03
4.199000000000000000e+03
4.237000000000000000e+03
4.275000000000000000e+03
4.324000000000000000e+03
4.385000000000000000e+03
4.426000000000000000e+03
4.466000000000000000e+03
4.518000000000000000e+03
4.570000000000000000e+03
4.620000000000000000e+03
4.676000000000000000e+03
4.730000000000000000e+03
4.765000000000000000e+03
4.800000000000000000e+03
4.862000000000000000e+03
4.934000000000000000e+03
5.004000000000000000e+03
5.052000000000000000e+03
5.108000000000000000e+03
5.153000000000000000e+03
5.215000000000000000e+03
5.284000000000000000e+03
5.343000000000000000e+03
5.415000000000000000e+03
5.478000000000000000e+03
5.528000000000000000e+03
5.616000000000000000e+03
5.692000000000000000e+03
5.750000000000000000e+03
5.844000000000000000e+03
5.921000000000000000e+03
5.989000000000000000e+03
6.092000000000000000e+03
6.154000000000000000e+03
6.234000000000000000e+03
6.287000000000000000e+03
6.370000000000000000e+03
6.446000000000000000e+03
6.508000000000000000e+03
6.599000000000000000e+03
6.680000000000000000e+03
6.754000000000000000e+03
6.802000000000000000e+03
6.893000000000000000e+03
6.980000000000000000e+03
7.048000000000000000e+03
7.099000000000000000e+03
7.162000000000000000e+03
7.214000000000000000e+03
7.257000000000000000e+03
7.332000000000000000e+03
7.378000000000000000e+03
7.429000000000000000e+03
7.461000000000000000e+03
7.508000000000000000e+03
7.544000000000000000e+03
7.575000000000000000e+03
7.617000000000000000e+03
7.651000000000000000e+03
7.684000000000000000e+03
7.719000000000000000e+03
7.755000000000000000e+03
7.793000000000000000e+03
7.811000000000000000e+03
7.843000000000000000e+03
7.869000000000000000e+03
7.911000000000000000e+03
7.942000000000000000e+03
7.974000000000000000e+03
8.001000000000000000e+03
8.022000000000000000e+03
8.047000000000000000e+03
8.074000000000000000e+03
8.106000000000000000e+03
8.130000000000000000e+03
8.167000000000000000e+03
8.201000000000000000e+03
8.225000000000000000e+03
8.268000000000000000e+03
8.292000000000000000e+03
8.313000000000000000e+03
8.329000000000000000e+03
8.359000000000000000e+03
8.389000000000000000e+03
8.404000000000000000e+03
8.429000000000000000e+03
8.463000000000000000e+03
8.490000000000000000e+03
8.506000000000000000e+03
8.526000000000000000e+03
8.546000000000000000e+03
8.569000000000000000e+03
8.610000000000000000e+03
8.637000000000000000e+03
8.663000000000000000e+03
8.684000000000000000e+03
8.705000000000000000e+03
8.735000000000000000e+03
8.760000000000000000e+03
8.788000000000000000e+03
8.812000000000000000e+03
8.843000000000000000e+03
8.890000000000000000e+03
8.931000000000000000e+03
8.965000000000000000e+03
8.993000000000000000e+03
9.039000000000000000e+03
9.087000000000000000e+03
9.136000000000000000e+03
9.179000000000000000e+03
9.235000000000000000e+03
9.293000000000000000e+03
9.332000000000000000e+03
9.396000000000000000e+03
9.480000000000000000e+03
9.553000000000000000e+03
9.639000000000000000e+03
9.717000000000000000e+03
9.783000000000000000e+03
9.825000000000000000e+03
9.918000000000000000e+03
9.993000000000000000e+03
1.006300000000000000e+04
1.017000000000000000e+04
1.023100000000000000e+04
1.030400000000000000e+04
1.035200000000000000e+04
1.044400000000000000e+04
1.056300000000000000e+04
1.064100000000000000e+04
1.072200000000000000e+04
1.080800000000000000e+04
1.086800000000000000e+04
1.091500000000000000e+04
1.101600000000000000e+04
1.112200000000000000e+04
1.120800000000000000e+04
1.127700000000000000e+04
1.135000000000000000e+04
1.142900000000000000e+04
1.146800000000000000e+04
1.155600000000000000e+04
1.163700000000000000e+04
1.169300000000000000e+04
1.172700000000000000e+04
1.177900000000000000e+04
1.184900000000000000e+04
1.189900000000000000e+04
1.197100000000000000e+04
1.203200000000000000e+04
1.208900000000000000e+04
1.214100000000000000e+04
1.218200000000000000e+04
1.223600000000000000e+04
1.227300000000000000e+04
1.234200000000000000e+04
1.239800000000000000e+04
1.245100000000000000e+04
1.251300000000000000e+04
1.257400000000000000e+04
1.262300000000000000e+04
1.265400000000000000e+04
1.272000000000000000e+04
1.279300000000000000e+04
1.283900000000000000e+04
1.290200000000000000e+04
1.294800000000000000e+04
1.298000000000000000e+04
1.302700000000000000e+04
1.312600000000000000e+04
1.322900000000000000e+04
1.330500000000000000e+04
1.336500000000000000e+04
1.343600000000000000e+04
1.351500000000000000e+04
1.356700000000000000e+04
1.365600000000000000e+04
1.372100000000000000e+04
1.379200000000000000e+04
1.387400000000000000e+04
1.396000000000000000e+04
1.403800000000000000e+04
1.411800000000000000e+04
1.422300000000000000e+04
1.431800000000000000e+04
1.440600000000000000e+04
1.448900000000000000e+04
1.457900000000000000e+04
1.465400000000000000e+04
1.473700000000000000e+04
1.484300000000000000e+04
1.495900000000000000e+04
1.506500000000000000e+04
1.517900000000000000e+04
1.526100000000000000e+04
1.537700000000000000e+04
1.548200000000000000e+04
1.560100000000000000e+04
1.573500000000000000e+04
1.586100000000000000e+04
1.605000000000000000e+04
1.624400000000000000e+04
1.638800000000000000e+04
1.649400000000000000e+04
1.665100000000000000e+04
1.684500000000000000e+04
1.700900000000000000e+04
1.721400000000000000e+04
1.735400000000000000e+04
1.752700000000000000e+04
1.764400000000000000e+04
1.782100000000000000e+04
1.791300000000000000e+04
1.805200000000000000e+04
1.805200000000000000e+04
1.836900000000000000e+04
1.860000000000000000e+04
1.880400000000000000e+04
1.896800000000000000e+04
1.902700000000000000e+04
1.933600000000000000e+04
1.950300000000000000e+04
1.968600000000000000e+04
2.006700000000000000e+04
2.022600000000000000e+04
2.022600000000000000e+04
2.055000000000000000e+04
2.055000000000000000e+04
2.067900000000000000e+04
2.080900000000000000e+04
2.093100000000000000e+04
2.108900000000000000e+04
2.108900000000000000e+04
2.122000000000000000e+04
2.131000000000000000e+04
2.160000000000000000e+04
2.174500000000000000e+04
2.182700000000000000e+04
2.190500000000000000e+04
2.202500000000000000e+04
2.230400000000000000e+04
2.230400000000000000e+04
2.239400000000000000e+04
2.245700000000000000e+04
2.253700000000000000e+04
2.260900000000000000e+04
2.271400000000000000e+04
2.286000000000000000e+04
2.293200000000000000e+04
2.303000000000000000e+04
2.318200000000000000e+04
2.336900000000000000e+04
2.343000000000000000e+04
2.345100000000000000e+04
2.353800000000000000e+04
2.364700000000000000e+04
2.371000000000000000e+04
2.377300000000000000e+04
2.381700000000000000e+04
2.384600000000000000e+04
2.390100000000000000e+04
2.390100000000000000e+04
2.399300000000000000e+04
2.408600000000000000e+04
2.415800000000000000e+04
2.420500000000000000e+04
2.424400000000000000e+04
2.427400000000000000e+04
2.433700000000000000e+04
2.438300000000000000e+04
2.441500000000000000e+04
2.444200000000000000e+04
2.449000000000000000e+04
2.452700000000000000e+04
2.455300000000000000e+04
2.465400000000000000e+04
2.467600000000000000e+04
2.467600000000000000e+04
2.473200000000000000e+04
2.473200000000000000e+04
2.479400000000000000e+04
2.479400000000000000e+04
2.484200000000000000e+04
2.489000000000000000e+04
2.490100000000000000e+04
2.492100000000000000e+04
2.492100000000000000e+04
2.493400000000000000e+04
2.496600000000000000e+04
2.497100000000000000e+04
2.498700000000000000e+04
2.499600000000000000e+04
2.499600000000000000e+04
2.502800000000000000e+04
2.503900000000000000e+04
2.504600000000000000e+04
2.505300000000000000e+04
2.505300000000000000e+04
2.508200000000000000e+04
2.508500000000000000e+04
2.509800000000000000e+04
2.510000000000000000e+04
2.510300000000000000e+04
2.512100000000000000e+04
2.513200000000000000e+04
2.513200000000000000e+04
2.513900000000000000e+04
2.514900000000000000e+04
2.515500000000000000e+04
2.521300000000000000e+04
2.522100000000000000e+04
2.522700000000000000e+04
2.523100000000000000e+04
2.523100000000000000e+04
2.524100000000000000e+04
2.524400000000000000e+04
2.525000000000000000e+04
2.525400000000000000e+04
2.526100000000000000e+04
2.526100000000000000e+04
2.527200000000000000e+04
2.527600000000000000e+04
2.528100000000000000e+04
2.528100000000000000e+04
2.528700000000000000e+04
2.529800000000000000e+04
2.530600000000000000e+04
2.530800000000000000e+04
2.531100000000000000e+04
2.531500000000000000e+04
2.532000000000000000e+04
2.532500000000000000e+04
2.533000000000000000e+04
2.533400000000000000e+04
2.534000000000000000e+04
2.534400000000000000e+04
2.534700000000000000e+04
2.535400000000000000e+04
2.535600000000000000e+04
2.535700000000000000e+04
2.536200000000000000e+04
2.536300000000000000e+04
2.536300000000000000e+04
2.536500000000000000e+04
2.537300000000000000e+04
2.537600000000000000e+04
2.538100000000000000e+04
2.539000000000000000e+04
2.539800000000000000e+04
2.540100000000000000e+04
2.540100000000000000e+04
2.540700000000000000e+04
2.541300000000000000e+04
2.541600000000000000e+04
2.541900000000000000e+04
2.542700000000000000e+04
2.543200000000000000e+04
2.543200000000000000e+04
2.544300000000000000e+04
2.544500000000000000e+04
2.545000000000000000e+04
2.545000000000000000e+04
2.546000000000000000e+04
2.547000000000000000e+04
2.547500000000000000e+04
2.548500000000000000e+04
2.549100000000000000e+04
2.550900000000000000e+04
2.551600000000000000e+04
2.552300000000000000e+04
2.552300000000000000e+04
2.553800000000000000e+04
2.554800000000000000e+04
2.554800000000000000e+04
2.555600000000000000e+04
2.556900000000000000e+04
2.557600000000000000e+04
2.558600000000000000e+04
2.558800000000000000e+04
2.560600000000000000e+04
2.561700000000000000e+04
2.563000000000000000e+04
2.564300000000000000e+04
2.565500000000000000e+04
2.566500000000000000e+04
2.567000000000000000e+04
2.570700000000000000e+04
2.573100000000000000e+04
2.574400000000000000e+04
2.575500000000000000e+04
2.577700000000000000e+04
2.577700000000000000e+04
2.580300000000000000e+04
2.581700000000000000e+04
2.584600000000000000e+04
2.588100000000000000e+04
2.591200000000000000e+04
2.595400000000000000e+04
2.595400000000000000e+04
2.598800000000000000e+04
2.599900000000000000e+04
2.605100000000000000e+04
2.609600000000000000e+04
2.613200000000000000e+04
2.622900000000000000e+04
2.622900000000000000e+04
2.628800000000000000e+04
2.636200000000000000e+04
2.636200000000000000e+04
2.649600000000000000e+04
2.654800000000000000e+04
2.661200000000000000e+04
2.667900000000000000e+04
2.669300000000000000e+04
2.682400000000000000e+04
2.688900000000000000e+04
2.694100000000000000e+04
2.700400000000000000e+04
