-3.584448307967152232e+02
-2.211152834998706567e+02
-3.549758655913573193e+02
3.887577450379308175e+01
2.128161351050011945e+02
4.545734991722720792e+02
-3.111667384671796754e+03
6.396937315870994780e+02
9.980911229238176929e+02
1.041933007051257391e+03
1.565797665794666727e+03
1.819289926007077156e+03
2.088963931807176323e+03
-1.500573441300991362e+03
2.178249544868711382e+03
2.418297522953443604e+03
2.302737092892813507e+03
2.632066099012529321e+03
2.662772573845398711e+03
2.689035391793131112e+03
-1.156412286457664550e+03
2.262378448630863204e+03
2.246646284024032866e+03
1.887678785300434811e+03
1.993602889478711404e+03
1.827822997183080133e+03
1.690524852044807631e+03
-2.280628335346614222e+03
1.054032170156611301e+03
9.981585968984037436e+02
6.440893627534649113e+02
7.996239550324171432e+02
7.264861450649539165e+02
7.218924906622073649e+02
-3.080649781213843653e+03
4.533207635780376563e+02
6.213625836303058350e+02
5.090229188622795391e+02
9.168201409397513544e+02
1.098926576915913301e+03
1.344962203922681510e+03
-2.218983337303026019e+03
1.534529324003542797e+03
1.896634784504169602e+03
1.947237676459137447e+03
2.482153304760097853e+03
2.751919628406239099e+03
3.043687519663550120e+03
-5.176957272564357027e+02
3.195218671973085293e+03
3.474814653901499696e+03
3.403438186798353854e+03
3.780455668732970480e+03
3.860952134672525517e+03
3.937479873352272080e+03
1.409768717310430475e+02
3.605488482150778054e+03
3.630304916597363899e+03
3.304785077142227692e+03
3.435211049268486931e+03
