2.913392663613698460e+04
2.914837501313295797e+04
2.915265601735898235e+04
2.915925015087896463e+04
2.916728698689968223e+04
2.917151632844117557e+04
2.916879345682413623e+04
2.917651957715897152e+04
2.918565812214311518e+04
2.918431242720199953e+04
2.918500317448150963e+04
2.918690594612167843e+04
2.918482147949302089e+04
2.917565990175550542e+04
2.917688007686755736e+04
2.917950475394508248e+04
2.917169705852030165e+04
2.916603675290589308e+04
2.916175663424881714e+04
2.915371168986860721e+04
2.913886231227039389e+04
2.913471272951631181e+04
2.913232535943794210e+04
2.911989664542714308e+04
2.911003281248625353e+04
2.910198592066816491e+04
2.909062284000913496e+04
2.907290844981024202e+04
2.906634421447417844e+04
2.906198283716110745e+04
2.904800453832127823e+04
2.903699338402001013e+04
2.902817402476087955e+04
2.901638145032043030e+04
2.899854504321720015e+04
2.899212806170135809e+04
2.898814323167625844e+04
2.897472997278068942e+04
2.896443166227011534e+04
2.895643327718193541e+04
2.894553200157273386e+04
2.892862206462503673e+04
2.892313492591106115e+04
2.892005547510164615e+04
2.890749976190030793e+04
2.889799265315458615e+04
2.889070575374705004e+04
2.888042817692358585e+04
2.886405143136611514e+04
2.885900954526886926e+04
2.885629510090832991e+04
2.884403670363816855e+04
2.883477629205409539e+04
2.882770663701709782e+04
2.881764162722735637e+04
2.880150062127863202e+04
2.879674799931171583e+04
2.879440860052593780e+04
2.878264458284576540e+04
2.877403212318082660e+04
