0.000000000000000000e+00
0.000000000000000000e+00
0.000000000000000000e+00
0.000000000000000000e+00
0.000000000000000000e+00
0.000000000000000000e+00
0.000000000000000000e+00
0.000000000000000000e+00
0.000000000000000000e+00
0.000000000000000000e+00
0.000000000000000000e+00
0.000000000000000000e+00
0.000000000000000000e+00
0.000000000000000000e+00
0.000000000000000000e+00
0.000000000000000000e+00
0.000000000000000000e+00
0.000000000000000000e+00
0.000000000000000000e+00
0.000000000000000000e+00
0.000000000000000000e+00
0.000000000000000000e+00
0.000000000000000000e+00
0.000000000000000000e+00
0.000000000000000000e+00
0.000000000000000000e+00
0.000000000000000000e+00
0.000000000000000000e+00
0.000000000000000000e+00
0.000000000000000000e+00
0.000000000000000000e+00
0.000000000000000000e+00
0.000000000000000000e+00
0.000000000000000000e+00
0.000000000000000000e+00
0.000000000000000000e+00
0.000000000000000000e+00
0.000000000000000000e+00
0.000000000000000000e+00
0.000000000000000000e+00
0.000000000000000000e+00
0.000000000000000000e+00
0.000000000000000000e+00
0.000000000000000000e+00
0.000000000000000000e+00
0.000000000000000000e+00
0.000000000000000000e+00
0.000000000000000000e+00
0.000000000000000000e+00
0.000000000000000000e+00
1.000000000000000000e+00
1.000000000000000000e+00
1.000000000000000000e+00
1.000000000000000000e+00
1.000000000000000000e+00
1.000000000000000000e+00
1.000000000000000000e+00
1.000000000000000000e+00
1.000000000000000000e+00
4.000000000000000000e+00
4.000000000000000000e+00
5.000000000000000000e+00
7.000000000000000000e+00
7.000000000000000000e+00
1.200000000000000000e+01
1.900000000000000000e+01
2.800000000000000000e+01
2.800000000000000000e+01
3.700000000000000000e+01
4.400000000000000000e+01
4.600000000000000000e+01
5.000000000000000000e+01
5.100000000000000000e+01
5.500000000000000000e+01
5.600000000000000000e+01
5.800000000000000000e+01
6.100000000000000000e+01
6.100000000000000000e+01
6.600000000000000000e+01
7.000000000000000000e+01
7.200000000000000000e+01
7.700000000000000000e+01
7.700000000000000000e+01
7.700000000000000000e+01
7.700000000000000000e+01
7.700000000000000000e+01
7.700000000000000000e+01
7.700000000000000000e+01
7.800000000000000000e+01
7.800000000000000000e+01
7.800000000000000000e+01
7.900000000000000000e+01
7.900000000000000000e+01
7.900000000000000000e+01
7.900000000000000000e+01
7.900000000000000000e+01
7.900000000000000000e+01
8.000000000000000000e+01
8.000000000000000000e+01
8.000000000000000000e+01
8.000000000000000000e+01
8.000000000000000000e+01
8.000000000000000000e+01
8.000000000000000000e+01
8.000000000000000000e+01
8.100000000000000000e+01
8.100000000000000000e+01
8.100000000000000000e+01
8.100000000000000000e+01
8.100000000000000000e+01
8.100000000000000000e+01
8.100000000000000000e+01
8.100000000000000000e+01
8.100000000000000000e+01
8.100000000000000000e+01
8.100000000000000000e+01
8.100000000000000000e+01
8.100000000000000000e+01
8.100000000000000000e+01
8.100000000000000000e+01
8.100000000000000000e+01
8.100000000000000000e+01
8.100000000000000000e+01
8.100000000000000000e+01
8.100000000000000000e+01
8.100000000000000000e+01
8.100000000000000000e+01
8.100000000000000000e+01
8.100000000000000000e+01
8.100000000000000000e+01
8.100000000000000000e+01
8.100000000000000000e+01
8.100000000000000000e+01
8.100000000000000000e+01
8.100000000000000000e+01
8.100000000000000000e+01
8.100000000000000000e+01
8.100000000000000000e+01
8.100000000000000000e+01
8.100000000000000000e+01
8.100000000000000000e+01
8.100000000000000000e+01
8.100000000000000000e+01
8.100000000000000000e+01
8.100000000000000000e+01
8.100000000000000000e+01
8.100000000000000000e+01
8.100000000000000000e+01
8.100000000000000000e+01
8.100000000000000000e+01
8.100000000000000000e+01
8.100000000000000000e+01
8.100000000000000000e+01
8.100000000000000000e+01
8.100000000000000000e+01
8.100000000000000000e+01
8.100000000000000000e+01
8.100000000000000000e+01
8.100000000000000000e+01
8.100000000000000000e+01
8.100000000000000000e+01
8.100000000000000000e+01
8.100000000000000000e+01
8.100000000000000000e+01
8.100000000000000000e+01
8.100000000000000000e+01
8.100000000000000000e+01
8.100000000000000000e+01
8.100000000000000000e+01
8.100000000000000000e+01
8.100000000000000000e+01
8.100000000000000000e+01
8.200000000000000000e+01
8.200000000000000000e+01
8.200000000000000000e+01
8.300000000000000000e+01
8.300000000000000000e+01
8.300000000000000000e+01
8.300000000000000000e+01
8.300000000000000000e+01
8.300000000000000000e+01
8.300000000000000000e+01
8.100000000000000000e+01
8.100000000000000000e+01
8.100000000000000000e+01
8.100000000000000000e+01
8.100000000000000000e+01
8.100000000000000000e+01
8.100000000000000000e+01
8.500000000000000000e+01
8.500000000000000000e+01
8.500000000000000000e+01
8.500000000000000000e+01
8.500000000000000000e+01
8.500000000000000000e+01
8.500000000000000000e+01
8.500000000000000000e+01
8.500000000000000000e+01
8.500000000000000000e+01
8.500000000000000000e+01
8.500000000000000000e+01
8.500000000000000000e+01
8.700000000000000000e+01
8.700000000000000000e+01
8.700000000000000000e+01
8.700000000000000000e+01
8.700000000000000000e+01
8.700000000000000000e+01
8.700000000000000000e+01
8.800000000000000000e+01
8.800000000000000000e+01
8.800000000000000000e+01
8.800000000000000000e+01
8.800000000000000000e+01
8.800000000000000000e+01
9.000000000000000000e+01
9.400000000000000000e+01
9.400000000000000000e+01
9.600000000000000000e+01
9.600000000000000000e+01
9.700000000000000000e+01
9.700000000000000000e+01
9.700000000000000000e+01
9.700000000000000000e+01
9.700000000000000000e+01
9.700000000000000000e+01
9.700000000000000000e+01
9.700000000000000000e+01
9.700000000000000000e+01
9.700000000000000000e+01
9.700000000000000000e+01
1.050000000000000000e+02
1.050000000000000000e+02
1.050000000000000000e+02
1.050000000000000000e+02
1.050000000000000000e+02
1.050000000000000000e+02
1.050000000000000000e+02
1.050000000000000000e+02
1.080000000000000000e+02
1.080000000000000000e+02
1.090000000000000000e+02
1.090000000000000000e+02
1.100000000000000000e+02
1.100000000000000000e+02
1.100000000000000000e+02
1.100000000000000000e+02
1.100000000000000000e+02
1.100000000000000000e+02
1.100000000000000000e+02
1.100000000000000000e+02
1.130000000000000000e+02
1.130000000000000000e+02
1.140000000000000000e+02
1.160000000000000000e+02
1.160000000000000000e+02
1.160000000000000000e+02
1.160000000000000000e+02
1.160000000000000000e+02
1.160000000000000000e+02
1.170000000000000000e+02
1.170000000000000000e+02
1.170000000000000000e+02
1.210000000000000000e+02
1.240000000000000000e+02
1.280000000000000000e+02
1.310000000000000000e+02
1.310000000000000000e+02
1.320000000000000000e+02
1.320000000000000000e+02
1.320000000000000000e+02
1.420000000000000000e+02
1.420000000000000000e+02
1.450000000000000000e+02
1.580000000000000000e+02
1.700000000000000000e+02
1.700000000000000000e+02
1.700000000000000000e+02
2.100000000000000000e+02
2.100000000000000000e+02
2.280000000000000000e+02
2.650000000000000000e+02
3.470000000000000000e+02
3.470000000000000000e+02
3.470000000000000000e+02
3.550000000000000000e+02
3.790000000000000000e+02
4.230000000000000000e+02
4.540000000000000000e+02
4.810000000000000000e+02
4.810000000000000000e+02
4.810000000000000000e+02
5.650000000000000000e+02
5.900000000000000000e+02
6.160000000000000000e+02
6.560000000000000000e+02
6.820000000000000000e+02
6.820000000000000000e+02
6.820000000000000000e+02
7.630000000000000000e+02
7.960000000000000000e+02
8.410000000000000000e+02
8.650000000000000000e+02
8.830000000000000000e+02
8.830000000000000000e+02
8.830000000000000000e+02
9.520000000000000000e+02
9.520000000000000000e+02
9.850000000000000000e+02
1.010000000000000000e+03
1.024000000000000000e+03
1.024000000000000000e+03
1.024000000000000000e+03
1.088000000000000000e+03
1.110000000000000000e+03
1.149000000000000000e+03
1.169000000000000000e+03
1.183000000000000000e+03
1.183000000000000000e+03
1.183000000000000000e+03
1.235000000000000000e+03
1.235000000000000000e+03
1.270000000000000000e+03
1.282000000000000000e+03
1.296000000000000000e+03
1.296000000000000000e+03
1.296000000000000000e+03
1.351000000000000000e+03
1.366000000000000000e+03
1.377000000000000000e+03
1.395000000000000000e+03
1.424000000000000000e+03
1.424000000000000000e+03
1.424000000000000000e+03
1.507000000000000000e+03
1.542000000000000000e+03
1.591000000000000000e+03
1.591000000000000000e+03
1.591000000000000000e+03
1.591000000000000000e+03
1.591000000000000000e+03
1.734000000000000000e+03
1.764000000000000000e+03
1.810000000000000000e+03
1.810000000000000000e+03
1.810000000000000000e+03
1.810000000000000000e+03
1.810000000000000000e+03
1.979000000000000000e+03
2.005000000000000000e+03
2.005000000000000000e+03
2.084000000000000000e+03
2.108000000000000000e+03
2.108000000000000000e+03
2.108000000000000000e+03
2.108000000000000000e+03
2.196000000000000000e+03
2.211000000000000000e+03
2.234000000000000000e+03
2.264000000000000000e+03
2.264000000000000000e+03
2.264000000000000000e+03
2.281000000000000000e+03
2.292000000000000000e+03
2.302000000000000000e+03
2.322000000000000000e+03
2.322000000000000000e+03
2.322000000000000000e+03
2.322000000000000000e+03
2.322000000000000000e+03
2.322000000000000000e+03
2.328000000000000000e+03
2.352000000000000000e+03
2.352000000000000000e+03
2.352000000000000000e+03
2.352000000000000000e+03
2.376000000000000000e+03
2.376000000000000000e+03
2.392000000000000000e+03
2.413000000000000000e+03
2.424000000000000000e+03
2.424000000000000000e+03
2.424000000000000000e+03
2.425000000000000000e+03
2.451000000000000000e+03
2.457000000000000000e+03
2.457000000000000000e+03
2.457000000000000000e+03
2.457000000000000000e+03
2.457000000000000000e+03
2.470000000000000000e+03
2.470000000000000000e+03
2.470000000000000000e+03
2.484000000000000000e+03
2.484000000000000000e+03
2.484000000000000000e+03
2.484000000000000000e+03
2.484000000000000000e+03
2.484000000000000000e+03
2.484000000000000000e+03
2.484000000000000000e+03
2.484000000000000000e+03
2.484000000000000000e+03
2.484000000000000000e+03
2.484000000000000000e+03
2.484000000000000000e+03
2.486000000000000000e+03
2.487000000000000000e+03
2.488000000000000000e+03
2.488000000000000000e+03
2.488000000000000000e+03
2.519000000000000000e+03
2.519000000000000000e+03
2.519000000000000000e+03
2.519000000000000000e+03
2.519000000000000000e+03
2.519000000000000000e+03
2.519000000000000000e+03
2.521000000000000000e+03
2.523000000000000000e+03
2.525000000000000000e+03
2.526000000000000000e+03
2.526000000000000000e+03
2.526000000000000000e+03
2.526000000000000000e+03
2.536000000000000000e+03
2.542000000000000000e+03
2.548000000000000000e+03
2.549000000000000000e+03
2.553000000000000000e+03
2.553000000000000000e+03
2.553000000000000000e+03
2.562000000000000000e+03
2.562000000000000000e+03
2.568000000000000000e+03
2.571000000000000000e+03
2.571000000000000000e+03
2.571000000000000000e+03
2.571000000000000000e+03
2.571000000000000000e+03
2.594000000000000000e+03
2.601000000000000000e+03
2.605000000000000000e+03
2.606000000000000000e+03
2.606000000000000000e+03
2.606000000000000000e+03
2.625000000000000000e+03
2.634000000000000000e+03
2.646000000000000000e+03
2.657000000000000000e+03
2.665000000000000000e+03
2.665000000000000000e+03
2.665000000000000000e+03
2.693000000000000000e+03
2.698000000000000000e+03
2.708000000000000000e+03
2.715000000000000000e+03
2.724000000000000000e+03
2.724000000000000000e+03
2.724000000000000000e+03
2.757000000000000000e+03
2.766000000000000000e+03
2.774000000000000000e+03
2.781000000000000000e+03
2.792000000000000000e+03
2.792000000000000000e+03
2.792000000000000000e+03
2.818000000000000000e+03
2.830000000000000000e+03
2.839000000000000000e+03
2.843000000000000000e+03
2.858000000000000000e+03
2.858000000000000000e+03
2.858000000000000000e+03
2.879000000000000000e+03
2.887000000000000000e+03
2.887000000000000000e+03
2.887000000000000000e+03
2.887000000000000000e+03
2.887000000000000000e+03
2.887000000000000000e+03
2.887000000000000000e+03
2.905000000000000000e+03
2.906000000000000000e+03
2.909000000000000000e+03
2.910000000000000000e+03
2.910000000000000000e+03
2.910000000000000000e+03
2.910000000000000000e+03
2.921000000000000000e+03
2.921000000000000000e+03
2.925000000000000000e+03
2.929000000000000000e+03
2.929000000000000000e+03
2.929000000000000000e+03
2.933000000000000000e+03
2.934000000000000000e+03
2.934000000000000000e+03
2.934000000000000000e+03
2.934000000000000000e+03
2.934000000000000000e+03
2.934000000000000000e+03
2.942000000000000000e+03
2.944000000000000000e+03
2.945000000000000000e+03
2.946000000000000000e+03
2.948000000000000000e+03
2.948000000000000000e+03
2.948000000000000000e+03
2.948000000000000000e+03
2.954000000000000000e+03
2.954000000000000000e+03
2.954000000000000000e+03
2.955000000000000000e+03
2.955000000000000000e+03
2.955000000000000000e+03
2.957000000000000000e+03
2.957000000000000000e+03
2.957000000000000000e+03
2.957000000000000000e+03
2.957000000000000000e+03
2.957000000000000000e+03
2.957000000000000000e+03
2.959000000000000000e+03
2.959000000000000000e+03
2.962000000000000000e+03
2.963000000000000000e+03
2.964000000000000000e+03
2.964000000000000000e+03
2.964000000000000000e+03
2.968000000000000000e+03
2.968000000000000000e+03
2.969000000000000000e+03
2.971000000000000000e+03
2.972000000000000000e+03
2.972000000000000000e+03
2.972000000000000000e+03
2.977000000000000000e+03
2.977000000000000000e+03
2.984000000000000000e+03
2.985000000000000000e+03
2.989000000000000000e+03
2.989000000000000000e+03
2.989000000000000000e+03
2.994000000000000000e+03
2.994000000000000000e+03
2.995000000000000000e+03
2.995000000000000000e+03
2.996000000000000000e+03
2.997000000000000000e+03
2.997000000000000000e+03
3.000000000000000000e+03
3.002000000000000000e+03
3.003000000000000000e+03
3.005000000000000000e+03
3.009000000000000000e+03
3.009000000000000000e+03
3.009000000000000000e+03
3.010000000000000000e+03
3.011000000000000000e+03
3.011000000000000000e+03
0.000000000000000000e+00
0.000000000000000000e+00
0.000000000000000000e+00
0.000000000000000000e+00
0.000000000000000000e+00
0.000000000000000000e+00
0.000000000000000000e+00
0.000000000000000000e+00
0.000000000000000000e+00
0.000000000000000000e+00
0.000000000000000000e+00
0.000000000000000000e+00
0.000000000000000000e+00
0.000000000000000000e+00
0.000000000000000000e+00
0.000000000000000000e+00
0.000000000000000000e+00
0.000000000000000000e+00
0.000000000000000000e+00
0.000000000000000000e+00
0.000000000000000000e+00
0.000000000000000000e+00
0.000000000000000000e+00
0.000000000000000000e+00
0.000000000000000000e+00
0.000000000000000000e+00
0.000000000000000000e+00
0.000000000000000000e+00
0.000000000000000000e+00
0.000000000000000000e+00
0.000000000000000000e+00
0.000000000000000000e+00
0.000000000000000000e+00
0.000000000000000000e+00
0.000000000000000000e+00
0.000000000000000000e+00
0.000000000000000000e+00
0.000000000000000000e+00
0.000000000000000000e+00
0.000000000000000000e+00
0.000000000000000000e+00
0.000000000000000000e+00
0.000000000000000000e+00
0.000000000000000000e+00
0.000000000000000000e+00
0.000000000000000000e+00
0.000000000000000000e+00
