2.730378433212291966e+01
2.369282933983032535e+01
2.244166522707341471e+01
2.939414074572853508e+01
2.298994399960050572e+01
2.147218584809093755e+01
-2.235300817390802663e+00
1.773820240423683359e+01
1.361943245971200511e+01
1.223766968792826049e+01
1.941892104407019559e+01
1.357641079468837830e+01
1.291911408198742883e+01
-9.669812722170812336e+00
1.163440995504379849e+01
9.008706854816361798e+00
9.230132710284216557e+00
1.807154577798589301e+01
1.389357827269865808e+01
1.485459913225964712e+01
-6.209514917064890227e+00
1.648327990570427204e+01
1.507277930969113200e+01
1.630539804360083878e+01
2.593052427677547911e+01
2.229295452762461593e+01
2.354309588776048656e+01
2.516749218500129004e+00
2.500355728894740182e+01
2.315816548553021903e+01
2.374846772714280974e+01
3.255116387319814208e+01
2.794324773258997396e+01
2.811114204129899363e+01
5.929326600110298884e+00
2.722757799947575563e+01
2.420090395588776033e+01
2.365658021930650179e+01
3.140855058828170598e+01
2.586784136935740719e+01
2.525073596181406188e+01
2.456581377252474496e+00
2.333436636221221860e+01
2.009217047724245830e+01
1.954390311180139506e+01
2.750359845032010853e+01
2.237591758346940907e+01
2.236459777648386194e+01
3.507097437908015536e-01
2.215984674785998720e+01
1.997232465688831482e+01
2.057078800422656784e+01
2.973546115030843850e+01
2.583566667501420966e+01
2.703932065611569868e+01
6.192234942775630913e+00
2.908632000318162625e+01
2.787073861821480136e+01
2.930037878774074045e+01
3.913186120557415393e+01
