0.000000000000000000e+00
0.000000000000000000e+00
0.000000000000000000e+00
0.000000000000000000e+00
0.000000000000000000e+00
0.000000000000000000e+00
0.000000000000000000e+00
0.000000000000000000e+00
0.000000000000000000e+00
0.000000000000000000e+00
0.000000000000000000e+00
0.000000000000000000e+00
0.000000000000000000e+00
0.000000000000000000e+00
0.000000000000000000e+00
0.000000000000000000e+00
0.000000000000000000e+00
0.000000000000000000e+00
0.000000000000000000e+00
0.000000000000000000e+00
0.000000000000000000e+00
0.000000000000000000e+00
0.000000000000000000e+00
0.000000000000000000e+00
0.000000000000000000e+00
0.000000000000000000e+00
0.000000000000000000e+00
0.000000000000000000e+00
0.000000000000000000e+00
0.000000000000000000e+00
0.000000000000000000e+00
0.000000000000000000e+00
0.000000000000000000e+00
0.000000000000000000e+00
0.000000000000000000e+00
0.000000000000000000e+00
0.000000000000000000e+00
0.000000000000000000e+00
0.000000000000000000e+00
0.000000000000000000e+00
0.000000000000000000e+00
0.000000000000000000e+00
0.000000000000000000e+00
0.000000000000000000e+00
0.000000000000000000e+00
0.000000000000000000e+00
0.000000000000000000e+00
0.000000000000000000e+00
0.000000000000000000e+00
0.000000000000000000e+00
0.000000000000000000e+00
0.000000000000000000e+00
0.000000000000000000e+00
0.000000000000000000e+00
0.000000000000000000e+00
1.000000000000000000e+00
1.000000000000000000e+00
1.000000000000000000e+00
1.000000000000000000e+00
1.000000000000000000e+00
3.000000000000000000e+00
3.000000000000000000e+00
6.000000000000000000e+00
8.000000000000000000e+00
8.000000000000000000e+00
1.000000000000000000e+01
1.000000000000000000e+01
1.000000000000000000e+01
1.500000000000000000e+01
3.100000000000000000e+01
3.900000000000000000e+01
5.500000000000000000e+01
5.500000000000000000e+01
8.500000000000000000e+01
8.800000000000000000e+01
8.800000000000000000e+01
1.000000000000000000e+02
1.230000000000000000e+02
1.740000000000000000e+02
1.970000000000000000e+02
2.140000000000000000e+02
2.700000000000000000e+02
3.190000000000000000e+02
3.540000000000000000e+02
4.520000000000000000e+02
5.500000000000000000e+02
6.340000000000000000e+02
6.340000000000000000e+02
7.110000000000000000e+02
8.040000000000000000e+02
8.040000000000000000e+02
8.700000000000000000e+02
9.270000000000000000e+02
1.003000000000000000e+03
1.067000000000000000e+03
1.133000000000000000e+03
1.210000000000000000e+03
1.268000000000000000e+03
1.411000000000000000e+03
1.439000000000000000e+03
1.551000000000000000e+03
1.666000000000000000e+03
1.722000000000000000e+03
1.807000000000000000e+03
2.013000000000000000e+03
2.148000000000000000e+03
2.300000000000000000e+03
2.424000000000000000e+03
2.569000000000000000e+03
2.705000000000000000e+03
2.825000000000000000e+03
2.971000000000000000e+03
3.133000000000000000e+03
3.358000000000000000e+03
3.460000000000000000e+03
3.587000000000000000e+03
3.751000000000000000e+03
3.903000000000000000e+03
4.050000000000000000e+03
4.256000000000000000e+03
4.431000000000000000e+03
4.575000000000000000e+03
4.718000000000000000e+03
5.016000000000000000e+03
5.265000000000000000e+03
5.511000000000000000e+03
6.111000000000000000e+03
6.132000000000000000e+03
6.687000000000000000e+03
6.935000000000000000e+03
7.032000000000000000e+03
8.384000000000000000e+03
9.689000000000000000e+03
1.117100000000000000e+04
1.231900000000000000e+04
1.367000000000000000e+04
1.367000000000000000e+04
1.441400000000000000e+04
1.645900000000000000e+04
1.645900000000000000e+04
1.656600000000000000e+04
1.736600000000000000e+04
1.782300000000000000e+04
1.874900000000000000e+04
1.946000000000000000e+04
1.998500000000000000e+04
1.998600000000000000e+04
2.040000000000000000e+04
2.136100000000000000e+04
2.272600000000000000e+04
2.403500000000000000e+04
2.741200000000000000e+04
2.902400000000000000e+04
3.051700000000000000e+04
3.051700000000000000e+04
3.172900000000000000e+04
3.341000000000000000e+04
3.499900000000000000e+04
3.834500000000000000e+04
3.834500000000000000e+04
4.002100000000000000e+04
4.214300000000000000e+04
4.348100000000000000e+04
4.460600000000000000e+04
4.540900000000000000e+04
4.664300000000000000e+04
4.796100000000000000e+04
5.037000000000000000e+04
5.186100000000000000e+04
5.363400000000000000e+04
5.627200000000000000e+04
5.880000000000000000e+04
6.118600000000000000e+04
6.345100000000000000e+04
6.580900000000000000e+04
6.880600000000000000e+04
7.173600000000000000e+04
8.063700000000000000e+04
8.583600000000000000e+04
9.179300000000000000e+04
9.580400000000000000e+04
9.884000000000000000e+04
1.016130000000000000e+05
1.079510000000000000e+05
1.138640000000000000e+05
1.196670000000000000e+05
1.250370000000000000e+05
1.311610000000000000e+05
1.366900000000000000e+05
1.427770000000000000e+05
1.486950000000000000e+05
1.543870000000000000e+05
1.607080000000000000e+05
1.672390000000000000e+05
1.737270000000000000e+05
1.802580000000000000e+05
1.863170000000000000e+05
1.923550000000000000e+05
1.984950000000000000e+05
2.045910000000000000e+05
2.126880000000000000e+05
2.214840000000000000e+05
2.304270000000000000e+05
2.397850000000000000e+05
2.504940000000000000e+05
2.612930000000000000e+05
2.744200000000000000e+05
2.874360000000000000e+05
3.015250000000000000e+05
3.123230000000000000e+05
3.262980000000000000e+05
3.391240000000000000e+05
3.489400000000000000e+05
3.597920000000000000e+05
3.740240000000000000e+05
3.841650000000000000e+05
3.954630000000000000e+05
4.071140000000000000e+05
4.177810000000000000e+05
4.296080000000000000e+05
4.405620000000000000e+05
4.506090000000000000e+05
4.594600000000000000e+05
4.695520000000000000e+05
4.795670000000000000e+05
4.891510000000000000e+05
4.982210000000000000e+05
5.077700000000000000e+05
5.182290000000000000e+05
5.292790000000000000e+05
5.414620000000000000e+05
5.528850000000000000e+05
5.694790000000000000e+05
5.826940000000000000e+05
5.928200000000000000e+05
5.993850000000000000e+05
6.069250000000000000e+05
6.079780000000000000e+05
6.100780000000000000e+05
6.154570000000000000e+05
6.154570000000000000e+05
6.276850000000000000e+05
6.331990000000000000e+05
6.409000000000000000e+05
6.409000000000000000e+05
6.622770000000000000e+05
6.622770000000000000e+05
6.874770000000000000e+05
7.001120000000000000e+05
7.114720000000000000e+05
7.225360000000000000e+05
7.341540000000000000e+05
7.436530000000000000e+05
7.516910000000000000e+05
7.539530000000000000e+05
7.578010000000000000e+05
7.616740000000000000e+05
7.663000000000000000e+05
7.708120000000000000e+05
7.739730000000000000e+05
7.739730000000000000e+05
7.805470000000000000e+05
7.831310000000000000e+05
7.897870000000000000e+05
7.983960000000000000e+05
8.067030000000000000e+05
8.166670000000000000e+05
8.268310000000000000e+05
8.370010000000000000e+05
8.474670000000000000e+05
8.582940000000000000e+05
8.679610000000000000e+05
8.767310000000000000e+05
8.848950000000000000e+05
8.938100000000000000e+05
9.016520000000000000e+05
9.073790000000000000e+05
9.073790000000000000e+05
9.240440000000000000e+05
9.328820000000000000e+05
9.418740000000000000e+05
9.503480000000000000e+05
9.594330000000000000e+05
9.692300000000000000e+05
9.778040000000000000e+05
9.857960000000000000e+05
9.938770000000000000e+05
1.002202000000000000e+06
1.011166000000000000e+06
1.020263000000000000e+06
1.029082000000000000e+06
1.038082000000000000e+06
1.047017000000000000e+06
9.808660000000000000e+05
1.070423000000000000e+06
1.081691000000000000e+06
1.089340000000000000e+06
1.097576000000000000e+06
1.104956000000000000e+06
1.111867000000000000e+06
1.118902000000000000e+06
1.125184000000000000e+06
1.132393000000000000e+06
1.138581000000000000e+06
1.144923000000000000e+06
1.150932000000000000e+06
1.158897000000000000e+06
1.167857000000000000e+06
1.174959000000000000e+06
1.181753000000000000e+06
1.189499000000000000e+06
1.197204000000000000e+06
1.204452000000000000e+06
1.210489000000000000e+06
1.217647000000000000e+06
1.225635000000000000e+06
1.233115000000000000e+06
1.240990000000000000e+06
1.249702000000000000e+06
1.257410000000000000e+06
1.267595000000000000e+06
1.278326000000000000e+06
1.287597000000000000e+06
1.296420000000000000e+06
1.304299000000000000e+06
1.310425000000000000e+06
1.314836000000000000e+06
1.321469000000000000e+06
1.328430000000000000e+06
1.336166000000000000e+06
1.343819000000000000e+06
1.354021000000000000e+06
1.362543000000000000e+06
1.373332000000000000e+06
1.382340000000000000e+06
1.394374000000000000e+06
1.404168000000000000e+06
1.417316000000000000e+06
1.430709000000000000e+06
1.444041000000000000e+06
1.455975000000000000e+06
1.469041000000000000e+06
1.483017000000000000e+06
1.497180000000000000e+06
1.508419000000000000e+06
1.520548000000000000e+06
1.530973000000000000e+06
1.542353000000000000e+06
1.552179000000000000e+06
1.559010000000000000e+06
1.569578000000000000e+06
1.580285000000000000e+06
1.597160000000000000e+06
1.609564000000000000e+06
1.621019000000000000e+06
1.632614000000000000e+06
1.646892000000000000e+06
1.665003000000000000e+06
1.683835000000000000e+06
1.698457000000000000e+06
1.711924000000000000e+06
1.729633000000000000e+06
1.754222000000000000e+06
1.769935000000000000e+06
1.786170000000000000e+06
1.801134000000000000e+06
1.811552000000000000e+06
1.822309000000000000e+06
1.832168000000000000e+06
1.849194000000000000e+06
1.864904000000000000e+06
1.880041000000000000e+06
1.894384000000000000e+06
1.909791000000000000e+06
1.924401000000000000e+06
1.938322000000000000e+06
1.954674000000000000e+06
1.971342000000000000e+06
1.988958000000000000e+06
2.001135000000000000e+06
2.010941000000000000e+06
2.022331000000000000e+06
2.027333000000000000e+06
2.034228000000000000e+06
2.048292000000000000e+06
2.055468000000000000e+06
2.065209000000000000e+06
2.072793000000000000e+06
2.078391000000000000e+06
2.083551000000000000e+06
2.090467000000000000e+06
2.095105000000000000e+06
2.099628000000000000e+06
2.105445000000000000e+06
2.110562000000000000e+06
2.115470000000000000e+06
2.120366000000000000e+06
2.124695000000000000e+06
2.129491000000000000e+06
2.134054000000000000e+06
2.138193000000000000e+06
2.141874000000000000e+06
2.145450000000000000e+06
2.148249000000000000e+06
2.151633000000000000e+06
2.156057000000000000e+06
2.160555000000000000e+06
2.164438000000000000e+06
2.168149000000000000e+06
2.172418000000000000e+06
2.177199000000000000e+06
2.180777000000000000e+06
2.183635000000000000e+06
2.187473000000000000e+06
2.191171000000000000e+06
2.195569000000000000e+06
2.199508000000000000e+06
2.202580000000000000e+06
2.206210000000000000e+06
2.209224000000000000e+06
2.212512000000000000e+06
2.216945000000000000e+06
2.221642000000000000e+06
2.225725000000000000e+06
2.230192000000000000e+06
2.235343000000000000e+06
2.239936000000000000e+06
2.244522000000000000e+06
2.250063000000000000e+06
2.255948000000000000e+06
2.261373000000000000e+06
2.267760000000000000e+06
2.273909000000000000e+06
2.279840000000000000e+06
2.285515000000000000e+06
2.292803000000000000e+06
2.300887000000000000e+06
2.309356000000000000e+06
2.317564000000000000e+06
2.325833000000000000e+06
2.336356000000000000e+06
2.345471000000000000e+06
2.355832000000000000e+06
2.365566000000000000e+06
2.375176000000000000e+06
2.383785000000000000e+06
2.395733000000000000e+06
2.408624000000000000e+06
2.419265000000000000e+06
2.432061000000000000e+06
2.442453000000000000e+06
2.457888000000000000e+06
2.471498000000000000e+06
2.488246000000000000e+06
2.505738000000000000e+06
2.521944000000000000e+06
2.538020000000000000e+06
2.555619000000000000e+06
2.573657000000000000e+06
2.588204000000000000e+06
2.602489000000000000e+06
2.616821000000000000e+06
2.632699000000000000e+06
2.650643000000000000e+06
2.669308000000000000e+06
2.686399000000000000e+06
2.700594000000000000e+06
2.721317000000000000e+06
2.737757000000000000e+06
2.754940000000000000e+06
2.773220000000000000e+06
2.788751000000000000e+06
2.806310000000000000e+06
2.819874000000000000e+06
2.835554000000000000e+06
2.848153000000000000e+06
2.859627000000000000e+06
2.874656000000000000e+06
2.888990000000000000e+06
2.902646000000000000e+06
2.917584000000000000e+06
2.931280000000000000e+06
2.947661000000000000e+06
2.961313000000000000e+06
2.979233000000000000e+06
2.998123000000000000e+06
3.011234000000000000e+06
3.026277000000000000e+06
3.046147000000000000e+06
3.063330000000000000e+06
3.078965000000000000e+06
3.101390000000000000e+06
3.121888000000000000e+06
3.141549000000000000e+06
3.153961000000000000e+06
3.169573000000000000e+06
3.193406000000000000e+06
3.218620000000000000e+06
3.242060000000000000e+06
3.267100000000000000e+06
3.290596000000000000e+06
3.310737000000000000e+06
3.340543000000000000e+06
3.365050000000000000e+06
3.385586000000000000e+06
3.409076000000000000e+06
3.435109000000000000e+06
3.457117000000000000e+06
3.477656000000000000e+06
3.510709000000000000e+06
3.539442000000000000e+06
3.564286000000000000e+06
3.589895000000000000e+06
3.616680000000000000e+06
3.644287000000000000e+06
3.667161000000000000e+06
3.685947000000000000e+06
3.714962000000000000e+06
3.741459000000000000e+06
3.769887000000000000e+06
3.800388000000000000e+06
3.829487000000000000e+06
3.854457000000000000e+06
3.880261000000000000e+06
3.908310000000000000e+06
3.936156000000000000e+06
3.964074000000000000e+06
3.993651000000000000e+06
4.021254000000000000e+06
4.047147000000000000e+06
4.076013000000000000e+06
4.113917000000000000e+06
4.142384000000000000e+06
4.172018000000000000e+06
4.199227000000000000e+06
4.228198000000000000e+06
4.254558000000000000e+06
4.276465000000000000e+06
4.299931000000000000e+06
4.317436000000000000e+06
4.335929000000000000e+06
4.353957000000000000e+06
4.372434000000000000e+06
4.389277000000000000e+06
4.408026000000000000e+06
4.422866000000000000e+06
4.435550000000000000e+06
4.449027000000000000e+06
4.462579000000000000e+06
4.477155000000000000e+06
4.487973000000000000e+06
4.505112000000000000e+06
4.526917000000000000e+06
4.545346000000000000e+06
4.557829000000000000e+06
4.567701000000000000e+06
4.578519000000000000e+06
4.587754000000000000e+06
4.598176000000000000e+06
4.606139000000000000e+06
4.615354000000000000e+06
0.000000000000000000e+00
0.000000000000000000e+00
0.000000000000000000e+00
0.000000000000000000e+00
0.000000000000000000e+00
0.000000000000000000e+00
0.000000000000000000e+00
0.000000000000000000e+00
0.000000000000000000e+00
0.000000000000000000e+00
0.000000000000000000e+00
0.000000000000000000e+00
0.000000000000000000e+00
0.000000000000000000e+00
0.000000000000000000e+00
0.000000000000000000e+00
0.000000000000000000e+00
0.000000000000000000e+00
0.000000000000000000e+00
0.000000000000000000e+00
0.000000000000000000e+00
0.000000000000000000e+00
0.000000000000000000e+00
0.000000000000000000e+00
0.000000000000000000e+00
0.000000000000000000e+00
0.000000000000000000e+00
0.000000000000000000e+00
0.000000000000000000e+00
0.000000000000000000e+00
0.000000000000000000e+00
0.000000000000000000e+00
0.000000000000000000e+00
0.000000000000000000e+00
0.000000000000000000e+00
0.000000000000000000e+00
0.000000000000000000e+00
0.000000000000000000e+00
0.000000000000000000e+00
0.000000000000000000e+00
0.000000000000000000e+00
0.000000000000000000e+00
0.000000000000000000e+00
0.000000000000000000e+00
0.000000000000000000e+00
0.000000000000000000e+00
0.000000000000000000e+00
0.000000000000000000e+00
0.000000000000000000e+00
0.000000000000000000e+00
0.000000000000000000e+00
0.000000000000000000e+00
0.000000000000000000e+00
0.000000000000000000e+00
0.000000000000000000e+00
0.000000000000000000e+00
0.000000000000000000e+00
0.000000000000000000e+00
0.000000000000000000e+00
0.000000000000000000e+00
0.000000000000000000e+00
0.000000000000000000e+00
0.000000000000000000e+00
0.000000000000000000e+00
0.000000000000000000e+00
0.000000000000000000e+00
0.000000000000000000e+00
0.000000000000000000e+00
0.000000000000000000e+00
0.000000000000000000e+00
0.000000000000000000e+00
0.000000000000000000e+00
0.000000000000000000e+00
0.000000000000000000e+00
0.000000000000000000e+00
0.000000000000000000e+00
0.000000000000000000e+00
0.000000000000000000e+00
0.000000000000000000e+00
0.000000000000000000e+00
0.000000000000000000e+00
0.000000000000000000e+00
0.000000000000000000e+00
0.000000000000000000e+00
0.000000000000000000e+00
0.000000000000000000e+00
0.000000000000000000e+00
0.000000000000000000e+00
0.000000000000000000e+00
0.000000000000000000e+00
0.000000000000000000e+00
0.000000000000000000e+00
0.000000000000000000e+00
0.000000000000000000e+00
0.000000000000000000e+00
0.000000000000000000e+00
0.000000000000000000e+00
0.000000000000000000e+00
0.000000000000000000e+00
0.000000000000000000e+00
0.000000000000000000e+00
0.000000000000000000e+00
0.000000000000000000e+00
0.000000000000000000e+00
0.000000000000000000e+00
0.000000000000000000e+00
0.000000000000000000e+00
0.000000000000000000e+00
0.000000000000000000e+00
0.000000000000000000e+00
0.000000000000000000e+00
0.000000000000000000e+00
0.000000000000000000e+00
0.000000000000000000e+00
0.000000000000000000e+00
0.000000000000000000e+00
0.000000000000000000e+00
0.000000000000000000e+00
0.000000000000000000e+00
0.000000000000000000e+00
0.000000000000000000e+00
0.000000000000000000e+00
0.000000000000000000e+00
0.000000000000000000e+00
0.000000000000000000e+00
0.000000000000000000e+00
0.000000000000000000e+00
0.000000000000000000e+00
0.000000000000000000e+00
0.000000000000000000e+00
0.000000000000000000e+00
0.000000000000000000e+00
0.000000000000000000e+00
0.000000000000000000e+00
0.000000000000000000e+00
0.000000000000000000e+00
