-3.550060164610830782e+01
-4.895804605520947916e+01
-5.194230373321224192e+01
-5.745705072502233435e+01
-6.410967069105728910e+01
-6.886231975983980647e+01
-6.170987063601268829e+01
-5.191636443462130046e+01
-6.509362422315462027e+01
-6.778549506770400512e+01
-7.296814325361361853e+01
-7.922213813206467137e+01
-8.348437255642051014e+01
-7.572680606107262236e+01
-6.519363782255067008e+01
-7.748054442055648394e+01
-7.911943119636435995e+01
-8.307911724854361069e+01
-8.793766856573334678e+01
-9.063443018587084055e+01
-8.114874042874403415e+01
-6.873693707779725059e+01
-7.901129717830997379e+01
-7.852436946369161319e+01
-8.026913290084688413e+01
-8.285071210712882817e+01
-8.323771909003467329e+01
-7.144022466379823300e+01
-5.674599087453891144e+01
-6.479862807359714338e+01
-6.218115751307156813e+01
-6.191543407992503489e+01
-6.263317972161206626e+01
-6.132671494160091186e+01
-4.802640728980563267e+01
-3.203648098195812821e+01
-3.901286099975045829e+01
-3.554653893485411231e+01
-3.466291812885753387e+01
-3.499288811764414220e+01
-3.352371180361923564e+01
-2.027673709111891753e+01
-4.543566956173462401e+00
-1.196434851585596348e+01
-9.111653369668273328e+00
-8.990390050183327375e+00
-1.020948067599889164e+01
-9.733366668068383021e+00
2.439663382544622117e+00
1.704070789395470342e+01
8.451405113923595280e+00
1.011954795167157961e+01
9.058733667653454447e+00
6.676327665113493737e+00
6.021685206666429480e+00
1.710764377376901280e+01
3.067367306362500301e+01
2.110703895669316665e+01
2.185852156816969583e+01
1.994225410930300768e+01
