6.301678561318724416e+06
6.301894710268170573e+06
6.302151989990239032e+06
6.301884896119180135e+06
6.300865540023783222e+06
6.300185330029148608e+06
6.300256783242207021e+06
6.301996246188919060e+06
6.302149032162914984e+06
6.302250863895927556e+06
6.301735609462665394e+06
6.300378458967321552e+06
6.299277524552094750e+06
6.298855454521096312e+06
6.300041845807612874e+06
6.299597972075141966e+06
6.299077728541236371e+06
6.297934796628504060e+06
6.295965193439245224e+06
6.294288207776787691e+06
6.293347333848799579e+06
6.294092007770516910e+06
6.293301684969989583e+06
6.292546179691727273e+06
6.291292288501732051e+06
6.289345879712611437e+06
6.287832464986302890e+06
6.287197875954154879e+06
6.288389859489148483e+06
6.288182134796569124e+06
6.288134834969905205e+06
6.287701352695764042e+06
6.286670766192353331e+06
6.286148852350380272e+06
6.286559297438240610e+06
6.288825903698036447e+06
6.289697317305161618e+06
6.290708180775604211e+06
6.291286708647137508e+06
6.291197840979252942e+06
6.291524960055707023e+06
6.292671759660256095e+06
6.295545045478716493e+06
6.296879974135503173e+06
6.298201618331839330e+06
6.298932844115546905e+06
6.298837645241990685e+06
6.299002913934815675e+06
6.299840235047178343e+06
6.302268483601673506e+06
6.303038738412623294e+06
6.303695408092712052e+06
6.303683567705359310e+06
6.302791666311452165e+06
6.302132602632321417e+06
6.302144775858310983e+06
6.303773913149228320e+06
6.303797209017267451e+06
6.303783695647762157e+06
6.303200864777303301e+06
