1.324862565227281302e+05
1.326266546724771033e+05
1.327819325307480758e+05
1.329320886282002903e+05
1.330876255843178660e+05
1.332420778614253504e+05
1.333917660581192758e+05
1.335875388160891016e+05
1.337279369658381329e+05
1.338832148241090472e+05
1.340333709215613490e+05
1.341889078776788665e+05
1.343433601547863509e+05
1.344930483514803054e+05
1.346888211094501021e+05
1.348292192591990752e+05
1.349844971174700768e+05
1.351346532149222912e+05
1.352901901710399252e+05
1.354446424481473805e+05
1.355943306448412768e+05
1.357901034028110735e+05
1.359305015525600757e+05
1.360857794108310482e+05
1.362359355082832626e+05
1.363914724644008966e+05
1.365459247415084101e+05
1.366956129382023355e+05
1.368913856961721322e+05
1.370317838459211634e+05
1.371870617041920777e+05
1.373372178016442922e+05
1.374927547577618971e+05
1.376472070348693815e+05
1.377968952315632487e+05
1.379926679895331326e+05
1.381330661392821057e+05
1.382883439975530782e+05
1.384385000950053218e+05
1.385940370511229266e+05
1.387484893282304110e+05
1.388981775249242783e+05
1.390939502828941622e+05
1.392343484326431353e+05
1.393896262909140496e+05
1.395397823883662932e+05
1.396953193444838107e+05
1.398497716215913824e+05
1.399994598182853078e+05
1.401952325762551627e+05
1.403356307260041358e+05
1.404909085842750210e+05
1.406410646817272354e+05
1.407966016378448694e+05
1.409510539149523829e+05
1.411007421116463083e+05
1.412965148696160759e+05
1.414369130193651945e+05
1.415921908776360797e+05
1.417423469750883523e+05
