0.000000000000000000e+00
0.000000000000000000e+00
0.000000000000000000e+00
0.000000000000000000e+00
0.000000000000000000e+00
0.000000000000000000e+00
0.000000000000000000e+00
0.000000000000000000e+00
0.000000000000000000e+00
0.000000000000000000e+00
0.000000000000000000e+00
0.000000000000000000e+00
0.000000000000000000e+00
0.000000000000000000e+00
0.000000000000000000e+00
0.000000000000000000e+00
0.000000000000000000e+00
0.000000000000000000e+00
0.000000000000000000e+00
0.000000000000000000e+00
0.000000000000000000e+00
0.000000000000000000e+00
0.000000000000000000e+00
0.000000000000000000e+00
0.000000000000000000e+00
0.000000000000000000e+00
0.000000000000000000e+00
0.000000000000000000e+00
0.000000000000000000e+00
0.000000000000000000e+00
0.000000000000000000e+00
0.000000000000000000e+00
0.000000000000000000e+00
0.000000000000000000e+00
0.000000000000000000e+00
0.000000000000000000e+00
0.000000000000000000e+00
0.000000000000000000e+00
0.000000000000000000e+00
0.000000000000000000e+00
0.000000000000000000e+00
0.000000000000000000e+00
0.000000000000000000e+00
0.000000000000000000e+00
0.000000000000000000e+00
0.000000000000000000e+00
0.000000000000000000e+00
0.000000000000000000e+00
2.000000000000000000e+00
2.000000000000000000e+00
2.000000000000000000e+00
2.000000000000000000e+00
8.000000000000000000e+00
8.000000000000000000e+00
8.000000000000000000e+00
8.000000000000000000e+00
1.100000000000000000e+01
1.100000000000000000e+01
1.500000000000000000e+01
1.500000000000000000e+01
2.900000000000000000e+01
2.900000000000000000e+01
3.000000000000000000e+01
3.100000000000000000e+01
3.500000000000000000e+01
4.600000000000000000e+01
5.900000000000000000e+01
6.400000000000000000e+01
7.500000000000000000e+01
8.100000000000000000e+01
1.030000000000000000e+02
1.120000000000000000e+02
1.340000000000000000e+02
1.500000000000000000e+02
1.640000000000000000e+02
1.920000000000000000e+02
2.040000000000000000e+02
2.220000000000000000e+02
2.520000000000000000e+02
2.820000000000000000e+02
2.860000000000000000e+02
3.590000000000000000e+02
3.800000000000000000e+02
4.260000000000000000e+02
4.460000000000000000e+02
5.480000000000000000e+02
6.070000000000000000e+02
6.310000000000000000e+02
6.860000000000000000e+02
7.470000000000000000e+02
8.420000000000000000e+02
9.130000000000000000e+02
9.600000000000000000e+02
1.002000000000000000e+03
1.042000000000000000e+03
1.107000000000000000e+03
1.151000000000000000e+03
1.254000000000000000e+03
1.391000000000000000e+03
1.522000000000000000e+03
1.591000000000000000e+03
1.665000000000000000e+03
1.876000000000000000e+03
1.954000000000000000e+03
2.197000000000000000e+03
2.317000000000000000e+03
2.381000000000000000e+03
2.494000000000000000e+03
2.607000000000000000e+03
2.698000000000000000e+03
2.881000000000000000e+03
3.063000000000000000e+03
3.287000000000000000e+03
3.518000000000000000e+03
3.803000000000000000e+03
3.911000000000000000e+03
4.129000000000000000e+03
4.324000000000000000e+03
4.467000000000000000e+03
4.575000000000000000e+03
4.838000000000000000e+03
5.057000000000000000e+03
5.249000000000000000e+03
5.402000000000000000e+03
5.642000000000000000e+03
5.877000000000000000e+03
6.057000000000000000e+03
6.240000000000000000e+03
6.492000000000000000e+03
7.015000000000000000e+03
7.308000000000000000e+03
7.637000000000000000e+03
7.935000000000000000e+03
8.406000000000000000e+03
8.892000000000000000e+03
9.443000000000000000e+03
9.907000000000000000e+03
1.049800000000000000e+04
1.090400000000000000e+04
1.141400000000000000e+04
1.212900000000000000e+04
1.263600000000000000e+04
1.321300000000000000e+04
1.377600000000000000e+04
1.453100000000000000e+04
1.512300000000000000e+04
1.570300000000000000e+04
1.624300000000000000e+04
1.679800000000000000e+04
1.734900000000000000e+04
1.788300000000000000e+04
1.840400000000000000e+04
1.873500000000000000e+04
1.924100000000000000e+04
1.965800000000000000e+04
2.044900000000000000e+04
2.133300000000000000e+04
2.190900000000000000e+04
2.293600000000000000e+04
2.380000000000000000e+04
2.480600000000000000e+04
2.559500000000000000e+04
2.666700000000000000e+04
2.756800000000000000e+04
2.821900000000000000e+04
2.910500000000000000e+04
2.991900000000000000e+04
3.078500000000000000e+04
3.158500000000000000e+04
3.265100000000000000e+04
3.352900000000000000e+04
3.471900000000000000e+04
3.563800000000000000e+04
3.668900000000000000e+04
3.763600000000000000e+04
3.905000000000000000e+04
4.034500000000000000e+04
4.183400000000000000e+04
4.326800000000000000e+04
4.540100000000000000e+04
4.697700000000000000e+04
4.846600000000000000e+04
5.025500000000000000e+04
5.216400000000000000e+04
5.394500000000000000e+04
5.535400000000000000e+04
5.665500000000000000e+04
5.817300000000000000e+04
6.053900000000000000e+04
6.213800000000000000e+04
6.429200000000000000e+04
6.590700000000000000e+04
6.791900000000000000e+04
6.897500000000000000e+04
7.023700000000000000e+04
7.205000000000000000e+04
7.388900000000000000e+04
7.564500000000000000e+04
7.755700000000000000e+04
7.930600000000000000e+04
8.095200000000000000e+04
8.223600000000000000e+04
8.371000000000000000e+04
8.579800000000000000e+04
8.755800000000000000e+04
8.961800000000000000e+04
9.132100000000000000e+04
9.310300000000000000e+04
9.445800000000000000e+04
9.630600000000000000e+04
9.865700000000000000e+04
1.006740000000000000e+05
1.029910000000000000e+05
1.051980000000000000e+05
1.075000000000000000e+05
1.110600000000000000e+05
1.128670000000000000e+05
1.154090000000000000e+05
1.185750000000000000e+05
1.209000000000000000e+05
1.228020000000000000e+05
1.241850000000000000e+05
1.259590000000000000e+05
1.280570000000000000e+05
1.299710000000000000e+05
1.320550000000000000e+05
1.341810000000000000e+05
1.364010000000000000e+05
1.385750000000000000e+05
1.406520000000000000e+05
1.429580000000000000e+05
1.452000000000000000e+05
1.475100000000000000e+05
1.502170000000000000e+05
1.524580000000000000e+05
1.550100000000000000e+05
1.584050000000000000e+05
1.610650000000000000e+05
1.641010000000000000e+05
1.666860000000000000e+05
1.707740000000000000e+05
1.743500000000000000e+05
1.773270000000000000e+05
1.807970000000000000e+05
1.842980000000000000e+05
1.879580000000000000e+05
1.918530000000000000e+05
1.961960000000000000e+05
1.994030000000000000e+05
2.030140000000000000e+05
2.068700000000000000e+05
2.104370000000000000e+05
2.149470000000000000e+05
2.184870000000000000e+05
2.213400000000000000e+05
2.250520000000000000e+05
2.284530000000000000e+05
2.325930000000000000e+05
2.364370000000000000e+05
2.402910000000000000e+05
2.440600000000000000e+05
2.476670000000000000e+05
2.514810000000000000e+05
2.550270000000000000e+05
2.585190000000000000e+05
2.632960000000000000e+05
2.678510000000000000e+05
2.736610000000000000e+05
2.775440000000000000e+05
2.815920000000000000e+05
2.853240000000000000e+05
2.892430000000000000e+05
2.936530000000000000e+05
2.975090000000000000e+05
3.010060000000000000e+05
3.051000000000000000e+05
3.092190000000000000e+05
3.137640000000000000e+05
3.176720000000000000e+05
3.222480000000000000e+05
3.257930000000000000e+05
3.297780000000000000e+05
3.342950000000000000e+05
3.378010000000000000e+05
3.419420000000000000e+05
3.455660000000000000e+05
3.494970000000000000e+05
3.532820000000000000e+05
3.571420000000000000e+05
3.607050000000000000e+05
3.644170000000000000e+05
3.682980000000000000e+05
3.722660000000000000e+05
3.757410000000000000e+05
3.789820000000000000e+05
3.820840000000000000e+05
3.850940000000000000e+05
3.880940000000000000e+05
3.919910000000000000e+05
3.954430000000000000e+05
3.986360000000000000e+05
4.023470000000000000e+05
4.066120000000000000e+05
4.105520000000000000e+05
4.139550000000000000e+05
4.181880000000000000e+05
4.223860000000000000e+05
4.253130000000000000e+05
4.298070000000000000e+05
4.336490000000000000e+05
4.374560000000000000e+05
4.419830000000000000e+05
4.457930000000000000e+05
4.505180000000000000e+05
4.548790000000000000e+05
4.588800000000000000e+05
4.625530000000000000e+05
4.661780000000000000e+05
4.704490000000000000e+05
4.747710000000000000e+05
4.792020000000000000e+05
4.834970000000000000e+05
4.874450000000000000e+05
4.919750000000000000e+05
4.968860000000000000e+05
5.013760000000000000e+05
5.058360000000000000e+05
5.109570000000000000e+05
5.166560000000000000e+05
5.219840000000000000e+05
5.269790000000000000e+05
5.319950000000000000e+05
5.362600000000000000e+05
5.418110000000000000e+05
5.468840000000000000e+05
5.527220000000000000e+05
5.587030000000000000e+05
5.639800000000000000e+05
5.703040000000000000e+05
5.766930000000000000e+05
5.836760000000000000e+05
5.899780000000000000e+05
5.967830000000000000e+05
6.037410000000000000e+05
6.110970000000000000e+05
6.179360000000000000e+05
6.255180000000000000e+05
6.319370000000000000e+05
6.391030000000000000e+05
6.457460000000000000e+05
6.525130000000000000e+05
6.594370000000000000e+05
6.668830000000000000e+05
6.735110000000000000e+05
6.810240000000000000e+05
6.887390000000000000e+05
6.958070000000000000e+05
7.034640000000000000e+05
7.112050000000000000e+05
7.186960000000000000e+05
7.273580000000000000e+05
7.364600000000000000e+05
7.459350000000000000e+05
7.539480000000000000e+05
7.637030000000000000e+05
7.727900000000000000e+05
7.811470000000000000e+05
7.910590000000000000e+05
7.988100000000000000e+05
8.094880000000000000e+05
8.203560000000000000e+05
8.313300000000000000e+05
8.421220000000000000e+05
8.522600000000000000e+05
8.625020000000000000e+05
8.732210000000000000e+05
8.836820000000000000e+05
8.965300000000000000e+05
9.056650000000000000e+05
9.173060000000000000e+05
9.269800000000000000e+05
9.391840000000000000e+05
9.499900000000000000e+05
9.630280000000000000e+05
9.734520000000000000e+05
9.829720000000000000e+05
9.931170000000000000e+05
1.004117000000000000e+06
1.016036000000000000e+06
1.025273000000000000e+06
1.032065000000000000e+06
1.039674000000000000e+06
1.047676000000000000e+06
1.058222000000000000e+06
1.069005000000000000e+06
1.078840000000000000e+06
1.087076000000000000e+06
1.096994000000000000e+06
1.104990000000000000e+06
1.112725000000000000e+06
1.121411000000000000e+06
1.128672000000000000e+06
1.136054000000000000e+06
1.142703000000000000e+06
1.151915000000000000e+06
1.160863000000000000e+06
1.169916000000000000e+06
1.176356000000000000e+06
1.182687000000000000e+06
1.189510000000000000e+06
1.194656000000000000e+06
1.203381000000000000e+06
1.210877000000000000e+06
1.216433000000000000e+06
1.224603000000000000e+06
1.231454000000000000e+06
1.237470000000000000e+06
1.243117000000000000e+06
1.249947000000000000e+06
1.257663000000000000e+06
1.266673000000000000e+06
1.272958000000000000e+06
1.278965000000000000e+06
1.284725000000000000e+06
1.290790000000000000e+06
1.297967000000000000e+06
1.304921000000000000e+06
1.312543000000000000e+06
1.317199000000000000e+06
1.322878000000000000e+06
1.327121000000000000e+06
1.331400000000000000e+06
1.336818000000000000e+06
1.342695000000000000e+06
1.348330000000000000e+06
1.355578000000000000e+06
1.361017000000000000e+06
1.366214000000000000e+06
1.375877000000000000e+06
1.381677000000000000e+06
1.385973000000000000e+06
1.391742000000000000e+06
1.399382000000000000e+06
1.405659000000000000e+06
1.409288000000000000e+06
1.414507000000000000e+06
1.419796000000000000e+06
1.426145000000000000e+06
1.431892000000000000e+06
1.438254000000000000e+06
1.444229000000000000e+06
1.450192000000000000e+06
1.455065000000000000e+06
1.461414000000000000e+06
1.468142000000000000e+06
1.475456000000000000e+06
1.481449000000000000e+06
1.487369000000000000e+06
1.492322000000000000e+06
1.496126000000000000e+06
1.501715000000000000e+06
1.506599000000000000e+06
1.511417000000000000e+06
1.517432000000000000e+06
1.522634000000000000e+06
1.526978000000000000e+06
1.530718000000000000e+06
1.535491000000000000e+06
1.541149000000000000e+06
1.547092000000000000e+06
1.552532000000000000e+06
1.558423000000000000e+06
1.563917000000000000e+06
1.568277000000000000e+06
1.574615000000000000e+06
1.580207000000000000e+06
1.584878000000000000e+06
1.589079000000000000e+06
1.592886000000000000e+06
1.597067000000000000e+06
1.600857000000000000e+06
1.606611000000000000e+06
1.612239000000000000e+06
1.616603000000000000e+06
1.621572000000000000e+06
1.626142000000000000e+06
1.629495000000000000e+06
1.633045000000000000e+06
1.638279000000000000e+06
1.642074000000000000e+06
1.645263000000000000e+06
1.649187000000000000e+06
1.654557000000000000e+06
1.659974000000000000e+06
1.663998000000000000e+06
1.669119000000000000e+06
1.674479000000000000e+06
1.680501000000000000e+06
1.691593000000000000e+06
1.697543000000000000e+06
1.701784000000000000e+06
1.705971000000000000e+06
1.711565000000000000e+06
1.717370000000000000e+06
1.723253000000000000e+06
1.728914000000000000e+06
1.735144000000000000e+06
1.740436000000000000e+06
1.745091000000000000e+06
1.751234000000000000e+06
1.757641000000000000e+06
1.763870000000000000e+06
1.771220000000000000e+06
1.779127000000000000e+06
1.786143000000000000e+06
1.792528000000000000e+06
1.801761000000000000e+06
1.810136000000000000e+06
1.817303000000000000e+06
1.826504000000000000e+06
1.835061000000000000e+06
1.842457000000000000e+06
1.850481000000000000e+06
1.859961000000000000e+06
1.869606000000000000e+06
1.880413000000000000e+06
1.890287000000000000e+06
1.901865000000000000e+06
1.915147000000000000e+06
1.928274000000000000e+06
1.942690000000000000e+06
1.958553000000000000e+06
1.973388000000000000e+06
1.994573000000000000e+06
2.023548000000000000e+06
2.052109000000000000e+06
2.084724000000000000e+06
2.119478000000000000e+06
2.139601000000000000e+06
2.157363000000000000e+06
2.176412000000000000e+06
2.204491000000000000e+06
2.232394000000000000e+06
2.261658000000000000e+06
2.293875000000000000e+06
2.323666000000000000e+06
2.356553000000000000e+06
2.392923000000000000e+06
2.431911000000000000e+06
2.471678000000000000e+06
2.509318000000000000e+06
2.549692000000000000e+06
2.596820000000000000e+06
2.640676000000000000e+06
2.686170000000000000e+06
2.730720000000000000e+06
2.770092000000000000e+06
2.809538000000000000e+06
2.842345000000000000e+06
2.873669000000000000e+06
2.907920000000000000e+06
0.000000000000000000e+00
0.000000000000000000e+00
