0.000000000000000000e+00
0.000000000000000000e+00
0.000000000000000000e+00
0.000000000000000000e+00
0.000000000000000000e+00
0.000000000000000000e+00
0.000000000000000000e+00
0.000000000000000000e+00
0.000000000000000000e+00
0.000000000000000000e+00
0.000000000000000000e+00
0.000000000000000000e+00
0.000000000000000000e+00
0.000000000000000000e+00
0.000000000000000000e+00
0.000000000000000000e+00
0.000000000000000000e+00
0.000000000000000000e+00
0.000000000000000000e+00
0.000000000000000000e+00
0.000000000000000000e+00
0.000000000000000000e+00
0.000000000000000000e+00
0.000000000000000000e+00
0.000000000000000000e+00
0.000000000000000000e+00
0.000000000000000000e+00
0.000000000000000000e+00
0.000000000000000000e+00
0.000000000000000000e+00
0.000000000000000000e+00
0.000000000000000000e+00
0.000000000000000000e+00
0.000000000000000000e+00
0.000000000000000000e+00
0.000000000000000000e+00
0.000000000000000000e+00
0.000000000000000000e+00
0.000000000000000000e+00
0.000000000000000000e+00
0.000000000000000000e+00
0.000000000000000000e+00
0.000000000000000000e+00
0.000000000000000000e+00
0.000000000000000000e+00
0.000000000000000000e+00
0.000000000000000000e+00
0.000000000000000000e+00
0.000000000000000000e+00
1.000000000000000000e+00
1.000000000000000000e+00
4.000000000000000000e+00
5.000000000000000000e+00
5.000000000000000000e+00
5.000000000000000000e+00
5.000000000000000000e+00
1.900000000000000000e+01
2.500000000000000000e+01
3.200000000000000000e+01
3.800000000000000000e+01
4.800000000000000000e+01
4.900000000000000000e+01
5.500000000000000000e+01
5.800000000000000000e+01
7.800000000000000000e+01
8.700000000000000000e+01
1.020000000000000000e+02
1.140000000000000000e+02
1.220000000000000000e+02
1.360000000000000000e+02
1.570000000000000000e+02
1.700000000000000000e+02
1.810000000000000000e+02
1.910000000000000000e+02
1.980000000000000000e+02
2.090000000000000000e+02
2.210000000000000000e+02
2.400000000000000000e+02
2.800000000000000000e+02
3.060000000000000000e+02
3.270000000000000000e+02
3.730000000000000000e+02
3.990000000000000000e+02
4.590000000000000000e+02
4.690000000000000000e+02
4.960000000000000000e+02
5.200000000000000000e+02
5.350000000000000000e+02
5.820000000000000000e+02
5.900000000000000000e+02
6.160000000000000000e+02
6.350000000000000000e+02
6.470000000000000000e+02
6.890000000000000000e+02
7.200000000000000000e+02
7.430000000000000000e+02
7.650000000000000000e+02
7.730000000000000000e+02
7.840000000000000000e+02
7.920000000000000000e+02
8.000000000000000000e+02
8.310000000000000000e+02
8.450000000000000000e+02
8.640000000000000000e+02
8.720000000000000000e+02
8.950000000000000000e+02
9.300000000000000000e+02
9.430000000000000000e+02
9.590000000000000000e+02
9.730000000000000000e+02
9.910000000000000000e+02
1.007000000000000000e+03
1.028000000000000000e+03
1.043000000000000000e+03
1.076000000000000000e+03
1.089000000000000000e+03
1.148000000000000000e+03
1.191000000000000000e+03
1.221000000000000000e+03
1.242000000000000000e+03
1.278000000000000000e+03
1.326000000000000000e+03
1.351000000000000000e+03
1.372000000000000000e+03
1.391000000000000000e+03
1.418000000000000000e+03
1.473000000000000000e+03
1.496000000000000000e+03
1.520000000000000000e+03
1.573000000000000000e+03
1.613000000000000000e+03
1.641000000000000000e+03
1.663000000000000000e+03
1.698000000000000000e+03
1.721000000000000000e+03
1.770000000000000000e+03
1.801000000000000000e+03
1.851000000000000000e+03
1.883000000000000000e+03
1.923000000000000000e+03
1.959000000000000000e+03
2.000000000000000000e+03
2.048000000000000000e+03
2.091000000000000000e+03
2.134000000000000000e+03
2.198000000000000000e+03
2.231000000000000000e+03
2.276000000000000000e+03
2.339000000000000000e+03
2.373000000000000000e+03
2.429000000000000000e+03
2.465000000000000000e+03
2.500000000000000000e+03
2.535000000000000000e+03
2.573000000000000000e+03
2.620000000000000000e+03
2.683000000000000000e+03
2.720000000000000000e+03
2.754000000000000000e+03
2.805000000000000000e+03
2.876000000000000000e+03
2.934000000000000000e+03
2.987000000000000000e+03
3.036000000000000000e+03
3.089000000000000000e+03
3.171000000000000000e+03
3.241000000000000000e+03
3.309000000000000000e+03
3.359000000000000000e+03
3.417000000000000000e+03
3.469000000000000000e+03
3.535000000000000000e+03
3.606000000000000000e+03
3.656000000000000000e+03
3.710000000000000000e+03
3.797000000000000000e+03
3.873000000000000000e+03
3.957000000000000000e+03
4.016000000000000000e+03
4.143000000000000000e+03
4.239000000000000000e+03
4.320000000000000000e+03
4.459000000000000000e+03
4.576000000000000000e+03
4.665000000000000000e+03
4.714000000000000000e+03
4.781000000000000000e+03
4.838000000000000000e+03
4.901000000000000000e+03
4.975000000000000000e+03
5.058000000000000000e+03
5.131000000000000000e+03
5.193000000000000000e+03
5.236000000000000000e+03
5.302000000000000000e+03
5.388000000000000000e+03
5.452000000000000000e+03
5.521000000000000000e+03
5.593000000000000000e+03
5.658000000000000000e+03
5.723000000000000000e+03
5.765000000000000000e+03
5.824000000000000000e+03
5.903000000000000000e+03
5.968000000000000000e+03
6.021000000000000000e+03
6.071000000000000000e+03
6.150000000000000000e+03
6.207000000000000000e+03
6.277000000000000000e+03
6.346000000000000000e+03
6.418000000000000000e+03
6.500000000000000000e+03
6.594000000000000000e+03
6.680000000000000000e+03
6.759000000000000000e+03
6.858000000000000000e+03
6.944000000000000000e+03
7.064000000000000000e+03
7.169000000000000000e+03
7.261000000000000000e+03
7.343000000000000000e+03
7.417000000000000000e+03
7.505000000000000000e+03
7.616000000000000000e+03
7.750000000000000000e+03
7.832000000000000000e+03
7.940000000000000000e+03
8.025000000000000000e+03
8.130000000000000000e+03
8.230000000000000000e+03
8.336000000000000000e+03
8.456000000000000000e+03
8.544000000000000000e+03
8.650000000000000000e+03
8.723000000000000000e+03
8.841000000000000000e+03
8.965000000000000000e+03
9.100000000000000000e+03
9.222000000000000000e+03
9.336000000000000000e+03
9.448000000000000000e+03
9.553000000000000000e+03
9.677000000000000000e+03
9.837000000000000000e+03
9.977000000000000000e+03
1.010500000000000000e+04
1.021800000000000000e+04
1.030800000000000000e+04
1.038600000000000000e+04
1.047300000000000000e+04
1.060100000000000000e+04
1.074000000000000000e+04
1.085600000000000000e+04
1.097200000000000000e+04
1.105500000000000000e+04
1.115100000000000000e+04
1.125300000000000000e+04
1.137400000000000000e+04
1.147200000000000000e+04
1.158000000000000000e+04
1.167700000000000000e+04
1.176500000000000000e+04
1.184400000000000000e+04
1.193500000000000000e+04
1.202700000000000000e+04
1.215600000000000000e+04
1.226800000000000000e+04
1.234700000000000000e+04
1.243100000000000000e+04
1.251100000000000000e+04
1.261700000000000000e+04
1.273400000000000000e+04
1.285700000000000000e+04
1.295900000000000000e+04
1.307700000000000000e+04
1.320500000000000000e+04
1.329900000000000000e+04
1.341100000000000000e+04
1.351200000000000000e+04
1.361200000000000000e+04
1.370100000000000000e+04
1.378200000000000000e+04
1.386900000000000000e+04
1.394300000000000000e+04
1.404400000000000000e+04
1.414600000000000000e+04
1.425900000000000000e+04
1.434800000000000000e+04
1.444200000000000000e+04
1.454000000000000000e+04
1.461400000000000000e+04
1.468900000000000000e+04
1.476100000000000000e+04
1.483600000000000000e+04
1.493300000000000000e+04
1.503700000000000000e+04
1.514800000000000000e+04
1.521100000000000000e+04
1.529600000000000000e+04
1.539300000000000000e+04
1.550300000000000000e+04
1.560000000000000000e+04
1.567800000000000000e+04
1.577400000000000000e+04
1.588400000000000000e+04
1.600200000000000000e+04
1.611100000000000000e+04
1.622500000000000000e+04
1.635200000000000000e+04
1.652100000000000000e+04
1.664600000000000000e+04
1.681500000000000000e+04
1.694500000000000000e+04
1.708100000000000000e+04
1.719900000000000000e+04
1.735500000000000000e+04
1.747900000000000000e+04
1.758900000000000000e+04
1.774000000000000000e+04
1.786700000000000000e+04
1.800000000000000000e+04
1.817100000000000000e+04
1.833600000000000000e+04
1.851100000000000000e+04
1.865300000000000000e+04
1.881900000000000000e+04
1.895600000000000000e+04
1.911100000000000000e+04
1.924800000000000000e+04
1.939000000000000000e+04
1.951400000000000000e+04
1.965900000000000000e+04
1.988000000000000000e+04
2.008500000000000000e+04
2.025700000000000000e+04
2.040800000000000000e+04
2.058900000000000000e+04
2.084700000000000000e+04
2.099400000000000000e+04
2.123700000000000000e+04
2.145200000000000000e+04
2.170300000000000000e+04
2.194400000000000000e+04
2.213800000000000000e+04
2.232900000000000000e+04
2.255500000000000000e+04
2.273400000000000000e+04
2.291100000000000000e+04
2.310900000000000000e+04
2.329600000000000000e+04
2.352000000000000000e+04
2.375300000000000000e+04
2.394700000000000000e+04
2.412900000000000000e+04
2.434300000000000000e+04
2.464500000000000000e+04
2.495100000000000000e+04
2.524600000000000000e+04
2.548400000000000000e+04
2.576700000000000000e+04
2.598700000000000000e+04
2.628200000000000000e+04
2.659000000000000000e+04
2.685700000000000000e+04
2.720300000000000000e+04
2.745300000000000000e+04
2.766400000000000000e+04
2.783500000000000000e+04
2.813200000000000000e+04
2.846800000000000000e+04
2.885500000000000000e+04
2.933100000000000000e+04
2.951800000000000000e+04
2.972800000000000000e+04
2.999800000000000000e+04
3.027700000000000000e+04
3.058100000000000000e+04
3.077000000000000000e+04
3.100100000000000000e+04
3.120200000000000000e+04
3.139300000000000000e+04
3.155600000000000000e+04
3.176300000000000000e+04
3.197600000000000000e+04
3.216700000000000000e+04
3.238100000000000000e+04
3.265600000000000000e+04
3.293600000000000000e+04
3.318300000000000000e+04
3.336700000000000000e+04
3.359600000000000000e+04
3.378800000000000000e+04
3.396900000000000000e+04
3.415200000000000000e+04
3.431600000000000000e+04
3.448900000000000000e+04
3.469100000000000000e+04
3.501400000000000000e+04
3.525400000000000000e+04
3.551800000000000000e+04
3.578600000000000000e+04
3.598100000000000000e+04
3.616600000000000000e+04
3.632500000000000000e+04
3.651800000000000000e+04
3.672100000000000000e+04
3.689700000000000000e+04
3.702600000000000000e+04
3.715400000000000000e+04
3.726600000000000000e+04
3.754700000000000000e+04
3.775700000000000000e+04
3.793200000000000000e+04
3.804900000000000000e+04
3.822900000000000000e+04
3.832900000000000000e+04
3.842600000000000000e+04
3.857300000000000000e+04
3.875300000000000000e+04
3.891500000000000000e+04
3.914200000000000000e+04
3.933900000000000000e+04
3.944700000000000000e+04
3.955000000000000000e+04
3.971100000000000000e+04
3.986500000000000000e+04
3.998300000000000000e+04
4.008100000000000000e+04
4.016600000000000000e+04
4.036400000000000000e+04
4.044900000000000000e+04
4.058100000000000000e+04
4.075400000000000000e+04
4.085800000000000000e+04
4.105400000000000000e+04
4.115100000000000000e+04
4.124200000000000000e+04
4.166900000000000000e+04
4.181500000000000000e+04
4.197700000000000000e+04
4.206400000000000000e+04
4.222700000000000000e+04
4.234800000000000000e+04
4.244300000000000000e+04
4.253000000000000000e+04
4.265600000000000000e+04
4.278200000000000000e+04
4.290600000000000000e+04
4.307300000000000000e+04
4.319600000000000000e+04
4.332800000000000000e+04
4.342400000000000000e+04
4.356700000000000000e+04
4.377700000000000000e+04
4.400700000000000000e+04
4.417200000000000000e+04
4.434600000000000000e+04
4.450000000000000000e+04
4.459400000000000000e+04
4.477100000000000000e+04
4.493900000000000000e+04
4.511600000000000000e+04
4.533400000000000000e+04
4.552100000000000000e+04
4.565200000000000000e+04
4.579600000000000000e+04
4.594900000000000000e+04
4.613700000000000000e+04
4.634900000000000000e+04
4.649600000000000000e+04
4.666300000000000000e+04
4.684200000000000000e+04
4.701200000000000000e+04
4.721800000000000000e+04
4.746500000000000000e+04
4.761700000000000000e+04
4.771600000000000000e+04
4.782300000000000000e+04
4.796700000000000000e+04
4.809300000000000000e+04
4.830500000000000000e+04
4.847700000000000000e+04
4.866900000000000000e+04
4.888700000000000000e+04
4.907300000000000000e+04
4.920500000000000000e+04
4.932800000000000000e+04
4.945500000000000000e+04
4.962700000000000000e+04
4.977100000000000000e+04
4.990700000000000000e+04
5.010000000000000000e+04
5.026200000000000000e+04
5.040400000000000000e+04
5.057800000000000000e+04
5.072300000000000000e+04
5.090800000000000000e+04
5.109500000000000000e+04
5.129600000000000000e+04
5.144900000000000000e+04
5.161200000000000000e+04
5.180300000000000000e+04
5.199200000000000000e+04
5.216200000000000000e+04
5.237300000000000000e+04
5.256600000000000000e+04
5.273000000000000000e+04
5.287900000000000000e+04
5.311600000000000000e+04
5.328000000000000000e+04
5.347600000000000000e+04
5.375300000000000000e+04
5.404300000000000000e+04
5.429100000000000000e+04
5.466200000000000000e+04
5.495600000000000000e+04
5.529100000000000000e+04
5.559400000000000000e+04
5.594900000000000000e+04
5.637100000000000000e+04
5.672900000000000000e+04
5.713800000000000000e+04
5.756100000000000000e+04
5.802400000000000000e+04
5.849100000000000000e+04
5.899500000000000000e+04
5.953400000000000000e+04
6.002700000000000000e+04
6.058200000000000000e+04
6.114000000000000000e+04
6.186800000000000000e+04
6.290800000000000000e+04
6.376000000000000000e+04
6.463100000000000000e+04
6.545700000000000000e+04
6.646400000000000000e+04
6.735500000000000000e+04
6.821900000000000000e+04
6.921000000000000000e+04
7.019200000000000000e+04
7.139700000000000000e+04
7.248900000000000000e+04
7.358200000000000000e+04
7.492000000000000000e+04
7.620000000000000000e+04
7.758300000000000000e+04
7.903200000000000000e+04
8.059800000000000000e+04
8.201300000000000000e+04
8.327900000000000000e+04
8.476600000000000000e+04
8.683500000000000000e+04
8.865900000000000000e+04
9.055200000000000000e+04
9.231100000000000000e+04
9.411900000000000000e+04
9.572300000000000000e+04
9.729100000000000000e+04
9.888900000000000000e+04
1.006360000000000000e+05
1.023750000000000000e+05
1.040100000000000000e+05
1.055980000000000000e+05
1.070960000000000000e+05
1.085710000000000000e+05
1.106190000000000000e+05
1.121980000000000000e+05
1.136640000000000000e+05
1.150960000000000000e+05
1.163660000000000000e+05
1.175880000000000000e+05
1.188330000000000000e+05
1.200130000000000000e+05
1.211410000000000000e+05
1.226330000000000000e+05
1.239810000000000000e+05
1.253420000000000000e+05
1.263720000000000000e+05
1.272140000000000000e+05
1.282520000000000000e+05
1.292930000000000000e+05
1.301820000000000000e+05
1.307810000000000000e+05
1.313720000000000000e+05
1.319230000000000000e+05
1.324910000000000000e+05
1.330230000000000000e+05
1.336760000000000000e+05
1.336760000000000000e+05
1.349300000000000000e+05
1.354690000000000000e+05
1.358610000000000000e+05
1.364730000000000000e+05
1.371560000000000000e+05
1.377820000000000000e+05
1.381160000000000000e+05
1.384310000000000000e+05
1.387010000000000000e+05
1.388890000000000000e+05
1.391650000000000000e+05
1.394150000000000000e+05
1.396820000000000000e+05
1.399190000000000000e+05
1.401380000000000000e+05
1.403230000000000000e+05
1.404680000000000000e+05
1.406340000000000000e+05
1.408050000000000000e+05
1.409540000000000000e+05
1.411140000000000000e+05
1.412580000000000000e+05
1.413810000000000000e+05
1.414670000000000000e+05
1.415850000000000000e+05
1.417090000000000000e+05
1.418260000000000000e+05
1.419390000000000000e+05
1.420260000000000000e+05
1.421150000000000000e+05
1.421730000000000000e+05
1.422610000000000000e+05
1.423380000000000000e+05
1.424130000000000000e+05
1.424940000000000000e+05
1.425600000000000000e+05
1.426120000000000000e+05
1.426510000000000000e+05
1.427160000000000000e+05
1.427630000000000000e+05
1.428110000000000000e+05
1.428480000000000000e+05
1.428890000000000000e+05
1.429330000000000000e+05
1.429520000000000000e+05
1.429990000000000000e+05
1.430490000000000000e+05
1.430770000000000000e+05
1.431200000000000000e+05
1.431530000000000000e+05
1.431760000000000000e+05
1.432050000000000000e+05
1.432350000000000000e+05
1.432700000000000000e+05
1.432990000000000000e+05
1.433330000000000000e+05
1.433610000000000000e+05
1.433880000000000000e+05
1.434050000000000000e+05
1.434230000000000000e+05
1.434570000000000000e+05
1.434810000000000000e+05
1.435000000000000000e+05
1.435190000000000000e+05
1.435340000000000000e+05
1.435450000000000000e+05
1.435570000000000000e+05
1.435780000000000000e+05
1.435920000000000000e+05
1.436080000000000000e+05
1.436280000000000000e+05
1.436440000000000000e+05
1.436590000000000000e+05
1.436700000000000000e+05
1.436850000000000000e+05
1.436980000000000000e+05
1.437090000000000000e+05
1.437140000000000000e+05
1.437280000000000000e+05
1.437390000000000000e+05
1.437440000000000000e+05
1.437530000000000000e+05
1.437660000000000000e+05
1.437820000000000000e+05
1.437960000000000000e+05
1.438070000000000000e+05
1.438080000000000000e+05
1.438190000000000000e+05
1.438300000000000000e+05
1.438400000000000000e+05
1.438500000000000000e+05
1.438580000000000000e+05
1.438630000000000000e+05
1.438670000000000000e+05
1.438760000000000000e+05
1.438930000000000000e+05
1.439090000000000000e+05
