6.428417749676852487e+06
6.428233639427212998e+06
6.429341287724273279e+06
6.430003244990514591e+06
6.431623063944086432e+06
6.432976586822614074e+06
6.433923157552497461e+06
6.433763603716405109e+06
6.432781527914251201e+06
6.433175454927545972e+06
6.433217522211272269e+06
6.434317148024321534e+06
6.435252238411957398e+06
6.435880459345084615e+06
6.435497414090747945e+06
6.434378256026223302e+06
6.434710269680756144e+06
6.434752090155807324e+06
6.435897974736604840e+06
6.436909665001071990e+06
6.437628341214226559e+06
6.437333483800838701e+06
6.436285146933800541e+06
6.436657152815484442e+06
6.436696854396766983e+06
6.437789860505861230e+06
6.438692245101141743e+06
6.439242729664951563e+06
6.438721645023850724e+06
6.437393173691277392e+06
6.437438382080683485e+06
6.437114695807558484e+06
6.437820222057081759e+06
6.438325454946119338e+06
6.438484870850193314e+06
6.437595241080281325e+06
6.435937186539270915e+06
6.435707508883878589e+06
6.435177977370729670e+06
6.435759001217399724e+06
6.436230748257647268e+06
6.436454239835169166e+06
6.435729269598975778e+06
6.434335687674207613e+06
6.434465597511285916e+06
6.434382152796387672e+06
6.435483387528106570e+06
6.436533638181184418e+06
6.437375080881600268e+06
6.437286219212243333e+06
6.436523847365072928e+06
6.437256014940758236e+06
6.437721656152384356e+06
6.439295289037470706e+06
6.440719314083184116e+06
6.441816404601146467e+06
6.441848793805086985e+06
6.441060953586041927e+06
6.441613163515571505e+06
6.441741607986491174e+06
