9.898685486472862976e+03
-8.757112345058658320e+03
9.884738280605106411e+03
9.656240090784993299e+03
9.414620714133247020e+03
9.336420019875858998e+03
8.890599207566419864e+03
8.490247088432341116e+03
-1.063570264171994131e+04
7.610093993369976488e+03
7.071363967766439600e+03
6.614241393694661383e+03
6.421082734797975718e+03
5.963402674060771460e+03
5.653511314619812765e+03
-1.328373154014876491e+04
5.241790711847293096e+03
5.063665895627872487e+03
5.035311082230737156e+03
5.324203134912483620e+03
5.385298085050560985e+03
5.613204602926911321e+03
-1.278548974880999231e+04
6.261078085943838232e+03
6.568849400213048284e+03
6.974770214283191308e+03
7.631552402520469514e+03
7.981568926250261029e+03
8.409433330151190603e+03
-9.885350717251725655e+03
9.165137429797594450e+03
9.376167990767364245e+03
9.587312506708532965e+03
9.957124733303111498e+03
9.936852585820719469e+03
9.922736989634184283e+03
-8.871707802037777583e+03
9.637386437923772974e+03
9.282665362631851167e+03
8.921947776111357598e+03
8.732321201212867891e+03
8.183257733875995655e+03
7.688324960087842555e+03
-1.152309479252429628e+04
6.646759904030249345e+03
6.041998067826274564e+03
5.529093051832207493e+03
5.290687416379423667e+03
4.798515925823186990e+03
4.465027940453166593e+03
-1.448487430201475581e+04
4.038855093845575539e+03
3.869604427996111554e+03
3.860448393072375438e+03
4.178367233553726692e+03
4.277658340102316288e+03
4.552106410194565797e+03
-1.379268840608074970e+04
5.313993743165005071e+03
5.686808905757750836e+03
