7.593484456291193055e+03
7.593388159866462956e+03
7.594078798834421832e+03
7.595573379750753702e+03
7.597630803985172861e+03
7.599154467969012330e+03
7.601026123386182007e+03
7.603071907967745574e+03
7.604536929474909812e+03
7.607203399435288702e+03
7.611088513013752163e+03
7.615942554680822468e+03
7.620651520760354288e+03
7.626071195392471054e+03
7.631993585039618665e+03
7.637622084200746031e+03
7.644690354880810446e+03
7.653161098473338825e+03
7.662725178768548176e+03
7.672205363542779196e+03
7.682391595577001681e+03
7.693008671133327880e+03
7.703192670724542950e+03
7.714611096844859276e+03
7.727162870066685173e+03
7.740478616230932857e+03
7.753325488071925975e+03
7.766443410416678489e+03
7.779513608158747957e+03
7.791635746272891083e+03
7.804448624528633445e+03
7.817830570049669404e+03
7.831399956043664133e+03
7.843920089491059116e+03
7.856135360134117946e+03
7.867739516732817719e+03
7.877852409908340633e+03
7.888140157227954660e+03
7.898514889201346705e+03
7.908634522100192953e+03
7.917306819539783646e+03
7.925324655356723270e+03
7.932433364450406771e+03
7.937806541598427430e+03
7.943165264070956255e+03
7.948476915900726453e+03
7.953454077493969635e+03
7.956957758515749447e+03
7.959831900489631153e+03
7.961870047361313482e+03
7.962290553127994826e+03
7.962855308870978661e+03
7.963568170964736964e+03
7.964173555523723735e+03
7.963559475978160663e+03
7.962591946940178786e+03
7.961081647328636791e+03
7.958259204849322487e+03
7.955894075747532042e+03
7.953993192103012007e+03
