-2.592032752157479649e+02
-2.116633705381904917e+02
-1.909212210136823273e+02
-1.833572150730091153e+02
-2.177536740883866457e+02
-2.732479096040638069e+02
-2.767050416413655967e+02
-1.695449587963710201e+02
-1.180702017921671398e+02
-9.485882189087759286e+01
-8.627676555504773148e+01
-1.210592716274495046e+02
-1.782673249331354270e+02
-1.846645454156836763e+02
-8.154874067105106406e+01
-3.508474110146070757e+01
-1.770240218570020829e+01
-1.561415898639737065e+01
-5.740145846151278874e+01
-1.219759629713122706e+02
-1.359607679548808221e+02
-4.052574349957913569e+01
-1.723521886948532256e+00
8.110058271104804817e+00
2.836715273048582731e+00
-4.607160702186430967e+01
-1.174940603754478730e+02
-1.380414726132450483e+02
-4.889034655339074220e+01
-1.611686986933599997e+01
-1.209483490671564709e+01
-2.301190771772485277e+01
-7.745366268691520872e+01
-1.543613997200773156e+02
-1.804091384845709172e+02
-9.683407333394654870e+01
-6.976720124821312652e+01
-7.162813355864579989e+01
-8.863863103150586653e+01
-1.494043647279830225e+02
-2.328709890320093905e+02
-2.656999723759250287e+02
-1.890985007890827774e+02
-1.691501780206008334e+02
-1.782105244638146075e+02
-2.024217866472007188e+02
-2.702965139606270668e+02
-3.606759271032166225e+02
-4.001084480232032661e+02
-3.296826194719964747e+02
-3.153610426528817925e+02
-3.293792347159251790e+02
-3.577638154246199065e+02
-4.289193784193520287e+02
-5.215899745981549813e+02
-5.622404875443604624e+02
-4.918920490096232925e+02
-4.764580547083365332e+02
-4.881446276711736800e+02
-5.129698989884502680e+02
