-3.503219007796200458e+04
-3.632542090449346870e+04
-3.759740560212402488e+04
-3.879539017728815088e+04
-3.991885855298770184e+04
-4.090884200259020145e+04
-4.178699139130073308e+04
-4.544901991564346827e+04
-4.626355396096059849e+04
-4.702684354207722936e+04
-4.770264297159672424e+04
-4.830657205444455030e+04
-4.879493782048148569e+04
-4.920335599772747082e+04
-5.243979341636541358e+04
-5.288308073146666720e+04
-5.333735661470916966e+04
-5.377176137836936687e+04
-5.420469507551597781e+04
-5.459262213326158235e+04
-5.496876102580799488e+04
-5.823627678539808403e+04
-5.876701978008589504e+04
-5.935626359084236174e+04
-5.996274955679694540e+04
-6.059334090564619692e+04
-6.119225506510089326e+04
-6.178019830423702660e+04
-6.524800571152428893e+04
-6.595581518901590607e+04
-6.668821405880761449e+04
-6.739465258000120230e+04
-6.807441540962607542e+04
-6.866610948063370597e+04
-6.918698440192561247e+04
-7.252668267195530643e+04
-7.304644517375895521e+04
-7.353420993428242218e+04
-7.394490044296167616e+04
-7.428519909706452745e+04
-7.450277116587774071e+04
-7.462526445243386843e+04
-7.755369287533544411e+04
-7.766124186879665649e+04
-7.774794710801448673e+04
-7.778055703243723838e+04
-7.777688910357763234e+04
-7.769465928200865164e+04
-7.757012325862022408e+04
-8.031114984618278686e+04
-8.029577504007585230e+04
-8.032669694452741533e+04
-8.037102851432906755e+04
-8.044462209809925116e+04
-8.050094674663475598e+04
-8.056985567284307035e+04
-8.355086051883050823e+04
-8.381195469685083663e+04
-8.414443745748512447e+04
-8.450304505742641049e+04
