1.028506633589733383e+03
1.139010895971164018e+03
1.246608477998333456e+03
1.382873315519981134e+03
1.473285853324194250e+03
-2.519603941794983371e+02
1.583757957852842537e+03
1.622335847937673634e+03
1.672002463060407990e+03
1.705680855894309616e+03
1.756802527346313582e+03
1.753020047076450737e+03
-7.304898804022712966e+01
1.657825081843493081e+03
1.590250821979710508e+03
1.535200709239170010e+03
1.468292514908136582e+03
1.425527413882561632e+03
1.336930135736283319e+03
-5.627734298318532637e+02
1.107432485804008820e+03
9.935717624680643212e+02
9.076238672787385440e+02
8.257798238587724882e+02
7.841676951071275425e+02
7.124931820721967597e+02
-1.155269351859464223e+03
5.607377398325515969e+02
5.050111485052924536e+02
4.876820476552136938e+02
4.828289569328992457e+02
5.242672999325354795e+02
5.392593029397402233e+02
-1.240722552732273698e+03
5.616924714552887963e+02
5.886012806764579182e+02
6.478911642182977175e+02
7.116160555744497742e+02
8.118422623016693933e+02
8.744057041455941999e+02
-8.702874591636571040e+02
9.544531710632813883e+02
9.904442890983464167e+02
1.045695091787596084e+03
1.092773431078881458e+03
1.164629764730115767e+03
1.188321718345589943e+03
-6.042277615505230415e+02
1.165432703913641262e+03
1.141067312266906129e+03
1.132756656061587364e+03
1.115198242935622602e+03
1.123463845885385354e+03
1.086658543678645401e+03
-7.613835717613840188e+02
9.595062332955779993e+02
8.945649206202430150e+02
8.550586399915961238e+02
8.165500545371144199e+02
8.146328561612447174e+02
