0.000000000000000000e+00
0.000000000000000000e+00
0.000000000000000000e+00
0.000000000000000000e+00
0.000000000000000000e+00
0.000000000000000000e+00
0.000000000000000000e+00
0.000000000000000000e+00
0.000000000000000000e+00
0.000000000000000000e+00
0.000000000000000000e+00
0.000000000000000000e+00
0.000000000000000000e+00
0.000000000000000000e+00
0.000000000000000000e+00
0.000000000000000000e+00
0.000000000000000000e+00
0.000000000000000000e+00
0.000000000000000000e+00
0.000000000000000000e+00
0.000000000000000000e+00
0.000000000000000000e+00
0.000000000000000000e+00
0.000000000000000000e+00
0.000000000000000000e+00
0.000000000000000000e+00
0.000000000000000000e+00
0.000000000000000000e+00
0.000000000000000000e+00
0.000000000000000000e+00
0.000000000000000000e+00
0.000000000000000000e+00
0.000000000000000000e+00
0.000000000000000000e+00
0.000000000000000000e+00
0.000000000000000000e+00
0.000000000000000000e+00
0.000000000000000000e+00
0.000000000000000000e+00
0.000000000000000000e+00
0.000000000000000000e+00
0.000000000000000000e+00
1.000000000000000000e+00
1.000000000000000000e+00
1.000000000000000000e+00
3.000000000000000000e+00
3.000000000000000000e+00
3.000000000000000000e+00
3.000000000000000000e+00
6.000000000000000000e+00
6.000000000000000000e+00
7.000000000000000000e+00
9.000000000000000000e+00
9.000000000000000000e+00
9.000000000000000000e+00
1.600000000000000000e+01
1.900000000000000000e+01
2.500000000000000000e+01
2.500000000000000000e+01
5.200000000000000000e+01
6.400000000000000000e+01
6.400000000000000000e+01
7.900000000000000000e+01
8.600000000000000000e+01
9.400000000000000000e+01
1.150000000000000000e+02
1.390000000000000000e+02
2.060000000000000000e+02
2.090000000000000000e+02
2.200000000000000000e+02
2.520000000000000000e+02
2.670000000000000000e+02
2.830000000000000000e+02
3.290000000000000000e+02
3.740000000000000000e+02
4.060000000000000000e+02
4.600000000000000000e+02
5.280000000000000000e+02
6.470000000000000000e+02
7.290000000000000000e+02
7.580000000000000000e+02
8.520000000000000000e+02
9.140000000000000000e+02
1.051000000000000000e+03
1.217000000000000000e+03
1.357000000000000000e+03
1.508000000000000000e+03
1.730000000000000000e+03
1.892000000000000000e+03
2.017000000000000000e+03
2.153000000000000000e+03
2.406000000000000000e+03
2.478000000000000000e+03
2.817000000000000000e+03
2.890000000000000000e+03
3.054000000000000000e+03
3.141000000000000000e+03
3.404000000000000000e+03
3.569000000000000000e+03
4.017000000000000000e+03
4.328000000000000000e+03
4.547000000000000000e+03
4.869000000000000000e+03
5.269000000000000000e+03
5.454000000000000000e+03
5.788000000000000000e+03
6.144000000000000000e+03
6.423000000000000000e+03
6.912000000000000000e+03
7.051000000000000000e+03
7.245000000000000000e+03
7.685000000000000000e+03
7.961000000000000000e+03
9.053000000000000000e+03
9.370000000000000000e+03
9.574000000000000000e+03
9.890000000000000000e+03
9.930000000000000000e+03
1.016600000000000000e+04
1.035600000000000000e+04
1.058100000000000000e+04
1.077700000000000000e+04
1.118700000000000000e+04
1.139900000000000000e+04
1.163000000000000000e+04
1.187400000000000000e+04
1.216200000000000000e+04
1.262900000000000000e+04
1.282900000000000000e+04
1.304600000000000000e+04
1.325600000000000000e+04
1.342600000000000000e+04
1.352600000000000000e+04
1.380000000000000000e+04
1.391900000000000000e+04
1.414500000000000000e+04
1.441900000000000000e+04
1.463800000000000000e+04
1.482600000000000000e+04
1.491000000000000000e+04
1.510300000000000000e+04
1.528300000000000000e+04
1.544500000000000000e+04
1.563500000000000000e+04
1.571900000000000000e+04
1.581700000000000000e+04
1.607100000000000000e+04
1.611700000000000000e+04
1.630800000000000000e+04
1.655500000000000000e+04
1.673500000000000000e+04
1.691100000000000000e+04
1.703100000000000000e+04
1.718700000000000000e+04
1.739100000000000000e+04
1.790600000000000000e+04
1.818100000000000000e+04
1.853000000000000000e+04
1.881400000000000000e+04
1.891200000000000000e+04
1.905000000000000000e+04
1.931400000000000000e+04
1.936300000000000000e+04
1.954500000000000000e+04
1.985400000000000000e+04
2.002600000000000000e+04
2.021300000000000000e+04
2.053400000000000000e+04
2.079900000000000000e+04
2.096900000000000000e+04
2.112900000000000000e+04
2.141400000000000000e+04
2.154500000000000000e+04
2.169200000000000000e+04
2.180300000000000000e+04
2.204900000000000000e+04
2.218900000000000000e+04
2.231200000000000000e+04
2.248800000000000000e+04
2.261700000000000000e+04
2.274700000000000000e+04
2.445400000000000000e+04
2.466300000000000000e+04
2.486200000000000000e+04
2.534900000000000000e+04
2.537300000000000000e+04
2.564300000000000000e+04
2.579400000000000000e+04
2.612800000000000000e+04
2.644600000000000000e+04
2.660900000000000000e+04
2.700700000000000000e+04
2.734600000000000000e+04
2.759200000000000000e+04
2.775000000000000000e+04
2.800600000000000000e+04
2.858400000000000000e+04
2.899200000000000000e+04
2.928900000000000000e+04
2.987200000000000000e+04
3.011900000000000000e+04
3.031100000000000000e+04
3.058500000000000000e+04
3.104800000000000000e+04
3.154700000000000000e+04
3.192000000000000000e+04
3.233400000000000000e+04
3.258700000000000000e+04
3.275900000000000000e+04
3.313500000000000000e+04
3.356600000000000000e+04
3.419600000000000000e+04
3.452300000000000000e+04
3.507900000000000000e+04
3.528700000000000000e+04
3.551700000000000000e+04
3.581600000000000000e+04
3.628600000000000000e+04
3.667700000000000000e+04
3.705600000000000000e+04
3.738800000000000000e+04
3.766500000000000000e+04
3.786900000000000000e+04
3.845400000000000000e+04
3.870100000000000000e+04
3.927500000000000000e+04
3.962600000000000000e+04
4.002800000000000000e+04
4.030700000000000000e+04
4.045400000000000000e+04
4.083800000000000000e+04
4.100200000000000000e+04
4.101000000000000000e+04
4.101000000000000000e+04
4.281100000000000000e+04
4.302500000000000000e+04
4.324400000000000000e+04
4.324400000000000000e+04
4.324400000000000000e+04
4.324400000000000000e+04
8.823500000000000000e+04
8.911900000000000000e+04
8.977100000000000000e+04
9.064900000000000000e+04
9.216900000000000000e+04
9.355800000000000000e+04
9.487700000000000000e+04
9.615800000000000000e+04
9.755400000000000000e+04
9.860700000000000000e+04
9.934400000000000000e+04
1.006360000000000000e+05
1.024760000000000000e+05
1.039940000000000000e+05
1.055820000000000000e+05
1.070580000000000000e+05
1.081350000000000000e+05
1.085260000000000000e+05
1.098980000000000000e+05
1.115640000000000000e+05
1.131120000000000000e+05
1.147920000000000000e+05
1.166280000000000000e+05
1.179420000000000000e+05
1.189120000000000000e+05
1.205150000000000000e+05
1.227140000000000000e+05
1.250090000000000000e+05
1.270760000000000000e+05
1.295560000000000000e+05
1.308940000000000000e+05
1.320820000000000000e+05
1.343950000000000000e+05
1.378350000000000000e+05
1.410890000000000000e+05
1.444290000000000000e+05
1.479320000000000000e+05
1.497410000000000000e+05
1.518110000000000000e+05
1.556300000000000000e+05
1.598550000000000000e+05
1.638520000000000000e+05
1.678970000000000000e+05
1.725130000000000000e+05
1.759750000000000000e+05
1.773610000000000000e+05
1.811750000000000000e+05
1.862600000000000000e+05
1.910850000000000000e+05
1.959710000000000000e+05
2.011140000000000000e+05
2.046790000000000000e+05
2.067930000000000000e+05
2.114080000000000000e+05
2.180860000000000000e+05
2.249160000000000000e+05
2.318080000000000000e+05
2.390510000000000000e+05
2.438320000000000000e+05
2.466330000000000000e+05
2.532440000000000000e+05
2.613870000000000000e+05
2.695900000000000000e+05
2.786760000000000000e+05
2.873100000000000000e+05
2.951480000000000000e+05
2.968440000000000000e+05
3.041880000000000000e+05
3.138850000000000000e+05
3.235140000000000000e+05
3.266570000000000000e+05
3.357640000000000000e+05
3.488520000000000000e+05
3.531880000000000000e+05
3.609340000000000000e+05
3.712310000000000000e+05
3.810010000000000000e+05
3.902120000000000000e+05
3.992070000000000000e+05
4.056120000000000000e+05
4.091210000000000000e+05
4.167970000000000000e+05
4.258160000000000000e+05
4.346790000000000000e+05
4.431680000000000000e+05
4.514770000000000000e+05
4.573600000000000000e+05
4.607800000000000000e+05
4.650500000000000000e+05
4.694990000000000000e+05
4.771390000000000000e+05
4.849480000000000000e+05
4.933790000000000000e+05
4.987770000000000000e+05
5.018960000000000000e+05
5.089790000000000000e+05
5.164230000000000000e+05
5.238290000000000000e+05
5.303080000000000000e+05
5.363320000000000000e+05
5.404370000000000000e+05
5.433410000000000000e+05
5.492620000000000000e+05
5.540560000000000000e+05
5.607930000000000000e+05
5.663650000000000000e+05
5.713330000000000000e+05
5.748970000000000000e+05
5.771980000000000000e+05
5.818560000000000000e+05
5.867640000000000000e+05
5.915960000000000000e+05
5.950070000000000000e+05
5.965150000000000000e+05
5.986100000000000000e+05
6.007100000000000000e+05
6.050450000000000000e+05
6.101220000000000000e+05
6.145450000000000000e+05
6.186730000000000000e+05
6.200580000000000000e+05
6.224140000000000000e+05
6.254490000000000000e+05
6.302360000000000000e+05
6.358710000000000000e+05
6.412880000000000000e+05
6.459230000000000000e+05
6.501890000000000000e+05
6.531250000000000000e+05
6.548750000000000000e+05
6.585950000000000000e+05
6.624000000000000000e+05
6.660010000000000000e+05
6.691750000000000000e+05
6.725320000000000000e+05
6.745940000000000000e+05
6.757670000000000000e+05
6.784730000000000000e+05
6.812710000000000000e+05
6.840950000000000000e+05
6.866920000000000000e+05
6.894740000000000000e+05
6.913770000000000000e+05
6.926810000000000000e+05
6.953980000000000000e+05
6.985340000000000000e+05
7.012830000000000000e+05
7.039660000000000000e+05
7.063940000000000000e+05
7.081510000000000000e+05
7.095200000000000000e+05
7.119770000000000000e+05
7.147090000000000000e+05
7.171790000000000000e+05
7.196930000000000000e+05
7.224840000000000000e+05
7.243330000000000000e+05
7.255260000000000000e+05
7.282520000000000000e+05
7.310490000000000000e+05
7.336160000000000000e+05
7.360200000000000000e+05
7.385690000000000000e+05
7.403520000000000000e+05
7.414710000000000000e+05
7.440400000000000000e+05
7.467790000000000000e+05
7.496730000000000000e+05
7.522340000000000000e+05
7.543350000000000000e+05
7.543350000000000000e+05
7.616310000000000000e+05
7.672190000000000000e+05
7.708540000000000000e+05
7.742770000000000000e+05
7.777150000000000000e+05
7.811540000000000000e+05
7.836420000000000000e+05
7.873920000000000000e+05
7.873920000000000000e+05
7.908130000000000000e+05
7.949500000000000000e+05
7.989850000000000000e+05
8.032260000000000000e+05
8.062000000000000000e+05
8.087540000000000000e+05
8.141820000000000000e+05
8.197990000000000000e+05
8.252080000000000000e+05
8.302700000000000000e+05
8.341620000000000000e+05
8.370600000000000000e+05
8.401270000000000000e+05
8.453570000000000000e+05
8.506720000000000000e+05
8.564050000000000000e+05
8.621370000000000000e+05
8.676630000000000000e+05
8.719500000000000000e+05
8.754870000000000000e+05
8.804290000000000000e+05
8.857100000000000000e+05
8.905280000000000000e+05
8.965730000000000000e+05
9.022390000000000000e+05
9.066590000000000000e+05
9.102980000000000000e+05
9.154640000000000000e+05
9.206530000000000000e+05
9.253950000000000000e+05
9.309420000000000000e+05
9.365150000000000000e+05
9.407920000000000000e+05
9.447740000000000000e+05
9.502420000000000000e+05
9.548680000000000000e+05
9.591260000000000000e+05
9.638400000000000000e+05
9.687460000000000000e+05
9.724760000000000000e+05
9.757030000000000000e+05
9.794450000000000000e+05
9.830400000000000000e+05
9.858270000000000000e+05
9.893930000000000000e+05
9.926050000000000000e+05
9.955060000000000000e+05
9.977490000000000000e+05
1.000451000000000000e+06
1.002985000000000000e+06
1.005623000000000000e+06
1.009237000000000000e+06
1.011694000000000000e+06
1.013666000000000000e+06
1.015092000000000000e+06
1.017047000000000000e+06
1.018642000000000000e+06
1.020194000000000000e+06
1.022029000000000000e+06
1.023822000000000000e+06
1.025145000000000000e+06
1.026299000000000000e+06
1.027412000000000000e+06
1.028554000000000000e+06
1.029375000000000000e+06
1.030137000000000000e+06
1.031605000000000000e+06
1.032888000000000000e+06
1.033984000000000000e+06
1.035115000000000000e+06
1.035902000000000000e+06
1.036646000000000000e+06
1.037729000000000000e+06
1.038539000000000000e+06
1.039173000000000000e+06
1.039821000000000000e+06
1.040527000000000000e+06
1.040869000000000000e+06
1.041256000000000000e+06
1.041924000000000000e+06
1.042551000000000000e+06
1.042898000000000000e+06
1.043171000000000000e+06
1.043371000000000000e+06
1.043482000000000000e+06
1.043604000000000000e+06
1.043803000000000000e+06
1.044000000000000000e+06
1.044237000000000000e+06
1.044404000000000000e+06
1.044563000000000000e+06
1.044687000000000000e+06
1.044773000000000000e+06
1.044919000000000000e+06
1.044944000000000000e+06
1.045122000000000000e+06
1.045207000000000000e+06
1.045303000000000000e+06
1.045303000000000000e+06
1.045303000000000000e+06
1.045351000000000000e+06
1.045351000000000000e+06
1.045351000000000000e+06
1.045351000000000000e+06
1.045351000000000000e+06
1.045351000000000000e+06
1.045351000000000000e+06
1.045351000000000000e+06
1.045351000000000000e+06
1.045351000000000000e+06
1.045351000000000000e+06
1.045351000000000000e+06
1.045351000000000000e+06
1.045351000000000000e+06
1.045351000000000000e+06
1.045351000000000000e+06
1.045351000000000000e+06
1.045390000000000000e+06
1.046447000000000000e+06
1.046537000000000000e+06
1.046610000000000000e+06
1.046691000000000000e+06
1.046719000000000000e+06
1.046739000000000000e+06
1.046776000000000000e+06
1.046881000000000000e+06
1.046952000000000000e+06
1.047000000000000000e+06
1.047117000000000000e+06
1.047199000000000000e+06
1.047246000000000000e+06
1.047291000000000000e+06
1.047388000000000000e+06
1.047444000000000000e+06
1.047528000000000000e+06
1.047682000000000000e+06
1.047723000000000000e+06
1.047767000000000000e+06
1.047778000000000000e+06
1.047915000000000000e+06
1.048072000000000000e+06
0.000000000000000000e+00
0.000000000000000000e+00
0.000000000000000000e+00
0.000000000000000000e+00
0.000000000000000000e+00
0.000000000000000000e+00
0.000000000000000000e+00
0.000000000000000000e+00
0.000000000000000000e+00
0.000000000000000000e+00
0.000000000000000000e+00
0.000000000000000000e+00
0.000000000000000000e+00
0.000000000000000000e+00
0.000000000000000000e+00
0.000000000000000000e+00
0.000000000000000000e+00
0.000000000000000000e+00
0.000000000000000000e+00
0.000000000000000000e+00
0.000000000000000000e+00
0.000000000000000000e+00
0.000000000000000000e+00
0.000000000000000000e+00
0.000000000000000000e+00
0.000000000000000000e+00
0.000000000000000000e+00
0.000000000000000000e+00
0.000000000000000000e+00
0.000000000000000000e+00
0.000000000000000000e+00
0.000000000000000000e+00
0.000000000000000000e+00
0.000000000000000000e+00
0.000000000000000000e+00
0.000000000000000000e+00
0.000000000000000000e+00
0.000000000000000000e+00
0.000000000000000000e+00
0.000000000000000000e+00
0.000000000000000000e+00
0.000000000000000000e+00
0.000000000000000000e+00
0.000000000000000000e+00
0.000000000000000000e+00
0.000000000000000000e+00
0.000000000000000000e+00
0.000000000000000000e+00
0.000000000000000000e+00
0.000000000000000000e+00
0.000000000000000000e+00
0.000000000000000000e+00
0.000000000000000000e+00
0.000000000000000000e+00
0.000000000000000000e+00
0.000000000000000000e+00
0.000000000000000000e+00
0.000000000000000000e+00
0.000000000000000000e+00
0.000000000000000000e+00
0.000000000000000000e+00
0.000000000000000000e+00
0.000000000000000000e+00
0.000000000000000000e+00
0.000000000000000000e+00
0.000000000000000000e+00
0.000000000000000000e+00
0.000000000000000000e+00
0.000000000000000000e+00
0.000000000000000000e+00
0.000000000000000000e+00
0.000000000000000000e+00
0.000000000000000000e+00
0.000000000000000000e+00
0.000000000000000000e+00
0.000000000000000000e+00
0.000000000000000000e+00
0.000000000000000000e+00
0.000000000000000000e+00
0.000000000000000000e+00
0.000000000000000000e+00
0.000000000000000000e+00
0.000000000000000000e+00
0.000000000000000000e+00
0.000000000000000000e+00
0.000000000000000000e+00
0.000000000000000000e+00
0.000000000000000000e+00
0.000000000000000000e+00
0.000000000000000000e+00
0.000000000000000000e+00
0.000000000000000000e+00
0.000000000000000000e+00
0.000000000000000000e+00
0.000000000000000000e+00
0.000000000000000000e+00
0.000000000000000000e+00
0.000000000000000000e+00
0.000000000000000000e+00
0.000000000000000000e+00
0.000000000000000000e+00
0.000000000000000000e+00
0.000000000000000000e+00
0.000000000000000000e+00
0.000000000000000000e+00
0.000000000000000000e+00
0.000000000000000000e+00
0.000000000000000000e+00
0.000000000000000000e+00
0.000000000000000000e+00
0.000000000000000000e+00
0.000000000000000000e+00
0.000000000000000000e+00
0.000000000000000000e+00
0.000000000000000000e+00
0.000000000000000000e+00
0.000000000000000000e+00
0.000000000000000000e+00
0.000000000000000000e+00
0.000000000000000000e+00
0.000000000000000000e+00
0.000000000000000000e+00
0.000000000000000000e+00
0.000000000000000000e+00
0.000000000000000000e+00
0.000000000000000000e+00
0.000000000000000000e+00
0.000000000000000000e+00
0.000000000000000000e+00
0.000000000000000000e+00
0.000000000000000000e+00
0.000000000000000000e+00
0.000000000000000000e+00
0.000000000000000000e+00
0.000000000000000000e+00
0.000000000000000000e+00
0.000000000000000000e+00
0.000000000000000000e+00
0.000000000000000000e+00
0.000000000000000000e+00
0.000000000000000000e+00
0.000000000000000000e+00
0.000000000000000000e+00
0.000000000000000000e+00
0.000000000000000000e+00
0.000000000000000000e+00
0.000000000000000000e+00
0.000000000000000000e+00
0.000000000000000000e+00
0.000000000000000000e+00
0.000000000000000000e+00
0.000000000000000000e+00
0.000000000000000000e+00
0.000000000000000000e+00
0.000000000000000000e+00
0.000000000000000000e+00
0.000000000000000000e+00
0.000000000000000000e+00
0.000000000000000000e+00
0.000000000000000000e+00
0.000000000000000000e+00
0.000000000000000000e+00
0.000000000000000000e+00
0.000000000000000000e+00
0.000000000000000000e+00
0.000000000000000000e+00
0.000000000000000000e+00
0.000000000000000000e+00
0.000000000000000000e+00
0.000000000000000000e+00
0.000000000000000000e+00
0.000000000000000000e+00
0.000000000000000000e+00
0.000000000000000000e+00
0.000000000000000000e+00
0.000000000000000000e+00
0.000000000000000000e+00
0.000000000000000000e+00
0.000000000000000000e+00
0.000000000000000000e+00
0.000000000000000000e+00
0.000000000000000000e+00
0.000000000000000000e+00
0.000000000000000000e+00
0.000000000000000000e+00
0.000000000000000000e+00
0.000000000000000000e+00
0.000000000000000000e+00
0.000000000000000000e+00
0.000000000000000000e+00
0.000000000000000000e+00
0.000000000000000000e+00
0.000000000000000000e+00
0.000000000000000000e+00
0.000000000000000000e+00
0.000000000000000000e+00
0.000000000000000000e+00
0.000000000000000000e+00
0.000000000000000000e+00
0.000000000000000000e+00
0.000000000000000000e+00
0.000000000000000000e+00
0.000000000000000000e+00
0.000000000000000000e+00
0.000000000000000000e+00
0.000000000000000000e+00
0.000000000000000000e+00
0.000000000000000000e+00
0.000000000000000000e+00
0.000000000000000000e+00
0.000000000000000000e+00
0.000000000000000000e+00
0.000000000000000000e+00
0.000000000000000000e+00
0.000000000000000000e+00
0.000000000000000000e+00
0.000000000000000000e+00
0.000000000000000000e+00
0.000000000000000000e+00
0.000000000000000000e+00
0.000000000000000000e+00
0.000000000000000000e+00
0.000000000000000000e+00
0.000000000000000000e+00
0.000000000000000000e+00
0.000000000000000000e+00
0.000000000000000000e+00
0.000000000000000000e+00
0.000000000000000000e+00
0.000000000000000000e+00
0.000000000000000000e+00
0.000000000000000000e+00
0.000000000000000000e+00
0.000000000000000000e+00
0.000000000000000000e+00
0.000000000000000000e+00
0.000000000000000000e+00
0.000000000000000000e+00
0.000000000000000000e+00
0.000000000000000000e+00
0.000000000000000000e+00
0.000000000000000000e+00
0.000000000000000000e+00
0.000000000000000000e+00
0.000000000000000000e+00
0.000000000000000000e+00
0.000000000000000000e+00
0.000000000000000000e+00
0.000000000000000000e+00
0.000000000000000000e+00
0.000000000000000000e+00
0.000000000000000000e+00
0.000000000000000000e+00
0.000000000000000000e+00
0.000000000000000000e+00
0.000000000000000000e+00
0.000000000000000000e+00
0.000000000000000000e+00
0.000000000000000000e+00
0.000000000000000000e+00
0.000000000000000000e+00
0.000000000000000000e+00
0.000000000000000000e+00
0.000000000000000000e+00
0.000000000000000000e+00
0.000000000000000000e+00
0.000000000000000000e+00
0.000000000000000000e+00
0.000000000000000000e+00
0.000000000000000000e+00
0.000000000000000000e+00
0.000000000000000000e+00
0.000000000000000000e+00
0.000000000000000000e+00
0.000000000000000000e+00
0.000000000000000000e+00
0.000000000000000000e+00
0.000000000000000000e+00
0.000000000000000000e+00
0.000000000000000000e+00
0.000000000000000000e+00
0.000000000000000000e+00
0.000000000000000000e+00
0.000000000000000000e+00
0.000000000000000000e+00
0.000000000000000000e+00
0.000000000000000000e+00
0.000000000000000000e+00
0.000000000000000000e+00
0.000000000000000000e+00
0.000000000000000000e+00
0.000000000000000000e+00
0.000000000000000000e+00
0.000000000000000000e+00
0.000000000000000000e+00
0.000000000000000000e+00
0.000000000000000000e+00
0.000000000000000000e+00
0.000000000000000000e+00
0.000000000000000000e+00
0.000000000000000000e+00
0.000000000000000000e+00
0.000000000000000000e+00
0.000000000000000000e+00
0.000000000000000000e+00
0.000000000000000000e+00
0.000000000000000000e+00
0.000000000000000000e+00
0.000000000000000000e+00
0.000000000000000000e+00
0.000000000000000000e+00
0.000000000000000000e+00
0.000000000000000000e+00
0.000000000000000000e+00
0.000000000000000000e+00
0.000000000000000000e+00
0.000000000000000000e+00
0.000000000000000000e+00
0.000000000000000000e+00
0.000000000000000000e+00
0.000000000000000000e+00
0.000000000000000000e+00
0.000000000000000000e+00
0.000000000000000000e+00
0.000000000000000000e+00
0.000000000000000000e+00
0.000000000000000000e+00
0.000000000000000000e+00
0.000000000000000000e+00
0.000000000000000000e+00
0.000000000000000000e+00
0.000000000000000000e+00
0.000000000000000000e+00
0.000000000000000000e+00
0.000000000000000000e+00
0.000000000000000000e+00
0.000000000000000000e+00
0.000000000000000000e+00
0.000000000000000000e+00
0.000000000000000000e+00
0.000000000000000000e+00
0.000000000000000000e+00
0.000000000000000000e+00
0.000000000000000000e+00
0.000000000000000000e+00
0.000000000000000000e+00
0.000000000000000000e+00
0.000000000000000000e+00
0.000000000000000000e+00
0.000000000000000000e+00
0.000000000000000000e+00
0.000000000000000000e+00
0.000000000000000000e+00
0.000000000000000000e+00
0.000000000000000000e+00
0.000000000000000000e+00
0.000000000000000000e+00
0.000000000000000000e+00
0.000000000000000000e+00
0.000000000000000000e+00
0.000000000000000000e+00
0.000000000000000000e+00
0.000000000000000000e+00
0.000000000000000000e+00
0.000000000000000000e+00
0.000000000000000000e+00
0.000000000000000000e+00
0.000000000000000000e+00
0.000000000000000000e+00
0.000000000000000000e+00
0.000000000000000000e+00
0.000000000000000000e+00
0.000000000000000000e+00
0.000000000000000000e+00
0.000000000000000000e+00
0.000000000000000000e+00
0.000000000000000000e+00
0.000000000000000000e+00
0.000000000000000000e+00
0.000000000000000000e+00
0.000000000000000000e+00
0.000000000000000000e+00
0.000000000000000000e+00
0.000000000000000000e+00
0.000000000000000000e+00
0.000000000000000000e+00
0.000000000000000000e+00
0.000000000000000000e+00
0.000000000000000000e+00
0.000000000000000000e+00
0.000000000000000000e+00
0.000000000000000000e+00
0.000000000000000000e+00
0.000000000000000000e+00
0.000000000000000000e+00
0.000000000000000000e+00
0.000000000000000000e+00
0.000000000000000000e+00
0.000000000000000000e+00
0.000000000000000000e+00
0.000000000000000000e+00
0.000000000000000000e+00
0.000000000000000000e+00
0.000000000000000000e+00
0.000000000000000000e+00
0.000000000000000000e+00
0.000000000000000000e+00
0.000000000000000000e+00
0.000000000000000000e+00
0.000000000000000000e+00
0.000000000000000000e+00
0.000000000000000000e+00
0.000000000000000000e+00
0.000000000000000000e+00
0.000000000000000000e+00
0.000000000000000000e+00
0.000000000000000000e+00
0.000000000000000000e+00
0.000000000000000000e+00
0.000000000000000000e+00
0.000000000000000000e+00
0.000000000000000000e+00
0.000000000000000000e+00
0.000000000000000000e+00
0.000000000000000000e+00
0.000000000000000000e+00
0.000000000000000000e+00
0.000000000000000000e+00
0.000000000000000000e+00
0.000000000000000000e+00
0.000000000000000000e+00
0.000000000000000000e+00
0.000000000000000000e+00
0.000000000000000000e+00
0.000000000000000000e+00
0.000000000000000000e+00
0.000000000000000000e+00
0.000000000000000000e+00
0.000000000000000000e+00
0.000000000000000000e+00
0.000000000000000000e+00
0.000000000000000000e+00
0.000000000000000000e+00
0.000000000000000000e+00
0.000000000000000000e+00
0.000000000000000000e+00
0.000000000000000000e+00
0.000000000000000000e+00
0.000000000000000000e+00
0.000000000000000000e+00
0.000000000000000000e+00
0.000000000000000000e+00
0.000000000000000000e+00
0.000000000000000000e+00
0.000000000000000000e+00
0.000000000000000000e+00
0.000000000000000000e+00
0.000000000000000000e+00
0.000000000000000000e+00
0.000000000000000000e+00
0.000000000000000000e+00
0.000000000000000000e+00
0.000000000000000000e+00
0.000000000000000000e+00
0.000000000000000000e+00
0.000000000000000000e+00
0.000000000000000000e+00
0.000000000000000000e+00
0.000000000000000000e+00
0.000000000000000000e+00
0.000000000000000000e+00
0.000000000000000000e+00
0.000000000000000000e+00
0.000000000000000000e+00
0.000000000000000000e+00
0.000000000000000000e+00
0.000000000000000000e+00
0.000000000000000000e+00
0.000000000000000000e+00
0.000000000000000000e+00
0.000000000000000000e+00
0.000000000000000000e+00
0.000000000000000000e+00
0.000000000000000000e+00
0.000000000000000000e+00
0.000000000000000000e+00
0.000000000000000000e+00
0.000000000000000000e+00
0.000000000000000000e+00
0.000000000000000000e+00
0.000000000000000000e+00
0.000000000000000000e+00
0.000000000000000000e+00
0.000000000000000000e+00
0.000000000000000000e+00
0.000000000000000000e+00
0.000000000000000000e+00
0.000000000000000000e+00
0.000000000000000000e+00
0.000000000000000000e+00
0.000000000000000000e+00
0.000000000000000000e+00
0.000000000000000000e+00
0.000000000000000000e+00
0.000000000000000000e+00
0.000000000000000000e+00
0.000000000000000000e+00
0.000000000000000000e+00
0.000000000000000000e+00
0.000000000000000000e+00
0.000000000000000000e+00
0.000000000000000000e+00
0.000000000000000000e+00
0.000000000000000000e+00
0.000000000000000000e+00
0.000000000000000000e+00
0.000000000000000000e+00
0.000000000000000000e+00
0.000000000000000000e+00
0.000000000000000000e+00
0.000000000000000000e+00
0.000000000000000000e+00
0.000000000000000000e+00
0.000000000000000000e+00
0.000000000000000000e+00
0.000000000000000000e+00
0.000000000000000000e+00
0.000000000000000000e+00
0.000000000000000000e+00
0.000000000000000000e+00
0.000000000000000000e+00
0.000000000000000000e+00
0.000000000000000000e+00
0.000000000000000000e+00
0.000000000000000000e+00
0.000000000000000000e+00
0.000000000000000000e+00
0.000000000000000000e+00
0.000000000000000000e+00
0.000000000000000000e+00
0.000000000000000000e+00
0.000000000000000000e+00
0.000000000000000000e+00
0.000000000000000000e+00
0.000000000000000000e+00
