6.564651385144334927e+04
6.558363899892749032e+04
6.551617795285433385e+04
6.548876155050551461e+04
6.544245038032941375e+04
6.539238688874126092e+04
6.534281059383654065e+04
6.528422657195998181e+04
6.521019019756335911e+04
6.513488387804700324e+04
6.510289761093206471e+04
6.505517730059851601e+04
6.500668104327964829e+04
6.496140042055063532e+04
6.490953679727853887e+04
6.484429538336783298e+04
6.477947253486782574e+04
6.475924781812715082e+04
6.472414444168290356e+04
6.468869791274101590e+04
6.465648959759061108e+04
6.461733482257081050e+04
6.456408792773820460e+04
6.451023942415786587e+04
6.449971648617149185e+04
6.447285013221668487e+04
6.444404874891913641e+04
6.441683449100495636e+04
6.438103210697206669e+04
6.432957257914528600e+04
6.427608676984256454e+04
6.426470040942036576e+04
6.423599394518169720e+04
6.420466712780809758e+04
6.417456514015839639e+04
6.413585613328990439e+04
6.408182290678453137e+04
6.402644429694712744e+04
6.401417799291625852e+04
6.398590868493150629e+04
6.395660179609558691e+04
6.393031995519182237e+04
6.389739239530605846e+04
6.385120029243255703e+04
6.380575383309664903e+04
6.380547289747877221e+04
6.379113536398228462e+04
6.377753331966348924e+04
6.376849429665717616e+04
6.375405761158983660e+04
6.372726864631970966e+04
6.370176661941110069e+04
6.372157743761394522e+04
6.372707528650543100e+04
6.373265285786160530e+04
6.374175691784494848e+04
6.374407885955934034e+04
6.373236263998455979e+04
6.372000522025272949e+04
6.375086068873188196e+04
