0.000000000000000000e+00
1.000000000000000000e+00
2.000000000000000000e+00
0.000000000000000000e+00
1.000000000000000000e+00
1.000000000000000000e+00
2.000000000000000000e+00
0.000000000000000000e+00
3.000000000000000000e+00
3.000000000000000000e+00
3.000000000000000000e+00
2.000000000000000000e+00
0.000000000000000000e+00
6.000000000000000000e+00
4.000000000000000000e+00
0.000000000000000000e+00
2.000000000000000000e+00
3.000000000000000000e+00
7.000000000000000000e+00
5.000000000000000000e+00
2.000000000000000000e+00
3.000000000000000000e+00
8.000000000000000000e+00
9.000000000000000000e+00
5.000000000000000000e+00
3.000000000000000000e+00
2.000000000000000000e+00
4.000000000000000000e+00
3.000000000000000000e+00
0.000000000000000000e+00
1.000000000000000000e+00
0.000000000000000000e+00
4.000000000000000000e+00
0.000000000000000000e+00
2.000000000000000000e+00
2.000000000000000000e+00
0.000000000000000000e+00
0.000000000000000000e+00
9.000000000000000000e+00
4.000000000000000000e+00
2.000000000000000000e+00
2.000000000000000000e+00
0.000000000000000000e+00
7.000000000000000000e+00
1.300000000000000000e+01
8.000000000000000000e+00
1.200000000000000000e+01
0.000000000000000000e+00
1.000000000000000000e+01
1.800000000000000000e+01
0.000000000000000000e+00
2.200000000000000000e+01
1.200000000000000000e+01
1.400000000000000000e+01
1.700000000000000000e+01
2.300000000000000000e+01
4.700000000000000000e+01
3.200000000000000000e+01
4.000000000000000000e+01
4.700000000000000000e+01
2.300000000000000000e+01
5.400000000000000000e+01
4.900000000000000000e+01
7.300000000000000000e+01
5.200000000000000000e+01
4.900000000000000000e+01
7.000000000000000000e+01
4.200000000000000000e+01
3.500000000000000000e+01
4.700000000000000000e+01
7.400000000000000000e+01
4.900000000000000000e+01
6.500000000000000000e+01
7.500000000000000000e+01
1.200000000000000000e+02
6.600000000000000000e+01
1.060000000000000000e+02
1.420000000000000000e+02
2.870000000000000000e+02
1.980000000000000000e+02
1.910000000000000000e+02
2.330000000000000000e+02
3.860000000000000000e+02
3.340000000000000000e+02
4.470000000000000000e+02
7.280000000000000000e+02
6.230000000000000000e+02
9.420000000000000000e+02
5.960000000000000000e+02
1.426000000000000000e+03
1.111000000000000000e+03
1.016000000000000000e+03
1.037000000000000000e+03
8.970000000000000000e+02
6.180000000000000000e+02
9.310000000000000000e+02
7.990000000000000000e+02
5.280000000000000000e+02
6.900000000000000000e+02
5.280000000000000000e+02
9.320000000000000000e+02
4.470000000000000000e+02
6.570000000000000000e+02
5.730000000000000000e+02
6.320000000000000000e+02
7.880000000000000000e+02
7.410000000000000000e+02
7.680000000000000000e+02
7.530000000000000000e+02
8.760000000000000000e+02
4.860000000000000000e+02
8.490000000000000000e+02
6.750000000000000000e+02
7.520000000000000000e+02
7.930000000000000000e+02
4.650000000000000000e+02
6.820000000000000000e+02
3.050000000000000000e+02
4.510000000000000000e+02
5.700000000000000000e+02
4.480000000000000000e+02
6.140000000000000000e+02
6.420000000000000000e+02
5.480000000000000000e+02
3.440000000000000000e+02
3.830000000000000000e+02
5.330000000000000000e+02
3.730000000000000000e+02
6.110000000000000000e+02
5.060000000000000000e+02
5.180000000000000000e+02
4.080000000000000000e+02
5.440000000000000000e+02
5.690000000000000000e+02
5.170000000000000000e+02
2.610000000000000000e+02
3.440000000000000000e+02
3.830000000000000000e+02
3.860000000000000000e+02
2.180000000000000000e+02
4.510000000000000000e+02
4.220000000000000000e+02
4.630000000000000000e+02
3.470000000000000000e+02
4.070000000000000000e+02
2.140000000000000000e+02
1.510000000000000000e+02
2.470000000000000000e+02
2.570000000000000000e+02
1.420000000000000000e+02
2.180000000000000000e+02
2.620000000000000000e+02
2.180000000000000000e+02
1.190000000000000000e+02
1.910000000000000000e+02
1.130000000000000000e+02
2.190000000000000000e+02
2.910000000000000000e+02
2.130000000000000000e+02
2.020000000000000000e+02
2.460000000000000000e+02
2.150000000000000000e+02
1.880000000000000000e+02
1.690000000000000000e+02
1.850000000000000000e+02
1.360000000000000000e+02
1.830000000000000000e+02
1.570000000000000000e+02
1.580000000000000000e+02
1.250000000000000000e+02
1.910000000000000000e+02
1.690000000000000000e+02
1.780000000000000000e+02
3.220000000000000000e+02
3.470000000000000000e+02
2.480000000000000000e+02
2.480000000000000000e+02
3.270000000000000000e+02
2.020000000000000000e+02
2.570000000000000000e+02
1.230000000000000000e+02
3.990000000000000000e+02
3.100000000000000000e+02
3.540000000000000000e+02
2.770000000000000000e+02
5.130000000000000000e+02
4.810000000000000000e+02
4.690000000000000000e+02
3.590000000000000000e+02
3.340000000000000000e+02
2.780000000000000000e+02
3.960000000000000000e+02
3.070000000000000000e+02
3.130000000000000000e+02
2.260000000000000000e+02
2.950000000000000000e+02
9.080000000000000000e+02
3.010000000000000000e+02
2.420000000000000000e+02
1.320000000000000000e+02
1.750000000000000000e+02
1.880000000000000000e+02
6.100000000000000000e+01
4.200000000000000000e+01
1.020000000000000000e+02
8.300000000000000000e+01
8.100000000000000000e+01
8.600000000000000000e+01
9.100000000000000000e+01
1.000000000000000000e+02
9.300000000000000000e+01
6.800000000000000000e+01
1.170000000000000000e+02
5.000000000000000000e+01
8.700000000000000000e+01
5.100000000000000000e+01
3.100000000000000000e+01
6.000000000000000000e+01
7.700000000000000000e+01
9.400000000000000000e+01
5.100000000000000000e+01
5.400000000000000000e+01
4.100000000000000000e+01
4.000000000000000000e+01
8.000000000000000000e+00
4.800000000000000000e+01
4.000000000000000000e+01
3.400000000000000000e+01
4.000000000000000000e+01
2.200000000000000000e+01
4.700000000000000000e+01
7.500000000000000000e+01
6.300000000000000000e+01
8.600000000000000000e+01
4.200000000000000000e+01
4.900000000000000000e+01
4.800000000000000000e+01
3.400000000000000000e+01
2.600000000000000000e+01
1.800000000000000000e+01
1.100000000000000000e+01
1.500000000000000000e+01
1.800000000000000000e+01
3.000000000000000000e+01
2.100000000000000000e+01
1.200000000000000000e+01
1.500000000000000000e+01
1.100000000000000000e+01
2.000000000000000000e+01
1.500000000000000000e+01
1.500000000000000000e+01
2.700000000000000000e+01
2.300000000000000000e+01
1.900000000000000000e+01
1.000000000000000000e+01
6.000000000000000000e+00
1.200000000000000000e+01
7.000000000000000000e+00
1.100000000000000000e+01
1.000000000000000000e+01
9.000000000000000000e+00
1.000000000000000000e+01
7.000000000000000000e+00
1.000000000000000000e+01
4.000000000000000000e+00
4.000000000000000000e+00
5.000000000000000000e+00
3.000000000000000000e+00
9.000000000000000000e+00
3.000000000000000000e+00
7.000000000000000000e+00
4.000000000000000000e+00
6.000000000000000000e+00
1.200000000000000000e+01
8.000000000000000000e+00
1.000000000000000000e+01
1.400000000000000000e+01
5.000000000000000000e+00
3.000000000000000000e+00
7.000000000000000000e+00
7.000000000000000000e+00
7.000000000000000000e+00
9.000000000000000000e+00
1.200000000000000000e+01
4.000000000000000000e+00
1.000000000000000000e+00
9.000000000000000000e+00
7.000000000000000000e+00
7.000000000000000000e+00
4.000000000000000000e+00
7.000000000000000000e+00
2.000000000000000000e+00
8.000000000000000000e+00
9.000000000000000000e+00
1.800000000000000000e+01
1.100000000000000000e+01
1.200000000000000000e+01
2.000000000000000000e+00
3.000000000000000000e+00
5.000000000000000000e+00
6.000000000000000000e+00
5.000000000000000000e+00
4.000000000000000000e+00
4.000000000000000000e+00
5.000000000000000000e+00
1.200000000000000000e+01
5.000000000000000000e+00
1.800000000000000000e+01
7.000000000000000000e+00
5.000000000000000000e+00
4.000000000000000000e+00
6.000000000000000000e+00
8.000000000000000000e+00
5.000000000000000000e+00
1.000000000000000000e+01
2.000000000000000000e+00
9.000000000000000000e+00
3.000000000000000000e+00
1.300000000000000000e+01
5.000000000000000000e+00
1.300000000000000000e+01
1.200000000000000000e+01
6.000000000000000000e+00
6.000000000000000000e+00
8.000000000000000000e+00
8.000000000000000000e+00
7.000000000000000000e+00
5.000000000000000000e+00
1.600000000000000000e+01
1.200000000000000000e+01
2.400000000000000000e+01
9.000000000000000000e+00
1.700000000000000000e+01
1.900000000000000000e+01
1.000000000000000000e+01
2.900000000000000000e+01
2.100000000000000000e+01
1.300000000000000000e+01
1.400000000000000000e+01
1.000000000000000000e+01
5.000000000000000000e+00
5.000000000000000000e+00
1.300000000000000000e+01
2.700000000000000000e+01
3.000000000000000000e+01
3.000000000000000000e+01
3.300000000000000000e+01
3.500000000000000000e+01
2.400000000000000000e+01
2.800000000000000000e+01
3.100000000000000000e+01
3.300000000000000000e+01
2.300000000000000000e+01
2.900000000000000000e+01
4.200000000000000000e+01
2.200000000000000000e+01
1.700000000000000000e+01
3.800000000000000000e+01
4.500000000000000000e+01
3.000000000000000000e+01
2.400000000000000000e+01
3.000000000000000000e+01
1.400000000000000000e+01
3.000000000000000000e+01
4.000000000000000000e+01
3.800000000000000000e+01
1.500000000000000000e+01
1.000000000000000000e+01
4.800000000000000000e+01
4.400000000000000000e+01
1.400000000000000000e+01
2.500000000000000000e+01
3.400000000000000000e+01
2.400000000000000000e+01
5.800000000000000000e+01
2.900000000000000000e+01
2.900000000000000000e+01
1.900000000000000000e+01
1.800000000000000000e+01
2.200000000000000000e+01
2.500000000000000000e+01
2.600000000000000000e+01
2.400000000000000000e+01
2.200000000000000000e+01
1.100000000000000000e+01
1.500000000000000000e+01
1.200000000000000000e+01
1.800000000000000000e+01
9.000000000000000000e+00
1.400000000000000000e+01
9.000000000000000000e+00
1.000000000000000000e+00
1.100000000000000000e+01
1.100000000000000000e+01
1.400000000000000000e+01
1.200000000000000000e+01
1.100000000000000000e+01
1.000000000000000000e+01
4.000000000000000000e+00
7.000000000000000000e+00
1.000000000000000000e+01
1.300000000000000000e+01
1.200000000000000000e+01
1.100000000000000000e+01
1.200000000000000000e+01
8.000000000000000000e+00
2.300000000000000000e+01
1.900000000000000000e+01
9.000000000000000000e+00
1.300000000000000000e+01
1.300000000000000000e+01
1.300000000000000000e+01
6.000000000000000000e+00
1.000000000000000000e+01
8.000000000000000000e+00
1.000000000000000000e+01
8.000000000000000000e+00
1.700000000000000000e+01
1.200000000000000000e+01
1.100000000000000000e+01
9.000000000000000000e+00
1.500000000000000000e+01
1.500000000000000000e+01
1.700000000000000000e+01
1.200000000000000000e+01
1.200000000000000000e+01
1.300000000000000000e+01
1.500000000000000000e+01
1.700000000000000000e+01
1.200000000000000000e+01
2.300000000000000000e+01
1.200000000000000000e+01
2.100000000000000000e+01
2.600000000000000000e+01
3.400000000000000000e+01
2.600000000000000000e+01
4.300000000000000000e+01
1.800000000000000000e+01
1.000000000000000000e+01
1.700000000000000000e+01
2.400000000000000000e+01
3.500000000000000000e+01
2.100000000000000000e+01
2.600000000000000000e+01
3.200000000000000000e+01
2.000000000000000000e+01
2.500000000000000000e+01
1.400000000000000000e+01
2.700000000000000000e+01
1.600000000000000000e+01
3.400000000000000000e+01
3.900000000000000000e+01
2.300000000000000000e+01
2.000000000000000000e+01
1.400000000000000000e+01
1.500000000000000000e+01
2.400000000000000000e+01
3.900000000000000000e+01
2.300000000000000000e+01
4.000000000000000000e+01
4.500000000000000000e+01
1.200000000000000000e+01
2.300000000000000000e+01
3.500000000000000000e+01
2.400000000000000000e+01
3.400000000000000000e+01
3.900000000000000000e+01
1.700000000000000000e+01
1.700000000000000000e+01
1.600000000000000000e+01
1.800000000000000000e+01
2.500000000000000000e+01
2.000000000000000000e+01
2.800000000000000000e+01
1.900000000000000000e+01
2.500000000000000000e+01
1.600000000000000000e+01
3.400000000000000000e+01
5.200000000000000000e+01
3.100000000000000000e+01
4.900000000000000000e+01
2.800000000000000000e+01
3.800000000000000000e+01
3.800000000000000000e+01
4.100000000000000000e+01
4.000000000000000000e+01
2.900000000000000000e+01
2.500000000000000000e+01
3.600000000000000000e+01
3.000000000000000000e+01
2.600000000000000000e+01
2.400000000000000000e+01
3.000000000000000000e+01
3.300000000000000000e+01
2.500000000000000000e+01
2.300000000000000000e+01
1.800000000000000000e+01
3.100000000000000000e+01
4.500000000000000000e+01
1.300000000000000000e+01
1.800000000000000000e+01
2.000000000000000000e+01
1.400000000000000000e+01
9.000000000000000000e+00
4.000000000000000000e+00
1.300000000000000000e+01
9.000000000000000000e+00
1.800000000000000000e+01
1.300000000000000000e+01
2.500000000000000000e+01
1.400000000000000000e+01
2.400000000000000000e+01
2.700000000000000000e+01
1.600000000000000000e+01
2.100000000000000000e+01
1.100000000000000000e+01
1.600000000000000000e+01
1.800000000000000000e+01
2.200000000000000000e+01
2.300000000000000000e+01
2.000000000000000000e+01
1.700000000000000000e+01
1.400000000000000000e+01
9.000000000000000000e+00
1.000000000000000000e+01
1.600000000000000000e+01
1.000000000000000000e+01
1.000000000000000000e+01
7.000000000000000000e+00
1.100000000000000000e+01
1.300000000000000000e+01
1.000000000000000000e+01
1.200000000000000000e+01
1.600000000000000000e+01
1.000000000000000000e+01
6.000000000000000000e+00
8.000000000000000000e+00
2.600000000000000000e+01
2.600000000000000000e+01
6.000000000000000000e+01
4.800000000000000000e+01
6.100000000000000000e+01
6.800000000000000000e+01
9.200000000000000000e+01
1.720000000000000000e+02
1.950000000000000000e+02
1.810000000000000000e+02
1.700000000000000000e+02
1.330000000000000000e+02
1.300000000000000000e+02
1.250000000000000000e+02
1.350000000000000000e+02
1.390000000000000000e+02
1.360000000000000000e+02
1.330000000000000000e+02
1.390000000000000000e+02
1.200000000000000000e+02
1.210000000000000000e+02
1.110000000000000000e+02
1.020000000000000000e+02
9.500000000000000000e+01
9.800000000000000000e+01
9.700000000000000000e+01
8.100000000000000000e+01
7.800000000000000000e+01
7.200000000000000000e+01
0.000000000000000000e+00
1.170000000000000000e+02
5.900000000000000000e+01
4.900000000000000000e+01
5.800000000000000000e+01
5.300000000000000000e+01
5.300000000000000000e+01
5.600000000000000000e+01
5.300000000000000000e+01
3.200000000000000000e+01
4.000000000000000000e+01
3.700000000000000000e+01
3.500000000000000000e+01
9.800000000000000000e+01
1.160000000000000000e+02
1.200000000000000000e+02
1.160000000000000000e+02
0.000000000000000000e+00
2.430000000000000000e+02
0.000000000000000000e+00
2.880000000000000000e+02
1.610000000000000000e+02
1.800000000000000000e+02
1.910000000000000000e+02
2.190000000000000000e+02
2.590000000000000000e+02
1.910000000000000000e+02
2.410000000000000000e+02
3.320000000000000000e+02
3.490000000000000000e+02
4.570000000000000000e+02
5.730000000000000000e+02
5.550000000000000000e+02
5.200000000000000000e+02
6.070000000000000000e+02
8.370000000000000000e+02
8.070000000000000000e+02
9.100000000000000000e+02
9.350000000000000000e+02
1.009000000000000000e+03
1.012000000000000000e+03
9.170000000000000000e+02
1.178000000000000000e+03
1.457000000000000000e+03
1.504000000000000000e+03
1.650000000000000000e+03
1.443000000000000000e+03
1.939000000000000000e+03
1.647000000000000000e+03
2.236000000000000000e+03
2.268000000000000000e+03
2.478000000000000000e+03
2.909000000000000000e+03
2.356000000000000000e+03
2.057000000000000000e+03
2.475000000000000000e+03
3.486000000000000000e+03
3.577000000000000000e+03
3.483000000000000000e+03
3.590000000000000000e+03
3.703000000000000000e+03
2.809000000000000000e+03
2.263000000000000000e+03
2.976000000000000000e+03
3.190000000000000000e+03
2.932000000000000000e+03
3.445000000000000000e+03
3.348000000000000000e+03
3.058000000000000000e+03
2.553000000000000000e+03
3.994000000000000000e+03
3.862000000000000000e+03
3.439000000000000000e+03
3.637000000000000000e+03
3.598000000000000000e+03
3.383000000000000000e+03
3.174000000000000000e+03
3.277000000000000000e+03
5.324000000000000000e+03
3.432000000000000000e+03
4.248000000000000000e+03
3.112000000000000000e+03
3.163000000000000000e+03
2.470000000000000000e+03
3.496000000000000000e+03
3.635000000000000000e+03
3.003000000000000000e+03
1.767000000000000000e+03
3.035000000000000000e+03
2.553000000000000000e+03
2.470000000000000000e+03
3.397000000000000000e+03
3.481000000000000000e+03
2.396000000000000000e+03
3.099000000000000000e+03
2.304000000000000000e+03
1.723000000000000000e+03
2.069000000000000000e+03
2.069000000000000000e+03
3.474000000000000000e+03
0.000000000000000000e+00
3.772000000000000000e+03
1.931000000000000000e+03
1.670000000000000000e+03
1.461000000000000000e+03
1.782000000000000000e+03
2.079000000000000000e+03
1.275000000000000000e+03
1.090000000000000000e+03
1.761000000000000000e+03
7.470000000000000000e+02
1.103000000000000000e+03
1.239000000000000000e+03
1.324000000000000000e+03
1.101000000000000000e+03
7.660000000000000000e+02
7.430000000000000000e+02
5.520000000000000000e+02
6.620000000000000000e+02
7.150000000000000000e+02
7.090000000000000000e+02
6.820000000000000000e+02
4.540000000000000000e+02
5.590000000000000000e+02
3.700000000000000000e+02
3.390000000000000000e+02
4.420000000000000000e+02
4.740000000000000000e+02
3.550000000000000000e+02
4.120000000000000000e+02
2.710000000000000000e+02
2.550000000000000000e+02
1.950000000000000000e+02
2.800000000000000000e+02
3.350000000000000000e+02
3.220000000000000000e+02
2.650000000000000000e+02
2.480000000000000000e+02
2.090000000000000000e+02
2.800000000000000000e+02
3.650000000000000000e+02
3.410000000000000000e+02
3.110000000000000000e+02
3.440000000000000000e+02
4.560000000000000000e+02
4.290000000000000000e+02
4.640000000000000000e+02
8.420000000000000000e+02
8.050000000000000000e+02
8.130000000000000000e+02
0.000000000000000000e+00
1.588000000000000000e+03
8.450000000000000000e+02
7.500000000000000000e+02
8.460000000000000000e+02
8.820000000000000000e+02
9.600000000000000000e+02
9.450000000000000000e+02
9.560000000000000000e+02
8.630000000000000000e+02
1.165000000000000000e+03
1.448000000000000000e+03
1.615000000000000000e+03
1.472000000000000000e+03
1.026400000000000000e+04
