-1.682288692286236983e+04
-1.721453502205900440e+04
-1.760963245944644586e+04
-1.787532437400963317e+04
-1.894431616795852824e+04
-1.933357238139528636e+04
-1.972380748265276634e+04
-2.028787494936590883e+04
-2.067952304856340925e+04
-2.107462048595044689e+04
-2.134031240051390341e+04
-2.240930419446318774e+04
-2.279856040790010593e+04
-2.318879550915656728e+04
-2.375286297587036825e+04
-2.414451107506668995e+04
-2.453960851245413505e+04
-2.480530042701721322e+04
-2.587429222096785088e+04
-2.626354843440425975e+04
-2.665378353566042279e+04
-2.721785100237476945e+04
-2.760949910157109844e+04
-2.800459653895943848e+04
-2.827028845352142889e+04
-2.933928024747203744e+04
-2.972853646090841721e+04
-3.011877156216551157e+04
-3.068283902887862496e+04
-3.107448712807561969e+04
-3.146958456546317757e+04
-3.173527648002580827e+04
-3.280426827397634042e+04
-3.319352448741188709e+04
-3.358375958866854489e+04
-3.414782705538221489e+04
-3.453947515457883128e+04
-3.493457259196712403e+04
-3.520026450653008214e+04
-3.626925630047931190e+04
-3.665851251391666301e+04
-3.704874761517316801e+04
-3.761281508188661974e+04
-3.800446318108330161e+04
-3.839956061847190722e+04
-3.866525253303446516e+04
-3.973424432698402961e+04
-4.012350054042019474e+04
-4.051373564167708537e+04
-4.107780310839102458e+04
-4.146945120758788835e+04
-4.186454864497622475e+04
-4.213024055953868083e+04
-4.319923235348780145e+04
-4.358848856692360278e+04
-4.397872366818128648e+04
-4.454279113489537121e+04
-4.493443923409167473e+04
-4.532953667147990927e+04
-4.559522858604305657e+04
