1.618718730668366334e+03
1.621400946787401836e+03
1.624169729002866461e+03
1.627491468140882716e+03
1.630742839974802109e+03
1.634167726064037652e+03
1.638022547190722889e+03
1.642260931067352431e+03
1.646555258034850567e+03
1.650884421812431583e+03
1.655699781865003615e+03
1.660365372550698567e+03
1.665115101496091938e+03
1.670198291303274800e+03
1.675564480593827057e+03
1.680885024370866859e+03
1.686140829062853300e+03
1.691788199214605356e+03
1.697198863486751179e+03
1.702616916954147200e+03
1.708304040285592919e+03
1.714223920062300067e+03
1.720063420033476632e+03
1.725819849803306624e+03
1.731966320070654092e+03
1.737891264948056460e+03
1.743854881588578337e+03
1.750133860966170232e+03
1.756705347006150987e+03
1.763267686136692419e+03
1.769827325036136699e+03
1.776863855685412545e+03
1.783769296680978414e+03
1.790804367679589404e+03
1.798243135498247966e+03
1.806056971650422838e+03
1.813935383807483731e+03
1.821873077197194107e+03
1.830335241145642840e+03
1.838697143774722690e+03
1.847200783895450286e+03
1.856099969104811407e+03
1.865344748914536694e+03
1.874602753297362369e+03
1.883846779724048929e+03
1.893520610463978755e+03
1.902979129582419546e+03
1.912445475307824836e+03
1.922156583970044721e+03
1.932048042427116570e+03
1.941775788661126626e+03
1.951303994396596863e+03
1.961071104017940797e+03
1.970430093639853567e+03
1.979605682483927467e+03
1.988839851389234127e+03
1.998076586178621710e+03
2.006983388516471450e+03
2.015538893133812508e+03
2.024198572649095695e+03
