0.000000000000000000e+00
0.000000000000000000e+00
0.000000000000000000e+00
0.000000000000000000e+00
0.000000000000000000e+00
0.000000000000000000e+00
0.000000000000000000e+00
0.000000000000000000e+00
0.000000000000000000e+00
0.000000000000000000e+00
0.000000000000000000e+00
0.000000000000000000e+00
0.000000000000000000e+00
0.000000000000000000e+00
0.000000000000000000e+00
0.000000000000000000e+00
0.000000000000000000e+00
0.000000000000000000e+00
0.000000000000000000e+00
0.000000000000000000e+00
0.000000000000000000e+00
0.000000000000000000e+00
0.000000000000000000e+00
0.000000000000000000e+00
0.000000000000000000e+00
0.000000000000000000e+00
0.000000000000000000e+00
0.000000000000000000e+00
0.000000000000000000e+00
0.000000000000000000e+00
0.000000000000000000e+00
0.000000000000000000e+00
0.000000000000000000e+00
0.000000000000000000e+00
0.000000000000000000e+00
0.000000000000000000e+00
0.000000000000000000e+00
0.000000000000000000e+00
0.000000000000000000e+00
0.000000000000000000e+00
0.000000000000000000e+00
0.000000000000000000e+00
0.000000000000000000e+00
0.000000000000000000e+00
0.000000000000000000e+00
0.000000000000000000e+00
0.000000000000000000e+00
0.000000000000000000e+00
0.000000000000000000e+00
0.000000000000000000e+00
0.000000000000000000e+00
0.000000000000000000e+00
0.000000000000000000e+00
1.000000000000000000e+00
0.000000000000000000e+00
0.000000000000000000e+00
0.000000000000000000e+00
0.000000000000000000e+00
0.000000000000000000e+00
0.000000000000000000e+00
1.000000000000000000e+00
0.000000000000000000e+00
5.000000000000000000e+00
1.000000000000000000e+00
0.000000000000000000e+00
3.000000000000000000e+00
9.000000000000000000e+00
0.000000000000000000e+00
0.000000000000000000e+00
6.000000000000000000e+00
7.000000000000000000e+00
1.200000000000000000e+01
3.000000000000000000e+00
1.100000000000000000e+01
3.000000000000000000e+00
0.000000000000000000e+00
7.000000000000000000e+00
3.000000000000000000e+00
1.100000000000000000e+01
1.000000000000000000e+01
0.000000000000000000e+00
5.000000000000000000e+00
4.000000000000000000e+00
1.300000000000000000e+01
2.000000000000000000e+00
1.600000000000000000e+01
1.200000000000000000e+01
1.700000000000000000e+01
2.000000000000000000e+00
1.000000000000000000e+00
4.000000000000000000e+00
1.500000000000000000e+01
8.000000000000000000e+00
1.400000000000000000e+01
2.200000000000000000e+01
5.000000000000000000e+00
0.000000000000000000e+00
7.000000000000000000e+00
-4.000000000000000000e+00
1.300000000000000000e+01
4.000000000000000000e+00
3.000000000000000000e+00
3.000000000000000000e+00
0.000000000000000000e+00
2.000000000000000000e+00
3.000000000000000000e+00
9.000000000000000000e+00
4.310000000000000000e+02
4.300000000000000000e+01
3.000000000000000000e+00
1.000000000000000000e+00
2.600000000000000000e+01
0.000000000000000000e+00
1.320000000000000000e+02
1.400000000000000000e+01
1.100000000000000000e+01
4.000000000000000000e+00
0.000000000000000000e+00
0.000000000000000000e+00
1.800000000000000000e+01
5.320000000000000000e+02
2.000000000000000000e+01
1.800000000000000000e+01
6.000000000000000000e+00
6.000000000000000000e+00
1.400000000000000000e+01
9.000000000000000000e+00
1.300000000000000000e+01
3.600000000000000000e+01
1.200000000000000000e+01
2.000000000000000000e+00
1.000000000000000000e+00
7.000000000000000000e+00
1.800000000000000000e+01
1.300000000000000000e+01
4.000000000000000000e+00
8.000000000000000000e+00
6.000000000000000000e+00
2.000000000000000000e+00
1.000000000000000000e+00
6.000000000000000000e+00
7.000000000000000000e+00
6.000000000000000000e+00
2.000000000000000000e+00
0.000000000000000000e+00
1.200000000000000000e+01
1.100000000000000000e+01
1.500000000000000000e+01
5.000000000000000000e+00
7.000000000000000000e+00
3.000000000000000000e+00
6.000000000000000000e+00
1.000000000000000000e+00
6.000000000000000000e+00
1.200000000000000000e+01
7.000000000000000000e+00
7.000000000000000000e+00
1.500000000000000000e+01
6.000000000000000000e+00
0.000000000000000000e+00
1.100000000000000000e+01
7.000000000000000000e+00
6.000000000000000000e+00
1.700000000000000000e+01
1.100000000000000000e+01
4.000000000000000000e+00
1.000000000000000000e+00
5.000000000000000000e+00
2.000000000000000000e+00
7.000000000000000000e+00
5.000000000000000000e+00
1.000000000000000000e+00
0.000000000000000000e+00
0.000000000000000000e+00
2.000000000000000000e+00
4.000000000000000000e+00
3.000000000000000000e+00
6.000000000000000000e+00
2.000000000000000000e+00
0.000000000000000000e+00
0.000000000000000000e+00
0.000000000000000000e+00
0.000000000000000000e+00
0.000000000000000000e+00
3.000000000000000000e+00
0.000000000000000000e+00
7.000000000000000000e+00
1.000000000000000000e+00
1.000000000000000000e+00
2.000000000000000000e+00
0.000000000000000000e+00
4.000000000000000000e+00
4.000000000000000000e+00
0.000000000000000000e+00
1.000000000000000000e+00
2.000000000000000000e+00
1.100000000000000000e+01
6.000000000000000000e+00
2.000000000000000000e+00
5.000000000000000000e+00
0.000000000000000000e+00
1.000000000000000000e+00
6.000000000000000000e+00
7.000000000000000000e+00
0.000000000000000000e+00
1.000000000000000000e+00
0.000000000000000000e+00
0.000000000000000000e+00
0.000000000000000000e+00
1.400000000000000000e+01
1.200000000000000000e+01
7.000000000000000000e+00
2.000000000000000000e+00
1.300000000000000000e+01
0.000000000000000000e+00
1.000000000000000000e+00
1.300000000000000000e+01
1.600000000000000000e+01
1.300000000000000000e+01
9.000000000000000000e+00
1.000000000000000000e+01
2.000000000000000000e+00
0.000000000000000000e+00
2.400000000000000000e+01
1.800000000000000000e+01
2.000000000000000000e+01
7.000000000000000000e+00
8.000000000000000000e+00
5.000000000000000000e+00
6.000000000000000000e+00
1.900000000000000000e+01
1.800000000000000000e+01
1.000000000000000000e+01
1.000000000000000000e+01
1.900000000000000000e+01
4.000000000000000000e+00
0.000000000000000000e+00
3.000000000000000000e+01
3.200000000000000000e+01
1.900000000000000000e+01
2.000000000000000000e+01
1.700000000000000000e+01
3.000000000000000000e+00
2.000000000000000000e+00
6.000000000000000000e+00
2.000000000000000000e+00
8.000000000000000000e+00
2.200000000000000000e+01
8.200000000000000000e+01
7.000000000000000000e+00
7.000000000000000000e+00
5.100000000000000000e+01
4.100000000000000000e+01
3.800000000000000000e+01
3.200000000000000000e+01
5.200000000000000000e+01
2.200000000000000000e+01
6.000000000000000000e+00
5.100000000000000000e+01
7.000000000000000000e+00
1.100000000000000000e+01
8.200000000000000000e+01
4.000000000000000000e+01
1.200000000000000000e+01
9.000000000000000000e+00
4.800000000000000000e+01
4.500000000000000000e+01
3.300000000000000000e+01
4.400000000000000000e+01
6.100000000000000000e+01
1.300000000000000000e+01
1.800000000000000000e+01
4.100000000000000000e+01
6.400000000000000000e+01
3.200000000000000000e+01
5.200000000000000000e+01
2.300000000000000000e+01
1.600000000000000000e+01
4.800000000000000000e+01
5.600000000000000000e+01
6.500000000000000000e+01
5.800000000000000000e+01
6.300000000000000000e+01
6.400000000000000000e+01
1.300000000000000000e+01
8.000000000000000000e+00
7.200000000000000000e+01
5.000000000000000000e+01
7.800000000000000000e+01
7.100000000000000000e+01
8.100000000000000000e+01
9.000000000000000000e+00
1.200000000000000000e+01
1.400000000000000000e+01
1.590000000000000000e+02
7.500000000000000000e+01
9.800000000000000000e+01
1.570000000000000000e+02
3.300000000000000000e+01
8.000000000000000000e+00
2.280000000000000000e+02
1.430000000000000000e+02
1.440000000000000000e+02
3.200000000000000000e+01
3.650000000000000000e+02
3.800000000000000000e+01
2.100000000000000000e+01
2.940000000000000000e+02
3.800000000000000000e+01
4.450000000000000000e+02
2.130000000000000000e+02
2.640000000000000000e+02
3.600000000000000000e+01
6.800000000000000000e+01
4.580000000000000000e+02
7.200000000000000000e+01
5.740000000000000000e+02
3.670000000000000000e+02
3.700000000000000000e+02
4.000000000000000000e+01
5.000000000000000000e+01
4.370000000000000000e+02
4.140000000000000000e+02
8.500000000000000000e+01
5.880000000000000000e+02
9.300000000000000000e+01
4.110000000000000000e+02
8.400000000000000000e+01
5.480000000000000000e+02
4.480000000000000000e+02
4.160000000000000000e+02
3.890000000000000000e+02
5.660000000000000000e+02
1.020000000000000000e+02
8.700000000000000000e+01
7.180000000000000000e+02
5.030000000000000000e+02
4.950000000000000000e+02
1.500000000000000000e+02
1.450000000000000000e+02
1.340000000000000000e+02
9.900000000000000000e+01
1.044000000000000000e+03
6.990000000000000000e+02
6.620000000000000000e+02
7.010000000000000000e+02
1.780000000000000000e+02
1.180000000000000000e+02
1.300000000000000000e+02
1.054000000000000000e+03
5.640000000000000000e+02
4.960000000000000000e+02
5.570000000000000000e+02
6.280000000000000000e+02
1.240000000000000000e+02
1.310000000000000000e+02
8.040000000000000000e+02
5.490000000000000000e+02
6.720000000000000000e+02
5.210000000000000000e+02
6.720000000000000000e+02
2.180000000000000000e+02
2.260000000000000000e+02
7.470000000000000000e+02
6.910000000000000000e+02
6.360000000000000000e+02
4.240000000000000000e+02
5.800000000000000000e+02
2.630000000000000000e+02
1.100000000000000000e+02
9.190000000000000000e+02
6.560000000000000000e+02
7.030000000000000000e+02
5.700000000000000000e+02
8.800000000000000000e+01
6.820000000000000000e+02
2.100000000000000000e+02
9.790000000000000000e+02
7.500000000000000000e+02
6.520000000000000000e+02
5.520000000000000000e+02
7.670000000000000000e+02
1.370000000000000000e+02
1.230000000000000000e+02
8.220000000000000000e+02
6.560000000000000000e+02
5.420000000000000000e+02
5.480000000000000000e+02
7.230000000000000000e+02
1.280000000000000000e+02
1.340000000000000000e+02
9.420000000000000000e+02
6.510000000000000000e+02
6.090000000000000000e+02
5.850000000000000000e+02
8.320000000000000000e+02
1.530000000000000000e+02
1.190000000000000000e+02
9.830000000000000000e+02
8.040000000000000000e+02
3.210000000000000000e+02
1.031000000000000000e+03
1.218000000000000000e+03
1.990000000000000000e+02
1.950000000000000000e+02
2.480000000000000000e+02
2.890000000000000000e+02
2.720000000000000000e+03
7.660000000000000000e+02
1.035000000000000000e+03
2.350000000000000000e+02
2.450000000000000000e+02
1.565000000000000000e+03
2.570000000000000000e+02
2.530000000000000000e+02
3.270000000000000000e+02
1.342000000000000000e+03
3.590000000000000000e+02
2.630000000000000000e+02
3.690000000000000000e+02
3.670000000000000000e+02
3.947000000000000000e+03
3.490000000000000000e+02
2.459000000000000000e+03
3.160000000000000000e+02
4.350000000000000000e+02
2.097000000000000000e+03
5.670000000000000000e+02
4.630000000000000000e+02
6.490000000000000000e+02
4.606000000000000000e+03
6.390000000000000000e+02
5.970000000000000000e+02
2.225000000000000000e+03
1.767000000000000000e+03
1.558000000000000000e+03
1.636000000000000000e+03
8.470000000000000000e+02
6.240000000000000000e+02
5.680000000000000000e+02
2.013000000000000000e+03
1.446000000000000000e+03
1.238000000000000000e+03
1.073000000000000000e+03
1.344000000000000000e+03
6.010000000000000000e+02
4.390000000000000000e+02
1.598000000000000000e+03
1.045000000000000000e+03
1.207000000000000000e+03
1.080000000000000000e+03
1.295000000000000000e+03
4.080000000000000000e+02
3.470000000000000000e+02
1.360000000000000000e+03
1.067000000000000000e+03
8.180000000000000000e+02
7.840000000000000000e+02
1.043000000000000000e+03
0.000000000000000000e+00
6.080000000000000000e+02
1.062000000000000000e+03
8.920000000000000000e+02
7.390000000000000000e+02
6.750000000000000000e+02
7.330000000000000000e+02
2.600000000000000000e+02
2.130000000000000000e+02
9.160000000000000000e+02
6.370000000000000000e+02
5.850000000000000000e+02
4.420000000000000000e+02
6.390000000000000000e+02
2.090000000000000000e+02
1.160000000000000000e+02
6.240000000000000000e+02
4.600000000000000000e+02
4.740000000000000000e+02
4.260000000000000000e+02
5.450000000000000000e+02
1.250000000000000000e+02
9.400000000000000000e+01
6.560000000000000000e+02
1.800000000000000000e+02
1.910000000000000000e+02
3.410000000000000000e+02
4.850000000000000000e+02
2.610000000000000000e+02
2.280000000000000000e+02
4.660000000000000000e+02
3.390000000000000000e+02
3.580000000000000000e+02
2.650000000000000000e+02
3.760000000000000000e+02
7.900000000000000000e+01
7.600000000000000000e+01
1.640000000000000000e+02
3.520000000000000000e+02
4.440000000000000000e+02
1.280000000000000000e+02
4.150000000000000000e+02
8.300000000000000000e+01
5.700000000000000000e+01
2.750000000000000000e+02
2.000000000000000000e+02
1.650000000000000000e+02
1.720000000000000000e+02
1.870000000000000000e+02
3.800000000000000000e+01
4.500000000000000000e+01
1.310000000000000000e+02
2.590000000000000000e+02
1.920000000000000000e+02
1.060000000000000000e+02
1.450000000000000000e+02
3.300000000000000000e+01
3.200000000000000000e+01
1.020000000000000000e+02
1.120000000000000000e+02
5.800000000000000000e+01
7.800000000000000000e+01
8.400000000000000000e+01
1.900000000000000000e+01
1.200000000000000000e+01
5.900000000000000000e+01
1.310000000000000000e+02
6.500000000000000000e+01
6.900000000000000000e+01
5.100000000000000000e+01
2.300000000000000000e+01
2.500000000000000000e+01
6.800000000000000000e+01
6.700000000000000000e+01
2.100000000000000000e+01
5.900000000000000000e+01
4.200000000000000000e+01
1.400000000000000000e+01
1.200000000000000000e+01
6.900000000000000000e+01
1.060000000000000000e+02
0.000000000000000000e+00
3.500000000000000000e+01
3.300000000000000000e+01
0.000000000000000000e+00
3.000000000000000000e+00
6.400000000000000000e+01
6.600000000000000000e+01
2.800000000000000000e+01
4.300000000000000000e+01
8.200000000000000000e+01
0.000000000000000000e+00
1.800000000000000000e+01
1.270000000000000000e+02
7.200000000000000000e+01
8.500000000000000000e+01
8.900000000000000000e+01
1.110000000000000000e+02
4.000000000000000000e+00
1.500000000000000000e+01
1.350000000000000000e+02
1.310000000000000000e+02
-1.291830000000000000e+05
0.000000000000000000e+00
0.000000000000000000e+00
0.000000000000000000e+00
0.000000000000000000e+00
0.000000000000000000e+00
0.000000000000000000e+00
0.000000000000000000e+00
0.000000000000000000e+00
0.000000000000000000e+00
0.000000000000000000e+00
0.000000000000000000e+00
0.000000000000000000e+00
0.000000000000000000e+00
0.000000000000000000e+00
0.000000000000000000e+00
0.000000000000000000e+00
0.000000000000000000e+00
0.000000000000000000e+00
0.000000000000000000e+00
0.000000000000000000e+00
0.000000000000000000e+00
0.000000000000000000e+00
0.000000000000000000e+00
0.000000000000000000e+00
0.000000000000000000e+00
0.000000000000000000e+00
0.000000000000000000e+00
0.000000000000000000e+00
0.000000000000000000e+00
0.000000000000000000e+00
0.000000000000000000e+00
0.000000000000000000e+00
0.000000000000000000e+00
0.000000000000000000e+00
0.000000000000000000e+00
0.000000000000000000e+00
0.000000000000000000e+00
0.000000000000000000e+00
0.000000000000000000e+00
0.000000000000000000e+00
0.000000000000000000e+00
0.000000000000000000e+00
0.000000000000000000e+00
0.000000000000000000e+00
0.000000000000000000e+00
0.000000000000000000e+00
0.000000000000000000e+00
0.000000000000000000e+00
0.000000000000000000e+00
0.000000000000000000e+00
0.000000000000000000e+00
0.000000000000000000e+00
0.000000000000000000e+00
0.000000000000000000e+00
0.000000000000000000e+00
0.000000000000000000e+00
0.000000000000000000e+00
