2.723764811101786563e+03
2.726420530110234267e+03
2.728972883836391702e+03
2.731388542903077905e+03
2.733375487832230647e+03
2.735795249237011376e+03
2.739550213952467857e+03
2.741833868844021708e+03
2.744335306750394011e+03
2.746717000627787002e+03
2.748952612893622700e+03
2.750757203793870758e+03
2.752999305465871203e+03
2.756588063796566985e+03
2.758723323858262575e+03
2.761099987254086955e+03
2.763385651048905856e+03
2.765558298533885591e+03
2.767336408458911137e+03
2.769590951706190936e+03
2.773232479243777107e+03
2.775461178278395437e+03
2.777971225453886746e+03
2.780428446656429514e+03
2.782808052943396888e+03
2.784824817909593094e+03
2.787345163597583905e+03
2.791274356434716537e+03
2.793806687339156269e+03
2.796629961721531345e+03
2.799403305566584095e+03
2.802095053568928961e+03
2.804413081020223672e+03
2.807217042957840931e+03
2.811405718569775217e+03
2.814167331704431490e+03
2.817184170188707867e+03
2.820110507454573053e+03
2.822910590159113781e+03
2.825289051646311236e+03
2.828103213382679769e+03
2.832250471472820209e+03
2.834918638707892569e+03
2.837790564939512478e+03
2.840522039830689209e+03
2.843079742650433218e+03
2.845171600328786099e+03
2.847659017608363683e+03
2.851444178380516860e+03
2.853720290856194424e+03
2.856176101711987030e+03
2.858473685695792938e+03
2.860586277813131801e+03
2.862228511726029865e+03
2.864268530521346747e+03
2.867615171113859560e+03
2.869468096926897033e+03
2.871522205765819763e+03
2.873445320902641470e+03
2.875215933770420634e+03
