2.065973018359785492e+05
2.072273819701093598e+05
2.079475684937941842e+05
2.086636240903437720e+05
2.093282598879931029e+05
2.099853332393237797e+05
2.105769311966258974e+05
2.109513769381805323e+05
2.115814570723110810e+05
2.123016435959962837e+05
2.130176991925458715e+05
2.136823349901952897e+05
2.143394083415259083e+05
2.149310062988286081e+05
2.153054520403824863e+05
2.159355321745133260e+05
2.166557186981984996e+05
2.173717742947479419e+05
2.180364100923973310e+05
2.186934834437278623e+05
2.192850814010305330e+05
2.196595271425844985e+05
2.202896072767154546e+05
2.210097938004007447e+05
2.217258493969499832e+05
2.223904851945996634e+05
2.230475585459300783e+05
2.236391565032325452e+05
2.240136022447865107e+05
2.246436823789174377e+05
2.253638689026029606e+05
2.260799244991522282e+05
2.267445602968017338e+05
2.274016336481322360e+05
2.279932316054344701e+05
2.283676773469891050e+05
2.289977574811194208e+05
2.297179440048050892e+05
2.304339996013541822e+05
2.310986353990038042e+05
2.317557087503341609e+05
2.323473067076365114e+05
2.327217524491911463e+05
2.333518325833218405e+05
2.340720191070073633e+05
2.347880747035563691e+05
2.354527105012056709e+05
2.361097838525362895e+05
2.367013818098384945e+05
2.370758275513931585e+05
2.377059076855240273e+05
2.384260942092090263e+05
2.391421498057585268e+05
2.398067856034079159e+05
2.404638589547385927e+05
2.410554569120405067e+05
2.414299026535957528e+05
2.420599827877261268e+05
2.427801693114113295e+05
2.434962249079605681e+05
