-1.051723932813124041e+00
-1.641314244379430631e+00
2.024977006997434881e-01
-1.162439957409745261e+00
-1.597179276193594788e+00
-1.105966993021443967e+00
-1.422890236307527978e+00
-1.514094559136080376e+00
-2.038146282241179108e+00
-1.178443020335960267e-01
-1.397337972050149757e+00
-1.740000450837298818e+00
-1.152662546799249066e+00
-1.372188519828873687e+00
-1.367616756348583040e+00
-1.800439375782028728e+00
2.036718114551932524e-01
-1.002166008935035046e+00
-1.283835175860516875e+00
-6.503707671169045579e-01
-8.404623479087411919e-01
-8.245294078424105777e-01
-1.264946573688513043e+00
7.122722218985056974e-01
-5.395298255102618512e-01
-8.854282785169794723e-01
-3.330738181264588649e-01
-6.192131594956403751e-01
-7.117994786754243686e-01
-1.270267799403529851e+00
5.827165462260629480e-01
-7.958225881583799177e-01
-1.267035799260396889e+00
-8.345008935791995430e-01
-1.230846425055672988e+00
-1.419968336946120013e+00
-2.057412394112716036e+00
-2.622276978717270057e-01
-1.674147450317365449e+00
-2.151545342495055024e+00
-1.695771017609466469e+00
-2.037843961050528563e+00
-2.140726143749191124e+00
-2.659744465792913903e+00
-7.144670604480073406e-01
-1.945888837228615831e+00
-2.214374318157103616e+00
-1.523961378014479839e+00
-1.609005878498557474e+00
-1.436388625253550710e+00
-1.665857234122998243e+00
5.781910955056155377e-01
-3.503717638846147731e-01
-3.172354118761068209e-01
6.681629314608892312e-01
8.661137417647022385e-01
1.304547532868042703e+00
1.318808641399835224e+00
3.779981549705574650e+00
3.037909346027667823e+00
