7.923945677757428712e+02
7.995017878171837538e+02
8.059115869934062175e+02
8.149063441698019687e+02
8.221079298506958821e+02
8.287807480313559836e+02
8.362470051743476915e+02
8.425144941189796555e+02
8.496217141604207654e+02
8.560315133366397049e+02
8.650262705130397762e+02
8.722278561939339170e+02
8.789006743745948143e+02
8.863669315175867496e+02
8.926344204622189409e+02
8.997416405036570950e+02
9.061514396798781945e+02
9.151461968562723541e+02
9.223477825371719518e+02
9.290206007178284153e+02
9.364868578608220560e+02
9.427543468054544746e+02
9.498615668468941067e+02
9.562713660231138419e+02
9.652661231995093658e+02
9.724677088804073719e+02
9.791405270610664502e+02
9.866067842040603182e+02
9.928742731486923958e+02
9.999814931901311184e+02
1.006391292366353696e+03
1.015386049542749561e+03
1.022587635223648363e+03
1.029260453404305963e+03
1.036726710547297671e+03
1.042994199491928384e+03
1.050101419533369381e+03
1.056511218709589912e+03
1.065505975885984981e+03
1.072707561566882760e+03
1.079380379747542747e+03
1.086846636890535592e+03
1.093114125835165623e+03
1.100221345876606620e+03
1.106631145052827151e+03
1.115625902229223584e+03
1.122827487910119999e+03
1.129500306090779986e+03
1.136966563233769648e+03
1.143234052178401043e+03
1.150341272219843631e+03
1.156751071396063480e+03
1.165745828572457185e+03
1.172947414253357920e+03
1.179620232434016543e+03
1.187086489577010298e+03
1.193353978521638510e+03
1.200461198563079734e+03
1.206870997739299128e+03
1.215865754915697153e+03
