0.000000000000000000e+00
0.000000000000000000e+00
0.000000000000000000e+00
0.000000000000000000e+00
0.000000000000000000e+00
0.000000000000000000e+00
0.000000000000000000e+00
0.000000000000000000e+00
0.000000000000000000e+00
0.000000000000000000e+00
0.000000000000000000e+00
0.000000000000000000e+00
0.000000000000000000e+00
0.000000000000000000e+00
0.000000000000000000e+00
0.000000000000000000e+00
0.000000000000000000e+00
0.000000000000000000e+00
0.000000000000000000e+00
0.000000000000000000e+00
0.000000000000000000e+00
0.000000000000000000e+00
0.000000000000000000e+00
0.000000000000000000e+00
0.000000000000000000e+00
0.000000000000000000e+00
0.000000000000000000e+00
0.000000000000000000e+00
0.000000000000000000e+00
0.000000000000000000e+00
0.000000000000000000e+00
0.000000000000000000e+00
0.000000000000000000e+00
0.000000000000000000e+00
0.000000000000000000e+00
0.000000000000000000e+00
0.000000000000000000e+00
0.000000000000000000e+00
0.000000000000000000e+00
0.000000000000000000e+00
0.000000000000000000e+00
0.000000000000000000e+00
0.000000000000000000e+00
0.000000000000000000e+00
0.000000000000000000e+00
0.000000000000000000e+00
0.000000000000000000e+00
0.000000000000000000e+00
0.000000000000000000e+00
0.000000000000000000e+00
0.000000000000000000e+00
0.000000000000000000e+00
0.000000000000000000e+00
0.000000000000000000e+00
0.000000000000000000e+00
0.000000000000000000e+00
0.000000000000000000e+00
0.000000000000000000e+00
0.000000000000000000e+00
0.000000000000000000e+00
1.500000000000000000e+01
1.500000000000000000e+01
1.500000000000000000e+01
1.500000000000000000e+01
1.500000000000000000e+01
3.100000000000000000e+01
3.900000000000000000e+01
3.900000000000000000e+01
3.900000000000000000e+01
3.900000000000000000e+01
4.100000000000000000e+01
4.300000000000000000e+01
5.200000000000000000e+01
5.200000000000000000e+01
5.200000000000000000e+01
6.500000000000000000e+01
6.500000000000000000e+01
6.500000000000000000e+01
8.400000000000000000e+01
8.400000000000000000e+01
9.300000000000000000e+01
9.300000000000000000e+01
1.100000000000000000e+02
1.100000000000000000e+02
1.110000000000000000e+02
1.110000000000000000e+02
1.110000000000000000e+02
1.130000000000000000e+02
1.170000000000000000e+02
1.170000000000000000e+02
1.170000000000000000e+02
1.220000000000000000e+02
1.260000000000000000e+02
1.320000000000000000e+02
1.320000000000000000e+02
1.370000000000000000e+02
1.420000000000000000e+02
1.420000000000000000e+02
1.420000000000000000e+02
1.420000000000000000e+02
1.480000000000000000e+02
1.480000000000000000e+02
1.580000000000000000e+02
1.580000000000000000e+02
1.580000000000000000e+02
1.760000000000000000e+02
1.850000000000000000e+02
1.900000000000000000e+02
1.900000000000000000e+02
1.930000000000000000e+02
2.050000000000000000e+02
2.200000000000000000e+02
2.200000000000000000e+02
2.200000000000000000e+02
2.290000000000000000e+02
2.410000000000000000e+02
2.410000000000000000e+02
2.530000000000000000e+02
2.530000000000000000e+02
2.620000000000000000e+02
2.620000000000000000e+02
2.620000000000000000e+02
2.620000000000000000e+02
2.620000000000000000e+02
3.020000000000000000e+02
3.020000000000000000e+02
3.020000000000000000e+02
3.020000000000000000e+02
3.020000000000000000e+02
3.020000000000000000e+02
3.020000000000000000e+02
3.020000000000000000e+02
3.340000000000000000e+02
3.340000000000000000e+02
3.340000000000000000e+02
3.340000000000000000e+02
3.850000000000000000e+02
4.870000000000000000e+02
4.870000000000000000e+02
4.870000000000000000e+02
4.870000000000000000e+02
4.870000000000000000e+02
4.870000000000000000e+02
4.870000000000000000e+02
8.350000000000000000e+02
8.350000000000000000e+02
8.350000000000000000e+02
8.350000000000000000e+02
8.350000000000000000e+02
8.350000000000000000e+02
8.350000000000000000e+02
8.350000000000000000e+02
1.327000000000000000e+03
1.327000000000000000e+03
1.327000000000000000e+03
1.327000000000000000e+03
1.327000000000000000e+03
1.327000000000000000e+03
1.649000000000000000e+03
1.649000000000000000e+03
1.649000000000000000e+03
1.649000000000000000e+03
2.100000000000000000e+03
2.100000000000000000e+03
2.100000000000000000e+03
2.100000000000000000e+03
2.100000000000000000e+03
2.100000000000000000e+03
2.100000000000000000e+03
2.544000000000000000e+03
2.671000000000000000e+03
2.671000000000000000e+03
2.671000000000000000e+03
2.671000000000000000e+03
2.671000000000000000e+03
3.050000000000000000e+03
3.255000000000000000e+03
3.852000000000000000e+03
3.972000000000000000e+03
3.972000000000000000e+03
6.844000000000000000e+03
6.983000000000000000e+03
7.471000000000000000e+03
7.752000000000000000e+03
8.127000000000000000e+03
8.795000000000000000e+03
9.746000000000000000e+03
9.959000000000000000e+03
1.019500000000000000e+04
1.042100000000000000e+04
1.042100000000000000e+04
1.042100000000000000e+04
1.112900000000000000e+04
1.140400000000000000e+04
1.162200000000000000e+04
1.187500000000000000e+04
1.214600000000000000e+04
1.247000000000000000e+04
1.247000000000000000e+04
1.335600000000000000e+04
1.335600000000000000e+04
1.693000000000000000e+04
1.970600000000000000e+04
2.104200000000000000e+04
2.138500000000000000e+04
2.158000000000000000e+04
2.174700000000000000e+04
2.270000000000000000e+04
2.357500000000000000e+04
2.456100000000000000e+04
2.541600000000000000e+04
2.633000000000000000e+04
2.730600000000000000e+04
2.845300000000000000e+04
2.996600000000000000e+04
3.108000000000000000e+04
3.201500000000000000e+04
3.293100000000000000e+04
3.414700000000000000e+04
3.497200000000000000e+04
3.617500000000000000e+04
3.709100000000000000e+04
3.811200000000000000e+04
3.902700000000000000e+04
3.991200000000000000e+04
4.057400000000000000e+04
4.124900000000000000e+04
4.200600000000000000e+04
4.200600000000000000e+04
4.375300000000000000e+04
4.443500000000000000e+04
4.531800000000000000e+04
4.612500000000000000e+04
4.696000000000000000e+04
4.772900000000000000e+04
4.864400000000000000e+04
4.937100000000000000e+04
5.036100000000000000e+04
5.127400000000000000e+04
5.256400000000000000e+04
5.421800000000000000e+04
5.515500000000000000e+04
5.609600000000000000e+04
5.672600000000000000e+04
5.777400000000000000e+04
5.875900000000000000e+04
5.974500000000000000e+04
6.070900000000000000e+04
6.152800000000000000e+04
6.242700000000000000e+04
6.334600000000000000e+04
6.420000000000000000e+04
6.522500000000000000e+04
6.624500000000000000e+04
6.721600000000000000e+04
6.809800000000000000e+04
6.891700000000000000e+04
6.983200000000000000e+04
7.071900000000000000e+04
7.153100000000000000e+04
7.219600000000000000e+04
7.302000000000000000e+04
7.391900000000000000e+04
7.466400000000000000e+04
7.540000000000000000e+04
7.626200000000000000e+04
7.626200000000000000e+04
7.768900000000000000e+04
7.829400000000000000e+04
7.884700000000000000e+04
7.969400000000000000e+04
7.969400000000000000e+04
8.031600000000000000e+04
8.162600000000000000e+04
8.228400000000000000e+04
8.289900000000000000e+04
8.344300000000000000e+04
8.394700000000000000e+04
8.444400000000000000e+04
8.490700000000000000e+04
8.540200000000000000e+04
8.589700000000000000e+04
8.633500000000000000e+04
8.677300000000000000e+04
8.715600000000000000e+04
8.754700000000000000e+04
8.794100000000000000e+04
8.832600000000000000e+04
8.870100000000000000e+04
8.909900000000000000e+04
8.950200000000000000e+04
8.975500000000000000e+04
9.005400000000000000e+04
9.035900000000000000e+04
9.074300000000000000e+04
9.114100000000000000e+04
9.145200000000000000e+04
9.194800000000000000e+04
9.237300000000000000e+04
9.276700000000000000e+04
9.308400000000000000e+04
9.339000000000000000e+04
9.369100000000000000e+04
9.404600000000000000e+04
9.435500000000000000e+04
9.435500000000000000e+04
9.498500000000000000e+04
9.534400000000000000e+04
9.566900000000000000e+04
9.607200000000000000e+04
9.640200000000000000e+04
9.665200000000000000e+04
9.665200000000000000e+04
9.732600000000000000e+04
9.756200000000000000e+04
9.803000000000000000e+04
9.852100000000000000e+04
9.887900000000000000e+04
9.887900000000000000e+04
9.949400000000000000e+04
9.998200000000000000e+04
1.004760000000000000e+05
1.009520000000000000e+05
1.013840000000000000e+05
1.018230000000000000e+05
1.022890000000000000e+05
1.022890000000000000e+05
1.030370000000000000e+05
1.032710000000000000e+05
1.034920000000000000e+05
1.037410000000000000e+05
1.039750000000000000e+05
1.042080000000000000e+05
1.044620000000000000e+05
1.047990000000000000e+05
1.047990000000000000e+05
1.052490000000000000e+05
1.054790000000000000e+05
1.058040000000000000e+05
1.061050000000000000e+05
1.064530000000000000e+05
1.067370000000000000e+05
1.069580000000000000e+05
1.072030000000000000e+05
1.075830000000000000e+05
1.079010000000000000e+05
1.080860000000000000e+05
1.082680000000000000e+05
1.084680000000000000e+05
1.087320000000000000e+05
1.089660000000000000e+05
1.093640000000000000e+05
1.096840000000000000e+05
1.101260000000000000e+05
1.101260000000000000e+05
1.108730000000000000e+05
1.111750000000000000e+05
1.116160000000000000e+05
1.119990000000000000e+05
1.123200000000000000e+05
1.126220000000000000e+05
1.130020000000000000e+05
1.133280000000000000e+05
1.136520000000000000e+05
1.139820000000000000e+05
1.142990000000000000e+05
1.149250000000000000e+05
1.154260000000000000e+05
1.154260000000000000e+05
1.163650000000000000e+05
1.167850000000000000e+05
1.171150000000000000e+05
1.174470000000000000e+05
1.178670000000000000e+05
1.183850000000000000e+05
1.188870000000000000e+05
1.192910000000000000e+05
1.196770000000000000e+05
1.202040000000000000e+05
1.206440000000000000e+05
1.210940000000000000e+05
1.215690000000000000e+05
1.220810000000000000e+05
1.225310000000000000e+05
1.229910000000000000e+05
1.234110000000000000e+05
1.238110000000000000e+05
1.242530000000000000e+05
1.247340000000000000e+05
1.251790000000000000e+05
1.255650000000000000e+05
1.259240000000000000e+05
1.263420000000000000e+05
1.267920000000000000e+05
1.271430000000000000e+05
1.275980000000000000e+05
1.280880000000000000e+05
1.285790000000000000e+05
1.290270000000000000e+05
1.294870000000000000e+05
1.299270000000000000e+05
1.303790000000000000e+05
1.308340000000000000e+05
1.308340000000000000e+05
1.316470000000000000e+05
1.320520000000000000e+05
1.325030000000000000e+05
1.330340000000000000e+05
1.334540000000000000e+05
1.339340000000000000e+05
1.343940000000000000e+05
1.348390000000000000e+05
1.353890000000000000e+05
1.353890000000000000e+05
1.362690000000000000e+05
1.367100000000000000e+05
1.371410000000000000e+05
1.371410000000000000e+05
1.379480000000000000e+05
1.384110000000000000e+05
1.388410000000000000e+05
1.393140000000000000e+05
1.397310000000000000e+05
1.402390000000000000e+05
1.407580000000000000e+05
1.412600000000000000e+05
1.412600000000000000e+05
1.423810000000000000e+05
1.429090000000000000e+05
1.434680000000000000e+05
1.442290000000000000e+05
1.452930000000000000e+05
1.461960000000000000e+05
1.471630000000000000e+05
1.478460000000000000e+05
1.486560000000000000e+05
1.494590000000000000e+05
1.503740000000000000e+05
1.503740000000000000e+05
1.522010000000000000e+05
1.530630000000000000e+05
1.540230000000000000e+05
1.548110000000000000e+05
1.556620000000000000e+05
1.564720000000000000e+05
1.574860000000000000e+05
1.583990000000000000e+05
1.595470000000000000e+05
1.606200000000000000e+05
1.618200000000000000e+05
1.629360000000000000e+05
1.645300000000000000e+05
1.659590000000000000e+05
1.668260000000000000e+05
1.684180000000000000e+05
1.696850000000000000e+05
1.710430000000000000e+05
1.720350000000000000e+05
1.730970000000000000e+05
1.730970000000000000e+05
1.752420000000000000e+05
1.760580000000000000e+05
1.770820000000000000e+05
1.780720000000000000e+05
1.792000000000000000e+05
1.803010000000000000e+05
1.803010000000000000e+05
1.827570000000000000e+05
1.841610000000000000e+05
1.853120000000000000e+05
1.863880000000000000e+05
1.876650000000000000e+05
1.889470000000000000e+05
1.907680000000000000e+05
1.920750000000000000e+05
1.930890000000000000e+05
1.941660000000000000e+05
1.953800000000000000e+05
1.967590000000000000e+05
1.967590000000000000e+05
1.992020000000000000e+05
2.003810000000000000e+05
2.016460000000000000e+05
2.026250000000000000e+05
2.035230000000000000e+05
2.046150000000000000e+05
2.055750000000000000e+05
2.069210000000000000e+05
2.082180000000000000e+05
2.094950000000000000e+05
2.104350000000000000e+05
2.112880000000000000e+05
2.121990000000000000e+05
2.133650000000000000e+05
2.145900000000000000e+05
2.156400000000000000e+05
2.167460000000000000e+05
2.177980000000000000e+05
2.189560000000000000e+05
2.199710000000000000e+05
2.211080000000000000e+05
2.225310000000000000e+05
2.237880000000000000e+05
2.252660000000000000e+05
2.265480000000000000e+05
2.276990000000000000e+05
2.289980000000000000e+05
2.302480000000000000e+05
2.315580000000000000e+05
2.330280000000000000e+05
2.343930000000000000e+05
2.357950000000000000e+05
2.369830000000000000e+05
2.382410000000000000e+05
2.394800000000000000e+05
2.409330000000000000e+05
2.423570000000000000e+05
2.438400000000000000e+05
2.438400000000000000e+05
2.469830000000000000e+05
2.480660000000000000e+05
2.490390000000000000e+05
2.505280000000000000e+05
2.505280000000000000e+05
2.515870000000000000e+05
2.539460000000000000e+05
2.552560000000000000e+05
2.564810000000000000e+05
2.577200000000000000e+05
2.589540000000000000e+05
2.602240000000000000e+05
2.614110000000000000e+05
2.626770000000000000e+05
2.638300000000000000e+05
2.649210000000000000e+05
2.662310000000000000e+05
2.662310000000000000e+05
2.688720000000000000e+05
2.699710000000000000e+05
2.709960000000000000e+05
2.720290000000000000e+05
2.733410000000000000e+05
2.745220000000000000e+05
2.757120000000000000e+05
2.769520000000000000e+05
2.769520000000000000e+05
2.791770000000000000e+05
2.802690000000000000e+05
2.802690000000000000e+05
2.822010000000000000e+05
2.832150000000000000e+05
2.844350000000000000e+05
2.857760000000000000e+05
2.867950000000000000e+05
2.877200000000000000e+05
2.888640000000000000e+05
2.901810000000000000e+05
2.915560000000000000e+05
2.925670000000000000e+05
2.936720000000000000e+05
2.946070000000000000e+05
0.000000000000000000e+00
0.000000000000000000e+00
0.000000000000000000e+00
0.000000000000000000e+00
0.000000000000000000e+00
0.000000000000000000e+00
0.000000000000000000e+00
0.000000000000000000e+00
0.000000000000000000e+00
0.000000000000000000e+00
0.000000000000000000e+00
0.000000000000000000e+00
0.000000000000000000e+00
0.000000000000000000e+00
0.000000000000000000e+00
0.000000000000000000e+00
0.000000000000000000e+00
0.000000000000000000e+00
0.000000000000000000e+00
0.000000000000000000e+00
0.000000000000000000e+00
0.000000000000000000e+00
0.000000000000000000e+00
0.000000000000000000e+00
0.000000000000000000e+00
0.000000000000000000e+00
0.000000000000000000e+00
0.000000000000000000e+00
0.000000000000000000e+00
0.000000000000000000e+00
0.000000000000000000e+00
0.000000000000000000e+00
0.000000000000000000e+00
0.000000000000000000e+00
0.000000000000000000e+00
0.000000000000000000e+00
0.000000000000000000e+00
0.000000000000000000e+00
0.000000000000000000e+00
0.000000000000000000e+00
0.000000000000000000e+00
0.000000000000000000e+00
0.000000000000000000e+00
0.000000000000000000e+00
0.000000000000000000e+00
0.000000000000000000e+00
0.000000000000000000e+00
0.000000000000000000e+00
0.000000000000000000e+00
0.000000000000000000e+00
0.000000000000000000e+00
0.000000000000000000e+00
0.000000000000000000e+00
0.000000000000000000e+00
0.000000000000000000e+00
0.000000000000000000e+00
0.000000000000000000e+00
0.000000000000000000e+00
0.000000000000000000e+00
0.000000000000000000e+00
0.000000000000000000e+00
0.000000000000000000e+00
0.000000000000000000e+00
0.000000000000000000e+00
0.000000000000000000e+00
0.000000000000000000e+00
0.000000000000000000e+00
0.000000000000000000e+00
0.000000000000000000e+00
0.000000000000000000e+00
0.000000000000000000e+00
0.000000000000000000e+00
0.000000000000000000e+00
0.000000000000000000e+00
0.000000000000000000e+00
0.000000000000000000e+00
0.000000000000000000e+00
0.000000000000000000e+00
0.000000000000000000e+00
0.000000000000000000e+00
0.000000000000000000e+00
0.000000000000000000e+00
0.000000000000000000e+00
0.000000000000000000e+00
0.000000000000000000e+00
0.000000000000000000e+00
0.000000000000000000e+00
0.000000000000000000e+00
0.000000000000000000e+00
0.000000000000000000e+00
0.000000000000000000e+00
0.000000000000000000e+00
0.000000000000000000e+00
0.000000000000000000e+00
0.000000000000000000e+00
0.000000000000000000e+00
0.000000000000000000e+00
0.000000000000000000e+00
0.000000000000000000e+00
0.000000000000000000e+00
0.000000000000000000e+00
0.000000000000000000e+00
0.000000000000000000e+00
0.000000000000000000e+00
0.000000000000000000e+00
0.000000000000000000e+00
0.000000000000000000e+00
0.000000000000000000e+00
0.000000000000000000e+00
0.000000000000000000e+00
0.000000000000000000e+00
0.000000000000000000e+00
0.000000000000000000e+00
0.000000000000000000e+00
0.000000000000000000e+00
0.000000000000000000e+00
0.000000000000000000e+00
0.000000000000000000e+00
0.000000000000000000e+00
0.000000000000000000e+00
0.000000000000000000e+00
0.000000000000000000e+00
0.000000000000000000e+00
0.000000000000000000e+00
0.000000000000000000e+00
0.000000000000000000e+00
0.000000000000000000e+00
0.000000000000000000e+00
0.000000000000000000e+00
0.000000000000000000e+00
0.000000000000000000e+00
0.000000000000000000e+00
0.000000000000000000e+00
0.000000000000000000e+00
0.000000000000000000e+00
0.000000000000000000e+00
0.000000000000000000e+00
0.000000000000000000e+00
0.000000000000000000e+00
0.000000000000000000e+00
0.000000000000000000e+00
0.000000000000000000e+00
0.000000000000000000e+00
0.000000000000000000e+00
0.000000000000000000e+00
0.000000000000000000e+00
0.000000000000000000e+00
0.000000000000000000e+00
0.000000000000000000e+00
0.000000000000000000e+00
0.000000000000000000e+00
0.000000000000000000e+00
0.000000000000000000e+00
0.000000000000000000e+00
0.000000000000000000e+00
0.000000000000000000e+00
0.000000000000000000e+00
0.000000000000000000e+00
0.000000000000000000e+00
0.000000000000000000e+00
0.000000000000000000e+00
0.000000000000000000e+00
0.000000000000000000e+00
0.000000000000000000e+00
0.000000000000000000e+00
0.000000000000000000e+00
0.000000000000000000e+00
0.000000000000000000e+00
0.000000000000000000e+00
0.000000000000000000e+00
0.000000000000000000e+00
0.000000000000000000e+00
0.000000000000000000e+00
0.000000000000000000e+00
0.000000000000000000e+00
0.000000000000000000e+00
0.000000000000000000e+00
0.000000000000000000e+00
0.000000000000000000e+00
0.000000000000000000e+00
0.000000000000000000e+00
0.000000000000000000e+00
0.000000000000000000e+00
0.000000000000000000e+00
0.000000000000000000e+00
0.000000000000000000e+00
0.000000000000000000e+00
0.000000000000000000e+00
0.000000000000000000e+00
0.000000000000000000e+00
0.000000000000000000e+00
0.000000000000000000e+00
0.000000000000000000e+00
0.000000000000000000e+00
0.000000000000000000e+00
0.000000000000000000e+00
0.000000000000000000e+00
0.000000000000000000e+00
0.000000000000000000e+00
0.000000000000000000e+00
0.000000000000000000e+00
0.000000000000000000e+00
0.000000000000000000e+00
0.000000000000000000e+00
0.000000000000000000e+00
0.000000000000000000e+00
0.000000000000000000e+00
0.000000000000000000e+00
0.000000000000000000e+00
0.000000000000000000e+00
0.000000000000000000e+00
0.000000000000000000e+00
0.000000000000000000e+00
0.000000000000000000e+00
0.000000000000000000e+00
0.000000000000000000e+00
0.000000000000000000e+00
0.000000000000000000e+00
0.000000000000000000e+00
0.000000000000000000e+00
0.000000000000000000e+00
0.000000000000000000e+00
0.000000000000000000e+00
0.000000000000000000e+00
0.000000000000000000e+00
0.000000000000000000e+00
0.000000000000000000e+00
0.000000000000000000e+00
0.000000000000000000e+00
0.000000000000000000e+00
0.000000000000000000e+00
0.000000000000000000e+00
0.000000000000000000e+00
0.000000000000000000e+00
0.000000000000000000e+00
0.000000000000000000e+00
0.000000000000000000e+00
0.000000000000000000e+00
0.000000000000000000e+00
0.000000000000000000e+00
0.000000000000000000e+00
0.000000000000000000e+00
0.000000000000000000e+00
0.000000000000000000e+00
0.000000000000000000e+00
0.000000000000000000e+00
0.000000000000000000e+00
