8.439035749188496993e+03
9.072797758137216078e+03
9.724240782696222595e+03
1.020758938987847432e+04
1.064662901127716577e+04
8.947990472974142904e+03
9.136003631952829892e+03
9.309018236593927213e+03
9.324084763997861955e+03
9.362630543508945266e+03
9.255669396311555829e+03
9.142960482184585999e+03
6.945812713220611840e+03
6.701502319925895790e+03
6.519214553969989538e+03
6.264413306076692606e+03
6.124282815249793202e+03
5.932786157973770059e+03
5.829760083905617648e+03
3.733743754974954754e+03
3.676507477061162717e+03
3.759188287469767602e+03
3.836929575750918957e+03
4.084660054029950516e+03
4.322545931795006254e+03
4.675523399138301102e+03
3.046595273078610717e+03
3.451843380824629094e+03
3.977048659422890069e+03
4.462801353122345063e+03
5.070722362977421653e+03
5.609316306487893598e+03
6.193851454665764322e+03
4.719940178457000002e+03
5.198763266888203361e+03
5.713824132764735623e+03
6.106111735572631005e+03
6.540292228824776430e+03
6.830451360742984434e+03
7.099786723497669300e+03
5.253929731537955377e+03
5.315849055277309162e+03
5.382231736360548894e+03
5.308232548579648210e+03
5.273224502857744483e+03
5.106086172974217334e+03
4.944438921749027941e+03
2.707527800654729162e+03
2.430711227308464004e+03
2.221468126536458840e+03
1.943824265585307558e+03
1.783840223158792696e+03
1.574704304248810786e+03
1.455848988110305527e+03
-6.542120921815417205e+02
-7.233606758824898861e+02
-6.497567411949489724e+02
-5.772298208099164185e+02
-3.295423522260643949e+02
-8.498976694190514536e+01
