2.144684712522494010e+02
3.100801868423366159e+02
2.913881131771022410e+02
2.136165444793118127e+02
2.527787707873059730e+02
1.807392015764864368e+02
9.778480037550367854e+01
5.495123429899618372e+01
1.376368169008912901e+02
1.085343439982696339e+02
2.288816007981313305e+01
5.668188766167314441e+01
-1.829669667524687782e+01
-1.018804229340187533e+02
-1.431918435996047378e+02
-5.702377128489098368e+01
-8.090130155318149718e+01
-1.598181599194700766e+02
-1.180421257982495149e+02
-1.840432381554072094e+02
-2.579117528696785939e+02
-2.890207500554105877e+02
-1.924006257412336254e+02
-2.057956829744844072e+02
-2.743957927907102885e+02
-2.226379857083628906e+02
-2.791317602151885922e+02
-3.440751319022493817e+02
-3.669163460413737994e+02
-2.627284832025598007e+02
-2.692671394705286616e+02
-3.317040908676256095e+02
-2.744317167002271844e+02
-3.259918600751036024e+02
-3.864960222277748585e+02
-4.052916716153486618e+02
-2.973417450118349166e+02
-3.002873639100174614e+02
-3.591865163512085246e+02
-2.983233228828227652e+02
-3.461414168495876424e+02
-4.026681998406469347e+02
-4.171846334548480399e+02
-3.046075442046389981e+02
-3.025543865071666687e+02
-3.560831596405794244e+02
-2.895020685446463631e+02
-3.313024558089550737e+02
-3.815817885653818848e+02
-3.897114091169402741e+02
-2.707160968742099953e+02
-2.623354780292102646e+02
-3.097600881249537679e+02
-2.374368010088888354e+02
-2.739972856704101787e+02
-3.196764152333585116e+02
-3.239754796670923156e+02
-2.020373903862409577e+02
-1.917040474861926782e+02
-2.382487988138437913e+02
