5.714668662739697538e+03
5.713301388292196862e+03
5.712506558008087268e+03
5.711398173830802989e+03
5.711252015209390265e+03
5.711560346602353093e+03
5.710470878182817614e+03
5.710045262542464116e+03
5.708306973983811076e+03
5.707264468350143034e+03
5.706031857823813880e+03
5.705882179090855971e+03
5.706302246045385800e+03
5.705431829639956959e+03
5.705322440484485924e+03
5.703985551675887109e+03
5.703416149067545120e+03
5.702713831364267207e+03
5.703136525455907758e+03
5.704155794631577919e+03
5.703896468609468684e+03
5.704395857585488557e+03
5.703652375054816730e+03
5.703649444940893773e+03
5.703476905141331372e+03
5.704384964331484298e+03
5.705839683050686290e+03
5.705962703536700246e+03
5.706790488316861229e+03
5.706322892448050879e+03
5.706546947397620897e+03
5.706558073369152225e+03
5.707613783693789628e+03
5.709188860963982734e+03
5.709414739627599374e+03
5.710338366585410768e+03
5.709970377141489735e+03
5.710308477293922806e+03
5.710458262299220223e+03
5.711686547989117571e+03
5.713476206703257958e+03
5.713965253693658269e+03
5.715205465285137507e+03
5.715210374182131090e+03
5.715978538995517738e+03
5.716614321861526150e+03
5.718381252292870158e+03
5.720756968451116336e+03
5.721872478697508086e+03
5.723771019465727477e+03
5.724456347517579161e+03
5.725916354451790539e+03
5.727244226535784037e+03
5.729692215923827462e+03
5.732727001464190835e+03
5.734469368450971160e+03
5.736953469759791915e+03
5.738175493139479840e+03
5.740117609966829150e+03
5.741869417089195849e+03
