-3.117384561290347847e+03
-3.200592974156411856e+03
-3.289659909789849280e+03
-3.358574880815504002e+03
-3.588924332556834088e+03
-3.675910852677717685e+03
-3.771064502743676258e+03
-3.899652416561916198e+03
-3.982860829428181205e+03
-4.071927765061507671e+03
-4.140842736086991863e+03
-4.371192187828634815e+03
-4.458178707949549789e+03
-4.553332358015479258e+03
-4.681920271833742845e+03
-4.765128684699981932e+03
-4.854195620333176521e+03
-4.923110591358739839e+03
-5.153460043100262737e+03
-5.240446563221116776e+03
-5.335600213287120823e+03
-5.464188127105311651e+03
-5.547396539971739003e+03
-5.636463475604857194e+03
-5.705378446630454164e+03
-5.935727898372064374e+03
-6.022714418492938421e+03
-6.117868068558751474e+03
-6.246455982377070541e+03
-6.329664395243238687e+03
-6.418731330876449647e+03
-6.487646301901964762e+03
-6.717995753643853277e+03
-6.804982273764650017e+03
-6.900135923830403954e+03
-7.028723837648806693e+03
-7.111932250514995758e+03
-7.200999186148386798e+03
-7.269914157173679087e+03
-7.500263608915580335e+03
-7.587250129036349790e+03
-7.682403779102263798e+03
-7.810991692920453715e+03
-7.894200105786742824e+03
-7.983267041419990164e+03
-8.052182012445427063e+03
-8.282531464187282836e+03
-8.369517984307894949e+03
-8.464671634373731649e+03
-8.593259548192023431e+03
-8.676467961058253422e+03
-8.765534896691659014e+03
-8.834449867717152301e+03
-9.064799319458761602e+03
-9.151785839579750245e+03
-9.246939489645546928e+03
-9.375527403463782321e+03
-9.458735816330012312e+03
-9.547802751963456103e+03
-9.616717722988902096e+03
