0.000000000000000000e+00
0.000000000000000000e+00
0.000000000000000000e+00
0.000000000000000000e+00
0.000000000000000000e+00
0.000000000000000000e+00
0.000000000000000000e+00
0.000000000000000000e+00
2.000000000000000000e+00
2.000000000000000000e+00
2.000000000000000000e+00
2.000000000000000000e+00
2.000000000000000000e+00
2.000000000000000000e+00
2.000000000000000000e+00
2.000000000000000000e+00
2.000000000000000000e+00
2.000000000000000000e+00
2.000000000000000000e+00
2.000000000000000000e+00
2.000000000000000000e+00
2.000000000000000000e+00
8.000000000000000000e+00
8.000000000000000000e+00
8.000000000000000000e+00
8.000000000000000000e+00
1.000000000000000000e+01
1.000000000000000000e+01
1.000000000000000000e+01
1.000000000000000000e+01
1.100000000000000000e+01
1.100000000000000000e+01
1.100000000000000000e+01
1.100000000000000000e+01
1.100000000000000000e+01
1.100000000000000000e+01
1.100000000000000000e+01
1.100000000000000000e+01
1.100000000000000000e+01
1.100000000000000000e+01
1.100000000000000000e+01
1.100000000000000000e+01
1.100000000000000000e+01
2.100000000000000000e+01
2.100000000000000000e+01
2.100000000000000000e+01
2.100000000000000000e+01
2.100000000000000000e+01
2.100000000000000000e+01
2.100000000000000000e+01
2.100000000000000000e+01
2.300000000000000000e+01
2.300000000000000000e+01
2.300000000000000000e+01
2.300000000000000000e+01
2.300000000000000000e+01
2.300000000000000000e+01
2.600000000000000000e+01
2.600000000000000000e+01
2.600000000000000000e+01
8.800000000000000000e+01
8.800000000000000000e+01
1.150000000000000000e+02
1.190000000000000000e+02
1.720000000000000000e+02
1.940000000000000000e+02
2.440000000000000000e+02
2.440000000000000000e+02
2.570000000000000000e+02
3.580000000000000000e+02
4.220000000000000000e+02
5.200000000000000000e+02
6.490000000000000000e+02
7.010000000000000000e+02
7.570000000000000000e+02
1.080000000000000000e+03
1.080000000000000000e+03
1.080000000000000000e+03
1.472000000000000000e+03
1.793000000000000000e+03
1.806000000000000000e+03
1.806000000000000000e+03
1.806000000000000000e+03
2.186000000000000000e+03
2.186000000000000000e+03
2.355000000000000000e+03
3.808000000000000000e+03
4.124000000000000000e+03
4.124000000000000000e+03
4.291000000000000000e+03
4.695000000000000000e+03
4.932000000000000000e+03
5.047000000000000000e+03
5.136000000000000000e+03
5.376000000000000000e+03
5.541000000000000000e+03
5.588000000000000000e+03
5.665000000000000000e+03
5.715000000000000000e+03
5.742000000000000000e+03
5.775000000000000000e+03
5.814000000000000000e+03
5.849000000000000000e+03
5.887000000000000000e+03
5.975000000000000000e+03
6.031000000000000000e+03
6.078000000000000000e+03
6.122000000000000000e+03
6.141000000000000000e+03
6.167000000000000000e+03
6.213000000000000000e+03
6.270000000000000000e+03
6.297000000000000000e+03
6.334000000000000000e+03
6.359000000000000000e+03
6.364000000000000000e+03
6.392000000000000000e+03
6.413000000000000000e+03
6.431000000000000000e+03
6.470000000000000000e+03
6.478000000000000000e+03
6.485000000000000000e+03
6.508000000000000000e+03
6.531000000000000000e+03
6.552000000000000000e+03
6.560000000000000000e+03
6.579000000000000000e+03
6.576000000000000000e+03
6.605000000000000000e+03
6.614000000000000000e+03
6.618000000000000000e+03
6.626000000000000000e+03
6.636000000000000000e+03
6.648000000000000000e+03
6.683000000000000000e+03
6.688000000000000000e+03
6.703000000000000000e+03
6.706000000000000000e+03
6.720000000000000000e+03
6.740000000000000000e+03
6.759000000000000000e+03
6.782000000000000000e+03
6.803000000000000000e+03
6.838000000000000000e+03
6.851000000000000000e+03
6.856000000000000000e+03
6.861000000000000000e+03
6.877000000000000000e+03
6.878000000000000000e+03
6.881000000000000000e+03
6.896000000000000000e+03
6.903000000000000000e+03
6.915000000000000000e+03
6.924000000000000000e+03
6.931000000000000000e+03
6.958000000000000000e+03
6.960000000000000000e+03
6.993000000000000000e+03
7.007000000000000000e+03
7.037000000000000000e+03
7.040000000000000000e+03
7.090000000000000000e+03
7.130000000000000000e+03
7.319000000000000000e+03
7.399000000000000000e+03
7.420000000000000000e+03
7.455000000000000000e+03
7.487000000000000000e+03
7.573000000000000000e+03
7.576000000000000000e+03
7.733000000000000000e+03
7.727000000000000000e+03
7.769000000000000000e+03
7.835000000000000000e+03
7.928000000000000000e+03
8.035000000000000000e+03
8.114000000000000000e+03
8.162000000000000000e+03
8.274000000000000000e+03
8.395000000000000000e+03
8.398000000000000000e+03
8.545000000000000000e+03
8.770000000000000000e+03
8.775000000000000000e+03
8.938000000000000000e+03
9.019000000000000000e+03
9.174000000000000000e+03
9.311000000000000000e+03
9.617000000000000000e+03
9.619000000000000000e+03
9.759000000000000000e+03
9.983000000000000000e+03
7.213000000000000000e+03
7.631000000000000000e+03
7.631000000000000000e+03
7.805000000000000000e+03
7.947000000000000000e+03
8.125000000000000000e+03
8.566000000000000000e+03
8.880000000000000000e+03
8.882000000000000000e+03
9.150000000000000000e+03
9.401000000000000000e+03
9.785000000000000000e+03
1.000700000000000000e+04
1.063800000000000000e+04
1.064100000000000000e+04
1.109100000000000000e+04
1.154400000000000000e+04
1.193500000000000000e+04
1.225400000000000000e+04
1.486000000000000000e+04
1.546600000000000000e+04
1.576600000000000000e+04
1.623900000000000000e+04
1.660900000000000000e+04
1.710600000000000000e+04
1.710700000000000000e+04
1.737300000000000000e+04
1.763900000000000000e+04
1.786600000000000000e+04
1.812200000000000000e+04
1.835600000000000000e+04
1.869500000000000000e+04
1.869800000000000000e+04
1.892000000000000000e+04
1.917800000000000000e+04
1.933600000000000000e+04
1.947300000000000000e+04
1.961000000000000000e+04
1.973100000000000000e+04
1.986900000000000000e+04
2.004500000000000000e+04
2.033500000000000000e+04
2.034600000000000000e+04
2.047100000000000000e+04
2.058500000000000000e+04
2.065800000000000000e+04
2.079800000000000000e+04
2.086000000000000000e+04
2.086700000000000000e+04
2.097400000000000000e+04
2.106900000000000000e+04
2.116300000000000000e+04
2.122400000000000000e+04
2.133500000000000000e+04
2.140700000000000000e+04
2.140700000000000000e+04
2.145600000000000000e+04
2.151500000000000000e+04
2.155800000000000000e+04
2.162300000000000000e+04
2.165500000000000000e+04
2.165900000000000000e+04
2.171900000000000000e+04
2.173500000000000000e+04
2.175900000000000000e+04
2.176100000000000000e+04
2.178600000000000000e+04
2.180600000000000000e+04
2.183900000000000000e+04
2.185500000000000000e+04
2.185500000000000000e+04
2.186600000000000000e+04
2.189500000000000000e+04
2.190600000000000000e+04
2.190700000000000000e+04
2.192000000000000000e+04
2.195500000000000000e+04
2.195600000000000000e+04
2.196600000000000000e+04
2.197000000000000000e+04
2.198400000000000000e+04
2.200700000000000000e+04
2.201800000000000000e+04
2.202800000000000000e+04
2.203400000000000000e+04
2.205100000000000000e+04
2.206500000000000000e+04
2.207200000000000000e+04
2.208400000000000000e+04
2.209100000000000000e+04
2.217300000000000000e+04
2.218800000000000000e+04
2.220400000000000000e+04
2.223600000000000000e+04
2.225700000000000000e+04
2.226700000000000000e+04
2.227400000000000000e+04
2.228700000000000000e+04
2.229500000000000000e+04
2.229500000000000000e+04
2.229800000000000000e+04
2.229800000000000000e+04
2.229900000000000000e+04
2.230300000000000000e+04
2.230700000000000000e+04
2.231100000000000000e+04
2.231200000000000000e+04
2.233300000000000000e+04
2.233800000000000000e+04
2.233900000000000000e+04
2.234100000000000000e+04
2.234800000000000000e+04
2.234900000000000000e+04
2.235200000000000000e+04
2.235800000000000000e+04
2.236200000000000000e+04
2.236900000000000000e+04
2.239000000000000000e+04
2.240400000000000000e+04
2.240700000000000000e+04
2.241100000000000000e+04
2.242000000000000000e+04
2.242300000000000000e+04
2.243100000000000000e+04
2.244300000000000000e+04
2.244800000000000000e+04
2.245300000000000000e+04
2.245600000000000000e+04
2.246000000000000000e+04
2.246100000000000000e+04
2.247300000000000000e+04
2.247400000000000000e+04
2.248000000000000000e+04
2.248400000000000000e+04
2.248500000000000000e+04
2.249800000000000000e+04
2.249800000000000000e+04
2.250400000000000000e+04
2.250700000000000000e+04
2.250800000000000000e+04
2.251200000000000000e+04
2.251700000000000000e+04
2.252400000000000000e+04
2.252600000000000000e+04
2.253000000000000000e+04
2.253200000000000000e+04
2.253500000000000000e+04
2.253600000000000000e+04
2.253900000000000000e+04
2.255400000000000000e+04
2.255800000000000000e+04
2.256400000000000000e+04
2.256500000000000000e+04
2.257300000000000000e+04
2.258100000000000000e+04
2.258100000000000000e+04
2.258800000000000000e+04
2.259200000000000000e+04
2.260000000000000000e+04
2.260600000000000000e+04
2.260600000000000000e+04
2.261200000000000000e+04
2.262100000000000000e+04
2.262700000000000000e+04
2.264300000000000000e+04
2.265000000000000000e+04
2.265700000000000000e+04
2.266800000000000000e+04
2.268400000000000000e+04
2.269200000000000000e+04
2.269800000000000000e+04
2.270900000000000000e+04
2.271600000000000000e+04
2.272500000000000000e+04
2.273500000000000000e+04
2.274800000000000000e+04
2.275900000000000000e+04
2.276100000000000000e+04
2.276600000000000000e+04
2.277900000000000000e+04
2.278100000000000000e+04
2.279100000000000000e+04
2.280200000000000000e+04
2.280500000000000000e+04
2.280800000000000000e+04
2.281400000000000000e+04
2.282200000000000000e+04
2.282200000000000000e+04
2.282500000000000000e+04
2.282700000000000000e+04
2.283000000000000000e+04
2.283700000000000000e+04
2.284400000000000000e+04
2.284600000000000000e+04
2.285000000000000000e+04
2.285400000000000000e+04
2.285800000000000000e+04
2.286400000000000000e+04
2.286600000000000000e+04
2.287000000000000000e+04
2.287100000000000000e+04
2.287400000000000000e+04
2.287900000000000000e+04
2.288100000000000000e+04
2.288200000000000000e+04
2.288500000000000000e+04
2.289200000000000000e+04
2.289700000000000000e+04
2.290000000000000000e+04
2.290200000000000000e+04
2.290300000000000000e+04
2.290900000000000000e+04
2.291400000000000000e+04
2.291700000000000000e+04
2.292000000000000000e+04
2.292400000000000000e+04
2.292600000000000000e+04
2.292800000000000000e+04
2.292900000000000000e+04
2.293100000000000000e+04
2.293600000000000000e+04
2.294500000000000000e+04
2.294900000000000000e+04
2.295200000000000000e+04
2.295700000000000000e+04
2.295700000000000000e+04
2.295800000000000000e+04
2.296000000000000000e+04
2.296200000000000000e+04
2.296300000000000000e+04
2.296500000000000000e+04
2.296600000000000000e+04
2.297100000000000000e+04
2.297700000000000000e+04
2.298200000000000000e+04
2.298800000000000000e+04
2.299100000000000000e+04
2.299400000000000000e+04
2.299600000000000000e+04
2.300400000000000000e+04
2.300500000000000000e+04
2.300500000000000000e+04
2.301200000000000000e+04
2.301400000000000000e+04
2.302500000000000000e+04
2.302700000000000000e+04
2.303200000000000000e+04
2.304800000000000000e+04
2.304900000000000000e+04
2.305600000000000000e+04
2.307100000000000000e+04
2.308000000000000000e+04
2.308300000000000000e+04
2.308500000000000000e+04
2.308700000000000000e+04
2.310400000000000000e+04
2.310800000000000000e+04
2.311400000000000000e+04
2.314700000000000000e+04
2.315800000000000000e+04
2.316000000000000000e+04
2.317300000000000000e+04
2.317700000000000000e+04
2.318100000000000000e+04
2.318300000000000000e+04
2.319100000000000000e+04
2.319500000000000000e+04
2.320900000000000000e+04
2.325300000000000000e+04
2.326000000000000000e+04
2.327100000000000000e+04
2.327900000000000000e+04
2.329400000000000000e+04
2.330800000000000000e+04
2.332700000000000000e+04
2.333000000000000000e+04
2.334900000000000000e+04
2.337700000000000000e+04
2.339600000000000000e+04
2.340700000000000000e+04
2.342900000000000000e+04
2.343700000000000000e+04
2.346000000000000000e+04
2.346600000000000000e+04
2.347400000000000000e+04
2.348400000000000000e+04
2.349000000000000000e+04
2.349300000000000000e+04
2.349400000000000000e+04
2.349900000000000000e+04
2.351100000000000000e+04
2.351800000000000000e+04
2.352500000000000000e+04
2.353300000000000000e+04
2.353900000000000000e+04
2.354900000000000000e+04
2.355700000000000000e+04
2.356000000000000000e+04
2.356800000000000000e+04
2.357100000000000000e+04
2.357500000000000000e+04
2.357900000000000000e+04
2.358100000000000000e+04
2.358300000000000000e+04
2.358400000000000000e+04
2.359500000000000000e+04
2.360100000000000000e+04
2.360100000000000000e+04
2.360300000000000000e+04
2.360700000000000000e+04
2.361700000000000000e+04
2.363000000000000000e+04
2.363900000000000000e+04
2.364800000000000000e+04
2.365300000000000000e+04
2.366400000000000000e+04
2.367600000000000000e+04
2.369200000000000000e+04
2.371000000000000000e+04
2.371600000000000000e+04
2.372000000000000000e+04
2.372700000000000000e+04
2.373400000000000000e+04
2.374200000000000000e+04
2.374700000000000000e+04
2.375000000000000000e+04
2.375200000000000000e+04
2.375900000000000000e+04
2.376500000000000000e+04
2.377800000000000000e+04
2.378100000000000000e+04
2.378800000000000000e+04
2.380600000000000000e+04
2.381100000000000000e+04
2.381900000000000000e+04
2.382900000000000000e+04
2.383700000000000000e+04
2.384100000000000000e+04
2.384300000000000000e+04
2.384600000000000000e+04
2.384800000000000000e+04
2.385000000000000000e+04
2.385200000000000000e+04
2.385800000000000000e+04
2.389100000000000000e+04
2.389800000000000000e+04
2.390700000000000000e+04
2.391100000000000000e+04
2.392000000000000000e+04
2.393500000000000000e+04
2.393900000000000000e+04
2.394400000000000000e+04
2.395900000000000000e+04
2.396500000000000000e+04
2.397300000000000000e+04
2.398500000000000000e+04
2.398600000000000000e+04
2.400100000000000000e+04
2.400100000000000000e+04
2.400800000000000000e+04
2.401300000000000000e+04
2.402200000000000000e+04
2.403600000000000000e+04
2.405900000000000000e+04
2.409300000000000000e+04
2.412400000000000000e+04
2.414100000000000000e+04
2.417200000000000000e+04
2.420300000000000000e+04
0.000000000000000000e+00
0.000000000000000000e+00
0.000000000000000000e+00
0.000000000000000000e+00
0.000000000000000000e+00
0.000000000000000000e+00
0.000000000000000000e+00
0.000000000000000000e+00
0.000000000000000000e+00
0.000000000000000000e+00
0.000000000000000000e+00
0.000000000000000000e+00
0.000000000000000000e+00
0.000000000000000000e+00
0.000000000000000000e+00
0.000000000000000000e+00
0.000000000000000000e+00
0.000000000000000000e+00
0.000000000000000000e+00
0.000000000000000000e+00
0.000000000000000000e+00
0.000000000000000000e+00
0.000000000000000000e+00
0.000000000000000000e+00
0.000000000000000000e+00
0.000000000000000000e+00
0.000000000000000000e+00
0.000000000000000000e+00
0.000000000000000000e+00
0.000000000000000000e+00
0.000000000000000000e+00
0.000000000000000000e+00
0.000000000000000000e+00
0.000000000000000000e+00
0.000000000000000000e+00
0.000000000000000000e+00
0.000000000000000000e+00
0.000000000000000000e+00
0.000000000000000000e+00
0.000000000000000000e+00
0.000000000000000000e+00
0.000000000000000000e+00
0.000000000000000000e+00
0.000000000000000000e+00
0.000000000000000000e+00
0.000000000000000000e+00
0.000000000000000000e+00
0.000000000000000000e+00
0.000000000000000000e+00
0.000000000000000000e+00
0.000000000000000000e+00
0.000000000000000000e+00
0.000000000000000000e+00
0.000000000000000000e+00
0.000000000000000000e+00
0.000000000000000000e+00
0.000000000000000000e+00
0.000000000000000000e+00
0.000000000000000000e+00
0.000000000000000000e+00
0.000000000000000000e+00
0.000000000000000000e+00
0.000000000000000000e+00
0.000000000000000000e+00
0.000000000000000000e+00
0.000000000000000000e+00
0.000000000000000000e+00
0.000000000000000000e+00
0.000000000000000000e+00
0.000000000000000000e+00
0.000000000000000000e+00
0.000000000000000000e+00
0.000000000000000000e+00
0.000000000000000000e+00
0.000000000000000000e+00
0.000000000000000000e+00
0.000000000000000000e+00
0.000000000000000000e+00
0.000000000000000000e+00
0.000000000000000000e+00
0.000000000000000000e+00
0.000000000000000000e+00
0.000000000000000000e+00
0.000000000000000000e+00
0.000000000000000000e+00
0.000000000000000000e+00
0.000000000000000000e+00
0.000000000000000000e+00
0.000000000000000000e+00
0.000000000000000000e+00
0.000000000000000000e+00
0.000000000000000000e+00
0.000000000000000000e+00
0.000000000000000000e+00
0.000000000000000000e+00
0.000000000000000000e+00
0.000000000000000000e+00
0.000000000000000000e+00
0.000000000000000000e+00
0.000000000000000000e+00
0.000000000000000000e+00
0.000000000000000000e+00
0.000000000000000000e+00
0.000000000000000000e+00
0.000000000000000000e+00
0.000000000000000000e+00
0.000000000000000000e+00
0.000000000000000000e+00
0.000000000000000000e+00
0.000000000000000000e+00
0.000000000000000000e+00
0.000000000000000000e+00
0.000000000000000000e+00
0.000000000000000000e+00
0.000000000000000000e+00
0.000000000000000000e+00
0.000000000000000000e+00
0.000000000000000000e+00
0.000000000000000000e+00
0.000000000000000000e+00
0.000000000000000000e+00
0.000000000000000000e+00
0.000000000000000000e+00
0.000000000000000000e+00
0.000000000000000000e+00
0.000000000000000000e+00
0.000000000000000000e+00
0.000000000000000000e+00
0.000000000000000000e+00
0.000000000000000000e+00
0.000000000000000000e+00
0.000000000000000000e+00
0.000000000000000000e+00
0.000000000000000000e+00
0.000000000000000000e+00
0.000000000000000000e+00
0.000000000000000000e+00
0.000000000000000000e+00
0.000000000000000000e+00
0.000000000000000000e+00
0.000000000000000000e+00
0.000000000000000000e+00
0.000000000000000000e+00
0.000000000000000000e+00
0.000000000000000000e+00
0.000000000000000000e+00
0.000000000000000000e+00
0.000000000000000000e+00
0.000000000000000000e+00
0.000000000000000000e+00
0.000000000000000000e+00
0.000000000000000000e+00
0.000000000000000000e+00
0.000000000000000000e+00
0.000000000000000000e+00
0.000000000000000000e+00
0.000000000000000000e+00
0.000000000000000000e+00
0.000000000000000000e+00
0.000000000000000000e+00
0.000000000000000000e+00
0.000000000000000000e+00
0.000000000000000000e+00
0.000000000000000000e+00
0.000000000000000000e+00
0.000000000000000000e+00
0.000000000000000000e+00
0.000000000000000000e+00
0.000000000000000000e+00
0.000000000000000000e+00
0.000000000000000000e+00
0.000000000000000000e+00
0.000000000000000000e+00
0.000000000000000000e+00
0.000000000000000000e+00
0.000000000000000000e+00
0.000000000000000000e+00
0.000000000000000000e+00
0.000000000000000000e+00
0.000000000000000000e+00
0.000000000000000000e+00
0.000000000000000000e+00
0.000000000000000000e+00
0.000000000000000000e+00
0.000000000000000000e+00
0.000000000000000000e+00
0.000000000000000000e+00
0.000000000000000000e+00
0.000000000000000000e+00
0.000000000000000000e+00
0.000000000000000000e+00
0.000000000000000000e+00
0.000000000000000000e+00
0.000000000000000000e+00
0.000000000000000000e+00
0.000000000000000000e+00
0.000000000000000000e+00
0.000000000000000000e+00
0.000000000000000000e+00
0.000000000000000000e+00
0.000000000000000000e+00
0.000000000000000000e+00
0.000000000000000000e+00
0.000000000000000000e+00
0.000000000000000000e+00
0.000000000000000000e+00
0.000000000000000000e+00
0.000000000000000000e+00
0.000000000000000000e+00
0.000000000000000000e+00
0.000000000000000000e+00
0.000000000000000000e+00
0.000000000000000000e+00
0.000000000000000000e+00
0.000000000000000000e+00
0.000000000000000000e+00
0.000000000000000000e+00
0.000000000000000000e+00
0.000000000000000000e+00
0.000000000000000000e+00
0.000000000000000000e+00
0.000000000000000000e+00
0.000000000000000000e+00
0.000000000000000000e+00
0.000000000000000000e+00
0.000000000000000000e+00
0.000000000000000000e+00
0.000000000000000000e+00
0.000000000000000000e+00
0.000000000000000000e+00
0.000000000000000000e+00
0.000000000000000000e+00
0.000000000000000000e+00
0.000000000000000000e+00
0.000000000000000000e+00
0.000000000000000000e+00
0.000000000000000000e+00
0.000000000000000000e+00
0.000000000000000000e+00
0.000000000000000000e+00
0.000000000000000000e+00
0.000000000000000000e+00
0.000000000000000000e+00
0.000000000000000000e+00
0.000000000000000000e+00
0.000000000000000000e+00
0.000000000000000000e+00
0.000000000000000000e+00
0.000000000000000000e+00
0.000000000000000000e+00
0.000000000000000000e+00
0.000000000000000000e+00
0.000000000000000000e+00
0.000000000000000000e+00
0.000000000000000000e+00
0.000000000000000000e+00
0.000000000000000000e+00
0.000000000000000000e+00
0.000000000000000000e+00
0.000000000000000000e+00
0.000000000000000000e+00
0.000000000000000000e+00
0.000000000000000000e+00
0.000000000000000000e+00
0.000000000000000000e+00
0.000000000000000000e+00
0.000000000000000000e+00
0.000000000000000000e+00
0.000000000000000000e+00
0.000000000000000000e+00
0.000000000000000000e+00
0.000000000000000000e+00
0.000000000000000000e+00
0.000000000000000000e+00
0.000000000000000000e+00
0.000000000000000000e+00
0.000000000000000000e+00
0.000000000000000000e+00
0.000000000000000000e+00
0.000000000000000000e+00
0.000000000000000000e+00
0.000000000000000000e+00
0.000000000000000000e+00
0.000000000000000000e+00
0.000000000000000000e+00
0.000000000000000000e+00
0.000000000000000000e+00
0.000000000000000000e+00
0.000000000000000000e+00
0.000000000000000000e+00
0.000000000000000000e+00
0.000000000000000000e+00
0.000000000000000000e+00
0.000000000000000000e+00
0.000000000000000000e+00
0.000000000000000000e+00
0.000000000000000000e+00
0.000000000000000000e+00
0.000000000000000000e+00
0.000000000000000000e+00
0.000000000000000000e+00
0.000000000000000000e+00
0.000000000000000000e+00
0.000000000000000000e+00
0.000000000000000000e+00
0.000000000000000000e+00
0.000000000000000000e+00
0.000000000000000000e+00
0.000000000000000000e+00
0.000000000000000000e+00
0.000000000000000000e+00
0.000000000000000000e+00
0.000000000000000000e+00
0.000000000000000000e+00
0.000000000000000000e+00
0.000000000000000000e+00
0.000000000000000000e+00
0.000000000000000000e+00
0.000000000000000000e+00
0.000000000000000000e+00
0.000000000000000000e+00
0.000000000000000000e+00
0.000000000000000000e+00
0.000000000000000000e+00
0.000000000000000000e+00
0.000000000000000000e+00
0.000000000000000000e+00
0.000000000000000000e+00
0.000000000000000000e+00
0.000000000000000000e+00
0.000000000000000000e+00
0.000000000000000000e+00
0.000000000000000000e+00
0.000000000000000000e+00
0.000000000000000000e+00
0.000000000000000000e+00
0.000000000000000000e+00
0.000000000000000000e+00
0.000000000000000000e+00
0.000000000000000000e+00
0.000000000000000000e+00
0.000000000000000000e+00
0.000000000000000000e+00
0.000000000000000000e+00
0.000000000000000000e+00
0.000000000000000000e+00
0.000000000000000000e+00
0.000000000000000000e+00
0.000000000000000000e+00
0.000000000000000000e+00
0.000000000000000000e+00
0.000000000000000000e+00
0.000000000000000000e+00
0.000000000000000000e+00
0.000000000000000000e+00
0.000000000000000000e+00
0.000000000000000000e+00
0.000000000000000000e+00
0.000000000000000000e+00
0.000000000000000000e+00
0.000000000000000000e+00
0.000000000000000000e+00
0.000000000000000000e+00
0.000000000000000000e+00
0.000000000000000000e+00
0.000000000000000000e+00
0.000000000000000000e+00
0.000000000000000000e+00
0.000000000000000000e+00
0.000000000000000000e+00
0.000000000000000000e+00
0.000000000000000000e+00
0.000000000000000000e+00
0.000000000000000000e+00
0.000000000000000000e+00
0.000000000000000000e+00
0.000000000000000000e+00
0.000000000000000000e+00
0.000000000000000000e+00
0.000000000000000000e+00
0.000000000000000000e+00
0.000000000000000000e+00
0.000000000000000000e+00
0.000000000000000000e+00
0.000000000000000000e+00
0.000000000000000000e+00
0.000000000000000000e+00
0.000000000000000000e+00
0.000000000000000000e+00
0.000000000000000000e+00
0.000000000000000000e+00
0.000000000000000000e+00
0.000000000000000000e+00
0.000000000000000000e+00
0.000000000000000000e+00
0.000000000000000000e+00
0.000000000000000000e+00
0.000000000000000000e+00
0.000000000000000000e+00
0.000000000000000000e+00
0.000000000000000000e+00
0.000000000000000000e+00
0.000000000000000000e+00
0.000000000000000000e+00
0.000000000000000000e+00
0.000000000000000000e+00
0.000000000000000000e+00
0.000000000000000000e+00
0.000000000000000000e+00
0.000000000000000000e+00
0.000000000000000000e+00
0.000000000000000000e+00
0.000000000000000000e+00
0.000000000000000000e+00
0.000000000000000000e+00
0.000000000000000000e+00
0.000000000000000000e+00
0.000000000000000000e+00
0.000000000000000000e+00
0.000000000000000000e+00
0.000000000000000000e+00
0.000000000000000000e+00
0.000000000000000000e+00
0.000000000000000000e+00
0.000000000000000000e+00
0.000000000000000000e+00
0.000000000000000000e+00
0.000000000000000000e+00
0.000000000000000000e+00
0.000000000000000000e+00
0.000000000000000000e+00
0.000000000000000000e+00
0.000000000000000000e+00
0.000000000000000000e+00
0.000000000000000000e+00
0.000000000000000000e+00
0.000000000000000000e+00
0.000000000000000000e+00
0.000000000000000000e+00
0.000000000000000000e+00
0.000000000000000000e+00
0.000000000000000000e+00
0.000000000000000000e+00
0.000000000000000000e+00
0.000000000000000000e+00
0.000000000000000000e+00
0.000000000000000000e+00
0.000000000000000000e+00
0.000000000000000000e+00
0.000000000000000000e+00
0.000000000000000000e+00
0.000000000000000000e+00
0.000000000000000000e+00
0.000000000000000000e+00
0.000000000000000000e+00
0.000000000000000000e+00
0.000000000000000000e+00
0.000000000000000000e+00
0.000000000000000000e+00
0.000000000000000000e+00
0.000000000000000000e+00
0.000000000000000000e+00
0.000000000000000000e+00
0.000000000000000000e+00
0.000000000000000000e+00
0.000000000000000000e+00
0.000000000000000000e+00
0.000000000000000000e+00
0.000000000000000000e+00
0.000000000000000000e+00
0.000000000000000000e+00
0.000000000000000000e+00
0.000000000000000000e+00
0.000000000000000000e+00
0.000000000000000000e+00
0.000000000000000000e+00
0.000000000000000000e+00
0.000000000000000000e+00
0.000000000000000000e+00
0.000000000000000000e+00
0.000000000000000000e+00
0.000000000000000000e+00
0.000000000000000000e+00
0.000000000000000000e+00
0.000000000000000000e+00
0.000000000000000000e+00
0.000000000000000000e+00
0.000000000000000000e+00
0.000000000000000000e+00
0.000000000000000000e+00
0.000000000000000000e+00
0.000000000000000000e+00
0.000000000000000000e+00
0.000000000000000000e+00
0.000000000000000000e+00
0.000000000000000000e+00
0.000000000000000000e+00
0.000000000000000000e+00
0.000000000000000000e+00
0.000000000000000000e+00
0.000000000000000000e+00
0.000000000000000000e+00
0.000000000000000000e+00
0.000000000000000000e+00
0.000000000000000000e+00
0.000000000000000000e+00
0.000000000000000000e+00
0.000000000000000000e+00
0.000000000000000000e+00
0.000000000000000000e+00
0.000000000000000000e+00
0.000000000000000000e+00
0.000000000000000000e+00
0.000000000000000000e+00
0.000000000000000000e+00
0.000000000000000000e+00
0.000000000000000000e+00
0.000000000000000000e+00
0.000000000000000000e+00
0.000000000000000000e+00
0.000000000000000000e+00
0.000000000000000000e+00
0.000000000000000000e+00
0.000000000000000000e+00
0.000000000000000000e+00
0.000000000000000000e+00
0.000000000000000000e+00
0.000000000000000000e+00
0.000000000000000000e+00
0.000000000000000000e+00
0.000000000000000000e+00
0.000000000000000000e+00
0.000000000000000000e+00
0.000000000000000000e+00
0.000000000000000000e+00
0.000000000000000000e+00
