0.000000000000000000e+00
0.000000000000000000e+00
0.000000000000000000e+00
0.000000000000000000e+00
0.000000000000000000e+00
0.000000000000000000e+00
0.000000000000000000e+00
0.000000000000000000e+00
0.000000000000000000e+00
0.000000000000000000e+00
0.000000000000000000e+00
0.000000000000000000e+00
0.000000000000000000e+00
0.000000000000000000e+00
0.000000000000000000e+00
0.000000000000000000e+00
0.000000000000000000e+00
0.000000000000000000e+00
0.000000000000000000e+00
0.000000000000000000e+00
0.000000000000000000e+00
0.000000000000000000e+00
0.000000000000000000e+00
0.000000000000000000e+00
0.000000000000000000e+00
0.000000000000000000e+00
0.000000000000000000e+00
0.000000000000000000e+00
0.000000000000000000e+00
0.000000000000000000e+00
0.000000000000000000e+00
0.000000000000000000e+00
0.000000000000000000e+00
0.000000000000000000e+00
0.000000000000000000e+00
0.000000000000000000e+00
0.000000000000000000e+00
0.000000000000000000e+00
0.000000000000000000e+00
1.000000000000000000e+00
1.000000000000000000e+00
1.000000000000000000e+00
2.000000000000000000e+00
2.000000000000000000e+00
2.000000000000000000e+00
2.000000000000000000e+00
3.000000000000000000e+00
3.000000000000000000e+00
3.000000000000000000e+00
3.000000000000000000e+00
3.000000000000000000e+00
3.000000000000000000e+00
3.000000000000000000e+00
3.000000000000000000e+00
3.000000000000000000e+00
5.000000000000000000e+00
6.000000000000000000e+00
6.000000000000000000e+00
7.000000000000000000e+00
7.000000000000000000e+00
7.000000000000000000e+00
7.000000000000000000e+00
8.000000000000000000e+00
8.000000000000000000e+00
1.300000000000000000e+01
1.300000000000000000e+01
1.400000000000000000e+01
1.600000000000000000e+01
1.700000000000000000e+01
1.800000000000000000e+01
2.000000000000000000e+01
2.400000000000000000e+01
2.800000000000000000e+01
3.000000000000000000e+01
3.500000000000000000e+01
4.000000000000000000e+01
4.500000000000000000e+01
5.000000000000000000e+01
5.100000000000000000e+01
5.400000000000000000e+01
5.700000000000000000e+01
6.000000000000000000e+01
6.100000000000000000e+01
6.200000000000000000e+01
6.300000000000000000e+01
6.300000000000000000e+01
6.600000000000000000e+01
6.700000000000000000e+01
6.700000000000000000e+01
6.700000000000000000e+01
6.700000000000000000e+01
6.700000000000000000e+01
7.500000000000000000e+01
7.900000000000000000e+01
8.000000000000000000e+01
8.300000000000000000e+01
8.300000000000000000e+01
8.900000000000000000e+01
9.100000000000000000e+01
9.300000000000000000e+01
9.300000000000000000e+01
9.400000000000000000e+01
9.500000000000000000e+01
9.600000000000000000e+01
9.700000000000000000e+01
9.700000000000000000e+01
9.700000000000000000e+01
9.700000000000000000e+01
9.700000000000000000e+01
9.700000000000000000e+01
9.700000000000000000e+01
9.800000000000000000e+01
9.800000000000000000e+01
9.800000000000000000e+01
9.800000000000000000e+01
9.800000000000000000e+01
9.900000000000000000e+01
9.900000000000000000e+01
1.000000000000000000e+02
1.000000000000000000e+02
1.010000000000000000e+02
1.010000000000000000e+02
1.020000000000000000e+02
1.020000000000000000e+02
1.020000000000000000e+02
1.030000000000000000e+02
1.030000000000000000e+02
1.030000000000000000e+02
1.030000000000000000e+02
1.030000000000000000e+02
1.030000000000000000e+02
1.020000000000000000e+02
1.020000000000000000e+02
1.020000000000000000e+02
1.020000000000000000e+02
1.020000000000000000e+02
1.020000000000000000e+02
1.020000000000000000e+02
1.020000000000000000e+02
1.020000000000000000e+02
1.020000000000000000e+02
1.020000000000000000e+02
1.020000000000000000e+02
1.020000000000000000e+02
1.020000000000000000e+02
1.020000000000000000e+02
1.020000000000000000e+02
1.020000000000000000e+02
1.020000000000000000e+02
1.020000000000000000e+02
1.020000000000000000e+02
1.020000000000000000e+02
1.020000000000000000e+02
1.030000000000000000e+02
1.040000000000000000e+02
1.040000000000000000e+02
1.040000000000000000e+02
1.040000000000000000e+02
1.040000000000000000e+02
1.040000000000000000e+02
1.040000000000000000e+02
1.040000000000000000e+02
1.040000000000000000e+02
1.040000000000000000e+02
1.040000000000000000e+02
1.060000000000000000e+02
1.060000000000000000e+02
1.060000000000000000e+02
1.060000000000000000e+02
1.060000000000000000e+02
1.070000000000000000e+02
1.080000000000000000e+02
1.080000000000000000e+02
1.080000000000000000e+02
1.110000000000000000e+02
1.130000000000000000e+02
1.160000000000000000e+02
1.180000000000000000e+02
1.220000000000000000e+02
1.230000000000000000e+02
1.260000000000000000e+02
1.280000000000000000e+02
1.330000000000000000e+02
1.390000000000000000e+02
1.450000000000000000e+02
1.550000000000000000e+02
1.610000000000000000e+02
1.670000000000000000e+02
1.760000000000000000e+02
1.890000000000000000e+02
1.960000000000000000e+02
2.010000000000000000e+02
2.080000000000000000e+02
2.210000000000000000e+02
2.320000000000000000e+02
2.470000000000000000e+02
2.550000000000000000e+02
2.660000000000000000e+02
2.780000000000000000e+02
2.950000000000000000e+02
3.130000000000000000e+02
3.310000000000000000e+02
3.520000000000000000e+02
3.610000000000000000e+02
3.750000000000000000e+02
3.790000000000000000e+02
3.960000000000000000e+02
4.210000000000000000e+02
4.380000000000000000e+02
4.500000000000000000e+02
4.630000000000000000e+02
4.720000000000000000e+02
4.850000000000000000e+02
5.020000000000000000e+02
5.170000000000000000e+02
5.250000000000000000e+02
5.490000000000000000e+02
5.720000000000000000e+02
5.830000000000000000e+02
6.000000000000000000e+02
6.110000000000000000e+02
6.520000000000000000e+02
6.570000000000000000e+02
6.630000000000000000e+02
6.780000000000000000e+02
7.370000000000000000e+02
7.480000000000000000e+02
7.530000000000000000e+02
7.620000000000000000e+02
7.700000000000000000e+02
7.810000000000000000e+02
7.880000000000000000e+02
7.970000000000000000e+02
8.030000000000000000e+02
8.100000000000000000e+02
8.160000000000000000e+02
8.160000000000000000e+02
8.240000000000000000e+02
8.320000000000000000e+02
8.370000000000000000e+02
8.440000000000000000e+02
8.490000000000000000e+02
8.510000000000000000e+02
8.540000000000000000e+02
8.590000000000000000e+02
8.610000000000000000e+02
8.690000000000000000e+02
8.700000000000000000e+02
8.720000000000000000e+02
8.750000000000000000e+02
8.820000000000000000e+02
8.860000000000000000e+02
8.880000000000000000e+02
8.900000000000000000e+02
8.930000000000000000e+02
8.940000000000000000e+02
8.940000000000000000e+02
8.950000000000000000e+02
8.970000000000000000e+02
8.970000000000000000e+02
8.970000000000000000e+02
8.970000000000000000e+02
8.980000000000000000e+02
8.980000000000000000e+02
8.990000000000000000e+02
9.040000000000000000e+02
9.040000000000000000e+02
9.040000000000000000e+02
9.040000000000000000e+02
9.040000000000000000e+02
9.050000000000000000e+02
9.050000000000000000e+02
9.050000000000000000e+02
9.050000000000000000e+02
9.050000000000000000e+02
9.050000000000000000e+02
9.050000000000000000e+02
9.050000000000000000e+02
9.050000000000000000e+02
9.070000000000000000e+02
9.070000000000000000e+02
9.070000000000000000e+02
9.070000000000000000e+02
9.070000000000000000e+02
9.070000000000000000e+02
9.070000000000000000e+02
9.070000000000000000e+02
9.070000000000000000e+02
9.070000000000000000e+02
9.070000000000000000e+02
9.070000000000000000e+02
9.070000000000000000e+02
9.070000000000000000e+02
9.070000000000000000e+02
9.070000000000000000e+02
9.070000000000000000e+02
9.070000000000000000e+02
9.070000000000000000e+02
9.070000000000000000e+02
9.070000000000000000e+02
9.070000000000000000e+02
9.070000000000000000e+02
9.070000000000000000e+02
9.070000000000000000e+02
9.070000000000000000e+02
9.070000000000000000e+02
9.070000000000000000e+02
9.070000000000000000e+02
9.070000000000000000e+02
9.070000000000000000e+02
9.070000000000000000e+02
9.070000000000000000e+02
9.080000000000000000e+02
9.080000000000000000e+02
9.080000000000000000e+02
9.080000000000000000e+02
9.080000000000000000e+02
9.080000000000000000e+02
9.080000000000000000e+02
9.080000000000000000e+02
9.080000000000000000e+02
9.080000000000000000e+02
9.080000000000000000e+02
9.080000000000000000e+02
9.080000000000000000e+02
9.080000000000000000e+02
9.080000000000000000e+02
9.080000000000000000e+02
9.080000000000000000e+02
9.080000000000000000e+02
9.080000000000000000e+02
9.080000000000000000e+02
9.080000000000000000e+02
9.080000000000000000e+02
9.080000000000000000e+02
9.080000000000000000e+02
9.080000000000000000e+02
9.080000000000000000e+02
9.080000000000000000e+02
9.080000000000000000e+02
9.090000000000000000e+02
9.090000000000000000e+02
9.090000000000000000e+02
9.090000000000000000e+02
9.090000000000000000e+02
9.090000000000000000e+02
9.090000000000000000e+02
9.090000000000000000e+02
9.090000000000000000e+02
9.090000000000000000e+02
9.090000000000000000e+02
9.090000000000000000e+02
9.090000000000000000e+02
9.090000000000000000e+02
9.090000000000000000e+02
9.090000000000000000e+02
9.090000000000000000e+02
9.090000000000000000e+02
9.090000000000000000e+02
9.090000000000000000e+02
9.090000000000000000e+02
9.090000000000000000e+02
9.090000000000000000e+02
9.090000000000000000e+02
9.090000000000000000e+02
9.090000000000000000e+02
9.090000000000000000e+02
9.090000000000000000e+02
9.090000000000000000e+02
9.090000000000000000e+02
9.090000000000000000e+02
9.090000000000000000e+02
9.090000000000000000e+02
9.090000000000000000e+02
9.090000000000000000e+02
9.090000000000000000e+02
9.090000000000000000e+02
9.090000000000000000e+02
9.090000000000000000e+02
9.090000000000000000e+02
9.090000000000000000e+02
9.090000000000000000e+02
9.090000000000000000e+02
9.090000000000000000e+02
9.090000000000000000e+02
9.090000000000000000e+02
9.090000000000000000e+02
9.090000000000000000e+02
9.090000000000000000e+02
9.090000000000000000e+02
9.090000000000000000e+02
9.090000000000000000e+02
9.090000000000000000e+02
9.090000000000000000e+02
9.090000000000000000e+02
9.090000000000000000e+02
9.090000000000000000e+02
9.090000000000000000e+02
9.090000000000000000e+02
9.090000000000000000e+02
9.090000000000000000e+02
9.090000000000000000e+02
9.090000000000000000e+02
9.090000000000000000e+02
9.090000000000000000e+02
9.090000000000000000e+02
9.090000000000000000e+02
9.090000000000000000e+02
9.090000000000000000e+02
9.090000000000000000e+02
9.090000000000000000e+02
9.090000000000000000e+02
9.090000000000000000e+02
9.090000000000000000e+02
9.090000000000000000e+02
9.090000000000000000e+02
9.090000000000000000e+02
9.090000000000000000e+02
9.090000000000000000e+02
9.090000000000000000e+02
9.090000000000000000e+02
9.090000000000000000e+02
9.090000000000000000e+02
9.090000000000000000e+02
9.090000000000000000e+02
9.090000000000000000e+02
9.090000000000000000e+02
9.090000000000000000e+02
9.090000000000000000e+02
9.090000000000000000e+02
9.090000000000000000e+02
9.090000000000000000e+02
9.090000000000000000e+02
9.090000000000000000e+02
9.090000000000000000e+02
9.090000000000000000e+02
9.090000000000000000e+02
9.090000000000000000e+02
9.090000000000000000e+02
9.090000000000000000e+02
9.090000000000000000e+02
9.090000000000000000e+02
9.090000000000000000e+02
9.090000000000000000e+02
9.090000000000000000e+02
9.090000000000000000e+02
9.100000000000000000e+02
9.100000000000000000e+02
9.100000000000000000e+02
9.100000000000000000e+02
9.100000000000000000e+02
9.100000000000000000e+02
9.100000000000000000e+02
9.100000000000000000e+02
9.100000000000000000e+02
9.100000000000000000e+02
9.100000000000000000e+02
9.100000000000000000e+02
9.100000000000000000e+02
9.100000000000000000e+02
9.100000000000000000e+02
9.100000000000000000e+02
9.100000000000000000e+02
9.100000000000000000e+02
9.100000000000000000e+02
9.100000000000000000e+02
9.100000000000000000e+02
9.100000000000000000e+02
9.100000000000000000e+02
9.100000000000000000e+02
9.100000000000000000e+02
9.100000000000000000e+02
9.100000000000000000e+02
9.100000000000000000e+02
9.100000000000000000e+02
9.100000000000000000e+02
9.100000000000000000e+02
9.100000000000000000e+02
9.100000000000000000e+02
9.100000000000000000e+02
9.100000000000000000e+02
9.100000000000000000e+02
9.100000000000000000e+02
9.100000000000000000e+02
9.100000000000000000e+02
9.100000000000000000e+02
9.100000000000000000e+02
9.100000000000000000e+02
9.100000000000000000e+02
9.100000000000000000e+02
9.100000000000000000e+02
9.100000000000000000e+02
9.100000000000000000e+02
9.100000000000000000e+02
9.100000000000000000e+02
9.100000000000000000e+02
9.100000000000000000e+02
9.100000000000000000e+02
9.100000000000000000e+02
9.100000000000000000e+02
9.100000000000000000e+02
9.100000000000000000e+02
9.100000000000000000e+02
9.100000000000000000e+02
9.100000000000000000e+02
9.100000000000000000e+02
9.100000000000000000e+02
9.100000000000000000e+02
9.100000000000000000e+02
9.100000000000000000e+02
9.100000000000000000e+02
9.100000000000000000e+02
9.100000000000000000e+02
9.100000000000000000e+02
9.100000000000000000e+02
9.100000000000000000e+02
9.100000000000000000e+02
9.100000000000000000e+02
9.100000000000000000e+02
9.100000000000000000e+02
9.100000000000000000e+02
9.100000000000000000e+02
9.100000000000000000e+02
9.100000000000000000e+02
9.100000000000000000e+02
9.100000000000000000e+02
9.100000000000000000e+02
9.100000000000000000e+02
9.100000000000000000e+02
9.100000000000000000e+02
9.100000000000000000e+02
9.100000000000000000e+02
9.100000000000000000e+02
9.100000000000000000e+02
9.100000000000000000e+02
9.110000000000000000e+02
9.110000000000000000e+02
9.120000000000000000e+02
9.120000000000000000e+02
9.120000000000000000e+02
9.120000000000000000e+02
9.130000000000000000e+02
9.140000000000000000e+02
9.140000000000000000e+02
9.150000000000000000e+02
9.150000000000000000e+02
9.150000000000000000e+02
9.160000000000000000e+02
9.160000000000000000e+02
9.180000000000000000e+02
9.180000000000000000e+02
9.220000000000000000e+02
9.210000000000000000e+02
9.230000000000000000e+02
9.230000000000000000e+02
9.240000000000000000e+02
9.240000000000000000e+02
9.250000000000000000e+02
9.250000000000000000e+02
9.270000000000000000e+02
9.320000000000000000e+02
9.330000000000000000e+02
9.390000000000000000e+02
9.380000000000000000e+02
9.390000000000000000e+02
9.430000000000000000e+02
9.450000000000000000e+02
9.470000000000000000e+02
9.490000000000000000e+02
9.530000000000000000e+02
9.580000000000000000e+02
9.660000000000000000e+02
9.670000000000000000e+02
9.700000000000000000e+02
9.720000000000000000e+02
9.760000000000000000e+02
9.780000000000000000e+02
9.810000000000000000e+02
9.840000000000000000e+02
9.840000000000000000e+02
9.860000000000000000e+02
9.890000000000000000e+02
9.910000000000000000e+02
9.930000000000000000e+02
9.990000000000000000e+02
1.003000000000000000e+03
1.006000000000000000e+03
