0.000000000000000000e+00
0.000000000000000000e+00
0.000000000000000000e+00
0.000000000000000000e+00
4.000000000000000000e+00
1.000000000000000000e+00
0.000000000000000000e+00
1.000000000000000000e+00
3.000000000000000000e+00
0.000000000000000000e+00
3.000000000000000000e+00
0.000000000000000000e+00
0.000000000000000000e+00
1.000000000000000000e+00
0.000000000000000000e+00
1.000000000000000000e+00
1.000000000000000000e+00
0.000000000000000000e+00
0.000000000000000000e+00
0.000000000000000000e+00
0.000000000000000000e+00
0.000000000000000000e+00
0.000000000000000000e+00
0.000000000000000000e+00
0.000000000000000000e+00
0.000000000000000000e+00
0.000000000000000000e+00
0.000000000000000000e+00
0.000000000000000000e+00
0.000000000000000000e+00
0.000000000000000000e+00
0.000000000000000000e+00
0.000000000000000000e+00
0.000000000000000000e+00
0.000000000000000000e+00
0.000000000000000000e+00
0.000000000000000000e+00
0.000000000000000000e+00
1.000000000000000000e+01
2.000000000000000000e+00
3.000000000000000000e+00
9.000000000000000000e+00
1.300000000000000000e+01
3.000000000000000000e+00
5.000000000000000000e+00
3.000000000000000000e+00
1.300000000000000000e+01
1.500000000000000000e+01
1.600000000000000000e+01
2.100000000000000000e+01
0.000000000000000000e+00
7.200000000000000000e+01
5.000000000000000000e+01
4.700000000000000000e+01
8.000000000000000000e+01
7.500000000000000000e+01
1.160000000000000000e+02
1.130000000000000000e+02
1.100000000000000000e+02
2.800000000000000000e+02
4.780000000000000000e+02
1.330000000000000000e+02
3.620000000000000000e+02
3.200000000000000000e+02
4.460000000000000000e+02
3.330000000000000000e+02
4.970000000000000000e+02
3.440000000000000000e+02
3.770000000000000000e+02
1.980000000000000000e+02
3.030000000000000000e+02
2.540000000000000000e+02
2.140000000000000000e+02
2.200000000000000000e+02
1.370000000000000000e+02
1.100000000000000000e+02
9.800000000000000000e+01
1.150000000000000000e+02
9.800000000000000000e+01
1.070000000000000000e+02
8.800000000000000000e+01
1.200000000000000000e+01
3.600000000000000000e+01
6.400000000000000000e+01
2.500000000000000000e+01
2.200000000000000000e+01
6.000000000000000000e+01
4.600000000000000000e+01
4.200000000000000000e+01
1.300000000000000000e+01
2.200000000000000000e+01
7.000000000000000000e+00
1.000000000000000000e+01
1.500000000000000000e+01
1.700000000000000000e+01
2.000000000000000000e+01
7.000000000000000000e+00
2.300000000000000000e+01
8.000000000000000000e+00
1.400000000000000000e+01
1.200000000000000000e+01
2.100000000000000000e+01
2.300000000000000000e+01
2.500000000000000000e+01
2.800000000000000000e+01
1.900000000000000000e+01
1.900000000000000000e+01
5.000000000000000000e+00
2.100000000000000000e+01
9.000000000000000000e+00
2.200000000000000000e+01
1.000000000000000000e+01
9.000000000000000000e+00
3.000000000000000000e+01
1.600000000000000000e+01
9.000000000000000000e+00
1.000000000000000000e+01
1.400000000000000000e+01
4.000000000000000000e+00
9.000000000000000000e+00
1.400000000000000000e+01
4.000000000000000000e+00
1.500000000000000000e+01
0.000000000000000000e+00
1.200000000000000000e+01
1.300000000000000000e+01
1.100000000000000000e+01
1.500000000000000000e+01
1.900000000000000000e+01
8.000000000000000000e+00
1.000000000000000000e+01
1.900000000000000000e+01
8.000000000000000000e+00
1.100000000000000000e+01
7.000000000000000000e+00
5.000000000000000000e+00
7.000000000000000000e+00
6.000000000000000000e+00
2.000000000000000000e+00
7.000000000000000000e+00
1.100000000000000000e+01
4.000000000000000000e+00
5.000000000000000000e+00
2.600000000000000000e+01
1.500000000000000000e+01
1.200000000000000000e+01
2.300000000000000000e+01
2.100000000000000000e+01
1.800000000000000000e+01
2.000000000000000000e+00
5.000000000000000000e+01
1.300000000000000000e+01
1.800000000000000000e+01
2.900000000000000000e+01
3.700000000000000000e+01
3.700000000000000000e+01
6.000000000000000000e+00
8.500000000000000000e+01
7.800000000000000000e+01
7.000000000000000000e+01
8.600000000000000000e+01
8.100000000000000000e+01
6.500000000000000000e+01
1.940000000000000000e+02
1.830000000000000000e+02
1.400000000000000000e+02
1.720000000000000000e+02
1.310000000000000000e+02
1.700000000000000000e+02
3.180000000000000000e+02
1.790000000000000000e+02
2.440000000000000000e+02
1.830000000000000000e+02
2.710000000000000000e+02
2.360000000000000000e+02
3.230000000000000000e+02
4.230000000000000000e+02
2.080000000000000000e+02
3.610000000000000000e+02
2.670000000000000000e+02
3.590000000000000000e+02
4.660000000000000000e+02
4.080000000000000000e+02
2.930000000000000000e+02
3.550000000000000000e+02
4.530000000000000000e+02
5.320000000000000000e+02
3.680000000000000000e+02
2.790000000000000000e+02
7.160000000000000000e+02
6.050000000000000000e+02
3.770000000000000000e+02
6.150000000000000000e+02
4.230000000000000000e+02
4.120000000000000000e+02
7.150000000000000000e+02
4.450000000000000000e+02
3.820000000000000000e+02
4.260000000000000000e+02
3.860000000000000000e+02
3.130000000000000000e+02
3.160000000000000000e+02
4.140000000000000000e+02
2.310000000000000000e+02
3.840000000000000000e+02
2.930000000000000000e+02
2.520000000000000000e+02
2.710000000000000000e+02
2.150000000000000000e+02
2.160000000000000000e+02
2.470000000000000000e+02
1.710000000000000000e+02
1.950000000000000000e+02
2.090000000000000000e+02
1.040000000000000000e+02
1.380000000000000000e+02
1.510000000000000000e+02
1.180000000000000000e+02
1.260000000000000000e+02
9.900000000000000000e+01
1.230000000000000000e+02
7.600000000000000000e+01
7.300000000000000000e+01
1.040000000000000000e+02
1.260000000000000000e+02
8.700000000000000000e+01
7.100000000000000000e+01
7.100000000000000000e+01
4.300000000000000000e+01
5.200000000000000000e+01
9.200000000000000000e+01
5.900000000000000000e+01
4.000000000000000000e+01
4.300000000000000000e+01
4.400000000000000000e+01
4.100000000000000000e+01
4.700000000000000000e+01
3.900000000000000000e+01
3.500000000000000000e+01
4.800000000000000000e+01
2.400000000000000000e+01
1.300000000000000000e+01
1.400000000000000000e+01
3.000000000000000000e+01
3.000000000000000000e+01
8.000000000000000000e+00
2.000000000000000000e+01
1.600000000000000000e+01
2.400000000000000000e+01
4.000000000000000000e+00
1.100000000000000000e+01
2.300000000000000000e+01
1.800000000000000000e+01
1.300000000000000000e+01
1.200000000000000000e+01
1.400000000000000000e+01
1.300000000000000000e+01
2.500000000000000000e+01
8.000000000000000000e+00
2.500000000000000000e+01
2.000000000000000000e+01
1.800000000000000000e+01
1.900000000000000000e+01
2.200000000000000000e+01
2.500000000000000000e+01
2.700000000000000000e+01
2.000000000000000000e+01
1.400000000000000000e+01
7.000000000000000000e+00
1.200000000000000000e+01
9.000000000000000000e+00
6.000000000000000000e+00
3.800000000000000000e+01
1.500000000000000000e+01
1.800000000000000000e+01
1.900000000000000000e+01
1.800000000000000000e+01
1.200000000000000000e+01
1.400000000000000000e+01
1.400000000000000000e+01
1.200000000000000000e+01
1.400000000000000000e+01
6.000000000000000000e+00
1.000000000000000000e+01
6.000000000000000000e+00
9.000000000000000000e+00
1.200000000000000000e+01
8.000000000000000000e+00
1.400000000000000000e+01
8.000000000000000000e+00
6.000000000000000000e+00
7.000000000000000000e+00
4.000000000000000000e+00
2.000000000000000000e+00
4.000000000000000000e+00
1.000000000000000000e+00
6.000000000000000000e+00
2.900000000000000000e+01
3.800000000000000000e+01
9.000000000000000000e+00
1.900000000000000000e+01
8.000000000000000000e+00
7.000000000000000000e+00
1.400000000000000000e+01
1.500000000000000000e+01
1.300000000000000000e+01
9.000000000000000000e+00
1.000000000000000000e+01
1.200000000000000000e+01
8.000000000000000000e+00
1.300000000000000000e+01
6.000000000000000000e+00
1.000000000000000000e+01
1.000000000000000000e+01
1.100000000000000000e+01
1.600000000000000000e+01
1.000000000000000000e+01
7.000000000000000000e+00
9.000000000000000000e+00
7.000000000000000000e+00
1.500000000000000000e+01
6.000000000000000000e+00
7.000000000000000000e+00
1.100000000000000000e+01
1.400000000000000000e+01
5.000000000000000000e+00
7.000000000000000000e+00
1.100000000000000000e+01
1.200000000000000000e+01
1.200000000000000000e+01
2.100000000000000000e+01
3.300000000000000000e+01
4.200000000000000000e+01
3.000000000000000000e+01
2.100000000000000000e+01
1.800000000000000000e+01
2.500000000000000000e+01
1.200000000000000000e+01
2.300000000000000000e+01
1.100000000000000000e+01
2.900000000000000000e+01
1.200000000000000000e+01
3.200000000000000000e+01
2.400000000000000000e+01
2.000000000000000000e+01
3.500000000000000000e+01
2.400000000000000000e+01
2.000000000000000000e+01
1.300000000000000000e+01
1.900000000000000000e+01
1.000000000000000000e+01
2.500000000000000000e+01
1.100000000000000000e+01
1.300000000000000000e+01
1.900000000000000000e+01
2.000000000000000000e+01
1.600000000000000000e+01
1.000000000000000000e+01
9.000000000000000000e+00
2.000000000000000000e+01
1.900000000000000000e+01
1.300000000000000000e+01
1.000000000000000000e+01
9.000000000000000000e+00
9.000000000000000000e+00
6.000000000000000000e+00
5.000000000000000000e+00
6.000000000000000000e+00
1.100000000000000000e+01
3.000000000000000000e+00
6.000000000000000000e+00
8.000000000000000000e+00
5.000000000000000000e+00
7.000000000000000000e+00
5.000000000000000000e+00
7.000000000000000000e+00
5.000000000000000000e+00
6.000000000000000000e+00
9.000000000000000000e+00
4.000000000000000000e+00
6.000000000000000000e+00
3.000000000000000000e+00
6.000000000000000000e+00
3.000000000000000000e+00
1.100000000000000000e+01
8.000000000000000000e+00
8.000000000000000000e+00
5.000000000000000000e+00
6.000000000000000000e+00
2.000000000000000000e+00
5.000000000000000000e+00
6.000000000000000000e+00
1.000000000000000000e+00
6.000000000000000000e+00
2.000000000000000000e+00
6.000000000000000000e+00
4.000000000000000000e+00
7.000000000000000000e+00
2.000000000000000000e+00
8.000000000000000000e+00
1.000000000000000000e+01
8.000000000000000000e+00
5.000000000000000000e+00
8.000000000000000000e+00
8.000000000000000000e+00
1.000000000000000000e+01
1.100000000000000000e+01
1.400000000000000000e+01
8.000000000000000000e+00
5.000000000000000000e+00
1.200000000000000000e+01
1.500000000000000000e+01
1.300000000000000000e+01
1.600000000000000000e+01
1.200000000000000000e+01
1.000000000000000000e+01
5.000000000000000000e+00
1.300000000000000000e+01
7.000000000000000000e+00
1.700000000000000000e+01
1.200000000000000000e+01
1.700000000000000000e+01
9.000000000000000000e+00
4.000000000000000000e+00
1.000000000000000000e+01
5.000000000000000000e+00
1.000000000000000000e+01
9.000000000000000000e+00
9.000000000000000000e+00
1.300000000000000000e+01
7.000000000000000000e+00
1.700000000000000000e+01
2.000000000000000000e+01
8.000000000000000000e+00
1.800000000000000000e+01
1.100000000000000000e+01
8.000000000000000000e+00
7.000000000000000000e+00
9.000000000000000000e+00
8.000000000000000000e+00
1.400000000000000000e+01
6.000000000000000000e+00
5.000000000000000000e+00
6.000000000000000000e+00
9.000000000000000000e+00
1.400000000000000000e+01
1.000000000000000000e+01
2.100000000000000000e+01
1.900000000000000000e+01
1.500000000000000000e+01
1.500000000000000000e+01
2.000000000000000000e+01
1.400000000000000000e+01
2.300000000000000000e+01
2.000000000000000000e+01
1.800000000000000000e+01
4.400000000000000000e+01
1.500000000000000000e+01
1.000000000000000000e+01
1.700000000000000000e+01
3.700000000000000000e+01
3.300000000000000000e+01
2.300000000000000000e+01
2.500000000000000000e+01
1.300000000000000000e+01
1.300000000000000000e+01
1.400000000000000000e+01
1.200000000000000000e+01
1.500000000000000000e+01
1.900000000000000000e+01
9.000000000000000000e+00
1.300000000000000000e+01
1.600000000000000000e+01
9.000000000000000000e+00
7.000000000000000000e+00
8.000000000000000000e+00
9.000000000000000000e+00
2.000000000000000000e+00
7.000000000000000000e+00
1.100000000000000000e+01
3.000000000000000000e+00
5.000000000000000000e+00
9.000000000000000000e+00
3.000000000000000000e+00
4.000000000000000000e+00
4.000000000000000000e+00
4.000000000000000000e+00
1.200000000000000000e+01
1.000000000000000000e+01
1.700000000000000000e+01
1.700000000000000000e+01
1.100000000000000000e+01
9.000000000000000000e+00
1.300000000000000000e+01
9.000000000000000000e+00
1.300000000000000000e+01
6.000000000000000000e+00
1.300000000000000000e+01
4.000000000000000000e+00
1.600000000000000000e+01
1.600000000000000000e+01
1.800000000000000000e+01
1.400000000000000000e+01
5.000000000000000000e+00
1.500000000000000000e+01
3.000000000000000000e+00
6.000000000000000000e+00
1.400000000000000000e+01
1.400000000000000000e+01
1.100000000000000000e+01
1.300000000000000000e+01
1.500000000000000000e+01
8.000000000000000000e+00
1.300000000000000000e+01
9.000000000000000000e+00
2.400000000000000000e+01
1.100000000000000000e+01
1.400000000000000000e+01
2.400000000000000000e+01
2.000000000000000000e+01
3.300000000000000000e+01
4.200000000000000000e+01
2.900000000000000000e+01
3.200000000000000000e+01
4.200000000000000000e+01
4.100000000000000000e+01
4.100000000000000000e+01
5.000000000000000000e+01
1.900000000000000000e+01
5.100000000000000000e+01
2.700000000000000000e+01
3.000000000000000000e+01
4.200000000000000000e+01
4.800000000000000000e+01
6.400000000000000000e+01
8.500000000000000000e+01
1.210000000000000000e+02
1.020000000000000000e+02
1.060000000000000000e+02
8.400000000000000000e+01
1.130000000000000000e+02
1.450000000000000000e+02
1.280000000000000000e+02
1.170000000000000000e+02
1.040000000000000000e+02
1.460000000000000000e+02
1.600000000000000000e+02
1.560000000000000000e+02
1.710000000000000000e+02
1.650000000000000000e+02
1.640000000000000000e+02
1.840000000000000000e+02
2.070000000000000000e+02
2.530000000000000000e+02
1.830000000000000000e+02
2.210000000000000000e+02
2.530000000000000000e+02
2.290000000000000000e+02
2.240000000000000000e+02
2.530000000000000000e+02
3.020000000000000000e+02
3.070000000000000000e+02
3.530000000000000000e+02
2.770000000000000000e+02
3.020000000000000000e+02
3.800000000000000000e+02
3.670000000000000000e+02
3.720000000000000000e+02
4.160000000000000000e+02
4.930000000000000000e+02
4.390000000000000000e+02
5.180000000000000000e+02
4.820000000000000000e+02
6.770000000000000000e+02
7.470000000000000000e+02
7.070000000000000000e+02
8.910000000000000000e+02
9.070000000000000000e+02
8.940000000000000000e+02
8.340000000000000000e+02
9.710000000000000000e+02
1.115000000000000000e+03
9.760000000000000000e+02
1.119000000000000000e+03
1.321000000000000000e+03
1.355000000000000000e+03
1.257000000000000000e+03
1.225000000000000000e+03
1.467000000000000000e+03
1.648000000000000000e+03
1.741000000000000000e+03
1.670000000000000000e+03
1.536000000000000000e+03
1.466000000000000000e+03
1.696000000000000000e+03
1.725000000000000000e+03
1.870000000000000000e+03
2.075000000000000000e+03
1.616000000000000000e+03
1.720000000000000000e+03
1.578000000000000000e+03
1.643000000000000000e+03
1.856000000000000000e+03
1.800000000000000000e+03
1.856000000000000000e+03
1.572000000000000000e+03
1.500000000000000000e+03
1.582000000000000000e+03
1.659000000000000000e+03
1.809000000000000000e+03
1.764000000000000000e+03
1.865000000000000000e+03
1.752000000000000000e+03
1.472000000000000000e+03
1.880000000000000000e+03
1.812000000000000000e+03
2.400000000000000000e+03
2.058000000000000000e+03
2.335000000000000000e+03
1.872000000000000000e+03
2.023000000000000000e+03
2.389000000000000000e+03
2.026000000000000000e+03
2.216000000000000000e+03
2.524000000000000000e+03
2.515000000000000000e+03
2.390000000000000000e+03
2.096000000000000000e+03
1.848000000000000000e+03
2.029000000000000000e+03
2.744000000000000000e+03
2.532000000000000000e+03
2.311000000000000000e+03
2.173000000000000000e+03
2.059000000000000000e+03
2.038000000000000000e+03
2.097000000000000000e+03
2.544000000000000000e+03
2.547000000000000000e+03
1.883000000000000000e+03
2.174000000000000000e+03
1.684000000000000000e+03
1.786000000000000000e+03
1.850000000000000000e+03
2.038000000000000000e+03
1.886000000000000000e+03
1.589000000000000000e+03
1.185000000000000000e+03
1.466000000000000000e+03
1.135000000000000000e+03
1.111000000000000000e+03
1.537000000000000000e+03
1.580000000000000000e+03
1.534000000000000000e+03
1.387000000000000000e+03
1.264000000000000000e+03
1.292000000000000000e+03
1.201000000000000000e+03
1.556000000000000000e+03
1.414000000000000000e+03
1.452000000000000000e+03
1.115000000000000000e+03
9.950000000000000000e+02
1.014000000000000000e+03
1.228000000000000000e+03
1.267000000000000000e+03
1.505000000000000000e+03
1.360000000000000000e+03
1.465000000000000000e+03
1.207000000000000000e+03
1.002000000000000000e+03
1.464000000000000000e+03
1.527000000000000000e+03
1.627000000000000000e+03
1.480000000000000000e+03
1.235000000000000000e+03
1.155000000000000000e+03
1.099000000000000000e+03
1.417000000000000000e+03
1.702000000000000000e+03
1.522000000000000000e+03
1.708000000000000000e+03
1.249000000000000000e+03
1.285000000000000000e+03
1.434000000000000000e+03
1.705000000000000000e+03
1.654000000000000000e+03
1.711000000000000000e+03
1.757000000000000000e+03
1.543000000000000000e+03
1.843000000000000000e+03
1.970000000000000000e+03
2.809000000000000000e+03
3.423000000000000000e+03
3.802000000000000000e+03
4.017000000000000000e+03
3.862000000000000000e+03
4.031000000000000000e+03
4.492000000000000000e+03
5.531000000000000000e+03
8.357000000000000000e+03
8.218000000000000000e+03
9.855000000000000000e+03
9.459000000000000000e+03
9.884000000000000000e+03
1.179700000000000000e+04
1.767800000000000000e+04
2.136900000000000000e+04
3.381100000000000000e+04
3.036300000000000000e+04
3.745900000000000000e+04
2.960800000000000000e+04
4.474500000000000000e+04
7.149500000000000000e+04
7.542600000000000000e+04
7.822900000000000000e+04
9.809200000000000000e+04
1.119070000000000000e+05
7.283400000000000000e+04
9.380600000000000000e+04
8.440800000000000000e+04
1.752710000000000000e+05
1.281850000000000000e+05
8.628800000000000000e+04
1.128670000000000000e+05
5.989100000000000000e+04
8.435500000000000000e+04
8.461500000000000000e+04
6.760400000000000000e+04
6.394100000000000000e+04
4.316600000000000000e+04
6.718200000000000000e+04
3.223400000000000000e+04
5.802200000000000000e+04
5.292000000000000000e+04
5.101600000000000000e+04
6.622300000000000000e+04
6.598000000000000000e+04
4.725800000000000000e+04
3.671900000000000000e+04
-2.685600000000000000e+04
4.014600000000000000e+04
2.422800000000000000e+04
3.217900000000000000e+04
2.733600000000000000e+04
2.298500000000000000e+04
2.524700000000000000e+04
2.737300000000000000e+04
3.151000000000000000e+04
1.148300000000000000e+04
3.125000000000000000e+04
2.256400000000000000e+04
2.560700000000000000e+04
1.228900000000000000e+04
3.091300000000000000e+04
2.439400000000000000e+04
-2.574000000000000000e+03
2.272900000000000000e+04
2.321700000000000000e+04
1.737600000000000000e+04
1.821900000000000000e+04
2.516300000000000000e+04
2.522900000000000000e+04
2.485200000000000000e+04
2.667000000000000000e+04
1.980300000000000000e+04
1.754300000000000000e+04
2.148200000000000000e+04
2.541800000000000000e+04
2.175500000000000000e+04
4.001200000000000000e+04
2.515900000000000000e+04
2.271600000000000000e+04
1.737600000000000000e+04
2.218200000000000000e+04
4.496200000000000000e+04
3.069100000000000000e+04
3.633500000000000000e+04
3.168900000000000000e+04
3.507700000000000000e+04
3.349500000000000000e+04
2.644000000000000000e+04
2.880300000000000000e+04
5.430900000000000000e+04
5.714800000000000000e+04
4.916600000000000000e+04
4.695200000000000000e+04
4.085400000000000000e+04
4.323000000000000000e+04
5.306300000000000000e+04
5.755600000000000000e+04
5.970400000000000000e+04
6.678200000000000000e+04
4.798800000000000000e+04
4.674900000000000000e+04
5.097100000000000000e+04
5.573800000000000000e+04
6.552300000000000000e+04
6.023900000000000000e+04
6.538500000000000000e+04
5.509700000000000000e+04
4.809700000000000000e+04
4.061000000000000000e+04
5.554400000000000000e+04
7.579700000000000000e+04
6.260800000000000000e+04
6.048100000000000000e+04
4.931700000000000000e+04
3.902500000000000000e+04
4.872400000000000000e+04
4.626700000000000000e+04
5.301700000000000000e+04
5.470900000000000000e+04
4.649900000000000000e+04
3.658000000000000000e+04
3.917700000000000000e+04
3.236500000000000000e+04
4.203200000000000000e+04
5.058000000000000000e+04
5.390100000000000000e+04
4.984800000000000000e+04
3.720900000000000000e+04
3.505200000000000000e+04
3.370900000000000000e+04
3.748000000000000000e+04
3.990900000000000000e+04
5.087600000000000000e+04
4.178000000000000000e+04
3.817200000000000000e+04
2.561400000000000000e+04
3.921700000000000000e+04
3.788100000000000000e+04
4.232400000000000000e+04
5.825800000000000000e+04
4.081100000000000000e+04
3.603500000000000000e+04
3.880600000000000000e+04
4.045700000000000000e+04
4.803300000000000000e+04
5.705400000000000000e+04
5.734800000000000000e+04
4.751600000000000000e+04
5.148600000000000000e+04
4.169800000000000000e+04
4.577400000000000000e+04
6.745500000000000000e+04
5.646100000000000000e+04
5.398500000000000000e+04
5.022900000000000000e+04
4.648500000000000000e+04
3.851200000000000000e+04
3.408700000000000000e+04
4.286800000000000000e+04
4.579200000000000000e+04
4.602800000000000000e+04
3.956300000000000000e+04
3.262100000000000000e+04
2.687700000000000000e+04
2.591600000000000000e+04
3.397600000000000000e+04
3.571300000000000000e+04
3.371600000000000000e+04
3.189700000000000000e+04
2.752100000000000000e+04
2.012700000000000000e+04
2.325300000000000000e+04
2.750300000000000000e+04
3.322300000000000000e+04
3.243300000000000000e+04
2.954800000000000000e+04
2.608500000000000000e+04
1.639300000000000000e+04
2.088000000000000000e+04
2.576300000000000000e+04
3.096000000000000000e+04
3.232500000000000000e+04
2.976500000000000000e+04
2.484300000000000000e+04
2.259800000000000000e+04
2.441800000000000000e+04
2.925600000000000000e+04
3.289500000000000000e+04
3.203400000000000000e+04
2.588200000000000000e+04
3.314900000000000000e+04
2.143700000000000000e+04
2.599700000000000000e+04
3.142000000000000000e+04
2.413700000000000000e+04
4.906100000000000000e+04
3.374600000000000000e+04
3.023600000000000000e+04
3.021500000000000000e+04
2.972300000000000000e+04
3.655200000000000000e+04
4.340300000000000000e+04
4.313000000000000000e+04
4.174300000000000000e+04
3.391200000000000000e+04
3.473000000000000000e+04
2.853000000000000000e+04
4.472400000000000000e+04
4.441500000000000000e+04
4.709500000000000000e+04
3.876900000000000000e+04
4.272300000000000000e+04
3.891400000000000000e+04
3.778700000000000000e+04
5.197300000000000000e+04
4.890200000000000000e+04
5.498900000000000000e+04
5.182700000000000000e+04
4.631000000000000000e+04
3.804600000000000000e+04
3.278900000000000000e+04
4.962600000000000000e+04
4.946000000000000000e+04
4.707500000000000000e+04
4.417000000000000000e+04
5.004200000000000000e+04
3.184600000000000000e+04
2.751000000000000000e+04
3.744300000000000000e+04
4.394200000000000000e+04
3.721400000000000000e+04
3.254600000000000000e+04
2.847900000000000000e+04
2.261600000000000000e+04
1.801000000000000000e+04
2.860400000000000000e+04
2.502400000000000000e+04
1.991700000000000000e+04
3.052700000000000000e+04
1.867900000000000000e+04
1.611300000000000000e+04
1.554300000000000000e+04
1.824900000000000000e+04
2.082900000000000000e+04
2.101400000000000000e+04
1.708600000000000000e+04
1.499500000000000000e+04
9.150000000000000000e+03
1.043000000000000000e+04
1.163900000000000000e+04
1.502500000000000000e+04
1.162600000000000000e+04
1.619700000000000000e+04
1.117700000000000000e+04
9.255000000000000000e+03
8.688000000000000000e+03
1.218100000000000000e+04
1.253800000000000000e+04
1.150600000000000000e+04
9.566000000000000000e+03
9.147000000000000000e+03
5.935000000000000000e+03
6.158000000000000000e+03
1.031400000000000000e+04
1.179900000000000000e+04
8.268000000000000000e+03
7.922000000000000000e+03
5.380000000000000000e+02
3.082000000000000000e+03
4.393000000000000000e+03
1.801000000000000000e+03
1.871000000000000000e+03
0.000000000000000000e+00
2.776100000000000000e+04
6.680000000000000000e+03
1.129000000000000000e+03
1.168000000000000000e+03
1.628000000000000000e+03
1.568000000000000000e+03
1.492000000000000000e+03
3.547300000000000000e+04
2.017000000000000000e+03
0.000000000000000000e+00
2.404000000000000000e+03
1.762000000000000000e+03
1.630000000000000000e+03
1.652000000000000000e+03
2.918300000000000000e+04
1.231000000000000000e+03
9.780000000000000000e+02
1.108000000000000000e+03
1.456000000000000000e+03
1.532000000000000000e+03
1.443000000000000000e+03
2.899500000000000000e+04
5.160000000000000000e+02
8.190000000000000000e+02
1.039000000000000000e+03
1.292000000000000000e+03
1.319000000000000000e+03
1.237000000000000000e+03
2.684600000000000000e+04
8.710000000000000000e+02
6.210000000000000000e+02
8.000000000000000000e+02
1.087000000000000000e+03
1.206000000000000000e+03
1.093000000000000000e+03
2.714700000000000000e+04
8.200000000000000000e+02
9.490000000000000000e+02
9.200000000000000000e+02
1.509000000000000000e+03
1.549000000000000000e+03
1.483000000000000000e+03
1.634700000000000000e+04
1.084000000000000000e+04
1.178000000000000000e+03
1.135000000000000000e+03
1.654000000000000000e+03
1.683000000000000000e+03
1.880000000000000000e+03
1.970800000000000000e+04
1.456000000000000000e+04
1.713000000000000000e+03
1.871000000000000000e+03
2.709000000000000000e+03
3.373000000000000000e+03
3.057000000000000000e+03
2.895800000000000000e+04
1.314600000000000000e+04
7.114000000000000000e+03
4.811000000000000000e+03
3.192000000000000000e+03
3.452000000000000000e+03
3.250000000000000000e+03
5.931800000000000000e+04
2.075000000000000000e+03
2.407000000000000000e+03
2.561000000000000000e+03
3.807000000000000000e+03
3.861000000000000000e+03
3.840000000000000000e+03
5.557500000000000000e+04
1.580600000000000000e+04
3.427000000000000000e+03
3.151000000000000000e+03
4.149000000000000000e+03
1.700000000000000000e+03
4.302000000000000000e+03
8.222900000000000000e+04
6.018000000000000000e+03
3.173000000000000000e+03
3.111000000000000000e+03
4.843000000000000000e+03
4.377000000000000000e+03
4.284000000000000000e+03
8.263400000000000000e+04
6.374000000000000000e+03
2.686000000000000000e+03
2.873000000000000000e+03
4.376000000000000000e+03
3.882000000000000000e+03
4.209000000000000000e+03
7.568000000000000000e+04
1.893100000000000000e+04
0.000000000000000000e+00
5.796000000000000000e+03
3.830000000000000000e+03
4.176000000000000000e+03
3.578000000000000000e+03
8.114900000000000000e+04
6.842000000000000000e+03
2.242000000000000000e+03
1.605000000000000000e+03
1.890000000000000000e+03
2.117000000000000000e+03
2.737000000000000000e+03
3.969500000000000000e+04
5.048000000000000000e+03
1.424000000000000000e+03
1.226000000000000000e+03
0.000000000000000000e+00
2.172000000000000000e+03
1.629000000000000000e+03
5.383700000000000000e+04
1.494900000000000000e+04
0.000000000000000000e+00
3.373000000000000000e+03
1.262000000000000000e+03
1.150000000000000000e+03
1.150000000000000000e+03
2.824300000000000000e+04
6.714000000000000000e+03
0.000000000000000000e+00
0.000000000000000000e+00
0.000000000000000000e+00
0.000000000000000000e+00
