7.632937318825654802e+04
7.678922386947063205e+04
7.730035944260189717e+04
7.777569458071760891e+04
7.825909385491431749e+04
7.873887538953473268e+04
7.920985363968841557e+04
7.924077989634129335e+04
7.970063057755462069e+04
8.021176615068646788e+04
8.068710128880201955e+04
8.117050056299882999e+04
8.165028209761896869e+04
8.212126034777220048e+04
8.215218660442509281e+04
8.261203728563849290e+04
8.312317285877022368e+04
8.359850799688584812e+04
8.408190727108264400e+04
8.456168880570297188e+04
8.503266705585608725e+04
8.506359331250880496e+04
8.552344399372219050e+04
8.603457956685403769e+04
8.650991470496970578e+04
8.699331397916677815e+04
8.747309551378653850e+04
8.794407376393985760e+04
8.797500002059282269e+04
8.843485070180647017e+04
8.894598627493815729e+04
8.942132141305363621e+04
8.990472068725054851e+04
9.038450222187055624e+04
9.085548047202362795e+04
9.088640672867652029e+04
9.134625740989041515e+04
9.185739298302179668e+04
9.233272812113797409e+04
9.281612739533501735e+04
9.329590892995479226e+04
9.376688718010840239e+04
9.379781343676126562e+04
9.425766411797446199e+04
9.476879969110595994e+04
9.524413482922140975e+04
9.572753410341884592e+04
9.620731563803878089e+04
9.667829388819220185e+04
9.670922014484493411e+04
9.716907082605845062e+04
9.768020639918975940e+04
9.815554153730566031e+04
9.863894081150252896e+04
9.911872234612278407e+04
9.958970059627598675e+04
9.962062685292896640e+04
1.000804775341427448e+05
1.005916131072737917e+05
1.010669482453899545e+05
