0.000000000000000000e+00
0.000000000000000000e+00
0.000000000000000000e+00
0.000000000000000000e+00
0.000000000000000000e+00
0.000000000000000000e+00
0.000000000000000000e+00
0.000000000000000000e+00
0.000000000000000000e+00
0.000000000000000000e+00
0.000000000000000000e+00
0.000000000000000000e+00
0.000000000000000000e+00
0.000000000000000000e+00
0.000000000000000000e+00
0.000000000000000000e+00
0.000000000000000000e+00
0.000000000000000000e+00
0.000000000000000000e+00
0.000000000000000000e+00
0.000000000000000000e+00
0.000000000000000000e+00
0.000000000000000000e+00
0.000000000000000000e+00
0.000000000000000000e+00
0.000000000000000000e+00
0.000000000000000000e+00
0.000000000000000000e+00
0.000000000000000000e+00
0.000000000000000000e+00
0.000000000000000000e+00
0.000000000000000000e+00
0.000000000000000000e+00
0.000000000000000000e+00
0.000000000000000000e+00
0.000000000000000000e+00
0.000000000000000000e+00
0.000000000000000000e+00
0.000000000000000000e+00
0.000000000000000000e+00
0.000000000000000000e+00
0.000000000000000000e+00
0.000000000000000000e+00
0.000000000000000000e+00
0.000000000000000000e+00
0.000000000000000000e+00
0.000000000000000000e+00
0.000000000000000000e+00
1.000000000000000000e+00
1.000000000000000000e+00
2.000000000000000000e+00
3.000000000000000000e+00
5.000000000000000000e+00
7.000000000000000000e+00
8.000000000000000000e+00
1.400000000000000000e+01
2.100000000000000000e+01
3.000000000000000000e+01
3.800000000000000000e+01
4.900000000000000000e+01
6.000000000000000000e+01
8.100000000000000000e+01
1.030000000000000000e+02
1.340000000000000000e+02
1.660000000000000000e+02
2.010000000000000000e+02
2.390000000000000000e+02
2.840000000000000000e+02
3.320000000000000000e+02
3.850000000000000000e+02
4.550000000000000000e+02
5.350000000000000000e+02
6.050000000000000000e+02
3.730000000000000000e+02
4.010000000000000000e+02
4.770000000000000000e+02
5.910000000000000000e+02
6.870000000000000000e+02
7.930000000000000000e+02
8.700000000000000000e+02
8.870000000000000000e+02
8.990000000000000000e+02
9.190000000000000000e+02
1.033000000000000000e+03
1.203000000000000000e+03
1.333000000000000000e+03
1.400000000000000000e+03
1.511000000000000000e+03
1.540000000000000000e+03
1.580000000000000000e+03
1.765000000000000000e+03
1.937000000000000000e+03
2.021000000000000000e+03
2.152000000000000000e+03
2.192000000000000000e+03
2.194000000000000000e+03
2.274000000000000000e+03
2.355000000000000000e+03
2.462000000000000000e+03
2.586000000000000000e+03
2.653000000000000000e+03
2.669000000000000000e+03
2.679000000000000000e+03
2.769000000000000000e+03
2.854000000000000000e+03
2.941000000000000000e+03
3.040000000000000000e+03
3.175000000000000000e+03
3.220000000000000000e+03
3.225000000000000000e+03
3.256000000000000000e+03
3.313000000000000000e+03
3.460000000000000000e+03
3.529000000000000000e+03
3.646000000000000000e+03
3.674000000000000000e+03
3.679000000000000000e+03
3.698000000000000000e+03
3.743000000000000000e+03
3.831000000000000000e+03
3.871000000000000000e+03
3.925000000000000000e+03
3.992000000000000000e+03
3.998000000000000000e+03
4.029000000000000000e+03
4.125000000000000000e+03
4.220000000000000000e+03
4.266000000000000000e+03
4.350000000000000000e+03
4.395000000000000000e+03
4.395000000000000000e+03
4.403000000000000000e+03
4.468000000000000000e+03
4.542000000000000000e+03
4.562000000000000000e+03
4.639000000000000000e+03
4.656000000000000000e+03
4.659000000000000000e+03
4.694000000000000000e+03
4.717000000000000000e+03
4.795000000000000000e+03
4.814000000000000000e+03
4.854000000000000000e+03
4.874000000000000000e+03
4.874000000000000000e+03
4.891000000000000000e+03
4.939000000000000000e+03
5.041000000000000000e+03
5.053000000000000000e+03
5.053000000000000000e+03
5.053000000000000000e+03
5.053000000000000000e+03
5.053000000000000000e+03
5.161000000000000000e+03
5.209000000000000000e+03
5.230000000000000000e+03
5.280000000000000000e+03
5.280000000000000000e+03
5.280000000000000000e+03
5.280000000000000000e+03
5.333000000000000000e+03
5.370000000000000000e+03
5.411000000000000000e+03
5.420000000000000000e+03
5.420000000000000000e+03
5.420000000000000000e+03
5.420000000000000000e+03
5.447000000000000000e+03
5.482000000000000000e+03
5.500000000000000000e+03
5.526000000000000000e+03
5.526000000000000000e+03
5.526000000000000000e+03
5.526000000000000000e+03
5.545000000000000000e+03
5.572000000000000000e+03
5.593000000000000000e+03
5.619000000000000000e+03
5.619000000000000000e+03
5.619000000000000000e+03
5.619000000000000000e+03
5.646000000000000000e+03
5.667000000000000000e+03
5.676000000000000000e+03
5.697000000000000000e+03
5.697000000000000000e+03
5.697000000000000000e+03
5.697000000000000000e+03
5.702000000000000000e+03
5.730000000000000000e+03
5.739000000000000000e+03
5.743000000000000000e+03
5.743000000000000000e+03
5.743000000000000000e+03
5.743000000000000000e+03
5.747000000000000000e+03
5.760000000000000000e+03
5.766000000000000000e+03
5.763000000000000000e+03
5.763000000000000000e+03
5.763000000000000000e+03
5.763000000000000000e+03
5.770000000000000000e+03
5.774000000000000000e+03
5.776000000000000000e+03
5.783000000000000000e+03
5.783000000000000000e+03
5.783000000000000000e+03
5.783000000000000000e+03
5.790000000000000000e+03
5.802000000000000000e+03
5.805000000000000000e+03
5.810000000000000000e+03
5.810000000000000000e+03
5.810000000000000000e+03
5.810000000000000000e+03
5.814000000000000000e+03
5.817000000000000000e+03
5.820000000000000000e+03
5.821000000000000000e+03
5.821000000000000000e+03
5.821000000000000000e+03
5.821000000000000000e+03
5.813000000000000000e+03
5.820000000000000000e+03
5.832000000000000000e+03
5.835000000000000000e+03
5.835000000000000000e+03
5.835000000000000000e+03
5.835000000000000000e+03
5.838000000000000000e+03
5.842000000000000000e+03
5.843000000000000000e+03
5.846000000000000000e+03
5.846000000000000000e+03
5.846000000000000000e+03
5.846000000000000000e+03
5.846000000000000000e+03
5.860000000000000000e+03
5.864000000000000000e+03
5.865000000000000000e+03
5.865000000000000000e+03
5.865000000000000000e+03
5.865000000000000000e+03
5.865000000000000000e+03
5.876000000000000000e+03
5.878000000000000000e+03
5.880000000000000000e+03
5.880000000000000000e+03
5.880000000000000000e+03
5.880000000000000000e+03
5.880000000000000000e+03
5.893000000000000000e+03
5.893000000000000000e+03
5.895000000000000000e+03
5.895000000000000000e+03
5.895000000000000000e+03
5.895000000000000000e+03
5.895000000000000000e+03
5.892000000000000000e+03
5.892000000000000000e+03
5.894000000000000000e+03
5.894000000000000000e+03
5.894000000000000000e+03
5.894000000000000000e+03
5.894000000000000000e+03
5.907000000000000000e+03
5.910000000000000000e+03
5.918000000000000000e+03
5.918000000000000000e+03
5.918000000000000000e+03
5.918000000000000000e+03
5.918000000000000000e+03
5.929000000000000000e+03
5.930000000000000000e+03
5.933000000000000000e+03
5.933000000000000000e+03
5.933000000000000000e+03
5.933000000000000000e+03
5.933000000000000000e+03
5.927000000000000000e+03
5.934000000000000000e+03
5.938000000000000000e+03
5.938000000000000000e+03
5.938000000000000000e+03
5.938000000000000000e+03
5.938000000000000000e+03
5.997000000000000000e+03
6.002000000000000000e+03
6.022000000000000000e+03
6.022000000000000000e+03
6.022000000000000000e+03
6.022000000000000000e+03
6.022000000000000000e+03
6.082000000000000000e+03
6.122000000000000000e+03
6.164000000000000000e+03
6.164000000000000000e+03
6.164000000000000000e+03
6.164000000000000000e+03
6.164000000000000000e+03
6.321000000000000000e+03
6.340000000000000000e+03
6.406000000000000000e+03
6.406000000000000000e+03
6.406000000000000000e+03
6.406000000000000000e+03
6.406000000000000000e+03
6.555000000000000000e+03
6.622000000000000000e+03
6.681000000000000000e+03
6.681000000000000000e+03
6.681000000000000000e+03
6.681000000000000000e+03
6.681000000000000000e+03
6.972000000000000000e+03
7.007000000000000000e+03
7.067000000000000000e+03
7.067000000000000000e+03
7.067000000000000000e+03
7.067000000000000000e+03
7.067000000000000000e+03
7.296000000000000000e+03
7.354000000000000000e+03
7.514000000000000000e+03
7.514000000000000000e+03
7.514000000000000000e+03
7.514000000000000000e+03
7.514000000000000000e+03
7.802000000000000000e+03
7.893000000000000000e+03
7.993000000000000000e+03
7.993000000000000000e+03
7.993000000000000000e+03
7.993000000000000000e+03
7.993000000000000000e+03
8.279000000000000000e+03
8.279000000000000000e+03
8.279000000000000000e+03
8.279000000000000000e+03
8.279000000000000000e+03
8.279000000000000000e+03
8.279000000000000000e+03
8.727000000000000000e+03
8.727000000000000000e+03
8.727000000000000000e+03
8.727000000000000000e+03
8.727000000000000000e+03
8.727000000000000000e+03
8.965000000000000000e+03
8.965000000000000000e+03
9.262000000000000000e+03
9.433000000000000000e+03
9.433000000000000000e+03
9.433000000000000000e+03
9.433000000000000000e+03
9.433000000000000000e+03
9.834000000000000000e+03
1.018500000000000000e+04
1.032300000000000000e+04
1.032300000000000000e+04
1.032300000000000000e+04
1.032300000000000000e+04
1.032300000000000000e+04
1.079700000000000000e+04
1.092100000000000000e+04
1.100500000000000000e+04
1.100500000000000000e+04
1.100500000000000000e+04
1.100500000000000000e+04
1.124700000000000000e+04
1.142500000000000000e+04
1.152000000000000000e+04
1.159100000000000000e+04
1.159100000000000000e+04
1.159100000000000000e+04
1.159100000000000000e+04
1.181500000000000000e+04
1.193900000000000000e+04
1.202800000000000000e+04
1.211500000000000000e+04
1.211500000000000000e+04
1.211500000000000000e+04
1.211500000000000000e+04
1.218800000000000000e+04
1.232600000000000000e+04
1.237000000000000000e+04
1.242800000000000000e+04
1.242800000000000000e+04
1.242800000000000000e+04
1.242800000000000000e+04
1.248700000000000000e+04
1.256900000000000000e+04
1.259800000000000000e+04
1.264900000000000000e+04
1.264900000000000000e+04
1.264900000000000000e+04
1.264900000000000000e+04
1.271300000000000000e+04
1.279300000000000000e+04
1.279800000000000000e+04
1.282600000000000000e+04
1.282600000000000000e+04
1.282600000000000000e+04
1.282600000000000000e+04
1.288200000000000000e+04
1.296400000000000000e+04
1.297700000000000000e+04
1.300300000000000000e+04
1.300300000000000000e+04
1.300300000000000000e+04
1.300300000000000000e+04
1.304200000000000000e+04
1.308800000000000000e+04
1.311100000000000000e+04
1.314600000000000000e+04
1.314600000000000000e+04
1.314600000000000000e+04
1.314600000000000000e+04
1.317200000000000000e+04
1.322800000000000000e+04
1.323600000000000000e+04
1.326200000000000000e+04
1.326200000000000000e+04
1.326200000000000000e+04
1.326200000000000000e+04
1.331500000000000000e+04
1.335700000000000000e+04
1.337300000000000000e+04
1.340200000000000000e+04
1.340200000000000000e+04
1.340200000000000000e+04
1.340200000000000000e+04
1.343000000000000000e+04
1.346500000000000000e+04
1.349800000000000000e+04
1.349800000000000000e+04
1.349800000000000000e+04
1.349800000000000000e+04
1.349800000000000000e+04
1.353300000000000000e+04
1.357800000000000000e+04
1.359500000000000000e+04
1.362100000000000000e+04
1.362100000000000000e+04
1.362100000000000000e+04
1.362100000000000000e+04
1.366000000000000000e+04
1.372000000000000000e+04
1.376100000000000000e+04
1.378800000000000000e+04
1.378800000000000000e+04
1.378800000000000000e+04
1.378800000000000000e+04
1.382500000000000000e+04
1.386300000000000000e+04
1.388200000000000000e+04
1.392300000000000000e+04
1.392300000000000000e+04
1.392300000000000000e+04
1.392300000000000000e+04
1.396800000000000000e+04
1.400000000000000000e+04
1.400200000000000000e+04
1.404800000000000000e+04
1.404800000000000000e+04
1.404800000000000000e+04
1.404800000000000000e+04
1.409100000000000000e+04
1.415100000000000000e+04
1.415800000000000000e+04
1.417300000000000000e+04
1.417300000000000000e+04
1.417300000000000000e+04
1.417300000000000000e+04
1.421700000000000000e+04
1.426700000000000000e+04
1.426700000000000000e+04
1.427500000000000000e+04
1.427500000000000000e+04
1.427500000000000000e+04
1.427500000000000000e+04
1.430100000000000000e+04
1.434900000000000000e+04
1.435100000000000000e+04
1.436600000000000000e+04
1.436600000000000000e+04
1.436600000000000000e+04
1.436600000000000000e+04
1.439600000000000000e+04
1.443600000000000000e+04
1.445100000000000000e+04
1.445100000000000000e+04
1.445100000000000000e+04
1.445100000000000000e+04
1.445100000000000000e+04
1.445100000000000000e+04
1.445100000000000000e+04
1.451200000000000000e+04
1.452300000000000000e+04
1.452300000000000000e+04
1.452300000000000000e+04
1.452300000000000000e+04
1.454600000000000000e+04
1.456200000000000000e+04
1.456500000000000000e+04
1.457400000000000000e+04
1.457400000000000000e+04
1.457400000000000000e+04
1.457400000000000000e+04
1.457400000000000000e+04
1.457400000000000000e+04
1.457400000000000000e+04
1.457400000000000000e+04
1.457400000000000000e+04
1.457400000000000000e+04
1.457400000000000000e+04
1.460800000000000000e+04
1.461600000000000000e+04
1.461900000000000000e+04
1.461900000000000000e+04
1.461900000000000000e+04
1.461900000000000000e+04
1.461900000000000000e+04
1.462600000000000000e+04
1.462900000000000000e+04
1.463000000000000000e+04
1.463100000000000000e+04
1.463100000000000000e+04
1.463100000000000000e+04
1.463100000000000000e+04
1.463300000000000000e+04
1.463900000000000000e+04
1.464200000000000000e+04
1.464300000000000000e+04
1.464300000000000000e+04
1.464300000000000000e+04
1.464300000000000000e+04
1.464500000000000000e+04
1.464200000000000000e+04
1.464300000000000000e+04
1.464600000000000000e+04
1.464600000000000000e+04
1.464600000000000000e+04
1.464600000000000000e+04
1.465000000000000000e+04
1.465100000000000000e+04
1.465100000000000000e+04
1.465100000000000000e+04
1.465100000000000000e+04
1.465100000000000000e+04
1.465100000000000000e+04
1.465500000000000000e+04
1.465500000000000000e+04
1.465600000000000000e+04
1.465500000000000000e+04
1.465500000000000000e+04
1.465500000000000000e+04
1.465500000000000000e+04
1.465700000000000000e+04
1.465700000000000000e+04
1.465700000000000000e+04
1.465700000000000000e+04
1.465700000000000000e+04
1.465700000000000000e+04
1.465700000000000000e+04
1.465800000000000000e+04
1.465800000000000000e+04
1.465800000000000000e+04
1.465800000000000000e+04
1.465800000000000000e+04
1.465800000000000000e+04
1.465800000000000000e+04
1.465900000000000000e+04
1.466200000000000000e+04
1.466400000000000000e+04
1.466800000000000000e+04
1.466800000000000000e+04
1.466800000000000000e+04
1.466800000000000000e+04
1.467000000000000000e+04
1.467400000000000000e+04
1.468200000000000000e+04
1.468500000000000000e+04
1.468500000000000000e+04
1.468500000000000000e+04
1.468500000000000000e+04
1.469200000000000000e+04
1.469200000000000000e+04
1.469200000000000000e+04
1.469200000000000000e+04
1.469200000000000000e+04
1.469200000000000000e+04
1.469200000000000000e+04
1.469900000000000000e+04
1.470000000000000000e+04
1.470200000000000000e+04
1.470300000000000000e+04
1.470300000000000000e+04
1.470300000000000000e+04
1.470300000000000000e+04
1.472900000000000000e+04
1.474000000000000000e+04
1.475300000000000000e+04
1.477500000000000000e+04
1.477500000000000000e+04
1.477500000000000000e+04
1.477500000000000000e+04
1.479000000000000000e+04
1.480900000000000000e+04
1.481300000000000000e+04
1.482100000000000000e+04
1.482100000000000000e+04
1.482100000000000000e+04
1.482100000000000000e+04
1.485000000000000000e+04
1.485600000000000000e+04
1.486400000000000000e+04
1.486800000000000000e+04
1.486800000000000000e+04
1.486800000000000000e+04
1.486800000000000000e+04
1.487600000000000000e+04
1.488900000000000000e+04
1.490400000000000000e+04
1.490500000000000000e+04
1.490500000000000000e+04
1.490500000000000000e+04
1.490500000000000000e+04
1.492000000000000000e+04
1.492200000000000000e+04
1.492600000000000000e+04
1.495600000000000000e+04
1.495600000000000000e+04
1.495600000000000000e+04
1.495600000000000000e+04
1.496300000000000000e+04
1.498500000000000000e+04
1.498600000000000000e+04
1.499300000000000000e+04
1.499300000000000000e+04
1.499300000000000000e+04
1.499300000000000000e+04
1.500200000000000000e+04
1.501600000000000000e+04
1.501800000000000000e+04
1.502500000000000000e+04
1.502500000000000000e+04
1.502500000000000000e+04
1.502500000000000000e+04
1.504000000000000000e+04
1.504300000000000000e+04
1.505000000000000000e+04
1.505700000000000000e+04
1.505700000000000000e+04
1.505700000000000000e+04
1.505700000000000000e+04
1.506500000000000000e+04
1.507600000000000000e+04
1.507800000000000000e+04
1.508200000000000000e+04
1.508200000000000000e+04
1.508200000000000000e+04
1.508200000000000000e+04
1.509400000000000000e+04
1.510700000000000000e+04
1.510900000000000000e+04
1.511000000000000000e+04
1.511000000000000000e+04
1.511000000000000000e+04
1.511000000000000000e+04
1.512600000000000000e+04
1.514200000000000000e+04
1.514200000000000000e+04
1.514500000000000000e+04
1.514500000000000000e+04
1.514500000000000000e+04
1.514500000000000000e+04
1.515100000000000000e+04
1.516100000000000000e+04
1.516400000000000000e+04
1.517000000000000000e+04
1.517000000000000000e+04
1.517000000000000000e+04
1.517000000000000000e+04
1.517700000000000000e+04
1.518400000000000000e+04
1.518500000000000000e+04
1.519100000000000000e+04
1.519100000000000000e+04
1.519100000000000000e+04
1.519100000000000000e+04
1.520400000000000000e+04
1.522100000000000000e+04
1.522600000000000000e+04
1.523100000000000000e+04
1.523100000000000000e+04
1.523100000000000000e+04
1.523100000000000000e+04
1.524200000000000000e+04
1.525900000000000000e+04
1.526500000000000000e+04
1.526500000000000000e+04
1.526500000000000000e+04
1.526500000000000000e+04
1.526500000000000000e+04
1.528600000000000000e+04
1.529700000000000000e+04
1.531000000000000000e+04
1.531000000000000000e+04
1.531000000000000000e+04
1.531000000000000000e+04
1.531000000000000000e+04
1.533000000000000000e+04
1.536900000000000000e+04
1.536900000000000000e+04
1.537700000000000000e+04
1.537700000000000000e+04
1.537700000000000000e+04
1.537700000000000000e+04
1.543100000000000000e+04
1.546200000000000000e+04
1.548200000000000000e+04
1.551300000000000000e+04
1.551300000000000000e+04
1.551300000000000000e+04
1.551300000000000000e+04
1.555800000000000000e+04
1.562500000000000000e+04
1.563100000000000000e+04
1.567400000000000000e+04
1.567400000000000000e+04
1.567400000000000000e+04
1.567400000000000000e+04
1.569300000000000000e+04
1.576800000000000000e+04
1.577800000000000000e+04
1.585500000000000000e+04
1.585500000000000000e+04
1.585500000000000000e+04
1.585500000000000000e+04
1.596100000000000000e+04
1.602800000000000000e+04
1.610000000000000000e+04
1.618000000000000000e+04
1.618000000000000000e+04
1.618000000000000000e+04
1.618000000000000000e+04
1.624400000000000000e+04
1.635800000000000000e+04
1.639500000000000000e+04
1.650100000000000000e+04
1.650100000000000000e+04
1.650100000000000000e+04
1.650100000000000000e+04
1.657900000000000000e+04
1.671600000000000000e+04
1.676800000000000000e+04
1.685200000000000000e+04
1.685200000000000000e+04
1.685200000000000000e+04
1.685200000000000000e+04
1.693300000000000000e+04
1.706400000000000000e+04
1.708300000000000000e+04
1.714200000000000000e+04
1.714200000000000000e+04
1.714200000000000000e+04
1.714200000000000000e+04
1.724200000000000000e+04
1.735500000000000000e+04
1.742500000000000000e+04
1.751200000000000000e+04
1.751200000000000000e+04
1.751200000000000000e+04
1.751200000000000000e+04
1.754900000000000000e+04
1.769300000000000000e+04
1.774900000000000000e+04
1.779800000000000000e+04
1.779800000000000000e+04
1.779800000000000000e+04
1.779800000000000000e+04
1.787400000000000000e+04
1.793700000000000000e+04
1.799400000000000000e+04
1.805300000000000000e+04
1.805300000000000000e+04
1.805300000000000000e+04
1.805300000000000000e+04
1.805300000000000000e+04
1.805300000000000000e+04
1.818900000000000000e+04
1.818900000000000000e+04
1.818900000000000000e+04
1.818900000000000000e+04
1.818900000000000000e+04
1.818900000000000000e+04
1.818900000000000000e+04
1.836500000000000000e+04
1.836500000000000000e+04
1.836500000000000000e+04
1.836500000000000000e+04
1.836500000000000000e+04
1.836500000000000000e+04
1.836500000000000000e+04
1.850600000000000000e+04
1.850600000000000000e+04
1.850600000000000000e+04
1.850600000000000000e+04
1.850600000000000000e+04
1.850600000000000000e+04
1.850600000000000000e+04
1.860500000000000000e+04
1.860500000000000000e+04
1.860500000000000000e+04
1.860500000000000000e+04
1.860500000000000000e+04
1.860500000000000000e+04
1.860500000000000000e+04
1.868900000000000000e+04
1.868900000000000000e+04
1.868900000000000000e+04
1.868900000000000000e+04
1.868900000000000000e+04
1.868900000000000000e+04
1.868900000000000000e+04
1.877200000000000000e+04
1.877200000000000000e+04
1.877200000000000000e+04
1.877200000000000000e+04
1.877200000000000000e+04
1.877200000000000000e+04
1.877200000000000000e+04
1.882400000000000000e+04
1.882400000000000000e+04
1.882400000000000000e+04
1.882400000000000000e+04
1.882400000000000000e+04
1.882400000000000000e+04
1.882400000000000000e+04
1.889700000000000000e+04
1.889700000000000000e+04
1.889700000000000000e+04
1.889700000000000000e+04
1.889700000000000000e+04
1.889700000000000000e+04
1.889700000000000000e+04
1.894100000000000000e+04
1.894100000000000000e+04
1.894100000000000000e+04
1.894100000000000000e+04
1.894100000000000000e+04
1.894100000000000000e+04
1.897700000000000000e+04
1.897700000000000000e+04
1.897700000000000000e+04
1.897700000000000000e+04
1.897700000000000000e+04
1.897700000000000000e+04
1.897700000000000000e+04
1.897700000000000000e+04
1.901400000000000000e+04
1.901400000000000000e+04
1.901400000000000000e+04
1.901400000000000000e+04
1.901400000000000000e+04
1.901400000000000000e+04
1.901400000000000000e+04
1.904900000000000000e+04
1.904900000000000000e+04
1.904900000000000000e+04
1.904900000000000000e+04
1.904900000000000000e+04
1.904900000000000000e+04
1.904900000000000000e+04
1.907500000000000000e+04
1.907500000000000000e+04
1.907500000000000000e+04
1.907500000000000000e+04
1.907500000000000000e+04
1.907500000000000000e+04
1.907500000000000000e+04
1.909300000000000000e+04
1.909300000000000000e+04
1.909300000000000000e+04
1.909300000000000000e+04
1.909300000000000000e+04
1.909300000000000000e+04
1.909300000000000000e+04
1.912400000000000000e+04
1.912400000000000000e+04
1.912400000000000000e+04
1.912400000000000000e+04
1.912400000000000000e+04
1.912400000000000000e+04
1.912400000000000000e+04
1.914400000000000000e+04
1.914400000000000000e+04
1.914400000000000000e+04
1.914400000000000000e+04
1.914400000000000000e+04
1.914400000000000000e+04
1.914400000000000000e+04
1.920300000000000000e+04
1.920300000000000000e+04
1.920300000000000000e+04
1.920300000000000000e+04
1.920300000000000000e+04
1.920300000000000000e+04
1.920300000000000000e+04
1.924900000000000000e+04
1.924900000000000000e+04
1.924900000000000000e+04
1.924900000000000000e+04
1.924900000000000000e+04
1.924900000000000000e+04
1.924900000000000000e+04
1.935800000000000000e+04
1.935800000000000000e+04
1.935800000000000000e+04
1.935800000000000000e+04
1.935800000000000000e+04
1.935800000000000000e+04
1.935800000000000000e+04
1.943300000000000000e+04
1.943300000000000000e+04
1.943300000000000000e+04
1.943300000000000000e+04
1.943300000000000000e+04
1.943300000000000000e+04
1.943300000000000000e+04
1.952800000000000000e+04
1.952800000000000000e+04
1.952800000000000000e+04
1.952800000000000000e+04
1.952800000000000000e+04
1.952800000000000000e+04
1.952800000000000000e+04
1.968200000000000000e+04
1.968200000000000000e+04
1.968200000000000000e+04
1.968200000000000000e+04
1.968200000000000000e+04
1.968200000000000000e+04
1.968200000000000000e+04
1.981000000000000000e+04
1.981000000000000000e+04
1.981000000000000000e+04
1.981000000000000000e+04
1.981000000000000000e+04
1.981000000000000000e+04
