8.784171714685516719e+00
1.755142375309231895e+01
1.170029448623092705e+01
1.055612570711319975e+01
1.190999124407734477e+01
1.520139100412966826e+01
1.464905015524680110e+01
1.000557660788469683e+01
1.753448221890246828e+01
1.047229825701652572e+01
8.178427142029214281e+00
8.477293157881600649e+00
1.084016014759216873e+01
9.515078652939994441e+00
4.280738236568643273e+00
1.142275205468222055e+01
4.195124345248651743e+00
1.969560900745551013e+00
2.577200711973866021e+00
5.490149272827423488e+00
4.951285124528215675e+00
7.281208571640060967e-01
9.089247300534715635e+00
3.266109342670902471e+00
2.602767351158814968e+00
4.898212553893586119e+00
9.588603529093916222e+00
1.087787885957912515e+01
8.492507868529560966e+00
1.865888657842007348e+01
1.456610399926094779e+01
1.551670824399811721e+01
1.927001583591488298e+01
2.522530649719377038e+01
2.755333439002818707e+01
2.595189504706091910e+01
3.662393444838561862e+01
3.274090720307868452e+01
3.359399819812123411e+01
3.693773935327042324e+01
4.217335576485989890e+01
4.348026813225828846e+01
4.057149066636392121e+01
4.967141494032201621e+01
4.397869458226497841e+01
4.281685684709005102e+01
4.397718780824920515e+01
4.690124359030691181e+01
4.581143523690971620e+01
4.046544913929198373e+01
4.713301764637407132e+01
3.905777972598569647e+01
3.560688284751607569e+01
3.461289747680734052e+01
3.555542013839566806e+01
3.269083445779325814e+01
2.580601165925133600e+01
3.119448193152832616e+01
2.211783014937527980e+01
1.795497723581604887e+01
