1.930853491631964687e+02
1.931374237054578771e+02
1.931465619960153788e+02
1.932729502919738991e+02
1.934474311099366446e+02
1.935165543972107685e+02
1.936667420105839881e+02
1.938213220917101296e+02
1.940078906999555954e+02
1.941446659132105879e+02
1.943896639505890676e+02
1.946717634758300335e+02
1.948358009434219866e+02
1.950667724424469895e+02
1.952868976731251394e+02
1.955230026858382359e+02
1.956928861055032201e+02
1.959544981643452672e+02
1.962369987335118537e+02
1.963858375077449239e+02
1.965869323411757534e+02
1.967637021461133315e+02
1.969444119713835448e+02
1.970484961495177174e+02
1.972356901465111605e+02
1.974370387197596983e+02
1.974999250152571904e+02
1.976121980961937368e+02
1.976991567810691208e+02
1.977908488022558231e+02
1.978083524550604579e+02
1.979128724997998461e+02
1.980367188658408963e+02
1.980283135187078756e+02
1.980763034778667588e+02
1.981065381102295930e+02
1.981493697024330345e+02
1.981259442208374253e+02
1.981973135170018452e+02
1.982954367962437345e+02
1.982682157767561364e+02
1.983036404215588959e+02
1.983268021274764976e+02
1.983672320382084138e+02
1.983452300030669448e+02
1.984210140456828526e+02
1.985257568066811302e+02
1.985066521187620481e+02
1.985510874543915918e+02
1.985836781537333593e+02
1.986336203224445285e+02
1.986210273699476261e+02
1.987060797485560499e+02
1.988200543130758433e+02
1.988103766791389262e+02
1.988647728003631414e+02
1.989082763996378276e+02
1.989705500989935842e+02
1.989721863726187507e+02
1.990738192013742491e+02
