-4.103442018869340018e+02
-5.098422351020033148e+02
-6.184097897047596462e+02
-7.352831050495901763e+02
-8.583748060126697510e+02
-9.837397034468217498e+02
-1.111406688403297494e+03
-1.284824168957455413e+03
-1.420169386316222244e+03
-1.555934535586437960e+03
-1.690827372871556008e+03
-1.822405527351442288e+03
-1.946550574083154970e+03
-2.063304049550500167e+03
-2.216312753597402207e+03
-2.322133675261279222e+03
-2.419811574822319471e+03
-2.508767114004335781e+03
-2.587415061153126317e+03
-2.652619025179480559e+03
-2.705505377884002883e+03
-2.790884252996173018e+03
-2.826528557116453158e+03
-2.852724660001881148e+03
-2.870133312294365169e+03
-2.878380977761598388e+03
-2.875488681204648401e+03
-2.863661649562347520e+03
-2.888688207296017936e+03
-2.869199374375984007e+03
-2.846203275030547957e+03
-2.820933262843989723e+03
-2.793430214961230831e+03
-2.761966264373590093e+03
-2.728833314301968585e+03
-2.739744760165116986e+03
-2.713101731733364431e+03
-2.689537732363180112e+03
-2.669780261173666077e+03
-2.653249472105507266e+03
-2.637500672293330808e+03
-2.624033482579773590e+03
-2.657715524210786953e+03
-2.656071357917670412e+03
-2.658849956759593169e+03
-2.665908709818539137e+03
-2.675833444182901530e+03
-2.685400738155936779e+03
-2.695404869573962969e+03
-2.750096846921713677e+03
-2.766485905851900498e+03
-2.783916489720180380e+03
-2.801958535067200046e+03
-2.819030463261318346e+03
-2.831861155785459687e+03
-2.841313350724383781e+03
-2.891816086840850858e+03
-2.900656835250768836e+03
-2.907546664968510868e+03
-2.912496650945987767e+03
