5.522398129075013458e+03
5.547748938497019481e+03
5.570982800034581487e+03
5.595736367151996092e+03
5.630218778473263228e+03
5.659549585959721298e+03
5.689024273410434944e+03
5.722023661812967475e+03
5.748313384807685907e+03
5.771508765305669840e+03
5.795224426636816133e+03
5.827666776456375374e+03
5.853972920306477135e+03
5.879476661879598396e+03
5.907617851646217787e+03
5.928241247279106574e+03
5.945060213180139726e+03
5.961804605442513093e+03
5.986811010206214632e+03
6.005358938375546131e+03
6.022933695215470834e+03
6.043132261913340699e+03
6.055958440010434970e+03
6.065282683219290448e+03
6.074986067231407105e+03
6.093546673872855536e+03
6.106372101968447168e+03
6.119058930586145834e+03
6.135295573434448670e+03
6.145154868399839870e+03
6.152551908276623180e+03
6.161386630629458523e+03
6.180129493999858823e+03
6.194153985350693802e+03
6.208996797313717252e+03
6.228262106500213122e+03
6.241916268775828030e+03
6.253748389327203768e+03
6.267516218150562054e+03
6.291535613395799373e+03
6.311017217403425093e+03
6.331331071320220872e+03
6.355915477344356987e+03
6.374576296172387629e+03
6.390952006692379655e+03
6.408663849091085467e+03
6.435909169488249063e+03
6.457801495462658750e+03
6.479637965252281901e+03
6.504810332141469189e+03
6.523105662435341401e+03
6.538172005542187435e+03
6.553668331184921954e+03
6.577856849161857099e+03
6.595941262194037336e+03
6.613331619393290566e+03
6.633552059200869735e+03
6.646537648461068784e+03
6.656095703027998752e+03
6.666051007532879339e+03
