1.395282650681200565e+01
8.213863928707660023e+00
8.182167275348863456e+00
6.754934132152846438e+00
5.064914524093355297e+00
2.366652289663301545e+00
3.674931191828378019e+00
1.384774027321260981e+01
8.748068852477434376e+00
9.364077086739992950e+00
8.571584458702385945e+00
7.482197872562054819e+00
5.330234498210996819e+00
7.111822072996454303e+00
1.766847039947371201e+01
1.284940516751000494e+01
1.363219285883187126e+01
1.288558456846796219e+01
1.171788900093532604e+01
9.364021811264606754e+00
1.082460974058581726e+01
2.094944287020848250e+01
1.559956956974534314e+01
1.576757010234664946e+01
1.433994746287139677e+01
1.244495965316503217e+01
9.339057284807765313e+00
1.004532393359957609e+01
1.943623321130302273e+01
1.339503879571003964e+01
1.293535539855344041e+01
1.096289092772172147e+01
8.622674717198542282e+00
5.184964725990941048e+00
5.683247889273085107e+00
1.499666156551235829e+01
9.011163079891854721e+00
8.739012540997546097e+00
7.080532591045134438e+00
5.171489460273981820e+00
2.269273823308997962e+00
3.391287464818493191e+00
1.339785199582371789e+01
8.153951746716179727e+00
8.649358422410674763e+00
7.761081412112230460e+00
6.601466787214782528e+00
4.405101239271051128e+00
6.167904498511332712e+00
1.673070448391614207e+01
1.194158648187274352e+01
1.277654492105043360e+01
1.210236502548742266e+01
1.102504369942154128e+01
8.776895579648938295e+00
1.035572117465380160e+01
2.060832863268527149e+01
1.539270173457585678e+01
1.569834796066340488e+01
1.440876302438300982e+01
