6.324622149474247446e-04
8.219425957871322880e-04
1.030052671672410883e-03
1.271992011016160207e-03
1.500048076928856217e-03
1.729708368745665886e-03
8.324421621259079154e-03
2.173770838079968921e-03
2.373550766059212905e-03
2.551982608303210269e-03
2.724770264110724233e-03
2.845917880375595233e-03
2.933796569585243354e-03
9.355823557127877776e-03
3.006518897803804949e-03
2.987435811307384646e-03
2.933201854104312747e-03
2.866380480824624877e-03
2.748078728685920784e-03
2.603795334126638578e-03
8.807879302461213422e-03
2.261370927679182130e-03
2.071728053213863982e-03
1.878681208857098384e-03
1.708933067626090428e-03
1.526633137604331471e-03
1.359126301853609380e-03
7.581348518882698867e-03
1.093643849377044439e-03
1.001506573927050947e-03
9.414917779091199618e-04
9.360083567711932097e-04
9.439226727621565644e-04
9.864676758471815909e-04
7.431825993819791629e-03
1.173155486792369379e-03
1.308554666901958971e-03
1.467204493901813926e-03
1.664393343728949072e-03
1.852346152249998140e-03
2.046345469974958017e-03
8.609506227004232529e-03
2.430966579542102792e-03
2.605986890175047629e-03
2.762188950409422659e-03
2.914638930162567407e-03
3.016692944324912175e-03
3.086092134482957237e-03
9.489669538689246911e-03
3.121432899622879169e-03
3.082518504589829358e-03
3.007252384891020286e-03
2.918027635952967491e-03
2.775922927640246847e-03
2.606556003208044398e-03
8.784541852499321013e-03
2.211327412445959241e-03
1.994905644220926547e-03
1.775652886034323127e-03
1.581005393998689704e-03
