-1.089994545149952359e+02
-9.389588984322551823e+01
-9.384792702561907163e+01
-8.436938959346326783e+01
-1.053707612539660374e+02
-1.350043340134390348e+02
-1.366173278715500885e+02
-1.075357774160178082e+02
-9.094379919546213387e+01
-8.987388891515466582e+01
-7.988565048927065959e+01
-1.009196243012961673e+02
-1.311411535817573508e+02
-1.338926902793181455e+02
-1.064773639596079136e+02
-9.203844198240976482e+01
-9.355033006411042606e+01
-8.649850096030534985e+01
-1.107349902938851756e+02
-1.443243568383302602e+02
-1.504984548747586928e+02
-1.264427777213720248e+02
-1.151789273330706749e+02
-1.195587788517926242e+02
-1.149476429594776903e+02
-1.410829778843666986e+02
-1.759234613306738595e+02
-1.826066854707411267e+02
-1.582381545331482471e+02
-1.457760674499199069e+02
-1.480273911570717189e+02
-1.403324750176868179e+02
-1.624247181915632723e+02
-1.922800736546891187e+02
-1.930746396225250123e+02
-1.619730200329981358e+02
-1.420119531032855491e+02
-1.360947440388557084e+02
-1.196737959190664355e+02
-1.326078059547960493e+02
-1.530084764524437162e+02
-1.441950652740458168e+02
-1.034795378085018456e+02
-7.404690390921797416e+01
-5.894636203562080823e+01
-3.377063011619257082e+01
-3.851011278971331819e+01
-5.139683152369349983e+01
-3.585651216543725894e+01
1.070834757934989767e+01
4.503979769989677351e+01
6.403448283363897531e+01
9.206501283819446257e+01
8.912599675893767426e+01
7.698981699477513985e+01
9.225376605419600651e+01
1.375557533943466240e+02
1.696939913552092207e+02
1.856350533600835035e+02
2.098329625593117953e+02
