3.024824605609064410e+00
3.019957122560661400e+00
3.015089639512247288e+00
3.022053012638905134e+00
3.017160146308757618e+00
3.023676201835892030e+00
3.018881075195292585e+00
3.025907498432960807e+00
3.021040015384538702e+00
3.016172532336118817e+00
3.023135905462796647e+00
3.018243039132658456e+00
3.024759094659793313e+00
3.019963968019184541e+00
3.026990391256857649e+00
3.022122908208416447e+00
3.017255425160041860e+00
3.024218798286705479e+00
3.019325931956559295e+00
3.025841987483700368e+00
3.021046860843111137e+00
3.028073284080781580e+00
3.023205801032349704e+00
3.018338317983938701e+00
3.025301691110601876e+00
3.020408824780459689e+00
3.026924880307595433e+00
3.022129753666988883e+00
3.029156176904653108e+00
3.024288693856227006e+00
3.019421210807860856e+00
3.026384583934511152e+00
3.021491717604368965e+00
3.028007773131502933e+00
3.023212646490897715e+00
3.030239069728574819e+00
3.025371586680132285e+00
3.020504103631732384e+00
3.027467476758402665e+00
3.022574610428264030e+00
3.029090665955410433e+00
3.024295539314806991e+00
3.031321962552471661e+00
3.026454479504057993e+00
3.021586996455654095e+00
3.028550369582329260e+00
3.023657503252171086e+00
3.030173558779311271e+00
3.025378432138702944e+00
3.032404855376393815e+00
3.027537372327963272e+00
3.022669889279576250e+00
3.029633262406220329e+00
3.024740396076071924e+00
3.031256451603213886e+00
3.026461324962594457e+00
3.033487748200265344e+00
3.028620265151841462e+00
3.023752782103449999e+00
3.030716155230116282e+00
