3.162107110099514173e+01
3.185230697516562159e+01
3.207201755004818722e+01
3.231834866372788895e+01
3.249953090918401699e+01
3.271468324359680224e+01
3.297792355278881615e+01
3.320730734876306656e+01
3.345715824205977640e+01
3.369166554758825782e+01
3.394879013599936712e+01
3.413665033806993421e+01
3.435432838395519894e+01
3.461598221846194434e+01
3.483978381495870735e+01
3.508024761210941023e+01
3.530182445362122934e+01
3.554280220387396838e+01
3.571168494625324996e+01
3.590799138214488551e+01
3.614635744188265676e+01
3.634546443074584943e+01
3.656035656054640270e+01
3.675602349392344337e+01
3.697128933591132238e+01
3.711518024968581386e+01
3.728771158631703742e+01
3.750397980666760844e+01
3.768308077363735720e+01
3.788041850209893369e+01
3.806128020603871676e+01
3.826471925984630218e+01
3.839991839815740349e+01
3.856697415267185391e+01
3.878098787070450015e+01
3.896098491631353511e+01
3.916222611912003515e+01
3.934978724350295209e+01
3.956244798508472371e+01
3.970906266827527276e+01
3.988935345563107404e+01
4.011801119375257230e+01
4.031362524961533467e+01
4.053100613483991310e+01
4.073477640908193820e+01
4.096327108129931815e+01
4.112491939523018658e+01
4.131904853058063765e+01
4.155999408080185020e+01
4.176603841980881526e+01
4.199174054220046060e+01
4.220153268943405322e+01
4.243362484087181485e+01
4.259638885879923009e+01
4.278916276686232578e+01
4.302636001731448800e+01
4.322640490067196595e+01
4.344405776924090645e+01
4.364400551723207400e+01
4.386475856656292649e+01
