0.000000000000000000e+00
0.000000000000000000e+00
0.000000000000000000e+00
0.000000000000000000e+00
0.000000000000000000e+00
0.000000000000000000e+00
0.000000000000000000e+00
0.000000000000000000e+00
0.000000000000000000e+00
0.000000000000000000e+00
0.000000000000000000e+00
0.000000000000000000e+00
0.000000000000000000e+00
0.000000000000000000e+00
0.000000000000000000e+00
0.000000000000000000e+00
0.000000000000000000e+00
0.000000000000000000e+00
0.000000000000000000e+00
0.000000000000000000e+00
0.000000000000000000e+00
0.000000000000000000e+00
0.000000000000000000e+00
0.000000000000000000e+00
0.000000000000000000e+00
0.000000000000000000e+00
0.000000000000000000e+00
0.000000000000000000e+00
0.000000000000000000e+00
0.000000000000000000e+00
0.000000000000000000e+00
0.000000000000000000e+00
0.000000000000000000e+00
0.000000000000000000e+00
0.000000000000000000e+00
0.000000000000000000e+00
0.000000000000000000e+00
0.000000000000000000e+00
0.000000000000000000e+00
0.000000000000000000e+00
0.000000000000000000e+00
0.000000000000000000e+00
0.000000000000000000e+00
0.000000000000000000e+00
0.000000000000000000e+00
0.000000000000000000e+00
1.000000000000000000e+00
1.000000000000000000e+00
1.000000000000000000e+00
1.000000000000000000e+00
1.000000000000000000e+00
2.000000000000000000e+00
2.000000000000000000e+00
2.000000000000000000e+00
2.000000000000000000e+00
4.000000000000000000e+00
6.000000000000000000e+00
6.000000000000000000e+00
8.000000000000000000e+00
1.000000000000000000e+01
1.400000000000000000e+01
1.900000000000000000e+01
2.000000000000000000e+01
2.100000000000000000e+01
2.400000000000000000e+01
3.000000000000000000e+01
3.600000000000000000e+01
4.000000000000000000e+01
4.100000000000000000e+01
4.600000000000000000e+01
5.200000000000000000e+01
5.800000000000000000e+01
6.600000000000000000e+01
7.100000000000000000e+01
7.800000000000000000e+01
8.500000000000000000e+01
9.400000000000000000e+01
1.030000000000000000e+02
1.180000000000000000e+02
1.350000000000000000e+02
1.460000000000000000e+02
1.590000000000000000e+02
1.640000000000000000e+02
1.780000000000000000e+02
1.830000000000000000e+02
1.960000000000000000e+02
2.050000000000000000e+02
2.240000000000000000e+02
2.390000000000000000e+02
2.500000000000000000e+02
2.640000000000000000e+02
2.760000000000000000e+02
2.870000000000000000e+02
2.940000000000000000e+02
3.070000000000000000e+02
3.170000000000000000e+02
3.370000000000000000e+02
3.590000000000000000e+02
3.800000000000000000e+02
3.920000000000000000e+02
4.060000000000000000e+02
4.150000000000000000e+02
4.290000000000000000e+02
4.360000000000000000e+02
4.520000000000000000e+02
4.690000000000000000e+02
4.820000000000000000e+02
5.030000000000000000e+02
5.140000000000000000e+02
5.250000000000000000e+02
5.330000000000000000e+02
5.440000000000000000e+02
5.560000000000000000e+02
5.710000000000000000e+02
5.920000000000000000e+02
6.120000000000000000e+02
6.300000000000000000e+02
6.450000000000000000e+02
6.590000000000000000e+02
6.800000000000000000e+02
6.960000000000000000e+02
7.070000000000000000e+02
7.350000000000000000e+02
7.640000000000000000e+02
7.830000000000000000e+02
7.970000000000000000e+02
8.160000000000000000e+02
8.450000000000000000e+02
8.790000000000000000e+02
9.130000000000000000e+02
9.590000000000000000e+02
1.005000000000000000e+03
1.052000000000000000e+03
1.088000000000000000e+03
1.126000000000000000e+03
1.166000000000000000e+03
1.198000000000000000e+03
1.237000000000000000e+03
1.271000000000000000e+03
1.306000000000000000e+03
1.342000000000000000e+03
1.377000000000000000e+03
1.422000000000000000e+03
1.484000000000000000e+03
1.575000000000000000e+03
1.672000000000000000e+03
1.766000000000000000e+03
1.850000000000000000e+03
1.938000000000000000e+03
2.017000000000000000e+03
2.106000000000000000e+03
2.193000000000000000e+03
2.278000000000000000e+03
2.365000000000000000e+03
2.450000000000000000e+03
2.533000000000000000e+03
2.620000000000000000e+03
2.708000000000000000e+03
2.789000000000000000e+03
2.872000000000000000e+03
2.953000000000000000e+03
3.034000000000000000e+03
3.120000000000000000e+03
3.201000000000000000e+03
3.280000000000000000e+03
3.343000000000000000e+03
3.422000000000000000e+03
3.489000000000000000e+03
3.564000000000000000e+03
3.617000000000000000e+03
3.702000000000000000e+03
3.769000000000000000e+03
3.858000000000000000e+03
3.935000000000000000e+03
4.008000000000000000e+03
4.067000000000000000e+03
4.120000000000000000e+03
4.188000000000000000e+03
4.251000000000000000e+03
4.302000000000000000e+03
4.352000000000000000e+03
4.399000000000000000e+03
4.440000000000000000e+03
4.480000000000000000e+03
4.518000000000000000e+03
4.558000000000000000e+03
4.606000000000000000e+03
4.652000000000000000e+03
4.691000000000000000e+03
4.728000000000000000e+03
4.774000000000000000e+03
4.805000000000000000e+03
4.834000000000000000e+03
4.865000000000000000e+03
4.888000000000000000e+03
4.912000000000000000e+03
4.930000000000000000e+03
4.951000000000000000e+03
4.971000000000000000e+03
4.992000000000000000e+03
5.009000000000000000e+03
5.035000000000000000e+03
5.059000000000000000e+03
5.085000000000000000e+03
5.107000000000000000e+03
5.124000000000000000e+03
5.141000000000000000e+03
5.160000000000000000e+03
5.173000000000000000e+03
5.184000000000000000e+03
5.197000000000000000e+03
5.212000000000000000e+03
5.231000000000000000e+03
5.243000000000000000e+03
5.262000000000000000e+03
5.280000000000000000e+03
5.298000000000000000e+03
5.317000000000000000e+03
5.342000000000000000e+03
5.362000000000000000e+03
5.376000000000000000e+03
5.399000000000000000e+03
5.421000000000000000e+03
5.440000000000000000e+03
5.461000000000000000e+03
5.479000000000000000e+03
5.495000000000000000e+03
5.511000000000000000e+03
5.530000000000000000e+03
5.541000000000000000e+03
5.560000000000000000e+03
5.577000000000000000e+03
5.590000000000000000e+03
5.607000000000000000e+03
5.627000000000000000e+03
5.648000000000000000e+03
5.661000000000000000e+03
5.679000000000000000e+03
5.696000000000000000e+03
5.715000000000000000e+03
5.733000000000000000e+03
5.750000000000000000e+03
5.770000000000000000e+03
5.787000000000000000e+03
5.806000000000000000e+03
5.822000000000000000e+03
5.835000000000000000e+03
5.853000000000000000e+03
5.869000000000000000e+03
5.883000000000000000e+03
5.901000000000000000e+03
5.914000000000000000e+03
5.930000000000000000e+03
5.946000000000000000e+03
5.956000000000000000e+03
5.970000000000000000e+03
5.981000000000000000e+03
5.990000000000000000e+03
6.001000000000000000e+03
6.010000000000000000e+03
6.017000000000000000e+03
6.029000000000000000e+03
6.040000000000000000e+03
6.052000000000000000e+03
6.062000000000000000e+03
6.071000000000000000e+03
6.077000000000000000e+03
6.088000000000000000e+03
6.099000000000000000e+03
6.109000000000000000e+03
6.120000000000000000e+03
6.130000000000000000e+03
6.142000000000000000e+03
6.155000000000000000e+03
6.166000000000000000e+03
6.176000000000000000e+03
6.187000000000000000e+03
6.199000000000000000e+03
6.211000000000000000e+03
6.222000000000000000e+03
6.234000000000000000e+03
6.247000000000000000e+03
6.258000000000000000e+03
6.266000000000000000e+03
6.278000000000000000e+03
6.291000000000000000e+03
6.305000000000000000e+03
6.318000000000000000e+03
6.329000000000000000e+03
6.343000000000000000e+03
6.355000000000000000e+03
6.368000000000000000e+03
6.380000000000000000e+03
6.394000000000000000e+03
6.405000000000000000e+03
6.417000000000000000e+03
6.429000000000000000e+03
6.442000000000000000e+03
6.453000000000000000e+03
6.465000000000000000e+03
6.481000000000000000e+03
6.495000000000000000e+03
6.508000000000000000e+03
6.521000000000000000e+03
6.535000000000000000e+03
6.548000000000000000e+03
6.560000000000000000e+03
6.573000000000000000e+03
6.585000000000000000e+03
6.596000000000000000e+03
6.608000000000000000e+03
6.621000000000000000e+03
6.636000000000000000e+03
6.650000000000000000e+03
6.666000000000000000e+03
6.694000000000000000e+03
6.713000000000000000e+03
6.732000000000000000e+03
6.750000000000000000e+03
6.771000000000000000e+03
6.790000000000000000e+03
6.813000000000000000e+03
6.832000000000000000e+03
6.854000000000000000e+03
6.877000000000000000e+03
6.898000000000000000e+03
6.920000000000000000e+03
6.943000000000000000e+03
6.966000000000000000e+03
6.990000000000000000e+03
7.015000000000000000e+03
7.041000000000000000e+03
7.069000000000000000e+03
7.098000000000000000e+03
7.130000000000000000e+03
7.167000000000000000e+03
7.209000000000000000e+03
7.260000000000000000e+03
7.309000000000000000e+03
7.352000000000000000e+03
7.405000000000000000e+03
7.466000000000000000e+03
7.520000000000000000e+03
7.576000000000000000e+03
7.631000000000000000e+03
7.687000000000000000e+03
7.741000000000000000e+03
7.805000000000000000e+03
7.863000000000000000e+03
7.918000000000000000e+03
7.975000000000000000e+03
8.029000000000000000e+03
8.085000000000000000e+03
8.142000000000000000e+03
8.197000000000000000e+03
8.249000000000000000e+03
8.304000000000000000e+03
8.362000000000000000e+03
8.421000000000000000e+03
8.473000000000000000e+03
8.527000000000000000e+03
8.583000000000000000e+03
8.638000000000000000e+03
8.696000000000000000e+03
8.747000000000000000e+03
8.801000000000000000e+03
8.853000000000000000e+03
8.902000000000000000e+03
8.959000000000000000e+03
9.012000000000000000e+03
9.067000000000000000e+03
9.115000000000000000e+03
9.169000000000000000e+03
9.217000000000000000e+03
9.263000000000000000e+03
9.316000000000000000e+03
9.360000000000000000e+03
9.407000000000000000e+03
9.460000000000000000e+03
9.512000000000000000e+03
9.560000000000000000e+03
9.604000000000000000e+03
9.651000000000000000e+03
9.699000000000000000e+03
9.751000000000000000e+03
9.804000000000000000e+03
9.857000000000000000e+03
9.899000000000000000e+03
9.935000000000000000e+03
9.994000000000000000e+03
1.005000000000000000e+04
1.010100000000000000e+04
1.015000000000000000e+04
1.020100000000000000e+04
1.025000000000000000e+04
1.029800000000000000e+04
1.035300000000000000e+04
1.040400000000000000e+04
1.044300000000000000e+04
1.049500000000000000e+04
1.054100000000000000e+04
1.059000000000000000e+04
1.063900000000000000e+04
1.068800000000000000e+04
1.073600000000000000e+04
1.077800000000000000e+04
1.082200000000000000e+04
1.087100000000000000e+04
1.091600000000000000e+04
1.095400000000000000e+04
1.099500000000000000e+04
1.103800000000000000e+04
1.108200000000000000e+04
1.112800000000000000e+04
1.116900000000000000e+04
1.121400000000000000e+04
1.125600000000000000e+04
1.130000000000000000e+04
1.134000000000000000e+04
1.138400000000000000e+04
1.143100000000000000e+04
1.147200000000000000e+04
1.151200000000000000e+04
1.155700000000000000e+04
1.159800000000000000e+04
1.163700000000000000e+04
1.168000000000000000e+04
1.172000000000000000e+04
1.176800000000000000e+04
1.180400000000000000e+04
1.184500000000000000e+04
1.188200000000000000e+04
1.191400000000000000e+04
1.195600000000000000e+04
1.199500000000000000e+04
1.204100000000000000e+04
1.208400000000000000e+04
1.212300000000000000e+04
1.216300000000000000e+04
1.221000000000000000e+04
1.225300000000000000e+04
1.229000000000000000e+04
1.232300000000000000e+04
1.236200000000000000e+04
1.240500000000000000e+04
1.244500000000000000e+04
1.248700000000000000e+04
1.252600000000000000e+04
1.257000000000000000e+04
1.261100000000000000e+04
1.265300000000000000e+04
1.269400000000000000e+04
1.273800000000000000e+04
1.277800000000000000e+04
1.282000000000000000e+04
1.286600000000000000e+04
1.291400000000000000e+04
1.295900000000000000e+04
1.299800000000000000e+04
1.304900000000000000e+04
1.310700000000000000e+04
1.316800000000000000e+04
1.321900000000000000e+04
1.327800000000000000e+04
1.333900000000000000e+04
1.340200000000000000e+04
1.346900000000000000e+04
1.353100000000000000e+04
1.359100000000000000e+04
1.365500000000000000e+04
1.371400000000000000e+04
1.377900000000000000e+04
1.384500000000000000e+04
1.390400000000000000e+04
1.397200000000000000e+04
1.403300000000000000e+04
1.409100000000000000e+04
1.415000000000000000e+04
1.420600000000000000e+04
1.426900000000000000e+04
1.432700000000000000e+04
1.438800000000000000e+04
1.444100000000000000e+04
1.449800000000000000e+04
1.455900000000000000e+04
1.461100000000000000e+04
1.467000000000000000e+04
1.472100000000000000e+04
1.476600000000000000e+04
1.480700000000000000e+04
1.485000000000000000e+04
1.490400000000000000e+04
1.495000000000000000e+04
1.500100000000000000e+04
1.504700000000000000e+04
1.509600000000000000e+04
1.513600000000000000e+04
1.517800000000000000e+04
1.522200000000000000e+04
1.526800000000000000e+04
1.530900000000000000e+04
1.535200000000000000e+04
1.539900000000000000e+04
1.543700000000000000e+04
1.547100000000000000e+04
1.551000000000000000e+04
1.554700000000000000e+04
1.558200000000000000e+04
1.562300000000000000e+04
1.565400000000000000e+04
1.569100000000000000e+04
1.572300000000000000e+04
1.576000000000000000e+04
1.579100000000000000e+04
1.582900000000000000e+04
1.585900000000000000e+04
1.589800000000000000e+04
1.593500000000000000e+04
1.596700000000000000e+04
1.600200000000000000e+04
1.603100000000000000e+04
1.606200000000000000e+04
1.609200000000000000e+04
1.612500000000000000e+04
1.614800000000000000e+04
1.616900000000000000e+04
1.619400000000000000e+04
1.621500000000000000e+04
1.624200000000000000e+04
1.626400000000000000e+04
1.628400000000000000e+04
1.630600000000000000e+04
1.633200000000000000e+04
1.635100000000000000e+04
1.636800000000000000e+04
1.638300000000000000e+04
1.639600000000000000e+04
1.640300000000000000e+04
1.641200000000000000e+04
1.641800000000000000e+04
1.642500000000000000e+04
1.643100000000000000e+04
1.643900000000000000e+04
1.643900000000000000e+04
1.645200000000000000e+04
1.645700000000000000e+04
1.646500000000000000e+04
1.647000000000000000e+04
1.647700000000000000e+04
1.648100000000000000e+04
1.648700000000000000e+04
1.649400000000000000e+04
1.649800000000000000e+04
1.650700000000000000e+04
1.651400000000000000e+04
1.651800000000000000e+04
1.652400000000000000e+04
1.652800000000000000e+04
1.653500000000000000e+04
1.654000000000000000e+04
1.655000000000000000e+04
1.655700000000000000e+04
1.656200000000000000e+04
1.656600000000000000e+04
1.657500000000000000e+04
1.658200000000000000e+04
1.658800000000000000e+04
1.659700000000000000e+04
1.660400000000000000e+04
1.660900000000000000e+04
1.661500000000000000e+04
1.661900000000000000e+04
1.662500000000000000e+04
1.663000000000000000e+04
1.663800000000000000e+04
1.664700000000000000e+04
1.665400000000000000e+04
1.666300000000000000e+04
1.667100000000000000e+04
1.667600000000000000e+04
1.668300000000000000e+04
1.669100000000000000e+04
1.670100000000000000e+04
1.670600000000000000e+04
1.671400000000000000e+04
1.672100000000000000e+04
1.672700000000000000e+04
1.673600000000000000e+04
1.674300000000000000e+04
1.675500000000000000e+04
1.676600000000000000e+04
1.677600000000000000e+04
1.678900000000000000e+04
1.680100000000000000e+04
1.681100000000000000e+04
1.682400000000000000e+04
1.683600000000000000e+04
1.684700000000000000e+04
1.686000000000000000e+04
1.687100000000000000e+04
1.688500000000000000e+04
1.689500000000000000e+04
1.690800000000000000e+04
1.692100000000000000e+04
1.693500000000000000e+04
1.695100000000000000e+04
1.697000000000000000e+04
1.699200000000000000e+04
1.701600000000000000e+04
1.704300000000000000e+04
1.707400000000000000e+04
1.711000000000000000e+04
1.714900000000000000e+04
1.718700000000000000e+04
1.722400000000000000e+04
1.726300000000000000e+04
1.729400000000000000e+04
1.733100000000000000e+04
1.736700000000000000e+04
1.739900000000000000e+04
1.743600000000000000e+04
1.746900000000000000e+04
1.750800000000000000e+04
1.754500000000000000e+04
1.758400000000000000e+04
1.761900000000000000e+04
1.765800000000000000e+04
1.769500000000000000e+04
1.772600000000000000e+04
1.776500000000000000e+04
1.780600000000000000e+04
1.784600000000000000e+04
1.788400000000000000e+04
1.792600000000000000e+04
1.797000000000000000e+04
1.801500000000000000e+04
1.805800000000000000e+04
1.810500000000000000e+04
1.815100000000000000e+04
1.819500000000000000e+04
1.824200000000000000e+04
1.828500000000000000e+04
1.833300000000000000e+04
1.837500000000000000e+04
1.842800000000000000e+04
1.848300000000000000e+04
1.853500000000000000e+04
1.859200000000000000e+04
1.865100000000000000e+04
1.871100000000000000e+04
1.876900000000000000e+04
1.883200000000000000e+04
1.888900000000000000e+04
1.894900000000000000e+04
1.901100000000000000e+04
1.907600000000000000e+04
1.913000000000000000e+04
1.918600000000000000e+04
1.924900000000000000e+04
1.930900000000000000e+04
1.936600000000000000e+04
1.943500000000000000e+04
1.943500000000000000e+04
1.956700000000000000e+04
1.963600000000000000e+04
1.970700000000000000e+04
1.978000000000000000e+04
1.981100000000000000e+04
1.987200000000000000e+04
1.993300000000000000e+04
1.999100000000000000e+04
2.005200000000000000e+04
2.010900000000000000e+04
2.017200000000000000e+04
2.023700000000000000e+04
2.030500000000000000e+04
2.034700000000000000e+04
2.041200000000000000e+04
2.047400000000000000e+04
2.053700000000000000e+04
2.059400000000000000e+04
2.064300000000000000e+04
2.068200000000000000e+04
2.072700000000000000e+04
2.077000000000000000e+04
2.082100000000000000e+04
2.087700000000000000e+04
2.091900000000000000e+04
2.096600000000000000e+04
2.101500000000000000e+04
2.106000000000000000e+04
2.106000000000000000e+04
2.115500000000000000e+04
2.120300000000000000e+04
2.123400000000000000e+04
2.127700000000000000e+04
2.131500000000000000e+04
2.136100000000000000e+04
2.141000000000000000e+04
2.145700000000000000e+04
2.150000000000000000e+04
2.151000000000000000e+04
2.154600000000000000e+04
2.157100000000000000e+04
2.160800000000000000e+04
2.163900000000000000e+04
2.166700000000000000e+04
2.169500000000000000e+04
2.172700000000000000e+04
2.175200000000000000e+04
2.176800000000000000e+04
2.179700000000000000e+04
2.181700000000000000e+04
2.183600000000000000e+04
2.186300000000000000e+04
2.188200000000000000e+04
2.190900000000000000e+04
2.193800000000000000e+04
2.196400000000000000e+04
2.199500000000000000e+04
2.201400000000000000e+04
2.204200000000000000e+04
2.206300000000000000e+04
2.209700000000000000e+04
2.212300000000000000e+04
2.214800000000000000e+04
2.217900000000000000e+04
2.220500000000000000e+04
2.223800000000000000e+04
2.226000000000000000e+04
2.228900000000000000e+04
2.233000000000000000e+04
2.236800000000000000e+04
2.239600000000000000e+04
2.243100000000000000e+04
2.246000000000000000e+04
2.249600000000000000e+04
2.252200000000000000e+04
2.256600000000000000e+04
2.260400000000000000e+04
2.263500000000000000e+04
2.268300000000000000e+04
2.273500000000000000e+04
2.278000000000000000e+04
2.281900000000000000e+04
2.287700000000000000e+04
2.293600000000000000e+04
2.299300000000000000e+04
2.305300000000000000e+04
2.311000000000000000e+04
2.317200000000000000e+04
2.323300000000000000e+04
2.329200000000000000e+04
2.329200000000000000e+04
2.340900000000000000e+04
2.346500000000000000e+04
2.351900000000000000e+04
2.358000000000000000e+04
2.363200000000000000e+04
2.369400000000000000e+04
2.375200000000000000e+04
2.380600000000000000e+04
2.385700000000000000e+04
2.388900000000000000e+04
2.392700000000000000e+04
2.395700000000000000e+04
2.399200000000000000e+04
2.404000000000000000e+04
2.407400000000000000e+04
2.411000000000000000e+04
2.413200000000000000e+04
2.414900000000000000e+04
2.416200000000000000e+04
2.417200000000000000e+04
2.419700000000000000e+04
2.422200000000000000e+04
2.424400000000000000e+04
2.425700000000000000e+04
2.426900000000000000e+04
2.427700000000000000e+04
2.427700000000000000e+04
2.427700000000000000e+04
2.427700000000000000e+04
2.427700000000000000e+04
2.427700000000000000e+04
2.427700000000000000e+04
2.427700000000000000e+04
2.427700000000000000e+04
2.427700000000000000e+04
2.436100000000000000e+04
2.436100000000000000e+04
2.436100000000000000e+04
2.436100000000000000e+04
2.436100000000000000e+04
2.436100000000000000e+04
2.436100000000000000e+04
2.441700000000000000e+04
2.441700000000000000e+04
2.441700000000000000e+04
2.441700000000000000e+04
2.441700000000000000e+04
2.441700000000000000e+04
2.441700000000000000e+04
2.447300000000000000e+04
2.447300000000000000e+04
2.447300000000000000e+04
2.447300000000000000e+04
2.447300000000000000e+04
2.447300000000000000e+04
2.447300000000000000e+04
2.452200000000000000e+04
2.452200000000000000e+04
2.452200000000000000e+04
2.452200000000000000e+04
2.452200000000000000e+04
2.452200000000000000e+04
2.452200000000000000e+04
2.452200000000000000e+04
2.461300000000000000e+04
2.461300000000000000e+04
2.461300000000000000e+04
2.461300000000000000e+04
2.461300000000000000e+04
2.461300000000000000e+04
2.461300000000000000e+04
2.461300000000000000e+04
2.461300000000000000e+04
2.461300000000000000e+04
2.461300000000000000e+04
2.461300000000000000e+04
2.461300000000000000e+04
2.461300000000000000e+04
2.461300000000000000e+04
2.464100000000000000e+04
2.464100000000000000e+04
2.464100000000000000e+04
2.464100000000000000e+04
2.464100000000000000e+04
2.466900000000000000e+04
2.466900000000000000e+04
2.466900000000000000e+04
2.466900000000000000e+04
2.466900000000000000e+04
2.466900000000000000e+04
2.466900000000000000e+04
2.469000000000000000e+04
2.469000000000000000e+04
2.469000000000000000e+04
2.469000000000000000e+04
2.469000000000000000e+04
2.469000000000000000e+04
2.469000000000000000e+04
2.470400000000000000e+04
2.470400000000000000e+04
2.470400000000000000e+04
2.470400000000000000e+04
2.470400000000000000e+04
2.470400000000000000e+04
2.470400000000000000e+04
2.471800000000000000e+04
2.471800000000000000e+04
2.471800000000000000e+04
2.471800000000000000e+04
2.471800000000000000e+04
2.471800000000000000e+04
2.471800000000000000e+04
2.471900000000000000e+04
2.471900000000000000e+04
2.471900000000000000e+04
2.471900000000000000e+04
2.471900000000000000e+04
2.471900000000000000e+04
2.471900000000000000e+04
2.472000000000000000e+04
2.472000000000000000e+04
2.472000000000000000e+04
2.472000000000000000e+04
2.472000000000000000e+04
2.472000000000000000e+04
2.472000000000000000e+04
2.472200000000000000e+04
2.472200000000000000e+04
2.472200000000000000e+04
2.472200000000000000e+04
2.472200000000000000e+04
2.472200000000000000e+04
2.472200000000000000e+04
2.472300000000000000e+04
2.472300000000000000e+04
2.472300000000000000e+04
2.472300000000000000e+04
2.472300000000000000e+04
2.472300000000000000e+04
2.472300000000000000e+04
2.472300000000000000e+04
2.472400000000000000e+04
2.472400000000000000e+04
2.472400000000000000e+04
2.472400000000000000e+04
2.472400000000000000e+04
2.472400000000000000e+04
2.472400000000000000e+04
2.472500000000000000e+04
2.472500000000000000e+04
2.472500000000000000e+04
2.472500000000000000e+04
2.472500000000000000e+04
2.472500000000000000e+04
2.475000000000000000e+04
2.475000000000000000e+04
2.475000000000000000e+04
2.475000000000000000e+04
2.475000000000000000e+04
2.475000000000000000e+04
2.475000000000000000e+04
2.476500000000000000e+04
2.476500000000000000e+04
2.476500000000000000e+04
2.476500000000000000e+04
2.476500000000000000e+04
2.476500000000000000e+04
2.476500000000000000e+04
2.476500000000000000e+04
2.477500000000000000e+04
2.477500000000000000e+04
2.477500000000000000e+04
2.477500000000000000e+04
2.477500000000000000e+04
2.477500000000000000e+04
2.478100000000000000e+04
2.478100000000000000e+04
2.478100000000000000e+04
2.478100000000000000e+04
2.478100000000000000e+04
2.478100000000000000e+04
2.478100000000000000e+04
2.478600000000000000e+04
2.478600000000000000e+04
2.478600000000000000e+04
2.478600000000000000e+04
2.478600000000000000e+04
2.478600000000000000e+04
2.478600000000000000e+04
2.479100000000000000e+04
2.479100000000000000e+04
2.479100000000000000e+04
2.479100000000000000e+04
2.479100000000000000e+04
2.479100000000000000e+04
2.479100000000000000e+04
2.479100000000000000e+04
2.479400000000000000e+04
2.479400000000000000e+04
2.479400000000000000e+04
2.479400000000000000e+04
2.479400000000000000e+04
2.479400000000000000e+04
2.479600000000000000e+04
2.479600000000000000e+04
2.479600000000000000e+04
2.479600000000000000e+04
2.479600000000000000e+04
2.479600000000000000e+04
