1.588809567317141045e+03
1.576439665365067185e+03
1.559373656277099599e+03
1.565005645789181926e+03
1.561024171984580789e+03
1.547838208731107670e+03
1.542774811416046987e+03
1.530087326862957980e+03
1.511911153767763608e+03
1.490456309989172496e+03
1.493186989950603902e+03
1.487828154627954291e+03
1.474790821957848948e+03
1.471369891104894350e+03
1.461753412186575133e+03
1.447980253766254918e+03
1.432135367755543029e+03
1.441532757322748921e+03
1.443726093921501842e+03
1.438938538983018134e+03
1.444265478684354775e+03
1.443688949150991220e+03
1.439040564706334862e+03
1.432202007528923787e+03
1.450293045350941611e+03
1.460686890453648175e+03
1.463444332365093032e+03
1.475520242537484137e+03
1.480781134157742599e+03
1.480970513861467452e+03
1.477911028151068422e+03
1.498693337194423975e+03
1.510691517630009912e+03
1.513996437557710351e+03
1.525620734634466999e+03
1.529514133789244624e+03
1.527525913690752759e+03
1.521603613906336250e+03
1.538978018659462577e+03
1.547174333094612393e+03
1.546441117234008516e+03
1.553950734777607522e+03
1.553810180120864061e+03
1.548019216662604322e+03
1.538665035902855607e+03
1.553103581213800226e+03
1.558967547656228817e+03
1.556592703460454459e+03
1.563216353650953579e+03
1.562986853856493781e+03
1.557921132366628171e+03
1.550099434810581215e+03
1.566847420239259918e+03
1.575745585611165325e+03
1.577057611907506271e+03
1.587931383686348909e+03
1.592411507365420221e+03
1.592400192022970714e+03
1.589855604170929155e+03
1.611977716778651484e+03
