5.823565186196233299e+02
6.969806860260888470e+02
7.902104617495780303e+02
8.686955334560615256e+02
-9.503527163408405158e+02
9.962961472385823072e+02
1.019816127887535117e+03
1.016256111631127169e+03
1.032637992480309094e+03
1.013992909142420444e+03
9.699831132500180502e+02
-9.787418435813231099e+02
8.348205966338814505e+02
7.258463718148094586e+02
5.945022509086753644e+02
4.919234923950963889e+02
3.671263823004912297e+02
2.335067103867389733e+02
-1.784923524447087175e+03
-1.828241267364722944e+01
-1.490988632426694664e+02
-2.755821695016970239e+02
-3.457144362094022085e+02
-4.103887749247175520e+02
-4.569402902884585274e+02
-2.362916212660640667e+03
-4.608056705185901478e+02
-4.362804350401362399e+02
-3.914016078260719382e+02
-2.786274956728566963e+02
-1.538474303526994049e+02
-9.790996949799875892e+00
-1.729661998645048243e+03
3.482789189585920440e+02
5.326278526094633889e+02
7.157883959075622897e+02
9.401200902093676177e+02
1.145055537809351335e+03
1.333832508609887782e+03
-3.800123058297132843e+02
1.662884468542830746e+03
1.769716213441337004e+03
1.832523360131465779e+03
1.894382452621284301e+03
1.896536630833543313e+03
1.845113003122453392e+03
-1.424265611368498128e+02
1.598171767657770488e+03
1.379860313117798569e+03
1.101185998665565421e+03
8.123370820608649865e+02
4.621132699571605258e+02
6.446855182141524665e+01
-2.255222426984356844e+03
-8.248968683304917704e+02
-1.324087485101766106e+03
-1.847212236817347275e+03
-2.337704292900647488e+03
-2.841204876817294007e+03
-3.339165370665174123e+03
