-3.322010820674412571e+03
-2.490044981777426074e+03
-1.553776909448938568e+03
-5.249243132260380662e+02
6.820499570603219581e+02
1.761168032115365349e+02
1.381902598421408129e+03
2.593045239801534080e+03
3.823011692726167894e+03
5.066312824950687173e+03
6.299818875262953043e+03
7.600953093541811540e+03
7.074054833113543282e+03
8.142678837116349314e+03
9.102921872699542291e+03
9.974106620239614131e+03
1.075976434108495960e+04
1.144862816481643313e+04
1.213242551645426647e+04
1.093177408308529266e+04
1.128796290619638603e+04
1.151572586931867045e+04
1.165335438948574301e+04
1.172310802002503988e+04
1.173165176712612811e+04
1.178732488684465716e+04
1.002556062672648477e+04
9.900251955509756954e+03
9.736182025226105907e+03
9.578875354880789018e+03
9.454835087670948269e+03
9.371899068678238109e+03
9.436520670111389336e+03
7.779292204861951177e+03
7.846501644753690925e+03
7.952834518139874490e+03
8.131567795865970766e+03
8.395209926657855249e+03
8.736306921541137854e+03
9.245206311508700310e+03
8.036081893490347284e+03
8.538994686282328985e+03
9.053086766190537674e+03
9.597240129123872975e+03
1.017114105174416181e+04
1.075645753516496916e+04
1.143491106524159113e+04
1.031453703943896471e+04
1.082190297701799864e+04
1.125537730448420916e+04
1.163577950369781684e+04
1.196735327082433651e+04
1.223877392047838839e+04
1.254097726148582660e+04
1.099311242648931511e+04
1.103439777975931429e+04
1.097698425958902408e+04
1.085616970215845140e+04
1.069091935418951107e+04
1.048441775212681932e+04
