0.000000000000000000e+00
0.000000000000000000e+00
0.000000000000000000e+00
0.000000000000000000e+00
0.000000000000000000e+00
0.000000000000000000e+00
0.000000000000000000e+00
0.000000000000000000e+00
0.000000000000000000e+00
0.000000000000000000e+00
0.000000000000000000e+00
0.000000000000000000e+00
0.000000000000000000e+00
0.000000000000000000e+00
0.000000000000000000e+00
0.000000000000000000e+00
0.000000000000000000e+00
0.000000000000000000e+00
0.000000000000000000e+00
0.000000000000000000e+00
0.000000000000000000e+00
0.000000000000000000e+00
0.000000000000000000e+00
0.000000000000000000e+00
0.000000000000000000e+00
0.000000000000000000e+00
0.000000000000000000e+00
0.000000000000000000e+00
0.000000000000000000e+00
0.000000000000000000e+00
0.000000000000000000e+00
0.000000000000000000e+00
0.000000000000000000e+00
0.000000000000000000e+00
0.000000000000000000e+00
0.000000000000000000e+00
0.000000000000000000e+00
0.000000000000000000e+00
0.000000000000000000e+00
0.000000000000000000e+00
0.000000000000000000e+00
0.000000000000000000e+00
0.000000000000000000e+00
0.000000000000000000e+00
0.000000000000000000e+00
0.000000000000000000e+00
0.000000000000000000e+00
0.000000000000000000e+00
0.000000000000000000e+00
0.000000000000000000e+00
0.000000000000000000e+00
0.000000000000000000e+00
1.000000000000000000e+00
1.000000000000000000e+00
1.000000000000000000e+00
1.000000000000000000e+00
1.000000000000000000e+00
1.000000000000000000e+00
1.000000000000000000e+00
1.000000000000000000e+00
4.000000000000000000e+00
4.000000000000000000e+00
4.000000000000000000e+00
4.000000000000000000e+00
6.000000000000000000e+00
9.000000000000000000e+00
9.000000000000000000e+00
9.000000000000000000e+00
9.000000000000000000e+00
9.000000000000000000e+00
9.000000000000000000e+00
9.000000000000000000e+00
9.000000000000000000e+00
9.000000000000000000e+00
9.000000000000000000e+00
1.000000000000000000e+01
1.000000000000000000e+01
1.200000000000000000e+01
1.200000000000000000e+01
1.200000000000000000e+01
1.200000000000000000e+01
1.400000000000000000e+01
1.500000000000000000e+01
1.500000000000000000e+01
1.500000000000000000e+01
1.600000000000000000e+01
1.600000000000000000e+01
2.200000000000000000e+01
2.200000000000000000e+01
2.400000000000000000e+01
3.100000000000000000e+01
3.100000000000000000e+01
3.100000000000000000e+01
3.600000000000000000e+01
5.600000000000000000e+01
5.900000000000000000e+01
6.500000000000000000e+01
7.100000000000000000e+01
9.100000000000000000e+01
1.000000000000000000e+02
1.060000000000000000e+02
1.080000000000000000e+02
1.120000000000000000e+02
1.160000000000000000e+02
1.190000000000000000e+02
1.230000000000000000e+02
1.530000000000000000e+02
1.590000000000000000e+02
1.630000000000000000e+02
1.720000000000000000e+02
1.750000000000000000e+02
1.840000000000000000e+02
1.870000000000000000e+02
1.870000000000000000e+02
1.900000000000000000e+02
2.020000000000000000e+02
2.030000000000000000e+02
2.050000000000000000e+02
2.080000000000000000e+02
2.170000000000000000e+02
2.200000000000000000e+02
2.250000000000000000e+02
2.380000000000000000e+02
2.500000000000000000e+02
2.560000000000000000e+02
2.610000000000000000e+02
2.720000000000000000e+02
2.790000000000000000e+02
2.790000000000000000e+02
2.830000000000000000e+02
2.850000000000000000e+02
2.930000000000000000e+02
2.940000000000000000e+02
2.950000000000000000e+02
3.000000000000000000e+02
3.050000000000000000e+02
3.220000000000000000e+02
3.330000000000000000e+02
3.400000000000000000e+02
3.710000000000000000e+02
3.980000000000000000e+02
4.490000000000000000e+02
4.720000000000000000e+02
4.860000000000000000e+02
4.900000000000000000e+02
5.060000000000000000e+02
5.200000000000000000e+02
5.630000000000000000e+02
5.860000000000000000e+02
6.230000000000000000e+02
6.270000000000000000e+02
6.350000000000000000e+02
6.430000000000000000e+02
6.740000000000000000e+02
6.900000000000000000e+02
7.060000000000000000e+02
7.280000000000000000e+02
7.450000000000000000e+02
7.810000000000000000e+02
7.950000000000000000e+02
8.120000000000000000e+02
8.400000000000000000e+02
8.730000000000000000e+02
9.090000000000000000e+02
9.540000000000000000e+02
9.880000000000000000e+02
1.011000000000000000e+03
1.056000000000000000e+03
1.138000000000000000e+03
1.213000000000000000e+03
1.257000000000000000e+03
1.311000000000000000e+03
1.351000000000000000e+03
1.389000000000000000e+03
1.434000000000000000e+03
1.489000000000000000e+03
1.552000000000000000e+03
1.619000000000000000e+03
1.729000000000000000e+03
1.793000000000000000e+03
1.826000000000000000e+03
1.894000000000000000e+03
1.938000000000000000e+03
2.021000000000000000e+03
2.073000000000000000e+03
2.142000000000000000e+03
2.207000000000000000e+03
2.316000000000000000e+03
2.404000000000000000e+03
2.551000000000000000e+03
2.577000000000000000e+03
2.648000000000000000e+03
2.706000000000000000e+03
2.775000000000000000e+03
2.838000000000000000e+03
2.856000000000000000e+03
2.909000000000000000e+03
2.968000000000000000e+03
3.036000000000000000e+03
3.128000000000000000e+03
3.236000000000000000e+03
3.309000000000000000e+03
3.410000000000000000e+03
3.525000000000000000e+03
3.599000000000000000e+03
3.670000000000000000e+03
3.745000000000000000e+03
3.839000000000000000e+03
3.894000000000000000e+03
3.989000000000000000e+03
4.058000000000000000e+03
4.110000000000000000e+03
4.128000000000000000e+03
4.189000000000000000e+03
4.225000000000000000e+03
4.304000000000000000e+03
4.327000000000000000e+03
4.387000000000000000e+03
4.433000000000000000e+03
4.461000000000000000e+03
4.510000000000000000e+03
4.561000000000000000e+03
4.577000000000000000e+03
4.618000000000000000e+03
4.668000000000000000e+03
4.720000000000000000e+03
4.780000000000000000e+03
4.819000000000000000e+03
4.853000000000000000e+03
4.884000000000000000e+03
4.904000000000000000e+03
4.936000000000000000e+03
4.994000000000000000e+03
5.025000000000000000e+03
5.050000000000000000e+03
5.075000000000000000e+03
5.104000000000000000e+03
5.128000000000000000e+03
5.155000000000000000e+03
5.191000000000000000e+03
5.215000000000000000e+03
5.245000000000000000e+03
5.269000000000000000e+03
5.282000000000000000e+03
5.307000000000000000e+03
5.343000000000000000e+03
5.375000000000000000e+03
5.399000000000000000e+03
5.419000000000000000e+03
5.431000000000000000e+03
5.452000000000000000e+03
5.462000000000000000e+03
5.482000000000000000e+03
5.500000000000000000e+03
5.521000000000000000e+03
5.530000000000000000e+03
5.569000000000000000e+03
5.579000000000000000e+03
5.598000000000000000e+03
5.617000000000000000e+03
5.632000000000000000e+03
5.644000000000000000e+03
5.660000000000000000e+03
5.669000000000000000e+03
5.683000000000000000e+03
5.696000000000000000e+03
5.715000000000000000e+03
5.733000000000000000e+03
5.746000000000000000e+03
5.765000000000000000e+03
5.780000000000000000e+03
5.788000000000000000e+03
5.800000000000000000e+03
5.805000000000000000e+03
5.814000000000000000e+03
5.831000000000000000e+03
5.847000000000000000e+03
5.854000000000000000e+03
5.863000000000000000e+03
5.875000000000000000e+03
5.886000000000000000e+03
5.899000000000000000e+03
5.909000000000000000e+03
5.917000000000000000e+03
5.925000000000000000e+03
5.929000000000000000e+03
5.942000000000000000e+03
5.955000000000000000e+03
5.967000000000000000e+03
5.976000000000000000e+03
5.989000000000000000e+03
6.003000000000000000e+03
6.013000000000000000e+03
6.024000000000000000e+03
6.044000000000000000e+03
6.060000000000000000e+03
6.076000000000000000e+03
6.093000000000000000e+03
6.095000000000000000e+03
6.105000000000000000e+03
6.124000000000000000e+03
6.144000000000000000e+03
6.156000000000000000e+03
6.185000000000000000e+03
6.205000000000000000e+03
6.219000000000000000e+03
6.233000000000000000e+03
6.247000000000000000e+03
6.272000000000000000e+03
6.329000000000000000e+03
6.362000000000000000e+03
6.406000000000000000e+03
6.410000000000000000e+03
6.419000000000000000e+03
6.442000000000000000e+03
6.455000000000000000e+03
6.474000000000000000e+03
6.480000000000000000e+03
6.495000000000000000e+03
6.501000000000000000e+03
6.529000000000000000e+03
6.563000000000000000e+03
6.612000000000000000e+03
6.633000000000000000e+03
6.685000000000000000e+03
6.714000000000000000e+03
6.768000000000000000e+03
6.825000000000000000e+03
6.912000000000000000e+03
7.026000000000000000e+03
7.093000000000000000e+03
7.202000000000000000e+03
7.305000000000000000e+03
7.427000000000000000e+03
7.562000000000000000e+03
7.715000000000000000e+03
7.868000000000000000e+03
8.032000000000000000e+03
8.170000000000000000e+03
8.367000000000000000e+03
8.484000000000000000e+03
8.687000000000000000e+03
8.934000000000000000e+03
9.146000000000000000e+03
9.358000000000000000e+03
9.482000000000000000e+03
9.711000000000000000e+03
9.943000000000000000e+03
1.013800000000000000e+04
1.033800000000000000e+04
1.053900000000000000e+04
1.077300000000000000e+04
1.097500000000000000e+04
1.118000000000000000e+04
1.143500000000000000e+04
1.171100000000000000e+04
1.191900000000000000e+04
1.212400000000000000e+04
1.232700000000000000e+04
1.253200000000000000e+04
1.273600000000000000e+04
1.294400000000000000e+04
1.318700000000000000e+04
1.344300000000000000e+04
1.378900000000000000e+04
1.401700000000000000e+04
1.421900000000000000e+04
1.433000000000000000e+04
1.448400000000000000e+04
1.462200000000000000e+04
1.483000000000000000e+04
1.505100000000000000e+04
1.528300000000000000e+04
1.547100000000000000e+04
1.566600000000000000e+04
1.571100000000000000e+04
1.580400000000000000e+04
1.587800000000000000e+04
1.597400000000000000e+04
1.604500000000000000e+04
1.613700000000000000e+04
1.618100000000000000e+04
1.620400000000000000e+04
1.623400000000000000e+04
1.628800000000000000e+04
1.634100000000000000e+04
1.639600000000000000e+04
1.645500000000000000e+04
1.648800000000000000e+04
1.653500000000000000e+04
1.657600000000000000e+04
1.660600000000000000e+04
1.667300000000000000e+04
1.670900000000000000e+04
1.674200000000000000e+04
1.676400000000000000e+04
1.678900000000000000e+04
1.680700000000000000e+04
1.683900000000000000e+04
1.689700000000000000e+04
1.694600000000000000e+04
1.697200000000000000e+04
1.700200000000000000e+04
1.701400000000000000e+04
1.702500000000000000e+04
1.708600000000000000e+04
1.710300000000000000e+04
1.712900000000000000e+04
1.715500000000000000e+04
1.717300000000000000e+04
1.718400000000000000e+04
1.718800000000000000e+04
1.719100000000000000e+04
1.720300000000000000e+04
1.721500000000000000e+04
1.722500000000000000e+04
1.723400000000000000e+04
1.723700000000000000e+04
1.723900000000000000e+04
1.724300000000000000e+04
1.725700000000000000e+04
1.726700000000000000e+04
1.727400000000000000e+04
1.728300000000000000e+04
1.728600000000000000e+04
1.729000000000000000e+04
1.729600000000000000e+04
1.730100000000000000e+04
1.730600000000000000e+04
1.731200000000000000e+04
1.731800000000000000e+04
1.732100000000000000e+04
1.732600000000000000e+04
1.733300000000000000e+04
1.733700000000000000e+04
1.734400000000000000e+04
1.734700000000000000e+04
1.734900000000000000e+04
1.735200000000000000e+04
1.735400000000000000e+04
1.735800000000000000e+04
1.736500000000000000e+04
1.736700000000000000e+04
1.737000000000000000e+04
1.737300000000000000e+04
1.737600000000000000e+04
1.839300000000000000e+04
1.840200000000000000e+04
1.840700000000000000e+04
1.841200000000000000e+04
1.841400000000000000e+04
1.841500000000000000e+04
1.841700000000000000e+04
1.841700000000000000e+04
1.841700000000000000e+04
1.842300000000000000e+04
1.842600000000000000e+04
1.843400000000000000e+04
1.844000000000000000e+04
1.844200000000000000e+04
1.844300000000000000e+04
1.844800000000000000e+04
1.845200000000000000e+04
1.845800000000000000e+04
1.845800000000000000e+04
1.845800000000000000e+04
1.845800000000000000e+04
1.846000000000000000e+04
1.846100000000000000e+04
1.846700000000000000e+04
1.847300000000000000e+04
1.847400000000000000e+04
1.847700000000000000e+04
1.848000000000000000e+04
1.848200000000000000e+04
1.848700000000000000e+04
1.849200000000000000e+04
1.849700000000000000e+04
1.851100000000000000e+04
1.851900000000000000e+04
1.852000000000000000e+04
1.852300000000000000e+04
1.852500000000000000e+04
1.853000000000000000e+04
1.853900000000000000e+04
1.854600000000000000e+04
1.855000000000000000e+04
1.855100000000000000e+04
1.855700000000000000e+04
1.857000000000000000e+04
1.857200000000000000e+04
1.858200000000000000e+04
1.858700000000000000e+04
1.858900000000000000e+04
1.859100000000000000e+04
1.859500000000000000e+04
1.860100000000000000e+04
1.861800000000000000e+04
1.862300000000000000e+04
1.863200000000000000e+04
1.863600000000000000e+04
1.865300000000000000e+04
1.866400000000000000e+04
1.868000000000000000e+04
1.869400000000000000e+04
1.870500000000000000e+04
1.872300000000000000e+04
1.873200000000000000e+04
1.873600000000000000e+04
1.874600000000000000e+04
1.875400000000000000e+04
1.876800000000000000e+04
1.878400000000000000e+04
1.880000000000000000e+04
1.881100000000000000e+04
1.881300000000000000e+04
1.883100000000000000e+04
1.885400000000000000e+04
1.889800000000000000e+04
1.894700000000000000e+04
1.898900000000000000e+04
1.901800000000000000e+04
1.903500000000000000e+04
1.908400000000000000e+04
1.908400000000000000e+04
1.908400000000000000e+04
1.908400000000000000e+04
1.908400000000000000e+04
1.908400000000000000e+04
1.908400000000000000e+04
1.908400000000000000e+04
1.941000000000000000e+04
1.952200000000000000e+04
1.966200000000000000e+04
1.977900000000000000e+04
1.987000000000000000e+04
1.991800000000000000e+04
2.008000000000000000e+04
2.028000000000000000e+04
2.048900000000000000e+04
2.069300000000000000e+04
2.089800000000000000e+04
2.106200000000000000e+04
2.113200000000000000e+04
2.124300000000000000e+04
2.149600000000000000e+04
2.173600000000000000e+04
2.188000000000000000e+04
2.215600000000000000e+04
2.268700000000000000e+04
2.300500000000000000e+04
2.334700000000000000e+04
2.370800000000000000e+04
2.424700000000000000e+04
2.484800000000000000e+04
2.551500000000000000e+04
2.597900000000000000e+04
2.622000000000000000e+04
2.662800000000000000e+04
2.746700000000000000e+04
2.853500000000000000e+04
2.939700000000000000e+04
3.037700000000000000e+04
3.078700000000000000e+04
3.106000000000000000e+04
3.173800000000000000e+04
3.279800000000000000e+04
3.356500000000000000e+04
3.458500000000000000e+04
3.535000000000000000e+04
3.585100000000000000e+04
3.600800000000000000e+04
3.651400000000000000e+04
3.726100000000000000e+04
3.803000000000000000e+04
3.873900000000000000e+04
3.953000000000000000e+04
4.028300000000000000e+04
4.045500000000000000e+04
4.071400000000000000e+04
4.122900000000000000e+04
4.168000000000000000e+04
4.215700000000000000e+04
4.248300000000000000e+04
4.271900000000000000e+04
4.282800000000000000e+04
4.305400000000000000e+04
4.337100000000000000e+04
4.362600000000000000e+04
4.385700000000000000e+04
4.401400000000000000e+04
4.413400000000000000e+04
4.417600000000000000e+04
4.423400000000000000e+04
4.437900000000000000e+04
4.450000000000000000e+04
4.464600000000000000e+04
4.477700000000000000e+04
4.483100000000000000e+04
4.486300000000000000e+04
4.497600000000000000e+04
4.508400000000000000e+04
4.517800000000000000e+04
4.527400000000000000e+04
4.531700000000000000e+04
4.535200000000000000e+04
4.538000000000000000e+04
4.539500000000000000e+04
4.550200000000000000e+04
4.557800000000000000e+04
4.563300000000000000e+04
4.570100000000000000e+04
4.574200000000000000e+04
4.577000000000000000e+04
4.581200000000000000e+04
4.587000000000000000e+04
4.590400000000000000e+04
4.592400000000000000e+04
4.597100000000000000e+04
4.600500000000000000e+04
4.604700000000000000e+04
4.609700000000000000e+04
4.615200000000000000e+04
4.619300000000000000e+04
4.622600000000000000e+04
4.625500000000000000e+04
4.627300000000000000e+04
4.627600000000000000e+04
4.628400000000000000e+04
4.631300000000000000e+04
4.633000000000000000e+04
4.634400000000000000e+04
4.635900000000000000e+04
4.636100000000000000e+04
4.636300000000000000e+04
4.637100000000000000e+04
4.637200000000000000e+04
4.637600000000000000e+04
4.638000000000000000e+04
4.638300000000000000e+04
4.638400000000000000e+04
4.638400000000000000e+04
4.638700000000000000e+04
4.639000000000000000e+04
4.639300000000000000e+04
4.639600000000000000e+04
4.640300000000000000e+04
4.641300000000000000e+04
4.642100000000000000e+04
4.643000000000000000e+04
4.643800000000000000e+04
4.644700000000000000e+04
4.645400000000000000e+04
4.645500000000000000e+04
4.645700000000000000e+04
4.645700000000000000e+04
4.646000000000000000e+04
4.646200000000000000e+04
4.646400000000000000e+04
4.646500000000000000e+04
4.646600000000000000e+04
4.647200000000000000e+04
4.647200000000000000e+04
4.647200000000000000e+04
4.648100000000000000e+04
4.648400000000000000e+04
4.648500000000000000e+04
4.648500000000000000e+04
4.648600000000000000e+04
4.648700000000000000e+04
4.649100000000000000e+04
4.649800000000000000e+04
4.650600000000000000e+04
4.651400000000000000e+04
4.652400000000000000e+04
4.652800000000000000e+04
4.653800000000000000e+04
4.658200000000000000e+04
4.665600000000000000e+04
4.675300000000000000e+04
4.691700000000000000e+04
4.715800000000000000e+04
4.736800000000000000e+04
4.750400000000000000e+04
4.785100000000000000e+04
4.835800000000000000e+04
4.925300000000000000e+04
5.033700000000000000e+04
5.117200000000000000e+04
5.217400000000000000e+04
5.264300000000000000e+04
5.350900000000000000e+04
5.473100000000000000e+04
5.620000000000000000e+04
5.784200000000000000e+04
5.887600000000000000e+04
5.971400000000000000e+04
6.003600000000000000e+04
6.114600000000000000e+04
6.209400000000000000e+04
6.289000000000000000e+04
6.344000000000000000e+04
6.395300000000000000e+04
6.438100000000000000e+04
6.444300000000000000e+04
6.456100000000000000e+04
6.487300000000000000e+04
6.547300000000000000e+04
6.583200000000000000e+04
6.610900000000000000e+04
6.624100000000000000e+04
6.628600000000000000e+04
6.644100000000000000e+04
6.667400000000000000e+04
6.687300000000000000e+04
6.702100000000000000e+04
6.717100000000000000e+04
6.724000000000000000e+04
6.729400000000000000e+04
6.737300000000000000e+04
6.749200000000000000e+04
6.756400000000000000e+04
6.767600000000000000e+04
6.777700000000000000e+04
6.783000000000000000e+04
6.784900000000000000e+04
6.787800000000000000e+04
6.793500000000000000e+04
6.797500000000000000e+04
6.800300000000000000e+04
6.804700000000000000e+04
6.806100000000000000e+04
6.808100000000000000e+04
6.811800000000000000e+04
6.816400000000000000e+04
6.820500000000000000e+04
6.823900000000000000e+04
6.830100000000000000e+04
6.832900000000000000e+04
6.834200000000000000e+04
6.836700000000000000e+04
6.842300000000000000e+04
6.845400000000000000e+04
6.850500000000000000e+04
6.854000000000000000e+04
6.855100000000000000e+04
6.855300000000000000e+04
6.857900000000000000e+04
6.866100000000000000e+04
6.870200000000000000e+04
6.872700000000000000e+04
6.876200000000000000e+04
6.878100000000000000e+04
6.879500000000000000e+04
6.881500000000000000e+04
6.885800000000000000e+04
6.890000000000000000e+04
6.892500000000000000e+04
6.895700000000000000e+04
6.897200000000000000e+04
6.897800000000000000e+04
6.899300000000000000e+04
6.902100000000000000e+04
6.905000000000000000e+04
6.909500000000000000e+04
6.911900000000000000e+04
6.912500000000000000e+04
6.913000000000000000e+04
6.916000000000000000e+04
6.919100000000000000e+04
6.921100000000000000e+04
6.925800000000000000e+04
6.929000000000000000e+04
6.929700000000000000e+04
6.929800000000000000e+04
6.930700000000000000e+04
6.933100000000000000e+04
6.935100000000000000e+04
6.937900000000000000e+04
6.940800000000000000e+04
6.942900000000000000e+04
6.943500000000000000e+04
6.945900000000000000e+04
6.947800000000000000e+04
6.950700000000000000e+04
6.952700000000000000e+04
6.954100000000000000e+04
6.954800000000000000e+04
6.955200000000000000e+04
6.956300000000000000e+04
6.959700000000000000e+04
6.961000000000000000e+04
6.963300000000000000e+04
6.965800000000000000e+04
6.966300000000000000e+04
6.966400000000000000e+04
6.967200000000000000e+04
6.969500000000000000e+04
6.972300000000000000e+04
6.977100000000000000e+04
6.983200000000000000e+04
6.983800000000000000e+04
6.985100000000000000e+04
6.986200000000000000e+04
6.989700000000000000e+04
6.992700000000000000e+04
6.994700000000000000e+04
6.995900000000000000e+04
6.996600000000000000e+04
6.996800000000000000e+04
6.999000000000000000e+04
7.001400000000000000e+04
7.004800000000000000e+04
7.007200000000000000e+04
7.009700000000000000e+04
7.009800000000000000e+04
7.010200000000000000e+04
7.010200000000000000e+04
7.010700000000000000e+04
7.014400000000000000e+04
7.019000000000000000e+04
7.025300000000000000e+04
7.028400000000000000e+04
7.029400000000000000e+04
7.030300000000000000e+04
7.035400000000000000e+04
7.045600000000000000e+04
7.052800000000000000e+04
7.062600000000000000e+04
7.064300000000000000e+04
7.065700000000000000e+04
7.067800000000000000e+04
7.074000000000000000e+04
7.083300000000000000e+04
7.096400000000000000e+04
7.107200000000000000e+04
7.108900000000000000e+04
7.110200000000000000e+04
7.121500000000000000e+04
7.134100000000000000e+04
7.148000000000000000e+04
7.158300000000000000e+04
7.166700000000000000e+04
7.169800000000000000e+04
7.170500000000000000e+04
7.177500000000000000e+04
7.186700000000000000e+04
7.193400000000000000e+04
7.202400000000000000e+04
7.209700000000000000e+04
7.212500000000000000e+04
7.215000000000000000e+04
7.220200000000000000e+04
7.225700000000000000e+04
7.230000000000000000e+04
7.233400000000000000e+04
7.237100000000000000e+04
7.239000000000000000e+04
7.239700000000000000e+04
7.247400000000000000e+04
7.251000000000000000e+04
7.257100000000000000e+04
7.261700000000000000e+04
7.266200000000000000e+04
7.268500000000000000e+04
7.268800000000000000e+04
7.270300000000000000e+04
7.274900000000000000e+04
7.278100000000000000e+04
7.282200000000000000e+04
7.287000000000000000e+04
7.287900000000000000e+04
7.289100000000000000e+04
7.290400000000000000e+04
7.293500000000000000e+04
7.295700000000000000e+04
7.298000000000000000e+04
7.299900000000000000e+04
7.300300000000000000e+04
7.300600000000000000e+04
7.301300000000000000e+04
7.302800000000000000e+04
7.304900000000000000e+04
7.306000000000000000e+04
7.306900000000000000e+04
7.307100000000000000e+04
7.307300000000000000e+04
7.307600000000000000e+04
7.309100000000000000e+04
7.309800000000000000e+04
7.310900000000000000e+04
7.313100000000000000e+04
7.313300000000000000e+04
7.313600000000000000e+04
7.314800000000000000e+04
7.315500000000000000e+04
7.317700000000000000e+04
7.318500000000000000e+04
7.320500000000000000e+04
7.321300000000000000e+04
7.321500000000000000e+04
7.321900000000000000e+04
7.322700000000000000e+04
7.322900000000000000e+04
7.323000000000000000e+04
7.323500000000000000e+04
7.324200000000000000e+04
7.324200000000000000e+04
7.324300000000000000e+04
7.324500000000000000e+04
7.324700000000000000e+04
7.324700000000000000e+04
7.325000000000000000e+04
7.325300000000000000e+04
7.325600000000000000e+04
7.325900000000000000e+04
7.326700000000000000e+04
7.326700000000000000e+04
7.327300000000000000e+04
7.327400000000000000e+04
7.327900000000000000e+04
7.328000000000000000e+04
7.328200000000000000e+04
7.328400000000000000e+04
7.329000000000000000e+04
7.329400000000000000e+04
7.329700000000000000e+04
7.330100000000000000e+04
7.330500000000000000e+04
7.330700000000000000e+04
7.331100000000000000e+04
7.331600000000000000e+04
7.331800000000000000e+04
7.332200000000000000e+04
7.332600000000000000e+04
7.332700000000000000e+04
7.333000000000000000e+04
7.333400000000000000e+04
7.333600000000000000e+04
7.334200000000000000e+04
7.334400000000000000e+04
7.334400000000000000e+04
7.334400000000000000e+04
7.334400000000000000e+04
7.334400000000000000e+04
7.334500000000000000e+04
7.335300000000000000e+04
7.335800000000000000e+04
7.335800000000000000e+04
7.335800000000000000e+04
7.336100000000000000e+04
7.336100000000000000e+04
7.336700000000000000e+04
7.336700000000000000e+04
7.336700000000000000e+04
7.336800000000000000e+04
7.336800000000000000e+04
7.336800000000000000e+04
7.336800000000000000e+04
7.336800000000000000e+04
7.336800000000000000e+04
7.336800000000000000e+04
7.336800000000000000e+04
7.337400000000000000e+04
7.337400000000000000e+04
7.337400000000000000e+04
7.337400000000000000e+04
7.337400000000000000e+04
7.337400000000000000e+04
7.337400000000000000e+04
7.337900000000000000e+04
7.337900000000000000e+04
7.337900000000000000e+04
7.337900000000000000e+04
7.337900000000000000e+04
7.337900000000000000e+04
7.337900000000000000e+04
7.337900000000000000e+04
7.339000000000000000e+04
7.339000000000000000e+04
7.339000000000000000e+04
7.339000000000000000e+04
7.339000000000000000e+04
7.339000000000000000e+04
7.339000000000000000e+04
7.341000000000000000e+04
7.341000000000000000e+04
7.341000000000000000e+04
7.341000000000000000e+04
7.341000000000000000e+04
7.341000000000000000e+04
7.343600000000000000e+04
7.343600000000000000e+04
7.343600000000000000e+04
7.343600000000000000e+04
7.343600000000000000e+04
7.343600000000000000e+04
7.343600000000000000e+04
7.343600000000000000e+04
7.343600000000000000e+04
7.343600000000000000e+04
7.343600000000000000e+04
7.343600000000000000e+04
7.343600000000000000e+04
7.343600000000000000e+04
7.352600000000000000e+04
7.352600000000000000e+04
7.352600000000000000e+04
7.352600000000000000e+04
7.352600000000000000e+04
7.352600000000000000e+04
7.352600000000000000e+04
7.355800000000000000e+04
7.355800000000000000e+04
7.355800000000000000e+04
7.355800000000000000e+04
7.355800000000000000e+04
7.355800000000000000e+04
7.355800000000000000e+04
7.355800000000000000e+04
7.361800000000000000e+04
7.361800000000000000e+04
7.361800000000000000e+04
7.361800000000000000e+04
7.361800000000000000e+04
7.361800000000000000e+04
7.370800000000000000e+04
7.370800000000000000e+04
7.370800000000000000e+04
7.370800000000000000e+04
7.370800000000000000e+04
7.370800000000000000e+04
7.370800000000000000e+04
7.377000000000000000e+04
7.377000000000000000e+04
7.377000000000000000e+04
7.377000000000000000e+04
7.377000000000000000e+04
7.377000000000000000e+04
7.377000000000000000e+04
7.377000000000000000e+04
7.377000000000000000e+04
7.377000000000000000e+04
7.377000000000000000e+04
7.377000000000000000e+04
