-3.834520260105182388e+01
1.246319058681592651e+02
3.008175590452369761e+02
4.764311014730487841e+02
6.594648539718500615e+02
6.524886781806449108e+02
8.071338878214678516e+02
9.474322578310575409e+02
1.066266678642115949e+03
1.166855921472834780e+03
1.234764108595519247e+03
1.278031291406336095e+03
1.100000232005540056e+03
1.053805221763072950e+03
9.656982272870473025e+02
8.314689041363544675e+02
6.578813968894919526e+02
4.346194256105054592e+02
1.743374024073345936e+02
-3.146055809842891904e+02
-6.737609529651808771e+02
-1.071377339254167055e+03
-1.506099506470927281e+03
-1.965653799150557916e+03
-2.455025604827662391e+03
-2.956528103524355629e+03
-3.657182503712687321e+03
-4.194438986140248744e+03
-4.733058002845571536e+03
-5.268890341402280683e+03
-5.787628129079493192e+03
-6.293030640431528809e+03
-6.767022919291407561e+03
-7.397086631363453307e+03
-7.821972063876042739e+03
-8.208551104708178173e+03
-8.555550282113752473e+03
-8.852237180179528877e+03
-9.106565674173396474e+03
-9.305179976968669507e+03
-9.640699241237391107e+03
-9.757314250370467562e+03
-9.827518867049158871e+03
-9.855718303617042693e+03
-9.836790581485443909e+03
-9.784109665987147309e+03
-9.689433221703857271e+03
-9.750079522447145791e+03
-9.614427602597184887e+03
-9.458565571874412854e+03
-9.289831053616988356e+03
-9.105321605512614042e+03
-8.919884660774023359e+03
-8.725990522024492748e+03
-8.720913053316482547e+03
-8.552251793274957890e+03
-8.394619586384285867e+03
-8.253238431929532453e+03
-8.122519750722558456e+03
-8.014136598045997744e+03
