7.709969126745190806e+02
7.721858303696051280e+02
7.734327845528451917e+02
7.752478663636421743e+02
7.765489491103110140e+02
7.778455721564624810e+02
7.791589181193669447e+02
7.785048260787027630e+02
7.796937437737861956e+02
7.809406979570280782e+02
7.827557797678221050e+02
7.840568625144898078e+02
7.853534855606410474e+02
7.866668315235456248e+02
7.860127394828821252e+02
7.872016571779664673e+02
7.884486113612073268e+02
7.902636931720039684e+02
7.915647759186728081e+02
7.928613989648227971e+02
7.941747449277263513e+02
7.935206528870613738e+02
7.947095705821463980e+02
7.959565247653853248e+02
7.977716065761816253e+02
7.990726893228514882e+02
8.003693123690011362e+02
8.016826583319052588e+02
8.010285662912452835e+02
8.022174839863265561e+02
8.034644381695648008e+02
8.052795199803626929e+02
8.065806027270324421e+02
8.078772257731827722e+02
8.091905717360882591e+02
8.085364796954245321e+02
8.097253973905076236e+02
8.109723515737474600e+02
8.127874333845445562e+02
8.140885161312118043e+02
8.153851391773629302e+02
8.166984851402679624e+02
8.160443930996037807e+02
8.172333107946868722e+02
8.184802649779268222e+02
8.202953467887243733e+02
8.215964295353926445e+02
8.228930525815446799e+02
8.242063985444477794e+02
8.235523065037831429e+02
8.247412241988668029e+02
8.259881783821078898e+02
8.278032601929043039e+02
8.291043429395714384e+02
8.304009659857227916e+02
8.317143119486299838e+02
8.310602199079625052e+02
8.322491376030467336e+02
8.334960917862860015e+02
8.353111735970838936e+02
