-2.354050519561902206e+02
-2.786656386548891078e+02
-3.436857432087287521e+02
-4.251142501980547195e+02
-5.390490526832171554e+02
-4.722616864386745874e+02
-4.146054324059941791e+02
-3.745933215271806489e+02
-4.010032555317573042e+02
-4.466796202608497879e+02
-5.067995822758226723e+02
-5.980584769364148769e+02
-5.078782636835211406e+02
-4.267975170205771747e+02
-3.640298745529063353e+02
-3.690486934593509432e+02
-3.953678656124227473e+02
-4.387875756303686785e+02
-5.165600067482014310e+02
-4.165795530915743257e+02
-3.297565589662497132e+02
-2.655620117440238914e+02
-2.736013829672363613e+02
-3.073879356834695500e+02
-3.625845631240325702e+02
-4.561693482924066529e+02
-3.756294849793193293e+02
-3.113425562584898785e+02
-2.721324651629942650e+02
-3.068579751801725592e+02
-3.682038416298253196e+02
-4.509431701910002630e+02
-5.711256820443643392e+02
-5.152959478866234804e+02
-4.728999555358954012e+02
-4.518666381781202972e+02
-5.002216348098860408e+02
-5.699025780763701050e+02
-6.550438788702055035e+02
-7.711850576879357959e+02
-7.045061105256793326e+02
-6.442477708101430380e+02
-5.983028768221079190e+02
-6.148357964366236956e+02
-6.460989921046532345e+02
-6.867145973824634666e+02
-7.528750748623218669e+02
-6.315665815631647320e+02
-5.129731572613038679e+02
-4.060483090459225082e+02
-3.601114087046281043e+02
-3.286385399187514622e+02
-3.075162957469462413e+02
-3.142132842706581641e+02
-1.369736974020375442e+02
3.280819095264362772e+01
1.850452713610464457e+02
2.693884385953775222e+02
3.314606903098707562e+02
3.746253428984111338e+02
