0.000000000000000000e+00
0.000000000000000000e+00
0.000000000000000000e+00
0.000000000000000000e+00
0.000000000000000000e+00
0.000000000000000000e+00
0.000000000000000000e+00
0.000000000000000000e+00
0.000000000000000000e+00
0.000000000000000000e+00
0.000000000000000000e+00
0.000000000000000000e+00
0.000000000000000000e+00
0.000000000000000000e+00
0.000000000000000000e+00
0.000000000000000000e+00
0.000000000000000000e+00
0.000000000000000000e+00
0.000000000000000000e+00
0.000000000000000000e+00
0.000000000000000000e+00
0.000000000000000000e+00
0.000000000000000000e+00
0.000000000000000000e+00
0.000000000000000000e+00
0.000000000000000000e+00
0.000000000000000000e+00
0.000000000000000000e+00
0.000000000000000000e+00
0.000000000000000000e+00
0.000000000000000000e+00
0.000000000000000000e+00
0.000000000000000000e+00
0.000000000000000000e+00
0.000000000000000000e+00
0.000000000000000000e+00
0.000000000000000000e+00
0.000000000000000000e+00
0.000000000000000000e+00
0.000000000000000000e+00
0.000000000000000000e+00
0.000000000000000000e+00
0.000000000000000000e+00
0.000000000000000000e+00
0.000000000000000000e+00
0.000000000000000000e+00
0.000000000000000000e+00
0.000000000000000000e+00
0.000000000000000000e+00
0.000000000000000000e+00
0.000000000000000000e+00
0.000000000000000000e+00
0.000000000000000000e+00
0.000000000000000000e+00
0.000000000000000000e+00
0.000000000000000000e+00
0.000000000000000000e+00
0.000000000000000000e+00
0.000000000000000000e+00
0.000000000000000000e+00
0.000000000000000000e+00
0.000000000000000000e+00
0.000000000000000000e+00
0.000000000000000000e+00
1.000000000000000000e+00
1.000000000000000000e+00
1.000000000000000000e+00
3.000000000000000000e+00
3.000000000000000000e+00
3.000000000000000000e+00
4.000000000000000000e+00
7.000000000000000000e+00
7.000000000000000000e+00
7.000000000000000000e+00
7.000000000000000000e+00
8.000000000000000000e+00
8.000000000000000000e+00
9.000000000000000000e+00
1.000000000000000000e+01
1.200000000000000000e+01
1.300000000000000000e+01
1.300000000000000000e+01
1.400000000000000000e+01
1.600000000000000000e+01
1.700000000000000000e+01
1.800000000000000000e+01
1.900000000000000000e+01
2.000000000000000000e+01
2.000000000000000000e+01
2.200000000000000000e+01
2.400000000000000000e+01
2.400000000000000000e+01
2.400000000000000000e+01
2.700000000000000000e+01
2.800000000000000000e+01
2.800000000000000000e+01
2.900000000000000000e+01
3.000000000000000000e+01
3.000000000000000000e+01
3.200000000000000000e+01
3.300000000000000000e+01
3.300000000000000000e+01
3.500000000000000000e+01
3.900000000000000000e+01
4.000000000000000000e+01
4.000000000000000000e+01
4.200000000000000000e+01
4.300000000000000000e+01
4.400000000000000000e+01
4.500000000000000000e+01
4.600000000000000000e+01
4.700000000000000000e+01
4.800000000000000000e+01
4.900000000000000000e+01
5.200000000000000000e+01
5.500000000000000000e+01
6.000000000000000000e+01
6.100000000000000000e+01
6.400000000000000000e+01
6.700000000000000000e+01
7.000000000000000000e+01
7.400000000000000000e+01
7.700000000000000000e+01
8.100000000000000000e+01
8.700000000000000000e+01
9.100000000000000000e+01
9.800000000000000000e+01
1.130000000000000000e+02
1.200000000000000000e+02
1.270000000000000000e+02
1.310000000000000000e+02
1.390000000000000000e+02
1.580000000000000000e+02
1.700000000000000000e+02
1.760000000000000000e+02
1.830000000000000000e+02
1.900000000000000000e+02
2.000000000000000000e+02
2.110000000000000000e+02
2.170000000000000000e+02
2.270000000000000000e+02
2.450000000000000000e+02
2.580000000000000000e+02
2.640000000000000000e+02
2.690000000000000000e+02
2.850000000000000000e+02
2.930000000000000000e+02
3.020000000000000000e+02
3.090000000000000000e+02
3.190000000000000000e+02
3.320000000000000000e+02
3.500000000000000000e+02
3.600000000000000000e+02
3.720000000000000000e+02
3.860000000000000000e+02
3.970000000000000000e+02
4.100000000000000000e+02
4.210000000000000000e+02
4.260000000000000000e+02
4.330000000000000000e+02
4.430000000000000000e+02
4.530000000000000000e+02
4.590000000000000000e+02
4.690000000000000000e+02
4.770000000000000000e+02
4.840000000000000000e+02
4.910000000000000000e+02
5.030000000000000000e+02
5.210000000000000000e+02
5.350000000000000000e+02
5.460000000000000000e+02
5.590000000000000000e+02
5.650000000000000000e+02
5.730000000000000000e+02
5.810000000000000000e+02
5.920000000000000000e+02
6.070000000000000000e+02
6.200000000000000000e+02
6.310000000000000000e+02
6.410000000000000000e+02
6.500000000000000000e+02
6.620000000000000000e+02
6.780000000000000000e+02
6.880000000000000000e+02
6.920000000000000000e+02
7.000000000000000000e+02
7.050000000000000000e+02
7.110000000000000000e+02
7.190000000000000000e+02
7.230000000000000000e+02
7.280000000000000000e+02
7.380000000000000000e+02
7.490000000000000000e+02
7.540000000000000000e+02
7.620000000000000000e+02
7.680000000000000000e+02
7.700000000000000000e+02
7.720000000000000000e+02
7.770000000000000000e+02
7.850000000000000000e+02
7.910000000000000000e+02
7.960000000000000000e+02
8.030000000000000000e+02
8.060000000000000000e+02
8.090000000000000000e+02
8.140000000000000000e+02
8.170000000000000000e+02
8.180000000000000000e+02
8.240000000000000000e+02
8.320000000000000000e+02
8.330000000000000000e+02
8.360000000000000000e+02
8.420000000000000000e+02
8.500000000000000000e+02
8.520000000000000000e+02
8.540000000000000000e+02
8.580000000000000000e+02
8.610000000000000000e+02
8.640000000000000000e+02
8.690000000000000000e+02
8.720000000000000000e+02
8.770000000000000000e+02
8.790000000000000000e+02
8.810000000000000000e+02
8.840000000000000000e+02
8.870000000000000000e+02
8.910000000000000000e+02
8.950000000000000000e+02
8.970000000000000000e+02
9.000000000000000000e+02
9.030000000000000000e+02
9.050000000000000000e+02
9.060000000000000000e+02
9.090000000000000000e+02
9.110000000000000000e+02
9.160000000000000000e+02
9.190000000000000000e+02
9.200000000000000000e+02
9.230000000000000000e+02
9.250000000000000000e+02
9.260000000000000000e+02
9.280000000000000000e+02
9.300000000000000000e+02
9.360000000000000000e+02
9.380000000000000000e+02
9.420000000000000000e+02
9.450000000000000000e+02
9.470000000000000000e+02
9.480000000000000000e+02
9.510000000000000000e+02
9.570000000000000000e+02
9.580000000000000000e+02
9.590000000000000000e+02
9.630000000000000000e+02
9.660000000000000000e+02
9.720000000000000000e+02
9.770000000000000000e+02
9.840000000000000000e+02
9.900000000000000000e+02
9.950000000000000000e+02
1.004000000000000000e+03
1.010000000000000000e+03
1.016000000000000000e+03
1.020000000000000000e+03
1.026000000000000000e+03
1.032000000000000000e+03
1.039000000000000000e+03
1.046000000000000000e+03
1.056000000000000000e+03
1.067000000000000000e+03
1.081000000000000000e+03
1.091000000000000000e+03
1.101000000000000000e+03
1.121000000000000000e+03
1.131000000000000000e+03
1.145000000000000000e+03
1.157000000000000000e+03
1.180000000000000000e+03
1.196000000000000000e+03
1.222000000000000000e+03
1.243000000000000000e+03
1.272000000000000000e+03
1.300000000000000000e+03
1.341000000000000000e+03
1.363000000000000000e+03
1.391000000000000000e+03
1.413000000000000000e+03
1.448000000000000000e+03
1.476000000000000000e+03
1.506000000000000000e+03
1.533000000000000000e+03
1.559000000000000000e+03
1.580000000000000000e+03
1.609000000000000000e+03
1.636000000000000000e+03
1.668000000000000000e+03
1.697000000000000000e+03
1.738000000000000000e+03
1.763000000000000000e+03
1.788000000000000000e+03
1.811000000000000000e+03
1.839000000000000000e+03
1.870000000000000000e+03
1.900000000000000000e+03
1.931000000000000000e+03
1.952000000000000000e+03
1.976000000000000000e+03
2.002000000000000000e+03
2.040000000000000000e+03
2.068000000000000000e+03
2.090000000000000000e+03
2.121000000000000000e+03
2.142000000000000000e+03
2.164000000000000000e+03
2.193000000000000000e+03
2.228000000000000000e+03
2.254000000000000000e+03
2.277000000000000000e+03
2.309000000000000000e+03
2.326000000000000000e+03
2.344000000000000000e+03
2.372000000000000000e+03
2.393000000000000000e+03
2.416000000000000000e+03
2.445000000000000000e+03
2.462000000000000000e+03
2.486000000000000000e+03
2.503000000000000000e+03
2.529000000000000000e+03
2.556000000000000000e+03
2.581000000000000000e+03
2.596000000000000000e+03
2.616000000000000000e+03
2.630000000000000000e+03
2.656000000000000000e+03
2.673000000000000000e+03
2.691000000000000000e+03
2.714000000000000000e+03
2.733000000000000000e+03
2.752000000000000000e+03
2.768000000000000000e+03
2.775000000000000000e+03
2.797000000000000000e+03
2.807000000000000000e+03
2.823000000000000000e+03
2.828000000000000000e+03
2.836000000000000000e+03
2.850000000000000000e+03
2.864000000000000000e+03
2.878000000000000000e+03
2.890000000000000000e+03
2.901000000000000000e+03
2.908000000000000000e+03
2.922000000000000000e+03
2.929000000000000000e+03
2.931000000000000000e+03
2.941000000000000000e+03
2.951000000000000000e+03
2.963000000000000000e+03
2.974000000000000000e+03
2.987000000000000000e+03
2.992000000000000000e+03
2.998000000000000000e+03
3.007000000000000000e+03
3.016000000000000000e+03
3.021000000000000000e+03
3.030000000000000000e+03
3.034000000000000000e+03
3.039000000000000000e+03
3.047000000000000000e+03
3.052000000000000000e+03
3.056000000000000000e+03
3.067000000000000000e+03
3.069000000000000000e+03
3.071000000000000000e+03
3.080000000000000000e+03
3.084000000000000000e+03
3.089000000000000000e+03
3.096000000000000000e+03
3.107000000000000000e+03
3.109000000000000000e+03
3.114000000000000000e+03
3.117000000000000000e+03
3.123000000000000000e+03
3.126000000000000000e+03
3.130000000000000000e+03
3.135000000000000000e+03
3.138000000000000000e+03
3.140000000000000000e+03
3.141000000000000000e+03
3.147000000000000000e+03
3.150000000000000000e+03
3.155000000000000000e+03
3.156000000000000000e+03
3.158000000000000000e+03
3.159000000000000000e+03
3.164000000000000000e+03
3.167000000000000000e+03
3.171000000000000000e+03
3.175000000000000000e+03
3.179000000000000000e+03
3.183000000000000000e+03
3.190000000000000000e+03
3.192000000000000000e+03
3.195000000000000000e+03
3.200000000000000000e+03
3.202000000000000000e+03
3.208000000000000000e+03
3.215000000000000000e+03
3.219000000000000000e+03
3.221000000000000000e+03
3.225000000000000000e+03
3.232000000000000000e+03
3.237000000000000000e+03
3.239000000000000000e+03
3.243000000000000000e+03
3.253000000000000000e+03
3.255000000000000000e+03
3.265000000000000000e+03
3.277000000000000000e+03
3.282000000000000000e+03
3.301000000000000000e+03
3.320000000000000000e+03
3.332000000000000000e+03
3.348000000000000000e+03
3.360000000000000000e+03
3.384000000000000000e+03
3.398000000000000000e+03
3.416000000000000000e+03
3.434000000000000000e+03
3.450000000000000000e+03
3.464000000000000000e+03
3.476000000000000000e+03
3.497000000000000000e+03
3.515000000000000000e+03
3.533000000000000000e+03
3.552000000000000000e+03
3.575000000000000000e+03
3.592000000000000000e+03
3.614000000000000000e+03
3.627000000000000000e+03
3.647000000000000000e+03
3.675000000000000000e+03
3.697000000000000000e+03
3.720000000000000000e+03
3.735000000000000000e+03
3.753000000000000000e+03
3.775000000000000000e+03
3.794000000000000000e+03
3.817000000000000000e+03
3.835000000000000000e+03
3.859000000000000000e+03
3.878000000000000000e+03
3.895000000000000000e+03
3.919000000000000000e+03
3.944000000000000000e+03
3.969000000000000000e+03
3.984000000000000000e+03
4.001000000000000000e+03
4.018000000000000000e+03
4.040000000000000000e+03
4.058000000000000000e+03
4.071000000000000000e+03
4.087000000000000000e+03
4.108000000000000000e+03
4.128000000000000000e+03
4.139000000000000000e+03
4.149000000000000000e+03
4.165000000000000000e+03
4.178000000000000000e+03
4.192000000000000000e+03
4.209000000000000000e+03
4.225000000000000000e+03
4.234000000000000000e+03
4.249000000000000000e+03
4.256000000000000000e+03
4.272000000000000000e+03
4.291000000000000000e+03
4.301000000000000000e+03
4.314000000000000000e+03
4.323000000000000000e+03
4.333000000000000000e+03
4.346000000000000000e+03
4.357000000000000000e+03
4.364000000000000000e+03
4.371000000000000000e+03
4.386000000000000000e+03
4.392000000000000000e+03
4.394000000000000000e+03
4.400000000000000000e+03
4.411000000000000000e+03
4.416000000000000000e+03
4.423000000000000000e+03
4.428000000000000000e+03
4.432000000000000000e+03
4.438000000000000000e+03
4.445000000000000000e+03
4.446000000000000000e+03
4.448000000000000000e+03
4.452000000000000000e+03
4.454000000000000000e+03
4.458000000000000000e+03
4.463000000000000000e+03
4.463000000000000000e+03
4.474000000000000000e+03
4.478000000000000000e+03
4.482000000000000000e+03
4.482000000000000000e+03
4.484000000000000000e+03
4.488000000000000000e+03
4.489000000000000000e+03
4.490000000000000000e+03
4.491000000000000000e+03
4.492000000000000000e+03
4.496000000000000000e+03
4.498000000000000000e+03
4.499000000000000000e+03
4.502000000000000000e+03
4.503000000000000000e+03
4.505000000000000000e+03
4.505000000000000000e+03
4.506000000000000000e+03
4.508000000000000000e+03
4.510000000000000000e+03
4.514000000000000000e+03
4.514000000000000000e+03
4.517000000000000000e+03
4.518000000000000000e+03
4.521000000000000000e+03
4.526000000000000000e+03
4.527000000000000000e+03
4.530000000000000000e+03
4.531000000000000000e+03
4.536000000000000000e+03
4.540000000000000000e+03
4.542000000000000000e+03
4.544000000000000000e+03
4.547000000000000000e+03
4.549000000000000000e+03
4.552000000000000000e+03
4.556000000000000000e+03
4.558000000000000000e+03
4.559000000000000000e+03
4.566000000000000000e+03
4.569000000000000000e+03
4.572000000000000000e+03
4.573000000000000000e+03
4.575000000000000000e+03
4.579000000000000000e+03
4.584000000000000000e+03
4.587000000000000000e+03
4.590000000000000000e+03
4.597000000000000000e+03
4.597000000000000000e+03
4.604000000000000000e+03
4.608000000000000000e+03
4.614000000000000000e+03
4.619000000000000000e+03
4.621000000000000000e+03
4.621000000000000000e+03
4.625000000000000000e+03
4.632000000000000000e+03
4.636000000000000000e+03
4.641000000000000000e+03
4.650000000000000000e+03
4.653000000000000000e+03
4.658000000000000000e+03
4.664000000000000000e+03
4.669000000000000000e+03
4.678000000000000000e+03
4.685000000000000000e+03
4.695000000000000000e+03
4.702000000000000000e+03
4.713000000000000000e+03
4.716000000000000000e+03
4.727000000000000000e+03
4.732000000000000000e+03
4.737000000000000000e+03
4.752000000000000000e+03
4.762000000000000000e+03
4.768000000000000000e+03
4.778000000000000000e+03
4.785000000000000000e+03
4.796000000000000000e+03
4.812000000000000000e+03
4.823000000000000000e+03
4.830000000000000000e+03
4.844000000000000000e+03
4.857000000000000000e+03
4.876000000000000000e+03
4.892000000000000000e+03
4.904000000000000000e+03
4.911000000000000000e+03
4.924000000000000000e+03
4.939000000000000000e+03
4.954000000000000000e+03
4.968000000000000000e+03
4.979000000000000000e+03
4.995000000000000000e+03
5.002000000000000000e+03
5.018000000000000000e+03
5.034000000000000000e+03
5.056000000000000000e+03
5.075000000000000000e+03
5.101000000000000000e+03
5.117000000000000000e+03
5.131000000000000000e+03
5.143000000000000000e+03
5.161000000000000000e+03
5.181000000000000000e+03
5.200000000000000000e+03
5.216000000000000000e+03
5.239000000000000000e+03
5.251000000000000000e+03
5.264000000000000000e+03
5.277000000000000000e+03
5.299000000000000000e+03
5.319000000000000000e+03
5.339000000000000000e+03
5.354000000000000000e+03
5.372000000000000000e+03
5.397000000000000000e+03
5.419000000000000000e+03
5.440000000000000000e+03
5.466000000000000000e+03
5.499000000000000000e+03
5.529000000000000000e+03
5.549000000000000000e+03
5.575000000000000000e+03
5.618000000000000000e+03
5.646000000000000000e+03
5.675000000000000000e+03
5.713000000000000000e+03
5.754000000000000000e+03
5.778000000000000000e+03
5.805000000000000000e+03
5.842000000000000000e+03
5.870000000000000000e+03
5.902000000000000000e+03
5.944000000000000000e+03
5.975000000000000000e+03
6.013000000000000000e+03
6.055000000000000000e+03
6.112000000000000000e+03
6.151000000000000000e+03
6.189000000000000000e+03
6.232000000000000000e+03
6.284000000000000000e+03
6.328000000000000000e+03
6.379000000000000000e+03
6.441000000000000000e+03
6.491000000000000000e+03
6.532000000000000000e+03
6.582000000000000000e+03
6.628000000000000000e+03
6.670000000000000000e+03
6.700000000000000000e+03
6.762000000000000000e+03
6.831000000000000000e+03
6.867000000000000000e+03
6.937000000000000000e+03
6.976000000000000000e+03
7.016000000000000000e+03
7.055000000000000000e+03
7.107000000000000000e+03
7.153000000000000000e+03
7.183000000000000000e+03
7.212000000000000000e+03
7.253000000000000000e+03
7.278000000000000000e+03
7.308000000000000000e+03
7.356000000000000000e+03
7.379000000000000000e+03
7.419000000000000000e+03
7.459000000000000000e+03
7.485000000000000000e+03
7.514000000000000000e+03
7.535000000000000000e+03
7.567000000000000000e+03
7.610000000000000000e+03
7.631000000000000000e+03
7.644000000000000000e+03
7.669000000000000000e+03
7.683000000000000000e+03
7.691000000000000000e+03
7.718000000000000000e+03
7.728000000000000000e+03
7.747000000000000000e+03
7.767000000000000000e+03
7.788000000000000000e+03
7.802000000000000000e+03
7.819000000000000000e+03
7.845000000000000000e+03
7.856000000000000000e+03
7.874000000000000000e+03
7.885000000000000000e+03
7.893000000000000000e+03
7.899000000000000000e+03
7.903000000000000000e+03
7.914000000000000000e+03
7.921000000000000000e+03
7.936000000000000000e+03
7.939000000000000000e+03
7.942000000000000000e+03
7.943000000000000000e+03
7.950000000000000000e+03
7.965000000000000000e+03
7.970000000000000000e+03
7.968000000000000000e+03
7.972000000000000000e+03
7.975000000000000000e+03
7.977000000000000000e+03
7.983000000000000000e+03
7.986000000000000000e+03
7.989000000000000000e+03
7.993000000000000000e+03
7.997000000000000000e+03
7.999000000000000000e+03
8.001000000000000000e+03
8.004000000000000000e+03
8.006000000000000000e+03
8.014000000000000000e+03
8.014000000000000000e+03
8.015000000000000000e+03
8.018000000000000000e+03
8.019000000000000000e+03
8.020000000000000000e+03
8.022000000000000000e+03
8.025000000000000000e+03
8.026000000000000000e+03
8.026000000000000000e+03
8.026000000000000000e+03
8.028000000000000000e+03
8.028000000000000000e+03
8.032000000000000000e+03
8.033000000000000000e+03
8.035000000000000000e+03
8.035000000000000000e+03
8.041000000000000000e+03
8.046000000000000000e+03
8.053000000000000000e+03
8.056000000000000000e+03
8.060000000000000000e+03
8.065000000000000000e+03
8.075000000000000000e+03
8.081000000000000000e+03
8.086000000000000000e+03
8.097000000000000000e+03
8.102000000000000000e+03
8.108000000000000000e+03
8.123000000000000000e+03
8.145000000000000000e+03
8.157000000000000000e+03
8.167000000000000000e+03
8.186000000000000000e+03
8.201000000000000000e+03
8.229000000000000000e+03
8.253000000000000000e+03
8.278000000000000000e+03
8.308000000000000000e+03
8.322000000000000000e+03
8.338000000000000000e+03
8.354000000000000000e+03
8.378000000000000000e+03
8.392000000000000000e+03
8.413000000000000000e+03
8.433000000000000000e+03
8.449000000000000000e+03
8.461000000000000000e+03
8.478000000000000000e+03
8.493000000000000000e+03
8.505000000000000000e+03
8.516000000000000000e+03
8.528000000000000000e+03
8.536000000000000000e+03
8.548000000000000000e+03
8.552000000000000000e+03
8.560000000000000000e+03
8.563000000000000000e+03
8.568000000000000000e+03
8.570000000000000000e+03
8.572000000000000000e+03
8.576000000000000000e+03
8.579000000000000000e+03
8.587000000000000000e+03
8.589000000000000000e+03
8.592000000000000000e+03
8.593000000000000000e+03
8.595000000000000000e+03
8.598000000000000000e+03
8.601000000000000000e+03
8.603000000000000000e+03
8.604000000000000000e+03
