0.000000000000000000e+00
0.000000000000000000e+00
0.000000000000000000e+00
0.000000000000000000e+00
0.000000000000000000e+00
0.000000000000000000e+00
0.000000000000000000e+00
0.000000000000000000e+00
0.000000000000000000e+00
0.000000000000000000e+00
0.000000000000000000e+00
0.000000000000000000e+00
0.000000000000000000e+00
0.000000000000000000e+00
0.000000000000000000e+00
0.000000000000000000e+00
0.000000000000000000e+00
0.000000000000000000e+00
0.000000000000000000e+00
0.000000000000000000e+00
0.000000000000000000e+00
0.000000000000000000e+00
0.000000000000000000e+00
0.000000000000000000e+00
0.000000000000000000e+00
0.000000000000000000e+00
0.000000000000000000e+00
0.000000000000000000e+00
0.000000000000000000e+00
0.000000000000000000e+00
0.000000000000000000e+00
0.000000000000000000e+00
0.000000000000000000e+00
0.000000000000000000e+00
0.000000000000000000e+00
0.000000000000000000e+00
0.000000000000000000e+00
0.000000000000000000e+00
0.000000000000000000e+00
0.000000000000000000e+00
0.000000000000000000e+00
0.000000000000000000e+00
0.000000000000000000e+00
0.000000000000000000e+00
0.000000000000000000e+00
0.000000000000000000e+00
0.000000000000000000e+00
0.000000000000000000e+00
0.000000000000000000e+00
0.000000000000000000e+00
0.000000000000000000e+00
0.000000000000000000e+00
0.000000000000000000e+00
0.000000000000000000e+00
0.000000000000000000e+00
1.000000000000000000e+00
0.000000000000000000e+00
0.000000000000000000e+00
0.000000000000000000e+00
0.000000000000000000e+00
1.000000000000000000e+00
0.000000000000000000e+00
1.200000000000000000e+01
2.000000000000000000e+00
2.000000000000000000e+00
1.000000000000000000e+01
2.000000000000000000e+00
0.000000000000000000e+00
0.000000000000000000e+00
0.000000000000000000e+00
1.000000000000000000e+00
2.000000000000000000e+00
1.000000000000000000e+01
0.000000000000000000e+00
1.400000000000000000e+01
5.000000000000000000e+00
2.500000000000000000e+01
2.700000000000000000e+01
2.400000000000000000e+01
1.100000000000000000e+01
2.400000000000000000e+01
2.400000000000000000e+01
1.400000000000000000e+01
5.400000000000000000e+01
3.200000000000000000e+01
6.100000000000000000e+01
4.400000000000000000e+01
1.210000000000000000e+02
2.200000000000000000e+01
3.500000000000000000e+01
2.900000000000000000e+01
2.400000000000000000e+01
2.600000000000000000e+01
6.900000000000000000e+01
7.500000000000000000e+01
3.000000000000000000e+01
1.500000000000000000e+01
1.800000000000000000e+01
3.400000000000000000e+01
2.900000000000000000e+01
4.800000000000000000e+01
3.300000000000000000e+01
2.500000000000000000e+01
3.600000000000000000e+01
4.000000000000000000e+01
2.400000000000000000e+01
5.000000000000000000e+01
3.300000000000000000e+01
4.900000000000000000e+01
5.800000000000000000e+01
3.400000000000000000e+01
7.100000000000000000e+01
7.000000000000000000e+01
7.200000000000000000e+01
9.400000000000000000e+01
1.250000000000000000e+02
1.340000000000000000e+02
9.400000000000000000e+01
1.450000000000000000e+02
2.550000000000000000e+02
1.620000000000000000e+02
2.930000000000000000e+02
6.200000000000000000e+01
1.280000000000000000e+02
8.100000000000000000e+01
7.500000000000000000e+01
3.500000000000000000e+01
3.200000000000000000e+01
1.000000000000000000e+01
2.000000000000000000e+01
6.900000000000000000e+01
1.600000000000000000e+01
2.500000000000000000e+01
2.700000000000000000e+01
1.400000000000000000e+01
4.500000000000000000e+01
2.070000000000000000e+02
2.940000000000000000e+02
8.500000000000000000e+01
3.520000000000000000e+02
7.750000000000000000e+02
2.400000000000000000e+02
1.730000000000000000e+02
4.420000000000000000e+02
1.330000000000000000e+02
6.200000000000000000e+01
2.950000000000000000e+02
2.430000000000000000e+02
7.460000000000000000e+02
7.060000000000000000e+02
5.880000000000000000e+02
1.480000000000000000e+02
1.290000000000000000e+02
1.013000000000000000e+03
6.530000000000000000e+02
5.380000000000000000e+02
8.140000000000000000e+02
7.620000000000000000e+02
2.050000000000000000e+02
1.810000000000000000e+02
7.510000000000000000e+02
5.150000000000000000e+02
4.730000000000000000e+02
4.480000000000000000e+02
4.510000000000000000e+02
2.050000000000000000e+02
1.620000000000000000e+02
6.050000000000000000e+02
5.200000000000000000e+02
5.730000000000000000e+02
7.090000000000000000e+02
7.100000000000000000e+02
2.140000000000000000e+02
2.320000000000000000e+02
8.640000000000000000e+02
6.190000000000000000e+02
5.830000000000000000e+02
5.610000000000000000e+02
6.310000000000000000e+02
1.710000000000000000e+02
2.080000000000000000e+02
7.040000000000000000e+02
5.600000000000000000e+02
4.780000000000000000e+02
4.900000000000000000e+02
5.090000000000000000e+02
2.350000000000000000e+02
1.870000000000000000e+02
6.920000000000000000e+02
4.670000000000000000e+02
5.420000000000000000e+02
6.310000000000000000e+02
5.600000000000000000e+02
1.930000000000000000e+02
1.110000000000000000e+02
5.110000000000000000e+02
4.780000000000000000e+02
7.060000000000000000e+02
4.520000000000000000e+02
3.870000000000000000e+02
1.250000000000000000e+02
9.600000000000000000e+01
5.410000000000000000e+02
3.350000000000000000e+02
4.050000000000000000e+02
2.670000000000000000e+02
3.200000000000000000e+02
1.000000000000000000e+02
7.100000000000000000e+01
3.270000000000000000e+02
2.440000000000000000e+02
2.500000000000000000e+02
2.170000000000000000e+02
2.140000000000000000e+02
8.400000000000000000e+01
5.800000000000000000e+01
4.260000000000000000e+02
2.510000000000000000e+02
2.620000000000000000e+02
2.760000000000000000e+02
2.990000000000000000e+02
8.700000000000000000e+01
7.200000000000000000e+01
6.340000000000000000e+02
2.750000000000000000e+02
2.240000000000000000e+02
4.020000000000000000e+02
5.660000000000000000e+02
2.660000000000000000e+02
3.200000000000000000e+01
4.710000000000000000e+02
4.310000000000000000e+02
2.100000000000000000e+02
2.010000000000000000e+02
1.710000000000000000e+02
5.400000000000000000e+01
3.400000000000000000e+01
2.480000000000000000e+02
1.280000000000000000e+02
1.620000000000000000e+02
1.380000000000000000e+02
1.820000000000000000e+02
5.700000000000000000e+01
2.900000000000000000e+01
3.900000000000000000e+01
3.500000000000000000e+02
2.400000000000000000e+02
1.350000000000000000e+02
1.750000000000000000e+02
3.700000000000000000e+01
5.200000000000000000e+01
1.840000000000000000e+02
1.520000000000000000e+02
2.180000000000000000e+02
1.870000000000000000e+02
1.770000000000000000e+02
8.900000000000000000e+01
3.800000000000000000e+01
2.220000000000000000e+02
1.780000000000000000e+02
2.020000000000000000e+02
2.160000000000000000e+02
2.430000000000000000e+02
5.300000000000000000e+01
6.700000000000000000e+01
4.270000000000000000e+02
3.950000000000000000e+02
4.060000000000000000e+02
4.220000000000000000e+02
3.840000000000000000e+02
1.790000000000000000e+02
1.040000000000000000e+02
5.260000000000000000e+02
4.850000000000000000e+02
5.680000000000000000e+02
4.890000000000000000e+02
4.250000000000000000e+02
2.070000000000000000e+02
2.540000000000000000e+02
6.520000000000000000e+02
6.940000000000000000e+02
7.490000000000000000e+02
1.059000000000000000e+03
1.001000000000000000e+03
5.100000000000000000e+02
6.390000000000000000e+02
1.133000000000000000e+03
1.212000000000000000e+03
1.324000000000000000e+03
1.647000000000000000e+03
1.476000000000000000e+03
9.210000000000000000e+02
7.310000000000000000e+02
1.925000000000000000e+03
1.501000000000000000e+03
1.794000000000000000e+03
1.986000000000000000e+03
1.989000000000000000e+03
8.790000000000000000e+02
8.810000000000000000e+02
2.478000000000000000e+03
1.726000000000000000e+03
8.319000000000000000e+03
2.366000000000000000e+03
2.075000000000000000e+03
1.261000000000000000e+03
1.009000000000000000e+03
3.845000000000000000e+03
1.969000000000000000e+03
2.142000000000000000e+03
2.094000000000000000e+03
1.330000000000000000e+03
8.850000000000000000e+02
1.078000000000000000e+03
1.923000000000000000e+03
1.430000000000000000e+03
1.433000000000000000e+03
1.762000000000000000e+03
1.076000000000000000e+03
7.300000000000000000e+02
8.530000000000000000e+02
1.498000000000000000e+03
1.385000000000000000e+03
1.350000000000000000e+03
1.592000000000000000e+03
1.047000000000000000e+03
6.480000000000000000e+02
7.970000000000000000e+02
1.486000000000000000e+03
1.242000000000000000e+03
1.296000000000000000e+03
1.223000000000000000e+03
7.180000000000000000e+02
6.010000000000000000e+02
6.440000000000000000e+02
1.410000000000000000e+03
1.052000000000000000e+03
1.128000000000000000e+03
1.049000000000000000e+03
8.540000000000000000e+02
4.440000000000000000e+02
5.620000000000000000e+02
1.267000000000000000e+03
9.020000000000000000e+02
9.570000000000000000e+02
5.540000000000000000e+02
2.850000000000000000e+02
4.510000000000000000e+02
7.400000000000000000e+02
9.280000000000000000e+02
8.170000000000000000e+02
8.120000000000000000e+02
5.730000000000000000e+02
9.320000000000000000e+02
4.190000000000000000e+02
5.610000000000000000e+02
7.290000000000000000e+02
6.440000000000000000e+02
6.030000000000000000e+02
4.710000000000000000e+02
2.950000000000000000e+02
1.570000000000000000e+02
2.920000000000000000e+02
4.360000000000000000e+02
3.570000000000000000e+02
1.890000000000000000e+02
2.130000000000000000e+02
2.760000000000000000e+02
1.730000000000000000e+02
2.240000000000000000e+02
4.720000000000000000e+02
6.490000000000000000e+02
5.920000000000000000e+02
2.650000000000000000e+02
4.040000000000000000e+02
2.050000000000000000e+02
2.810000000000000000e+02
5.350000000000000000e+02
3.580000000000000000e+02
3.520000000000000000e+02
3.050000000000000000e+02
2.270000000000000000e+02
1.430000000000000000e+02
1.560000000000000000e+02
2.930000000000000000e+02
2.360000000000000000e+02
2.650000000000000000e+02
1.680000000000000000e+02
1.040000000000000000e+02
7.300000000000000000e+01
9.000000000000000000e+01
2.430000000000000000e+02
1.280000000000000000e+02
1.010000000000000000e+02
2.130000000000000000e+02
1.130000000000000000e+02
9.100000000000000000e+01
1.040000000000000000e+02
2.310000000000000000e+02
1.880000000000000000e+02
4.670000000000000000e+02
1.810000000000000000e+02
1.440000000000000000e+02
8.500000000000000000e+01
1.170000000000000000e+02
2.270000000000000000e+02
1.680000000000000000e+02
1.790000000000000000e+02
3.780000000000000000e+02
1.910000000000000000e+02
1.300000000000000000e+02
1.700000000000000000e+02
1.420000000000000000e+02
1.630000000000000000e+02
1.820000000000000000e+02
2.770000000000000000e+02
2.570000000000000000e+02
2.050000000000000000e+02
2.300000000000000000e+02
2.920000000000000000e+02
2.110000000000000000e+02
2.730000000000000000e+02
3.320000000000000000e+02
4.590000000000000000e+02
3.120000000000000000e+02
4.320000000000000000e+02
4.510000000000000000e+02
3.130000000000000000e+02
2.420000000000000000e+02
4.330000000000000000e+02
7.430000000000000000e+02
6.030000000000000000e+02
5.900000000000000000e+02
5.090000000000000000e+02
4.590000000000000000e+02
6.170000000000000000e+02
8.640000000000000000e+02
8.560000000000000000e+02
6.080000000000000000e+02
8.800000000000000000e+02
7.120000000000000000e+02
6.260000000000000000e+02
8.160000000000000000e+02
1.117000000000000000e+03
1.020000000000000000e+03
7.830000000000000000e+02
8.730000000000000000e+02
8.240000000000000000e+02
5.830000000000000000e+02
8.820000000000000000e+02
1.075000000000000000e+03
1.056000000000000000e+03
2.100000000000000000e+02
1.551000000000000000e+03
6.710000000000000000e+02
5.830000000000000000e+02
8.870000000000000000e+02
1.123000000000000000e+03
1.079000000000000000e+03
7.200000000000000000e+02
8.200000000000000000e+02
8.010000000000000000e+02
5.880000000000000000e+02
8.820000000000000000e+02
9.640000000000000000e+02
9.800000000000000000e+02
6.400000000000000000e+02
7.170000000000000000e+02
6.350000000000000000e+02
4.520000000000000000e+02
7.140000000000000000e+02
1.034000000000000000e+03
8.140000000000000000e+02
4.570000000000000000e+02
6.220000000000000000e+02
4.750000000000000000e+02
4.030000000000000000e+02
6.740000000000000000e+02
7.120000000000000000e+02
6.360000000000000000e+02
3.540000000000000000e+02
4.450000000000000000e+02
3.230000000000000000e+02
2.860000000000000000e+02
4.720000000000000000e+02
4.840000000000000000e+02
3.710000000000000000e+02
2.220000000000000000e+02
3.180000000000000000e+02
2.590000000000000000e+02
3.230000000000000000e+02
3.080000000000000000e+02
3.010000000000000000e+02
1.860000000000000000e+02
2.290000000000000000e+02
2.270000000000000000e+02
2.210000000000000000e+02
1.490000000000000000e+02
2.350000000000000000e+02
2.460000000000000000e+02
2.090000000000000000e+02
9.500000000000000000e+01
1.410000000000000000e+02
1.050000000000000000e+02
8.100000000000000000e+01
1.670000000000000000e+02
1.410000000000000000e+02
1.200000000000000000e+02
7.700000000000000000e+01
3.300000000000000000e+01
2.270000000000000000e+02
7.800000000000000000e+01
1.220000000000000000e+02
2.380000000000000000e+02
1.060000000000000000e+02
5.000000000000000000e+01
6.300000000000000000e+01
7.000000000000000000e+01
4.800000000000000000e+01
8.200000000000000000e+01
1.110000000000000000e+02
6.600000000000000000e+01
6.900000000000000000e+01
8.700000000000000000e+01
7.300000000000000000e+01
6.000000000000000000e+01
1.040000000000000000e+02
1.150000000000000000e+02
7.700000000000000000e+01
5.700000000000000000e+01
6.700000000000000000e+01
5.200000000000000000e+01
5.300000000000000000e+01
7.800000000000000000e+01
1.090000000000000000e+02
9.700000000000000000e+01
7.100000000000000000e+01
7.300000000000000000e+01
7.900000000000000000e+01
8.600000000000000000e+01
1.260000000000000000e+02
1.060000000000000000e+02
1.140000000000000000e+02
8.900000000000000000e+01
9.600000000000000000e+01
1.020000000000000000e+02
5.600000000000000000e+01
9.100000000000000000e+01
1.200000000000000000e+02
1.620000000000000000e+02
1.040000000000000000e+02
1.060000000000000000e+02
1.120000000000000000e+02
9.900000000000000000e+01
1.230000000000000000e+02
1.990000000000000000e+02
1.630000000000000000e+02
1.220000000000000000e+02
1.470000000000000000e+02
1.560000000000000000e+02
1.490000000000000000e+02
-2.204380000000000000e+05
0.000000000000000000e+00
0.000000000000000000e+00
0.000000000000000000e+00
0.000000000000000000e+00
0.000000000000000000e+00
0.000000000000000000e+00
0.000000000000000000e+00
0.000000000000000000e+00
0.000000000000000000e+00
0.000000000000000000e+00
0.000000000000000000e+00
0.000000000000000000e+00
0.000000000000000000e+00
0.000000000000000000e+00
0.000000000000000000e+00
0.000000000000000000e+00
0.000000000000000000e+00
0.000000000000000000e+00
0.000000000000000000e+00
0.000000000000000000e+00
0.000000000000000000e+00
0.000000000000000000e+00
0.000000000000000000e+00
0.000000000000000000e+00
0.000000000000000000e+00
0.000000000000000000e+00
0.000000000000000000e+00
0.000000000000000000e+00
0.000000000000000000e+00
0.000000000000000000e+00
0.000000000000000000e+00
0.000000000000000000e+00
0.000000000000000000e+00
0.000000000000000000e+00
0.000000000000000000e+00
0.000000000000000000e+00
0.000000000000000000e+00
0.000000000000000000e+00
0.000000000000000000e+00
0.000000000000000000e+00
0.000000000000000000e+00
0.000000000000000000e+00
0.000000000000000000e+00
0.000000000000000000e+00
0.000000000000000000e+00
0.000000000000000000e+00
0.000000000000000000e+00
0.000000000000000000e+00
0.000000000000000000e+00
0.000000000000000000e+00
0.000000000000000000e+00
0.000000000000000000e+00
0.000000000000000000e+00
0.000000000000000000e+00
0.000000000000000000e+00
0.000000000000000000e+00
0.000000000000000000e+00
0.000000000000000000e+00
0.000000000000000000e+00
0.000000000000000000e+00
0.000000000000000000e+00
0.000000000000000000e+00
0.000000000000000000e+00
0.000000000000000000e+00
0.000000000000000000e+00
0.000000000000000000e+00
0.000000000000000000e+00
0.000000000000000000e+00
0.000000000000000000e+00
0.000000000000000000e+00
0.000000000000000000e+00
0.000000000000000000e+00
0.000000000000000000e+00
0.000000000000000000e+00
0.000000000000000000e+00
0.000000000000000000e+00
0.000000000000000000e+00
0.000000000000000000e+00
0.000000000000000000e+00
0.000000000000000000e+00
0.000000000000000000e+00
0.000000000000000000e+00
0.000000000000000000e+00
0.000000000000000000e+00
0.000000000000000000e+00
0.000000000000000000e+00
0.000000000000000000e+00
0.000000000000000000e+00
0.000000000000000000e+00
0.000000000000000000e+00
0.000000000000000000e+00
0.000000000000000000e+00
0.000000000000000000e+00
0.000000000000000000e+00
0.000000000000000000e+00
0.000000000000000000e+00
0.000000000000000000e+00
0.000000000000000000e+00
0.000000000000000000e+00
0.000000000000000000e+00
0.000000000000000000e+00
0.000000000000000000e+00
0.000000000000000000e+00
0.000000000000000000e+00
0.000000000000000000e+00
0.000000000000000000e+00
0.000000000000000000e+00
0.000000000000000000e+00
0.000000000000000000e+00
0.000000000000000000e+00
0.000000000000000000e+00
0.000000000000000000e+00
0.000000000000000000e+00
0.000000000000000000e+00
0.000000000000000000e+00
0.000000000000000000e+00
0.000000000000000000e+00
0.000000000000000000e+00
0.000000000000000000e+00
0.000000000000000000e+00
0.000000000000000000e+00
0.000000000000000000e+00
0.000000000000000000e+00
0.000000000000000000e+00
0.000000000000000000e+00
0.000000000000000000e+00
0.000000000000000000e+00
0.000000000000000000e+00
0.000000000000000000e+00
0.000000000000000000e+00
0.000000000000000000e+00
0.000000000000000000e+00
0.000000000000000000e+00
0.000000000000000000e+00
0.000000000000000000e+00
0.000000000000000000e+00
0.000000000000000000e+00
0.000000000000000000e+00
0.000000000000000000e+00
0.000000000000000000e+00
0.000000000000000000e+00
0.000000000000000000e+00
0.000000000000000000e+00
0.000000000000000000e+00
0.000000000000000000e+00
0.000000000000000000e+00
0.000000000000000000e+00
0.000000000000000000e+00
0.000000000000000000e+00
0.000000000000000000e+00
0.000000000000000000e+00
0.000000000000000000e+00
0.000000000000000000e+00
0.000000000000000000e+00
0.000000000000000000e+00
0.000000000000000000e+00
0.000000000000000000e+00
0.000000000000000000e+00
0.000000000000000000e+00
0.000000000000000000e+00
0.000000000000000000e+00
0.000000000000000000e+00
0.000000000000000000e+00
0.000000000000000000e+00
0.000000000000000000e+00
0.000000000000000000e+00
0.000000000000000000e+00
0.000000000000000000e+00
0.000000000000000000e+00
0.000000000000000000e+00
0.000000000000000000e+00
0.000000000000000000e+00
0.000000000000000000e+00
0.000000000000000000e+00
0.000000000000000000e+00
0.000000000000000000e+00
0.000000000000000000e+00
0.000000000000000000e+00
0.000000000000000000e+00
0.000000000000000000e+00
0.000000000000000000e+00
0.000000000000000000e+00
0.000000000000000000e+00
0.000000000000000000e+00
0.000000000000000000e+00
0.000000000000000000e+00
0.000000000000000000e+00
0.000000000000000000e+00
0.000000000000000000e+00
0.000000000000000000e+00
0.000000000000000000e+00
0.000000000000000000e+00
0.000000000000000000e+00
0.000000000000000000e+00
0.000000000000000000e+00
0.000000000000000000e+00
0.000000000000000000e+00
0.000000000000000000e+00
0.000000000000000000e+00
0.000000000000000000e+00
