3.112100399841325125e+05
3.119550102446902893e+05
3.124521540386567940e+05
3.130996060255487682e+05
3.139372563552841311e+05
3.148229234717783402e+05
3.156467662721551606e+05
3.162433965770574287e+05
3.169883668376150890e+05
3.174855106315819430e+05
3.181329626184738590e+05
3.189706129482086981e+05
3.198562800647035474e+05
3.206801228650799603e+05
3.212767531699821702e+05
3.220217234305397724e+05
3.225188672245063935e+05
3.231663192113983096e+05
3.240039695411333814e+05
3.248896366576284054e+05
3.257134794580048183e+05
3.263101097629072610e+05
3.270550800234650960e+05
3.275522238174309605e+05
3.281996758043234586e+05
3.290373261340585304e+05
3.299229932505534380e+05
3.307468360509295017e+05
3.313434663558320026e+05
3.320884366163898958e+05
3.325855804103559349e+05
3.332330323972482001e+05
3.340706827269835630e+05
3.349563498434777139e+05
3.357801926438546507e+05
3.363768229487569188e+05
3.371217932093146374e+05
3.376189370032805600e+05
3.382663889901733492e+05
3.391040393199087121e+05
3.399897064364028629e+05
3.408135492367792758e+05
3.414101795416817185e+05
3.421551498022393789e+05
3.426522935962060001e+05
3.432997455830977997e+05
3.441373959128335118e+05
3.450230630293276045e+05
3.458469058297040174e+05
3.464435361346066929e+05
3.471885063951642369e+05
3.476856501891308581e+05
3.483331021760229487e+05
3.491707525057586026e+05
3.500564196222526953e+05
3.508802624226289918e+05
3.514768927275314345e+05
3.522218629880890367e+05
3.527190067820555996e+05
3.533664587689480395e+05
