6.576393459367150172e+02
-7.197865161097315649e+02
8.824815405245519742e+02
9.609703522943452754e+02
9.703358380972931627e+02
1.101054811364223269e+03
1.342203079289087782e+03
1.397691117284105076e+03
4.226982105553975089e+01
1.651584258052461337e+03
1.722201054051946812e+03
1.709222535959548622e+03
1.803957816396373801e+03
1.996669350343888254e+03
1.992767368061512570e+03
5.687660702934706478e+02
2.102281113372140226e+03
2.091995797863923599e+03
1.995210976266736452e+03
2.005450818598942078e+03
2.115144919587752156e+03
2.031761047061942463e+03
5.337041995688769020e+02
2.000263118007469984e+03
1.931533071450812713e+03
1.785931089542188602e+03
1.757776656923716928e+03
1.839958926956179766e+03
1.740065012800516342e+03
2.362849632334917374e+02
1.707374195451790001e+03
1.652601535514750140e+03
1.529298097528121389e+03
1.530478835579949418e+03
1.647556443875903824e+03
1.586520625064030128e+03
1.238966893951921975e+02
1.636762556310903165e+03
1.622750605876855616e+03
1.537647956833751778e+03
1.573065450124230892e+03
1.719193603511117999e+03
1.681017334291163252e+03
2.343024115191956867e+02
1.755631958222728372e+03
1.742418969752552357e+03
1.650508225244294863e+03
1.671837955731341026e+03
1.797179897252523460e+03
1.732330152745858868e+03
2.540646922898236539e+02
1.740138891992758772e+03
1.689258333547636767e+03
1.558635632104610977e+03
1.541605136914045261e+03
1.630315657183368330e+03
1.531875156014639288e+03
2.426270889221461857e+01
1.486288496153280448e+03
1.417530281026883131e+03
