4.750708395915574329e+03
4.756248115030625740e+03
4.761941955275705368e+03
4.768027104895811135e+03
4.773412888519863372e+03
4.779361746323202169e+03
4.783670421765747051e+03
4.788763807229489430e+03
4.794303526344543570e+03
4.799997366589624107e+03
4.806082516209728055e+03
4.811468299833781202e+03
4.817417157637118180e+03
4.821725833079664881e+03
4.826819218543409079e+03
4.832358937658460491e+03
4.838052777903541028e+03
4.844137927523645885e+03
4.849523711147699942e+03
4.855472568951036919e+03
4.859781244393582710e+03
4.864874629857325999e+03
4.870414348972380139e+03
4.876108189217458857e+03
4.882193338837564625e+03
4.887579122461615952e+03
4.893527980264954749e+03
4.897836655707500540e+03
4.902930041171245648e+03
4.908469760286296150e+03
4.914163600531377597e+03
4.920248750151481545e+03
4.925634533775533782e+03
4.931583391578871669e+03
4.935892067021415642e+03
4.940985452485159840e+03
4.946525171600212161e+03
4.952219011845293608e+03
4.958304161465400284e+03
4.963689945089451612e+03
4.969638802892789499e+03
4.973947478335334381e+03
4.979040863799079489e+03
4.984580582914130900e+03
4.990274423159211437e+03
4.996359572779316295e+03
5.001745356403369442e+03
5.007694214206708239e+03
5.012002889649254030e+03
5.017096275112996409e+03
5.022635994228048730e+03
5.028329834473130177e+03
5.034414984093235944e+03
5.039800767717285453e+03
5.045749625520626068e+03
5.050058300963170041e+03
5.055151686426915148e+03
5.060691405541967470e+03
5.066385245787047097e+03
5.072470395407152864e+03
