7.165565241892423946e+05
7.163668532558358274e+05
7.161227079900117824e+05
7.162928409238933818e+05
7.161910487497487338e+05
7.162172444970845245e+05
7.161624588477560319e+05
7.162425346782059642e+05
7.160821786157388706e+05
7.158567715213433839e+05
7.160333076272022445e+05
7.159242832744995831e+05
7.159288307364397915e+05
7.158377653272780590e+05
7.158673079596242169e+05
7.156431455147782108e+05
7.153422300756083569e+05
7.154336864856573520e+05
7.152326495365214068e+05
7.151413272501577158e+05
7.149539600502596004e+05
7.148904401577578392e+05
7.145802562776777195e+05
7.142041677927689161e+05
7.142349814753588289e+05
7.139912558551627444e+05
7.138782337282992667e+05
7.136926766907561105e+05
7.136563700740055647e+05
7.133999672276206547e+05
7.131045809603135567e+05
7.132424983542921254e+05
7.131308467984240269e+05
7.131725138468097430e+05
7.131609962439322844e+05
7.133139472289060941e+05
7.132570910339958500e+05
7.131659115741829155e+05
7.135064899433187675e+05
7.135893162006449420e+05
7.138103749739739578e+05
7.139561764860574622e+05
7.142374978117790306e+05
7.142734985070939874e+05
7.142336124794207281e+05
7.145785853631536011e+05
7.146144774449405959e+05
7.147339262807009509e+05
7.147213354260752676e+05
7.147867492438192712e+05
7.145500735619666521e+05
7.141830402880372712e+05
7.141502821939025307e+05
7.137633356785086216e+05
7.134218643012259854e+05
7.129187691018256592e+05
7.124739462400254561e+05
7.117183532801477704e+05
7.108357847418703604e+05
7.103037265686063329e+05
