1.901775872996353769e+02
2.276441431969605560e+02
1.223943796486785800e+02
1.634775409093077769e+01
1.676513811096242534e+00
-4.622546241413039070e+01
-9.480897066235411330e+01
-1.540580877291864681e+02
-1.180648205318634609e+02
-2.214371954159092581e+02
-3.224238628087889538e+02
-3.290758714979005504e+02
-3.662717509154069830e+02
-4.017767062928875816e+02
-4.459232684179534658e+02
-3.931773515138818880e+02
-4.785373387065363886e+02
-5.606495011396579002e+02
-5.479606369833095414e+02
-5.657342958178558092e+02
-5.821016095494461524e+02
-6.077342714247847653e+02
-5.374037949517770585e+02
-6.063748244631022999e+02
-6.735159259479942193e+02
-6.474488344205702788e+02
-6.535625788860256762e+02
-6.600635262768245184e+02
-6.776488708136806736e+02
-6.010676512253252213e+02
-6.655169858709067512e+02
-7.297568432333829378e+02
-7.022641870364318493e+02
-7.082527584556121383e+02
-7.157293614465625069e+02
-7.351739907436906378e+02
-6.611076919565218759e+02
-7.284956502206506457e+02
-7.958686361581852680e+02
-7.714834697669350589e+02
-7.803486009964552750e+02
-7.902855285595605892e+02
-8.116132749900748422e+02
-7.387197117176524443e+02
-8.064671630160625000e+02
-8.733153793279221873e+02
-8.474825321127303823e+02
-8.539703498287843786e+02
-8.606241654651443014e+02
-8.778151684200634008e+02
-8.000087523556151154e+02
-8.621665053632845002e+02
-9.228650660584501111e+02
-8.904526421202849633e+02
-8.900694618988443381e+02
-8.897030823983524215e+02
-8.998659965087003911e+02
-8.151595738378000533e+02
-8.706720126112352318e+02
-9.250936420135177514e+02
