-3.085542175279117873e+04
-3.114895372690538716e+04
-3.138092717565486601e+04
-3.314402649770110293e+04
-3.348649258324795665e+04
-3.375116773750252469e+04
-3.404068098246593581e+04
-3.470935115017402859e+04
-3.500288312428761128e+04
-3.523485657303633343e+04
-3.699795589508292323e+04
-3.734042198062888201e+04
-3.760509713488421403e+04
-3.789461037984516588e+04
-3.856328054755477206e+04
-3.885681252166756894e+04
-3.908878597041837929e+04
-4.085188529246453982e+04
-4.119435137801092060e+04
-4.145902653226359689e+04
-4.174853977722687705e+04
-4.241720994493544276e+04
-4.271074191904863255e+04
-4.294271536779921007e+04
-4.470581468984326784e+04
-4.504828077539257356e+04
-4.531295592964521347e+04
-4.560246917460851546e+04
-4.627113934231617895e+04
-4.656467131643163884e+04
-4.679664476518125593e+04
-4.855974408722494991e+04
-4.890221017277296050e+04
-4.916688532702578959e+04
-4.945639857199022663e+04
-5.012506873969831940e+04
-5.041860071381270245e+04
-5.065057416256336728e+04
-5.241367348460670473e+04
-5.275613957015401684e+04
-5.302081472440829384e+04
-5.331032796936938394e+04
-5.397899813707760040e+04
-5.427253011119266012e+04
-5.450450355994413258e+04
-5.626760288198535272e+04
-5.661006896753500041e+04
-5.687474412178886269e+04
-5.716425736674962536e+04
-5.783292753445966082e+04
-5.812645950857365096e+04
-5.835843295732395927e+04
-6.012153227936711482e+04
-6.046399836491605674e+04
-6.072867351917055203e+04
-6.101818676413274079e+04
-6.168685693184111733e+04
-6.198038890595484554e+04
-6.221236235470529937e+04
-6.397546167674878234e+04
