-2.750427887358639509e+03
-2.807637187071875815e+03
-2.864367960618830693e+03
-2.765370984881627464e+03
-2.716966475747404729e+03
-3.730794105010257226e+03
-2.473686731823303489e+03
-2.257485905551542601e+03
-2.076054715900692372e+03
-1.909635538534689431e+03
-1.607271522053901890e+03
-1.379111856714994246e+03
-2.240075454034114045e+03
-8.596521016572951339e+02
-5.516609201698432798e+02
-3.112230616519586306e+02
-1.190971212471807235e+02
1.759034328996079921e+02
3.645907855789563996e+02
-5.662928864613269297e+02
7.160746163609097721e+02
9.007727854411289172e+02
9.960877354005108373e+02
1.025087233185667628e+03
1.143104510690388452e+03
1.145313445870326177e+03
2.292372917765602480e+01
1.113220728341373615e+03
1.109634430879978254e+03
1.024585045395578163e+03
8.849615044283960970e+02
8.495183450724827026e+02
7.163756634641990786e+02
-5.208474617081592442e+02
4.769600374311496580e+02
4.044391772077797782e+02
2.745919720999418132e+02
1.142619308353387595e+02
8.154914628793930831e+01
-2.665608136739499656e+01
-1.218491852644480105e+03
-1.570709195582924167e+02
-1.503710566518081464e+02
-1.883235276272696126e+02
-2.472456109272869753e+02
-1.723344958061193779e+02
-1.700411396321877362e+02
-1.251797381387514406e+03
-8.387418529553724511e+01
2.281018152974608881e+01
7.567593296850884599e+01
9.611367069853366729e+01
2.370435289548030937e+02
2.905817344874918149e+02
-7.556595748181820227e+02
4.315823811503659044e+02
5.414117888257321738e+02
5.817452509372928944e+02
5.749158995476243490e+02
6.751927759067502848e+02
