0.000000000000000000e+00
0.000000000000000000e+00
0.000000000000000000e+00
0.000000000000000000e+00
0.000000000000000000e+00
0.000000000000000000e+00
0.000000000000000000e+00
0.000000000000000000e+00
0.000000000000000000e+00
0.000000000000000000e+00
0.000000000000000000e+00
0.000000000000000000e+00
0.000000000000000000e+00
0.000000000000000000e+00
0.000000000000000000e+00
0.000000000000000000e+00
0.000000000000000000e+00
0.000000000000000000e+00
0.000000000000000000e+00
0.000000000000000000e+00
0.000000000000000000e+00
0.000000000000000000e+00
0.000000000000000000e+00
0.000000000000000000e+00
0.000000000000000000e+00
0.000000000000000000e+00
0.000000000000000000e+00
0.000000000000000000e+00
0.000000000000000000e+00
0.000000000000000000e+00
0.000000000000000000e+00
0.000000000000000000e+00
0.000000000000000000e+00
0.000000000000000000e+00
0.000000000000000000e+00
0.000000000000000000e+00
0.000000000000000000e+00
0.000000000000000000e+00
0.000000000000000000e+00
0.000000000000000000e+00
0.000000000000000000e+00
0.000000000000000000e+00
0.000000000000000000e+00
0.000000000000000000e+00
0.000000000000000000e+00
0.000000000000000000e+00
0.000000000000000000e+00
0.000000000000000000e+00
0.000000000000000000e+00
0.000000000000000000e+00
0.000000000000000000e+00
0.000000000000000000e+00
0.000000000000000000e+00
0.000000000000000000e+00
0.000000000000000000e+00
0.000000000000000000e+00
0.000000000000000000e+00
0.000000000000000000e+00
0.000000000000000000e+00
0.000000000000000000e+00
0.000000000000000000e+00
0.000000000000000000e+00
0.000000000000000000e+00
0.000000000000000000e+00
0.000000000000000000e+00
0.000000000000000000e+00
0.000000000000000000e+00
0.000000000000000000e+00
0.000000000000000000e+00
0.000000000000000000e+00
0.000000000000000000e+00
0.000000000000000000e+00
0.000000000000000000e+00
0.000000000000000000e+00
0.000000000000000000e+00
0.000000000000000000e+00
0.000000000000000000e+00
0.000000000000000000e+00
0.000000000000000000e+00
0.000000000000000000e+00
0.000000000000000000e+00
0.000000000000000000e+00
0.000000000000000000e+00
0.000000000000000000e+00
0.000000000000000000e+00
0.000000000000000000e+00
0.000000000000000000e+00
3.000000000000000000e+00
3.000000000000000000e+00
3.000000000000000000e+00
6.000000000000000000e+00
6.000000000000000000e+00
6.000000000000000000e+00
1.100000000000000000e+01
1.300000000000000000e+01
1.300000000000000000e+01
1.300000000000000000e+01
1.900000000000000000e+01
1.900000000000000000e+01
2.600000000000000000e+01
2.600000000000000000e+01
2.600000000000000000e+01
2.600000000000000000e+01
2.600000000000000000e+01
3.000000000000000000e+01
3.000000000000000000e+01
3.000000000000000000e+01
3.700000000000000000e+01
3.700000000000000000e+01
3.700000000000000000e+01
3.800000000000000000e+01
3.800000000000000000e+01
3.800000000000000000e+01
3.800000000000000000e+01
3.900000000000000000e+01
3.900000000000000000e+01
3.900000000000000000e+01
3.900000000000000000e+01
3.900000000000000000e+01
3.900000000000000000e+01
3.900000000000000000e+01
3.900000000000000000e+01
3.900000000000000000e+01
3.900000000000000000e+01
3.900000000000000000e+01
3.900000000000000000e+01
3.900000000000000000e+01
3.900000000000000000e+01
3.900000000000000000e+01
3.900000000000000000e+01
3.900000000000000000e+01
3.900000000000000000e+01
3.900000000000000000e+01
3.900000000000000000e+01
3.900000000000000000e+01
3.900000000000000000e+01
3.900000000000000000e+01
3.900000000000000000e+01
3.900000000000000000e+01
3.900000000000000000e+01
3.900000000000000000e+01
3.900000000000000000e+01
3.900000000000000000e+01
3.900000000000000000e+01
3.900000000000000000e+01
3.900000000000000000e+01
3.900000000000000000e+01
3.900000000000000000e+01
3.900000000000000000e+01
3.900000000000000000e+01
3.900000000000000000e+01
3.900000000000000000e+01
3.900000000000000000e+01
3.900000000000000000e+01
3.900000000000000000e+01
3.900000000000000000e+01
5.300000000000000000e+01
5.300000000000000000e+01
5.300000000000000000e+01
5.300000000000000000e+01
5.300000000000000000e+01
5.600000000000000000e+01
5.600000000000000000e+01
5.600000000000000000e+01
5.600000000000000000e+01
5.600000000000000000e+01
5.600000000000000000e+01
5.600000000000000000e+01
5.600000000000000000e+01
1.070000000000000000e+02
1.070000000000000000e+02
1.070000000000000000e+02
1.070000000000000000e+02
1.070000000000000000e+02
1.070000000000000000e+02
1.070000000000000000e+02
1.490000000000000000e+02
1.550000000000000000e+02
1.550000000000000000e+02
1.550000000000000000e+02
1.550000000000000000e+02
1.550000000000000000e+02
1.550000000000000000e+02
1.890000000000000000e+02
1.890000000000000000e+02
1.890000000000000000e+02
1.890000000000000000e+02
1.910000000000000000e+02
1.910000000000000000e+02
1.910000000000000000e+02
2.250000000000000000e+02
2.250000000000000000e+02
2.250000000000000000e+02
2.250000000000000000e+02
2.250000000000000000e+02
2.250000000000000000e+02
2.250000000000000000e+02
2.250000000000000000e+02
2.450000000000000000e+02
2.450000000000000000e+02
2.450000000000000000e+02
2.480000000000000000e+02
2.480000000000000000e+02
2.480000000000000000e+02
2.480000000000000000e+02
2.480000000000000000e+02
2.480000000000000000e+02
2.480000000000000000e+02
2.480000000000000000e+02
2.610000000000000000e+02
2.610000000000000000e+02
2.740000000000000000e+02
2.740000000000000000e+02
2.740000000000000000e+02
2.740000000000000000e+02
2.740000000000000000e+02
2.760000000000000000e+02
2.760000000000000000e+02
2.840000000000000000e+02
2.840000000000000000e+02
2.840000000000000000e+02
2.840000000000000000e+02
2.840000000000000000e+02
2.840000000000000000e+02
2.840000000000000000e+02
2.950000000000000000e+02
2.950000000000000000e+02
2.950000000000000000e+02
2.950000000000000000e+02
2.950000000000000000e+02
2.950000000000000000e+02
2.950000000000000000e+02
3.040000000000000000e+02
3.040000000000000000e+02
3.040000000000000000e+02
3.040000000000000000e+02
3.040000000000000000e+02
3.040000000000000000e+02
3.050000000000000000e+02
3.050000000000000000e+02
3.050000000000000000e+02
3.050000000000000000e+02
3.050000000000000000e+02
3.050000000000000000e+02
3.090000000000000000e+02
3.090000000000000000e+02
3.300000000000000000e+02
3.300000000000000000e+02
3.410000000000000000e+02
3.410000000000000000e+02
3.410000000000000000e+02
3.410000000000000000e+02
3.410000000000000000e+02
3.530000000000000000e+02
3.530000000000000000e+02
3.580000000000000000e+02
3.580000000000000000e+02
3.580000000000000000e+02
3.580000000000000000e+02
3.580000000000000000e+02
3.640000000000000000e+02
3.640000000000000000e+02
3.720000000000000000e+02
3.720000000000000000e+02
3.720000000000000000e+02
3.720000000000000000e+02
3.720000000000000000e+02
3.760000000000000000e+02
3.760000000000000000e+02
3.880000000000000000e+02
3.880000000000000000e+02
3.880000000000000000e+02
3.880000000000000000e+02
3.880000000000000000e+02
3.910000000000000000e+02
4.050000000000000000e+02
4.050000000000000000e+02
4.050000000000000000e+02
4.050000000000000000e+02
4.050000000000000000e+02
4.050000000000000000e+02
4.050000000000000000e+02
4.120000000000000000e+02
4.120000000000000000e+02
4.120000000000000000e+02
4.260000000000000000e+02
4.260000000000000000e+02
4.260000000000000000e+02
4.290000000000000000e+02
4.290000000000000000e+02
4.380000000000000000e+02
4.380000000000000000e+02
4.380000000000000000e+02
4.380000000000000000e+02
4.380000000000000000e+02
4.440000000000000000e+02
4.440000000000000000e+02
4.440000000000000000e+02
4.440000000000000000e+02
4.510000000000000000e+02
4.510000000000000000e+02
4.510000000000000000e+02
4.560000000000000000e+02
4.560000000000000000e+02
4.730000000000000000e+02
4.730000000000000000e+02
4.730000000000000000e+02
4.730000000000000000e+02
4.730000000000000000e+02
4.770000000000000000e+02
4.770000000000000000e+02
4.980000000000000000e+02
4.980000000000000000e+02
4.980000000000000000e+02
4.980000000000000000e+02
4.980000000000000000e+02
4.980000000000000000e+02
5.080000000000000000e+02
5.080000000000000000e+02
5.080000000000000000e+02
5.170000000000000000e+02
5.170000000000000000e+02
5.170000000000000000e+02
5.250000000000000000e+02
5.250000000000000000e+02
5.640000000000000000e+02
5.640000000000000000e+02
5.640000000000000000e+02
5.640000000000000000e+02
5.640000000000000000e+02
5.720000000000000000e+02
5.720000000000000000e+02
5.800000000000000000e+02
5.800000000000000000e+02
5.970000000000000000e+02
5.990000000000000000e+02
5.990000000000000000e+02
6.000000000000000000e+02
6.000000000000000000e+02
6.000000000000000000e+02
6.230000000000000000e+02
6.230000000000000000e+02
6.430000000000000000e+02
6.430000000000000000e+02
6.430000000000000000e+02
6.430000000000000000e+02
6.430000000000000000e+02
6.430000000000000000e+02
6.430000000000000000e+02
6.430000000000000000e+02
6.430000000000000000e+02
7.400000000000000000e+02
7.400000000000000000e+02
7.400000000000000000e+02
7.400000000000000000e+02
8.030000000000000000e+02
9.340000000000000000e+02
9.340000000000000000e+02
1.014000000000000000e+03
1.073000000000000000e+03
1.073000000000000000e+03
1.073000000000000000e+03
1.073000000000000000e+03
1.073000000000000000e+03
1.234000000000000000e+03
1.304000000000000000e+03
1.304000000000000000e+03
1.304000000000000000e+03
1.304000000000000000e+03
1.378000000000000000e+03
1.530000000000000000e+03
1.549000000000000000e+03
1.549000000000000000e+03
1.594000000000000000e+03
1.594000000000000000e+03
1.594000000000000000e+03
1.594000000000000000e+03
1.657000000000000000e+03
1.683000000000000000e+03
1.683000000000000000e+03
1.719000000000000000e+03
1.719000000000000000e+03
1.719000000000000000e+03
1.719000000000000000e+03
1.781000000000000000e+03
1.824000000000000000e+03
1.828000000000000000e+03
1.828000000000000000e+03
1.828000000000000000e+03
1.828000000000000000e+03
1.914000000000000000e+03
1.914000000000000000e+03
1.973000000000000000e+03
2.050000000000000000e+03
2.050000000000000000e+03
2.050000000000000000e+03
2.050000000000000000e+03
2.068000000000000000e+03
2.159000000000000000e+03
2.173000000000000000e+03
2.225000000000000000e+03
2.253000000000000000e+03
2.253000000000000000e+03
2.253000000000000000e+03
2.261000000000000000e+03
2.344000000000000000e+03
2.384000000000000000e+03
2.388000000000000000e+03
2.418000000000000000e+03
2.436000000000000000e+03
2.436000000000000000e+03
2.436000000000000000e+03
2.436000000000000000e+03
2.538000000000000000e+03
2.592000000000000000e+03
2.631000000000000000e+03
2.631000000000000000e+03
2.631000000000000000e+03
2.701000000000000000e+03
2.731000000000000000e+03
2.770000000000000000e+03
2.833000000000000000e+03
2.865000000000000000e+03
2.865000000000000000e+03
2.865000000000000000e+03
2.865000000000000000e+03
2.865000000000000000e+03
2.962000000000000000e+03
2.962000000000000000e+03
2.970000000000000000e+03
2.970000000000000000e+03
2.970000000000000000e+03
2.993000000000000000e+03
3.029000000000000000e+03
3.029000000000000000e+03
3.049000000000000000e+03
3.058000000000000000e+03
3.058000000000000000e+03
3.058000000000000000e+03
3.064000000000000000e+03
3.081000000000000000e+03
3.138000000000000000e+03
3.146000000000000000e+03
3.166000000000000000e+03
3.166000000000000000e+03
3.166000000000000000e+03
3.196000000000000000e+03
3.231000000000000000e+03
3.273000000000000000e+03
3.280000000000000000e+03
3.288000000000000000e+03
3.288000000000000000e+03
3.288000000000000000e+03
3.334000000000000000e+03
3.341000000000000000e+03
3.389000000000000000e+03
3.406000000000000000e+03
3.410000000000000000e+03
3.410000000000000000e+03
3.410000000000000000e+03
3.455000000000000000e+03
3.455000000000000000e+03
3.492000000000000000e+03
3.492000000000000000e+03
3.492000000000000000e+03
3.492000000000000000e+03
3.492000000000000000e+03
3.496000000000000000e+03
3.503000000000000000e+03
3.538000000000000000e+03
3.602000000000000000e+03
3.602000000000000000e+03
3.602000000000000000e+03
3.602000000000000000e+03
3.613000000000000000e+03
3.627000000000000000e+03
3.639000000000000000e+03
3.639000000000000000e+03
3.639000000000000000e+03
3.654000000000000000e+03
3.654000000000000000e+03
3.676000000000000000e+03
3.700000000000000000e+03
3.700000000000000000e+03
3.700000000000000000e+03
3.711000000000000000e+03
3.711000000000000000e+03
3.711000000000000000e+03
3.711000000000000000e+03
3.749000000000000000e+03
3.772000000000000000e+03
3.811000000000000000e+03
3.812000000000000000e+03
3.812000000000000000e+03
3.812000000000000000e+03
3.853000000000000000e+03
3.855000000000000000e+03
3.855000000000000000e+03
3.855000000000000000e+03
3.894000000000000000e+03
3.894000000000000000e+03
3.894000000000000000e+03
3.987000000000000000e+03
4.054000000000000000e+03
4.206000000000000000e+03
4.252000000000000000e+03
4.278000000000000000e+03
4.278000000000000000e+03
4.278000000000000000e+03
4.420000000000000000e+03
4.486000000000000000e+03
4.538000000000000000e+03
4.654000000000000000e+03
4.743000000000000000e+03
4.782000000000000000e+03
4.818000000000000000e+03
4.897000000000000000e+03
5.016000000000000000e+03
5.078000000000000000e+03
5.147000000000000000e+03
5.222000000000000000e+03
5.261000000000000000e+03
5.261000000000000000e+03
5.370000000000000000e+03
5.435000000000000000e+03
5.512000000000000000e+03
5.559000000000000000e+03
5.634000000000000000e+03
5.676000000000000000e+03
5.718000000000000000e+03
5.808000000000000000e+03
5.808000000000000000e+03
5.808000000000000000e+03
5.808000000000000000e+03
5.826000000000000000e+03
5.842000000000000000e+03
5.842000000000000000e+03
5.842000000000000000e+03
5.906000000000000000e+03
5.948000000000000000e+03
6.020000000000000000e+03
6.043000000000000000e+03
6.043000000000000000e+03
6.043000000000000000e+03
6.119000000000000000e+03
6.158000000000000000e+03
6.166000000000000000e+03
6.201000000000000000e+03
6.249000000000000000e+03
6.282000000000000000e+03
6.282000000000000000e+03
6.301000000000000000e+03
6.348000000000000000e+03
6.378000000000000000e+03
6.416000000000000000e+03
6.419000000000000000e+03
6.444000000000000000e+03
6.444000000000000000e+03
6.456000000000000000e+03
6.472000000000000000e+03
6.475000000000000000e+03
0.000000000000000000e+00
0.000000000000000000e+00
0.000000000000000000e+00
0.000000000000000000e+00
0.000000000000000000e+00
0.000000000000000000e+00
0.000000000000000000e+00
0.000000000000000000e+00
0.000000000000000000e+00
0.000000000000000000e+00
0.000000000000000000e+00
0.000000000000000000e+00
0.000000000000000000e+00
0.000000000000000000e+00
0.000000000000000000e+00
0.000000000000000000e+00
0.000000000000000000e+00
0.000000000000000000e+00
0.000000000000000000e+00
0.000000000000000000e+00
0.000000000000000000e+00
0.000000000000000000e+00
0.000000000000000000e+00
0.000000000000000000e+00
0.000000000000000000e+00
0.000000000000000000e+00
0.000000000000000000e+00
0.000000000000000000e+00
0.000000000000000000e+00
0.000000000000000000e+00
0.000000000000000000e+00
0.000000000000000000e+00
0.000000000000000000e+00
0.000000000000000000e+00
0.000000000000000000e+00
0.000000000000000000e+00
0.000000000000000000e+00
0.000000000000000000e+00
0.000000000000000000e+00
0.000000000000000000e+00
0.000000000000000000e+00
0.000000000000000000e+00
0.000000000000000000e+00
0.000000000000000000e+00
0.000000000000000000e+00
0.000000000000000000e+00
0.000000000000000000e+00
0.000000000000000000e+00
0.000000000000000000e+00
0.000000000000000000e+00
0.000000000000000000e+00
0.000000000000000000e+00
0.000000000000000000e+00
0.000000000000000000e+00
0.000000000000000000e+00
0.000000000000000000e+00
0.000000000000000000e+00
0.000000000000000000e+00
0.000000000000000000e+00
0.000000000000000000e+00
0.000000000000000000e+00
0.000000000000000000e+00
0.000000000000000000e+00
0.000000000000000000e+00
0.000000000000000000e+00
0.000000000000000000e+00
0.000000000000000000e+00
0.000000000000000000e+00
0.000000000000000000e+00
0.000000000000000000e+00
0.000000000000000000e+00
0.000000000000000000e+00
0.000000000000000000e+00
0.000000000000000000e+00
0.000000000000000000e+00
0.000000000000000000e+00
0.000000000000000000e+00
0.000000000000000000e+00
0.000000000000000000e+00
0.000000000000000000e+00
0.000000000000000000e+00
0.000000000000000000e+00
0.000000000000000000e+00
0.000000000000000000e+00
0.000000000000000000e+00
0.000000000000000000e+00
0.000000000000000000e+00
0.000000000000000000e+00
0.000000000000000000e+00
0.000000000000000000e+00
0.000000000000000000e+00
0.000000000000000000e+00
0.000000000000000000e+00
0.000000000000000000e+00
0.000000000000000000e+00
0.000000000000000000e+00
0.000000000000000000e+00
0.000000000000000000e+00
0.000000000000000000e+00
0.000000000000000000e+00
0.000000000000000000e+00
0.000000000000000000e+00
0.000000000000000000e+00
0.000000000000000000e+00
0.000000000000000000e+00
0.000000000000000000e+00
0.000000000000000000e+00
0.000000000000000000e+00
0.000000000000000000e+00
0.000000000000000000e+00
0.000000000000000000e+00
0.000000000000000000e+00
0.000000000000000000e+00
0.000000000000000000e+00
0.000000000000000000e+00
0.000000000000000000e+00
0.000000000000000000e+00
0.000000000000000000e+00
0.000000000000000000e+00
0.000000000000000000e+00
0.000000000000000000e+00
0.000000000000000000e+00
0.000000000000000000e+00
0.000000000000000000e+00
0.000000000000000000e+00
0.000000000000000000e+00
0.000000000000000000e+00
0.000000000000000000e+00
0.000000000000000000e+00
0.000000000000000000e+00
0.000000000000000000e+00
0.000000000000000000e+00
0.000000000000000000e+00
0.000000000000000000e+00
0.000000000000000000e+00
0.000000000000000000e+00
0.000000000000000000e+00
0.000000000000000000e+00
0.000000000000000000e+00
0.000000000000000000e+00
0.000000000000000000e+00
0.000000000000000000e+00
0.000000000000000000e+00
0.000000000000000000e+00
0.000000000000000000e+00
0.000000000000000000e+00
0.000000000000000000e+00
0.000000000000000000e+00
0.000000000000000000e+00
0.000000000000000000e+00
0.000000000000000000e+00
0.000000000000000000e+00
0.000000000000000000e+00
0.000000000000000000e+00
0.000000000000000000e+00
0.000000000000000000e+00
0.000000000000000000e+00
0.000000000000000000e+00
0.000000000000000000e+00
0.000000000000000000e+00
0.000000000000000000e+00
0.000000000000000000e+00
0.000000000000000000e+00
0.000000000000000000e+00
0.000000000000000000e+00
0.000000000000000000e+00
0.000000000000000000e+00
0.000000000000000000e+00
0.000000000000000000e+00
0.000000000000000000e+00
0.000000000000000000e+00
0.000000000000000000e+00
0.000000000000000000e+00
0.000000000000000000e+00
0.000000000000000000e+00
0.000000000000000000e+00
0.000000000000000000e+00
0.000000000000000000e+00
0.000000000000000000e+00
0.000000000000000000e+00
0.000000000000000000e+00
0.000000000000000000e+00
0.000000000000000000e+00
0.000000000000000000e+00
0.000000000000000000e+00
0.000000000000000000e+00
0.000000000000000000e+00
0.000000000000000000e+00
0.000000000000000000e+00
0.000000000000000000e+00
0.000000000000000000e+00
0.000000000000000000e+00
0.000000000000000000e+00
0.000000000000000000e+00
0.000000000000000000e+00
0.000000000000000000e+00
0.000000000000000000e+00
0.000000000000000000e+00
0.000000000000000000e+00
0.000000000000000000e+00
0.000000000000000000e+00
0.000000000000000000e+00
0.000000000000000000e+00
0.000000000000000000e+00
0.000000000000000000e+00
0.000000000000000000e+00
0.000000000000000000e+00
0.000000000000000000e+00
0.000000000000000000e+00
0.000000000000000000e+00
0.000000000000000000e+00
0.000000000000000000e+00
0.000000000000000000e+00
0.000000000000000000e+00
0.000000000000000000e+00
0.000000000000000000e+00
0.000000000000000000e+00
0.000000000000000000e+00
0.000000000000000000e+00
0.000000000000000000e+00
0.000000000000000000e+00
0.000000000000000000e+00
0.000000000000000000e+00
0.000000000000000000e+00
0.000000000000000000e+00
0.000000000000000000e+00
0.000000000000000000e+00
0.000000000000000000e+00
0.000000000000000000e+00
0.000000000000000000e+00
0.000000000000000000e+00
0.000000000000000000e+00
0.000000000000000000e+00
0.000000000000000000e+00
0.000000000000000000e+00
0.000000000000000000e+00
0.000000000000000000e+00
0.000000000000000000e+00
0.000000000000000000e+00
0.000000000000000000e+00
0.000000000000000000e+00
0.000000000000000000e+00
0.000000000000000000e+00
