-1.183587136399999054e+03
-1.208059450190918369e+03
-1.302298665499234630e+03
-1.333679730279993464e+03
-1.369820844323179699e+03
-1.408735112065264730e+03
-1.435759881761922315e+03
-1.474188700362194595e+03
-1.498661014153134374e+03
-1.592900229461403342e+03
-1.624281294242133981e+03
-1.660422408285350912e+03
-1.699336676027402291e+03
-1.726361445724152873e+03
-1.764790264324389909e+03
-1.789262578115351516e+03
-1.883501793423647541e+03
-1.914882858204376817e+03
-1.951023972247522352e+03
-1.989938239989620797e+03
-2.016963009686259056e+03
-2.055391828286542477e+03
-2.079864142077466113e+03
-2.174103357385891741e+03
-2.205484422166581680e+03
-2.241625536209688107e+03
-2.280539803951839076e+03
-2.307564573648495752e+03
-2.345993392248836244e+03
-2.370465706039677116e+03
-2.464704921348101379e+03
-2.496085986128786317e+03
-2.532227100171986422e+03
-2.571141367914041439e+03
-2.598166137610731766e+03
-2.636594956210994496e+03
-2.661067270001893121e+03
-2.755306485310305106e+03
-2.786687550090926834e+03
-2.822828664134076917e+03
-2.861742931876178773e+03
-2.888767701572832266e+03
-2.927196520173184126e+03
-2.951668833964109581e+03
-3.045908049272408334e+03
-3.077289114053189678e+03
-3.113430228096322935e+03
-3.152344495838397506e+03
-3.179369265535068735e+03
-3.217798084135404224e+03
-3.242270397926320129e+03
-3.336509613234652534e+03
-3.367890678015330650e+03
-3.404031792058494375e+03
-3.442946059800609873e+03
-3.469970829497305658e+03
-3.508399648097635691e+03
-3.532871961888537498e+03
-3.627111177196821245e+03
-3.658492241977471167e+03
