2.493370605311863031e+01
2.065924654944128847e+01
1.740289635591341266e+01
2.368105148344010757e+01
2.260565617682649275e+01
2.009929030435903030e+01
-2.691841029764358240e+01
1.291397773857013043e+01
7.808241183146676256e+00
4.172405965914675718e+00
1.052490144947116235e+01
9.965610008831131239e+00
8.391603049326981534e+00
-3.731539674502496950e+01
4.157113678683830749e+00
9.626991344004665052e-01
-5.561805914883066748e-01
8.048140180918302633e+00
9.801850983247895499e+00
1.052772117997168522e+01
-3.296513693272905954e+01
1.056707354243257591e+01
9.215174235521132573e+00
9.266689538872055820e+00
1.912373556523347773e+01
2.177760520760411111e+01
2.302774606591099982e+01
-2.032792305533128285e+01
2.295550240320771707e+01
2.098204492206244964e+01
2.006394531844084383e+01
2.863862670420446932e+01
2.974203969751411591e+01
2.922612737496594804e+01
-1.605259476969337129e+01
2.521357143257920441e+01
2.119362727525878043e+01
1.826492141460471075e+01
2.492807686561713609e+01
2.427838092042945561e+01
2.222143581970190240e+01
-2.433988008861944508e+01
1.593982257101837163e+01
1.125747286818205417e+01
8.007806629435272328e+00
1.469785201809823860e+01
1.441822446752006393e+01
1.305902877110572469e+01
-3.250259260193241317e+01
9.043677435388543628e+00
5.851545746769644119e+00
4.265808105458945398e+00
1.273846625154688716e+01
1.430180174493252210e+01
1.478614826038777963e+01
-2.899065718838851069e+01
1.422473907581945696e+01
1.253321437192558996e+01
1.223252095050971100e+01
2.173486506537219043e+01
