8.176624056359003134e+00
8.604430890595688552e+00
7.713910279913191559e+00
2.802866207010588084e-01
-4.330681276557013959e+00
5.010633752906672456e+00
7.601438996869214648e+00
5.857668083983744722e+00
6.389075130264441071e+00
5.657661487096185660e+00
-1.568320915389069370e+00
-5.931685484144747278e+00
3.687305022047220326e+00
6.574974461447848029e+00
5.135736242818941477e+00
5.967566079038959970e+00
5.520817932212581880e+00
-1.447384508931323310e+00
-5.590088340215263685e+00
4.203455874215483945e+00
7.212146637499107449e+00
5.834806526507836821e+00
6.665874041268285310e+00
6.154378678630097355e+00
-9.415737202936842465e-01
-5.271716304487489069e+00
4.280301113008478708e+00
7.001149970945113488e+00
5.299416255468312187e+00
5.781048026619029834e+00
4.908029851837167001e+00
-2.547480859585199653e+00
-7.220457204406015350e+00
2.020503071461843270e+00
4.476981985871621106e+00
2.571896065851175806e+00
2.924512490020034328e+00
2.008711407849349762e+00
-5.393258915298860146e+00
-9.908424829296695435e+00
-3.998692149197697887e-01
2.436845219774045113e+00
1.024669902979859160e+00
1.979997769874410452e+00
1.770911978246647145e+00
-4.828996240623076197e+00
-8.458132206531619346e+00
2.006530862452403419e+00
5.853306693679115824e+00
5.487128921675405557e+00
7.504869962747189760e+00
8.354023968795868171e+00
2.786990728133720729e+00
1.440571203354386043e-01
1.152731955362457406e+01
1.620502776230487996e+01
1.656338948013511470e+01
1.918233182646886092e+01
2.049458638695926282e+01
1.524032473762829021e+01
