6.961563975593799114e+01
6.988488728336075440e+01
7.017304669905760761e+01
7.043211731329833469e+01
7.074814015890731866e+01
7.103503670126114855e+01
7.125387094401783372e+01
7.135203948864790391e+01
7.162128701607082348e+01
7.190944643176756301e+01
7.216851704600827588e+01
7.248453989161740196e+01
7.277143643397117501e+01
7.299027067672773228e+01
7.308843922135791615e+01
7.335768674878075046e+01
7.364584616447776000e+01
7.390491677871827392e+01
7.422093962432751368e+01
7.450783616668120146e+01
7.472667040943765926e+01
7.482483895406812735e+01
7.509408648149074850e+01
7.538224589718770119e+01
7.564131651142835722e+01
7.595733935703758277e+01
7.624423589939118528e+01
7.646307014214760045e+01
7.656123868677811117e+01
7.683048621420078916e+01
7.711864562989777028e+01
7.737771624413825577e+01
7.769373908974726817e+01
7.798063563210112648e+01
7.819946987485749901e+01
7.829763841948805236e+01
7.856688594691078720e+01
7.885504536260772568e+01
7.911411597684841013e+01
7.943013882245735147e+01
7.971703536481120977e+01
7.993586960756744020e+01
8.003403815219807882e+01
8.030328567962092734e+01
8.059144509531775213e+01
8.085051570955850764e+01
8.116653855516742055e+01
8.145343509752119360e+01
8.167226934027786456e+01
8.177043788490827581e+01
8.203968541233086853e+01
8.232784482802769332e+01
8.258691544226837777e+01
8.290293828787721964e+01
8.318983483023122005e+01
8.340866907298774890e+01
8.350683761761816015e+01
8.377608514504099446e+01
8.406424456073774820e+01
8.432331517497844686e+01
