0.000000000000000000e+00
0.000000000000000000e+00
0.000000000000000000e+00
0.000000000000000000e+00
0.000000000000000000e+00
0.000000000000000000e+00
0.000000000000000000e+00
0.000000000000000000e+00
0.000000000000000000e+00
0.000000000000000000e+00
0.000000000000000000e+00
0.000000000000000000e+00
0.000000000000000000e+00
0.000000000000000000e+00
0.000000000000000000e+00
0.000000000000000000e+00
0.000000000000000000e+00
0.000000000000000000e+00
0.000000000000000000e+00
0.000000000000000000e+00
0.000000000000000000e+00
0.000000000000000000e+00
0.000000000000000000e+00
0.000000000000000000e+00
0.000000000000000000e+00
0.000000000000000000e+00
0.000000000000000000e+00
0.000000000000000000e+00
0.000000000000000000e+00
0.000000000000000000e+00
0.000000000000000000e+00
0.000000000000000000e+00
0.000000000000000000e+00
0.000000000000000000e+00
0.000000000000000000e+00
0.000000000000000000e+00
0.000000000000000000e+00
0.000000000000000000e+00
0.000000000000000000e+00
0.000000000000000000e+00
0.000000000000000000e+00
0.000000000000000000e+00
0.000000000000000000e+00
0.000000000000000000e+00
0.000000000000000000e+00
0.000000000000000000e+00
0.000000000000000000e+00
0.000000000000000000e+00
0.000000000000000000e+00
0.000000000000000000e+00
0.000000000000000000e+00
0.000000000000000000e+00
0.000000000000000000e+00
0.000000000000000000e+00
0.000000000000000000e+00
0.000000000000000000e+00
0.000000000000000000e+00
0.000000000000000000e+00
0.000000000000000000e+00
0.000000000000000000e+00
0.000000000000000000e+00
0.000000000000000000e+00
0.000000000000000000e+00
0.000000000000000000e+00
0.000000000000000000e+00
0.000000000000000000e+00
0.000000000000000000e+00
0.000000000000000000e+00
0.000000000000000000e+00
0.000000000000000000e+00
0.000000000000000000e+00
0.000000000000000000e+00
0.000000000000000000e+00
3.000000000000000000e+00
3.000000000000000000e+00
3.000000000000000000e+00
3.000000000000000000e+00
3.000000000000000000e+00
3.000000000000000000e+00
3.000000000000000000e+00
3.000000000000000000e+00
3.000000000000000000e+00
4.000000000000000000e+00
4.000000000000000000e+00
4.000000000000000000e+00
4.000000000000000000e+00
7.000000000000000000e+00
7.000000000000000000e+00
7.000000000000000000e+00
7.000000000000000000e+00
7.000000000000000000e+00
2.000000000000000000e+01
2.000000000000000000e+01
2.500000000000000000e+01
2.500000000000000000e+01
2.500000000000000000e+01
2.500000000000000000e+01
4.500000000000000000e+01
4.500000000000000000e+01
4.500000000000000000e+01
4.500000000000000000e+01
4.800000000000000000e+01
5.800000000000000000e+01
5.800000000000000000e+01
5.800000000000000000e+01
7.500000000000000000e+01
7.900000000000000000e+01
7.900000000000000000e+01
7.900000000000000000e+01
7.900000000000000000e+01
8.500000000000000000e+01
8.500000000000000000e+01
1.010000000000000000e+02
1.050000000000000000e+02
1.080000000000000000e+02
1.160000000000000000e+02
1.200000000000000000e+02
1.230000000000000000e+02
1.250000000000000000e+02
1.280000000000000000e+02
1.310000000000000000e+02
1.360000000000000000e+02
1.360000000000000000e+02
1.390000000000000000e+02
1.410000000000000000e+02
1.440000000000000000e+02
1.440000000000000000e+02
1.440000000000000000e+02
1.460000000000000000e+02
1.480000000000000000e+02
1.570000000000000000e+02
1.590000000000000000e+02
1.670000000000000000e+02
1.690000000000000000e+02
1.750000000000000000e+02
1.760000000000000000e+02
1.850000000000000000e+02
1.940000000000000000e+02
1.950000000000000000e+02
1.990000000000000000e+02
2.000000000000000000e+02
2.060000000000000000e+02
2.100000000000000000e+02
2.140000000000000000e+02
2.190000000000000000e+02
2.210000000000000000e+02
2.220000000000000000e+02
2.400000000000000000e+02
2.500000000000000000e+02
2.500000000000000000e+02
2.540000000000000000e+02
2.540000000000000000e+02
2.600000000000000000e+02
2.700000000000000000e+02
2.700000000000000000e+02
2.780000000000000000e+02
2.850000000000000000e+02
2.910000000000000000e+02
2.980000000000000000e+02
3.120000000000000000e+02
3.240000000000000000e+02
3.350000000000000000e+02
3.380000000000000000e+02
3.460000000000000000e+02
3.690000000000000000e+02
3.770000000000000000e+02
3.770000000000000000e+02
3.940000000000000000e+02
3.950000000000000000e+02
3.980000000000000000e+02
4.000000000000000000e+02
4.200000000000000000e+02
4.230000000000000000e+02
4.390000000000000000e+02
4.390000000000000000e+02
4.470000000000000000e+02
4.860000000000000000e+02
4.960000000000000000e+02
5.190000000000000000e+02
5.340000000000000000e+02
5.470000000000000000e+02
5.750000000000000000e+02
5.920000000000000000e+02
6.130000000000000000e+02
6.210000000000000000e+02
6.310000000000000000e+02
6.410000000000000000e+02
6.460000000000000000e+02
6.460000000000000000e+02
6.640000000000000000e+02
6.670000000000000000e+02
6.700000000000000000e+02
6.730000000000000000e+02
6.730000000000000000e+02
6.960000000000000000e+02
6.980000000000000000e+02
6.990000000000000000e+02
7.050000000000000000e+02
7.050000000000000000e+02
7.140000000000000000e+02
7.230000000000000000e+02
7.250000000000000000e+02
7.360000000000000000e+02
7.380000000000000000e+02
7.380000000000000000e+02
7.380000000000000000e+02
7.880000000000000000e+02
7.880000000000000000e+02
8.030000000000000000e+02
8.030000000000000000e+02
8.030000000000000000e+02
8.030000000000000000e+02
8.030000000000000000e+02
8.160000000000000000e+02
8.160000000000000000e+02
8.190000000000000000e+02
8.210000000000000000e+02
8.320000000000000000e+02
8.320000000000000000e+02
8.320000000000000000e+02
8.720000000000000000e+02
8.720000000000000000e+02
8.720000000000000000e+02
1.158000000000000000e+03
1.162000000000000000e+03
1.163000000000000000e+03
1.163000000000000000e+03
1.163000000000000000e+03
1.182000000000000000e+03
1.190000000000000000e+03
1.194000000000000000e+03
1.194000000000000000e+03
1.194000000000000000e+03
1.199000000000000000e+03
1.210000000000000000e+03
1.210000000000000000e+03
1.213000000000000000e+03
1.214000000000000000e+03
1.214000000000000000e+03
1.214000000000000000e+03
1.214000000000000000e+03
1.216000000000000000e+03
1.216000000000000000e+03
1.218000000000000000e+03
1.218000000000000000e+03
1.219000000000000000e+03
1.221000000000000000e+03
1.221000000000000000e+03
1.221000000000000000e+03
1.221000000000000000e+03
1.221000000000000000e+03
1.221000000000000000e+03
1.221000000000000000e+03
1.221000000000000000e+03
1.221000000000000000e+03
1.221000000000000000e+03
1.236000000000000000e+03
1.236000000000000000e+03
1.240000000000000000e+03
1.245000000000000000e+03
1.245000000000000000e+03
1.245000000000000000e+03
1.245000000000000000e+03
1.245000000000000000e+03
1.250000000000000000e+03
1.251000000000000000e+03
1.254000000000000000e+03
1.254000000000000000e+03
1.264000000000000000e+03
1.268000000000000000e+03
1.268000000000000000e+03
1.271000000000000000e+03
1.273000000000000000e+03
1.276000000000000000e+03
1.278000000000000000e+03
1.278000000000000000e+03
1.278000000000000000e+03
1.278000000000000000e+03
1.278000000000000000e+03
1.278000000000000000e+03
1.278000000000000000e+03
1.279000000000000000e+03
1.279000000000000000e+03
1.279000000000000000e+03
1.279000000000000000e+03
1.283000000000000000e+03
1.294000000000000000e+03
1.301000000000000000e+03
1.305000000000000000e+03
1.310000000000000000e+03
1.310000000000000000e+03
1.310000000000000000e+03
1.310000000000000000e+03
1.310000000000000000e+03
1.311000000000000000e+03
1.312000000000000000e+03
1.314000000000000000e+03
1.314000000000000000e+03
1.314000000000000000e+03
1.318000000000000000e+03
1.318000000000000000e+03
1.328000000000000000e+03
1.331000000000000000e+03
1.331000000000000000e+03
1.331000000000000000e+03
1.331000000000000000e+03
1.331000000000000000e+03
1.331000000000000000e+03
1.340000000000000000e+03
1.340000000000000000e+03
1.343000000000000000e+03
1.343000000000000000e+03
1.343000000000000000e+03
1.343000000000000000e+03
1.343000000000000000e+03
1.343000000000000000e+03
1.358000000000000000e+03
1.358000000000000000e+03
1.358000000000000000e+03
1.358000000000000000e+03
1.358000000000000000e+03
1.358000000000000000e+03
1.358000000000000000e+03
1.358000000000000000e+03
1.358000000000000000e+03
1.358000000000000000e+03
1.358000000000000000e+03
1.358000000000000000e+03
1.358000000000000000e+03
1.406000000000000000e+03
1.406000000000000000e+03
1.406000000000000000e+03
1.406000000000000000e+03
1.406000000000000000e+03
1.406000000000000000e+03
1.406000000000000000e+03
1.406000000000000000e+03
1.406000000000000000e+03
1.406000000000000000e+03
1.406000000000000000e+03
1.406000000000000000e+03
1.406000000000000000e+03
1.406000000000000000e+03
1.406000000000000000e+03
1.406000000000000000e+03
1.406000000000000000e+03
1.406000000000000000e+03
1.406000000000000000e+03
1.406000000000000000e+03
1.406000000000000000e+03
1.406000000000000000e+03
1.406000000000000000e+03
1.406000000000000000e+03
1.406000000000000000e+03
1.406000000000000000e+03
1.406000000000000000e+03
1.697000000000000000e+03
1.697000000000000000e+03
1.701000000000000000e+03
1.701000000000000000e+03
1.701000000000000000e+03
1.701000000000000000e+03
1.707000000000000000e+03
1.707000000000000000e+03
1.714000000000000000e+03
1.714000000000000000e+03
1.714000000000000000e+03
1.714000000000000000e+03
1.714000000000000000e+03
1.726000000000000000e+03
1.733000000000000000e+03
1.757000000000000000e+03
1.757000000000000000e+03
1.757000000000000000e+03
1.760000000000000000e+03
1.760000000000000000e+03
1.760000000000000000e+03
1.760000000000000000e+03
1.766000000000000000e+03
1.766000000000000000e+03
1.770000000000000000e+03
1.770000000000000000e+03
1.770000000000000000e+03
1.770000000000000000e+03
1.770000000000000000e+03
1.770000000000000000e+03
1.770000000000000000e+03
1.770000000000000000e+03
1.770000000000000000e+03
1.770000000000000000e+03
1.770000000000000000e+03
1.794000000000000000e+03
1.794000000000000000e+03
1.794000000000000000e+03
1.856000000000000000e+03
1.856000000000000000e+03
1.856000000000000000e+03
1.856000000000000000e+03
1.879000000000000000e+03
1.883000000000000000e+03
1.884000000000000000e+03
1.884000000000000000e+03
1.884000000000000000e+03
1.884000000000000000e+03
1.884000000000000000e+03
1.884000000000000000e+03
1.884000000000000000e+03
1.884000000000000000e+03
1.884000000000000000e+03
1.892000000000000000e+03
1.892000000000000000e+03
1.892000000000000000e+03
1.898000000000000000e+03
1.898000000000000000e+03
1.898000000000000000e+03
1.899000000000000000e+03
1.899000000000000000e+03
1.899000000000000000e+03
1.899000000000000000e+03
1.899000000000000000e+03
1.899000000000000000e+03
1.899000000000000000e+03
1.899000000000000000e+03
1.899000000000000000e+03
1.899000000000000000e+03
1.899000000000000000e+03
1.899000000000000000e+03
1.899000000000000000e+03
1.899000000000000000e+03
1.899000000000000000e+03
1.899000000000000000e+03
1.899000000000000000e+03
1.899000000000000000e+03
1.899000000000000000e+03
1.899000000000000000e+03
1.899000000000000000e+03
1.899000000000000000e+03
1.899000000000000000e+03
1.899000000000000000e+03
1.899000000000000000e+03
1.899000000000000000e+03
1.899000000000000000e+03
1.899000000000000000e+03
1.899000000000000000e+03
1.899000000000000000e+03
1.899000000000000000e+03
1.899000000000000000e+03
1.899000000000000000e+03
1.899000000000000000e+03
1.899000000000000000e+03
1.899000000000000000e+03
1.899000000000000000e+03
1.899000000000000000e+03
1.899000000000000000e+03
1.899000000000000000e+03
1.936000000000000000e+03
1.936000000000000000e+03
1.940000000000000000e+03
1.940000000000000000e+03
1.940000000000000000e+03
1.942000000000000000e+03
1.942000000000000000e+03
1.949000000000000000e+03
1.949000000000000000e+03
1.949000000000000000e+03
1.949000000000000000e+03
1.949000000000000000e+03
1.952000000000000000e+03
1.952000000000000000e+03
1.959000000000000000e+03
1.959000000000000000e+03
1.962000000000000000e+03
1.962000000000000000e+03
1.962000000000000000e+03
1.962000000000000000e+03
1.962000000000000000e+03
1.962000000000000000e+03
1.962000000000000000e+03
1.962000000000000000e+03
1.962000000000000000e+03
1.962000000000000000e+03
1.962000000000000000e+03
2.016000000000000000e+03
2.022000000000000000e+03
2.022000000000000000e+03
2.022000000000000000e+03
2.022000000000000000e+03
2.022000000000000000e+03
2.028000000000000000e+03
2.028000000000000000e+03
2.033000000000000000e+03
2.033000000000000000e+03
2.033000000000000000e+03
2.033000000000000000e+03
2.033000000000000000e+03
2.040000000000000000e+03
2.043000000000000000e+03
2.044000000000000000e+03
2.044000000000000000e+03
2.049000000000000000e+03
2.049000000000000000e+03
2.049000000000000000e+03
2.055000000000000000e+03
2.055000000000000000e+03
2.057000000000000000e+03
2.057000000000000000e+03
2.065000000000000000e+03
2.065000000000000000e+03
2.094000000000000000e+03
2.099000000000000000e+03
2.099000000000000000e+03
2.105000000000000000e+03
2.105000000000000000e+03
2.105000000000000000e+03
2.105000000000000000e+03
2.105000000000000000e+03
2.169000000000000000e+03
2.169000000000000000e+03
2.222000000000000000e+03
2.222000000000000000e+03
2.222000000000000000e+03
2.274000000000000000e+03
2.274000000000000000e+03
2.274000000000000000e+03
2.315000000000000000e+03
2.346000000000000000e+03
2.392000000000000000e+03
2.411000000000000000e+03
2.411000000000000000e+03
2.411000000000000000e+03
2.464000000000000000e+03
2.464000000000000000e+03
2.516000000000000000e+03
2.516000000000000000e+03
2.565000000000000000e+03
2.588000000000000000e+03
2.588000000000000000e+03
2.606000000000000000e+03
2.606000000000000000e+03
2.622000000000000000e+03
2.652000000000000000e+03
2.652000000000000000e+03
2.705000000000000000e+03
2.715000000000000000e+03
2.715000000000000000e+03
2.715000000000000000e+03
2.715000000000000000e+03
2.715000000000000000e+03
2.715000000000000000e+03
2.715000000000000000e+03
2.715000000000000000e+03
2.715000000000000000e+03
2.715000000000000000e+03
2.715000000000000000e+03
2.715000000000000000e+03
2.715000000000000000e+03
2.715000000000000000e+03
2.715000000000000000e+03
2.715000000000000000e+03
2.715000000000000000e+03
2.715000000000000000e+03
0.000000000000000000e+00
0.000000000000000000e+00
0.000000000000000000e+00
0.000000000000000000e+00
0.000000000000000000e+00
0.000000000000000000e+00
0.000000000000000000e+00
0.000000000000000000e+00
0.000000000000000000e+00
0.000000000000000000e+00
0.000000000000000000e+00
0.000000000000000000e+00
0.000000000000000000e+00
0.000000000000000000e+00
0.000000000000000000e+00
0.000000000000000000e+00
0.000000000000000000e+00
0.000000000000000000e+00
0.000000000000000000e+00
0.000000000000000000e+00
0.000000000000000000e+00
0.000000000000000000e+00
0.000000000000000000e+00
0.000000000000000000e+00
0.000000000000000000e+00
0.000000000000000000e+00
0.000000000000000000e+00
0.000000000000000000e+00
0.000000000000000000e+00
0.000000000000000000e+00
0.000000000000000000e+00
0.000000000000000000e+00
0.000000000000000000e+00
0.000000000000000000e+00
0.000000000000000000e+00
0.000000000000000000e+00
0.000000000000000000e+00
0.000000000000000000e+00
0.000000000000000000e+00
0.000000000000000000e+00
0.000000000000000000e+00
0.000000000000000000e+00
0.000000000000000000e+00
0.000000000000000000e+00
0.000000000000000000e+00
0.000000000000000000e+00
0.000000000000000000e+00
0.000000000000000000e+00
0.000000000000000000e+00
0.000000000000000000e+00
0.000000000000000000e+00
0.000000000000000000e+00
0.000000000000000000e+00
0.000000000000000000e+00
0.000000000000000000e+00
0.000000000000000000e+00
0.000000000000000000e+00
0.000000000000000000e+00
0.000000000000000000e+00
0.000000000000000000e+00
0.000000000000000000e+00
0.000000000000000000e+00
0.000000000000000000e+00
0.000000000000000000e+00
0.000000000000000000e+00
0.000000000000000000e+00
0.000000000000000000e+00
0.000000000000000000e+00
0.000000000000000000e+00
0.000000000000000000e+00
0.000000000000000000e+00
0.000000000000000000e+00
0.000000000000000000e+00
0.000000000000000000e+00
0.000000000000000000e+00
0.000000000000000000e+00
0.000000000000000000e+00
0.000000000000000000e+00
0.000000000000000000e+00
0.000000000000000000e+00
0.000000000000000000e+00
0.000000000000000000e+00
0.000000000000000000e+00
0.000000000000000000e+00
0.000000000000000000e+00
0.000000000000000000e+00
0.000000000000000000e+00
0.000000000000000000e+00
0.000000000000000000e+00
0.000000000000000000e+00
0.000000000000000000e+00
0.000000000000000000e+00
0.000000000000000000e+00
0.000000000000000000e+00
0.000000000000000000e+00
0.000000000000000000e+00
0.000000000000000000e+00
0.000000000000000000e+00
0.000000000000000000e+00
0.000000000000000000e+00
0.000000000000000000e+00
0.000000000000000000e+00
0.000000000000000000e+00
0.000000000000000000e+00
0.000000000000000000e+00
0.000000000000000000e+00
0.000000000000000000e+00
0.000000000000000000e+00
0.000000000000000000e+00
0.000000000000000000e+00
0.000000000000000000e+00
0.000000000000000000e+00
0.000000000000000000e+00
0.000000000000000000e+00
0.000000000000000000e+00
0.000000000000000000e+00
0.000000000000000000e+00
0.000000000000000000e+00
0.000000000000000000e+00
0.000000000000000000e+00
0.000000000000000000e+00
0.000000000000000000e+00
0.000000000000000000e+00
0.000000000000000000e+00
0.000000000000000000e+00
0.000000000000000000e+00
0.000000000000000000e+00
0.000000000000000000e+00
0.000000000000000000e+00
0.000000000000000000e+00
0.000000000000000000e+00
0.000000000000000000e+00
0.000000000000000000e+00
0.000000000000000000e+00
0.000000000000000000e+00
0.000000000000000000e+00
0.000000000000000000e+00
0.000000000000000000e+00
0.000000000000000000e+00
0.000000000000000000e+00
0.000000000000000000e+00
0.000000000000000000e+00
0.000000000000000000e+00
0.000000000000000000e+00
0.000000000000000000e+00
0.000000000000000000e+00
0.000000000000000000e+00
0.000000000000000000e+00
0.000000000000000000e+00
0.000000000000000000e+00
0.000000000000000000e+00
0.000000000000000000e+00
0.000000000000000000e+00
0.000000000000000000e+00
0.000000000000000000e+00
0.000000000000000000e+00
0.000000000000000000e+00
0.000000000000000000e+00
0.000000000000000000e+00
0.000000000000000000e+00
0.000000000000000000e+00
0.000000000000000000e+00
0.000000000000000000e+00
0.000000000000000000e+00
0.000000000000000000e+00
0.000000000000000000e+00
0.000000000000000000e+00
0.000000000000000000e+00
0.000000000000000000e+00
0.000000000000000000e+00
0.000000000000000000e+00
0.000000000000000000e+00
0.000000000000000000e+00
0.000000000000000000e+00
0.000000000000000000e+00
0.000000000000000000e+00
0.000000000000000000e+00
0.000000000000000000e+00
0.000000000000000000e+00
0.000000000000000000e+00
0.000000000000000000e+00
0.000000000000000000e+00
0.000000000000000000e+00
0.000000000000000000e+00
0.000000000000000000e+00
0.000000000000000000e+00
0.000000000000000000e+00
0.000000000000000000e+00
0.000000000000000000e+00
0.000000000000000000e+00
0.000000000000000000e+00
0.000000000000000000e+00
0.000000000000000000e+00
0.000000000000000000e+00
0.000000000000000000e+00
0.000000000000000000e+00
0.000000000000000000e+00
0.000000000000000000e+00
0.000000000000000000e+00
0.000000000000000000e+00
0.000000000000000000e+00
0.000000000000000000e+00
0.000000000000000000e+00
0.000000000000000000e+00
0.000000000000000000e+00
0.000000000000000000e+00
0.000000000000000000e+00
0.000000000000000000e+00
0.000000000000000000e+00
0.000000000000000000e+00
0.000000000000000000e+00
0.000000000000000000e+00
0.000000000000000000e+00
0.000000000000000000e+00
0.000000000000000000e+00
0.000000000000000000e+00
0.000000000000000000e+00
0.000000000000000000e+00
0.000000000000000000e+00
0.000000000000000000e+00
0.000000000000000000e+00
0.000000000000000000e+00
0.000000000000000000e+00
0.000000000000000000e+00
0.000000000000000000e+00
0.000000000000000000e+00
0.000000000000000000e+00
0.000000000000000000e+00
0.000000000000000000e+00
0.000000000000000000e+00
0.000000000000000000e+00
0.000000000000000000e+00
0.000000000000000000e+00
0.000000000000000000e+00
0.000000000000000000e+00
0.000000000000000000e+00
0.000000000000000000e+00
0.000000000000000000e+00
0.000000000000000000e+00
0.000000000000000000e+00
0.000000000000000000e+00
0.000000000000000000e+00
0.000000000000000000e+00
0.000000000000000000e+00
0.000000000000000000e+00
0.000000000000000000e+00
0.000000000000000000e+00
0.000000000000000000e+00
0.000000000000000000e+00
0.000000000000000000e+00
0.000000000000000000e+00
0.000000000000000000e+00
0.000000000000000000e+00
0.000000000000000000e+00
0.000000000000000000e+00
0.000000000000000000e+00
0.000000000000000000e+00
0.000000000000000000e+00
0.000000000000000000e+00
0.000000000000000000e+00
0.000000000000000000e+00
0.000000000000000000e+00
0.000000000000000000e+00
0.000000000000000000e+00
0.000000000000000000e+00
0.000000000000000000e+00
0.000000000000000000e+00
0.000000000000000000e+00
0.000000000000000000e+00
0.000000000000000000e+00
0.000000000000000000e+00
0.000000000000000000e+00
0.000000000000000000e+00
0.000000000000000000e+00
