0.000000000000000000e+00
0.000000000000000000e+00
0.000000000000000000e+00
0.000000000000000000e+00
0.000000000000000000e+00
0.000000000000000000e+00
0.000000000000000000e+00
0.000000000000000000e+00
0.000000000000000000e+00
0.000000000000000000e+00
0.000000000000000000e+00
0.000000000000000000e+00
0.000000000000000000e+00
0.000000000000000000e+00
0.000000000000000000e+00
0.000000000000000000e+00
0.000000000000000000e+00
0.000000000000000000e+00
0.000000000000000000e+00
0.000000000000000000e+00
0.000000000000000000e+00
0.000000000000000000e+00
0.000000000000000000e+00
0.000000000000000000e+00
0.000000000000000000e+00
0.000000000000000000e+00
0.000000000000000000e+00
0.000000000000000000e+00
0.000000000000000000e+00
0.000000000000000000e+00
0.000000000000000000e+00
0.000000000000000000e+00
0.000000000000000000e+00
0.000000000000000000e+00
0.000000000000000000e+00
0.000000000000000000e+00
0.000000000000000000e+00
0.000000000000000000e+00
0.000000000000000000e+00
0.000000000000000000e+00
0.000000000000000000e+00
0.000000000000000000e+00
0.000000000000000000e+00
0.000000000000000000e+00
0.000000000000000000e+00
0.000000000000000000e+00
0.000000000000000000e+00
0.000000000000000000e+00
0.000000000000000000e+00
0.000000000000000000e+00
0.000000000000000000e+00
0.000000000000000000e+00
1.000000000000000000e+00
2.000000000000000000e+00
3.000000000000000000e+00
4.000000000000000000e+00
4.000000000000000000e+00
6.000000000000000000e+00
9.000000000000000000e+00
1.300000000000000000e+01
1.300000000000000000e+01
2.400000000000000000e+01
3.200000000000000000e+01
3.400000000000000000e+01
4.100000000000000000e+01
5.200000000000000000e+01
6.500000000000000000e+01
7.200000000000000000e+01
7.700000000000000000e+01
9.000000000000000000e+01
1.040000000000000000e+02
1.230000000000000000e+02
1.390000000000000000e+02
1.610000000000000000e+02
1.790000000000000000e+02
1.870000000000000000e+02
2.030000000000000000e+02
2.180000000000000000e+02
2.370000000000000000e+02
2.470000000000000000e+02
2.600000000000000000e+02
2.730000000000000000e+02
2.850000000000000000e+02
2.990000000000000000e+02
3.090000000000000000e+02
3.210000000000000000e+02
3.360000000000000000e+02
3.460000000000000000e+02
3.550000000000000000e+02
3.640000000000000000e+02
3.700000000000000000e+02
3.840000000000000000e+02
3.940000000000000000e+02
4.030000000000000000e+02
4.180000000000000000e+02
4.220000000000000000e+02
4.270000000000000000e+02
4.340000000000000000e+02
4.430000000000000000e+02
4.520000000000000000e+02
4.600000000000000000e+02
4.750000000000000000e+02
4.840000000000000000e+02
4.930000000000000000e+02
5.030000000000000000e+02
5.060000000000000000e+02
5.140000000000000000e+02
5.220000000000000000e+02
5.260000000000000000e+02
5.290000000000000000e+02
5.330000000000000000e+02
5.270000000000000000e+02
5.330000000000000000e+02
5.370000000000000000e+02
5.370000000000000000e+02
5.430000000000000000e+02
5.470000000000000000e+02
5.480000000000000000e+02
5.510000000000000000e+02
5.540000000000000000e+02
5.610000000000000000e+02
5.610000000000000000e+02
5.610000000000000000e+02
5.620000000000000000e+02
5.630000000000000000e+02
5.630000000000000000e+02
5.650000000000000000e+02
5.680000000000000000e+02
5.680000000000000000e+02
5.710000000000000000e+02
5.740000000000000000e+02
5.760000000000000000e+02
5.800000000000000000e+02
5.800000000000000000e+02
5.820000000000000000e+02
5.860000000000000000e+02
5.870000000000000000e+02
5.890000000000000000e+02
5.930000000000000000e+02
5.930000000000000000e+02
5.930000000000000000e+02
5.930000000000000000e+02
5.940000000000000000e+02
5.970000000000000000e+02
5.970000000000000000e+02
5.980000000000000000e+02
5.980000000000000000e+02
5.980000000000000000e+02
6.000000000000000000e+02
6.000000000000000000e+02
6.000000000000000000e+02
6.000000000000000000e+02
6.020000000000000000e+02
6.030000000000000000e+02
6.030000000000000000e+02
6.030000000000000000e+02
6.040000000000000000e+02
6.040000000000000000e+02
6.040000000000000000e+02
6.050000000000000000e+02
6.050000000000000000e+02
6.060000000000000000e+02
6.060000000000000000e+02
6.060000000000000000e+02
6.060000000000000000e+02
6.060000000000000000e+02
6.070000000000000000e+02
6.090000000000000000e+02
6.090000000000000000e+02
6.090000000000000000e+02
6.090000000000000000e+02
6.090000000000000000e+02
6.090000000000000000e+02
6.100000000000000000e+02
6.100000000000000000e+02
6.100000000000000000e+02
6.100000000000000000e+02
6.110000000000000000e+02
6.110000000000000000e+02
6.110000000000000000e+02
6.110000000000000000e+02
6.110000000000000000e+02
6.110000000000000000e+02
6.120000000000000000e+02
6.130000000000000000e+02
6.130000000000000000e+02
6.130000000000000000e+02
6.130000000000000000e+02
6.130000000000000000e+02
6.140000000000000000e+02
6.150000000000000000e+02
6.150000000000000000e+02
6.150000000000000000e+02
6.150000000000000000e+02
6.160000000000000000e+02
6.160000000000000000e+02
6.160000000000000000e+02
6.170000000000000000e+02
6.170000000000000000e+02
6.170000000000000000e+02
6.170000000000000000e+02
6.200000000000000000e+02
6.210000000000000000e+02
6.210000000000000000e+02
6.210000000000000000e+02
6.210000000000000000e+02
6.210000000000000000e+02
6.210000000000000000e+02
6.210000000000000000e+02
6.210000000000000000e+02
6.210000000000000000e+02
6.210000000000000000e+02
6.210000000000000000e+02
6.220000000000000000e+02
6.220000000000000000e+02
6.230000000000000000e+02
6.230000000000000000e+02
6.230000000000000000e+02
6.240000000000000000e+02
6.240000000000000000e+02
6.240000000000000000e+02
6.240000000000000000e+02
6.240000000000000000e+02
6.250000000000000000e+02
6.260000000000000000e+02
6.260000000000000000e+02
6.270000000000000000e+02
6.270000000000000000e+02
6.270000000000000000e+02
6.280000000000000000e+02
6.280000000000000000e+02
6.280000000000000000e+02
6.290000000000000000e+02
6.290000000000000000e+02
6.300000000000000000e+02
6.310000000000000000e+02
6.330000000000000000e+02
6.330000000000000000e+02
6.330000000000000000e+02
6.350000000000000000e+02
6.350000000000000000e+02
6.350000000000000000e+02
6.380000000000000000e+02
6.400000000000000000e+02
6.410000000000000000e+02
6.430000000000000000e+02
6.450000000000000000e+02
6.470000000000000000e+02
6.480000000000000000e+02
6.490000000000000000e+02
6.490000000000000000e+02
6.500000000000000000e+02
6.500000000000000000e+02
6.510000000000000000e+02
6.520000000000000000e+02
6.540000000000000000e+02
6.580000000000000000e+02
6.590000000000000000e+02
6.630000000000000000e+02
6.630000000000000000e+02
6.650000000000000000e+02
6.650000000000000000e+02
6.670000000000000000e+02
6.690000000000000000e+02
6.710000000000000000e+02
6.740000000000000000e+02
6.750000000000000000e+02
6.770000000000000000e+02
6.770000000000000000e+02
6.790000000000000000e+02
6.800000000000000000e+02
6.860000000000000000e+02
6.880000000000000000e+02
6.900000000000000000e+02
6.940000000000000000e+02
6.970000000000000000e+02
7.000000000000000000e+02
7.020000000000000000e+02
7.080000000000000000e+02
7.090000000000000000e+02
7.150000000000000000e+02
7.160000000000000000e+02
7.190000000000000000e+02
7.210000000000000000e+02
7.230000000000000000e+02
7.240000000000000000e+02
7.280000000000000000e+02
7.290000000000000000e+02
7.330000000000000000e+02
7.380000000000000000e+02
7.400000000000000000e+02
7.430000000000000000e+02
7.470000000000000000e+02
7.500000000000000000e+02
7.530000000000000000e+02
7.550000000000000000e+02
7.560000000000000000e+02
7.570000000000000000e+02
7.600000000000000000e+02
7.640000000000000000e+02
7.680000000000000000e+02
7.700000000000000000e+02
7.730000000000000000e+02
7.780000000000000000e+02
7.810000000000000000e+02
7.840000000000000000e+02
7.890000000000000000e+02
7.970000000000000000e+02
8.020000000000000000e+02
8.110000000000000000e+02
8.160000000000000000e+02
8.230000000000000000e+02
8.290000000000000000e+02
8.370000000000000000e+02
8.460000000000000000e+02
8.520000000000000000e+02
8.580000000000000000e+02
8.670000000000000000e+02
8.780000000000000000e+02
8.850000000000000000e+02
8.940000000000000000e+02
9.010000000000000000e+02
9.040000000000000000e+02
9.180000000000000000e+02
9.270000000000000000e+02
9.350000000000000000e+02
9.410000000000000000e+02
9.500000000000000000e+02
9.610000000000000000e+02
9.750000000000000000e+02
9.920000000000000000e+02
1.007000000000000000e+03
1.019000000000000000e+03
1.035000000000000000e+03
1.053000000000000000e+03
1.070000000000000000e+03
1.096000000000000000e+03
1.114000000000000000e+03
1.134000000000000000e+03
1.153000000000000000e+03
1.174000000000000000e+03
1.204000000000000000e+03
1.226000000000000000e+03
1.256000000000000000e+03
1.298000000000000000e+03
1.322000000000000000e+03
1.345000000000000000e+03
1.374000000000000000e+03
1.389000000000000000e+03
1.420000000000000000e+03
1.451000000000000000e+03
1.488000000000000000e+03
1.518000000000000000e+03
1.543000000000000000e+03
1.571000000000000000e+03
1.598000000000000000e+03
1.624000000000000000e+03
1.661000000000000000e+03
1.661000000000000000e+03
1.721000000000000000e+03
1.748000000000000000e+03
1.776000000000000000e+03
1.806000000000000000e+03
1.838000000000000000e+03
1.873000000000000000e+03
1.910000000000000000e+03
1.942000000000000000e+03
1.970000000000000000e+03
1.984000000000000000e+03
2.011000000000000000e+03
2.031000000000000000e+03
2.051000000000000000e+03
2.072000000000000000e+03
2.085000000000000000e+03
2.107000000000000000e+03
2.126000000000000000e+03
2.146000000000000000e+03
2.161000000000000000e+03
2.171000000000000000e+03
2.185000000000000000e+03
2.202000000000000000e+03
2.216000000000000000e+03
2.217000000000000000e+03
2.217000000000000000e+03
2.245000000000000000e+03
2.256000000000000000e+03
2.270000000000000000e+03
2.281000000000000000e+03
2.285000000000000000e+03
2.293000000000000000e+03
2.302000000000000000e+03
2.309000000000000000e+03
2.317000000000000000e+03
2.320000000000000000e+03
2.328000000000000000e+03
2.334000000000000000e+03
2.339000000000000000e+03
2.344000000000000000e+03
2.344000000000000000e+03
2.346000000000000000e+03
2.352000000000000000e+03
2.354000000000000000e+03
2.359000000000000000e+03
2.362000000000000000e+03
2.366000000000000000e+03
2.368000000000000000e+03
2.371000000000000000e+03
2.375000000000000000e+03
2.378000000000000000e+03
2.378000000000000000e+03
2.380000000000000000e+03
2.382000000000000000e+03
2.382000000000000000e+03
2.383000000000000000e+03
2.385000000000000000e+03
2.388000000000000000e+03
2.391000000000000000e+03
2.392000000000000000e+03
2.394000000000000000e+03
2.396000000000000000e+03
2.397000000000000000e+03
2.398000000000000000e+03
2.398000000000000000e+03
2.400000000000000000e+03
2.401000000000000000e+03
2.403000000000000000e+03
2.404000000000000000e+03
2.405000000000000000e+03
2.410000000000000000e+03
2.412000000000000000e+03
2.414000000000000000e+03
2.415000000000000000e+03
2.416000000000000000e+03
2.418000000000000000e+03
2.420000000000000000e+03
2.424000000000000000e+03
2.425000000000000000e+03
2.429000000000000000e+03
2.430000000000000000e+03
2.431000000000000000e+03
2.433000000000000000e+03
2.436000000000000000e+03
2.437000000000000000e+03
2.437000000000000000e+03
2.440000000000000000e+03
2.442000000000000000e+03
2.444000000000000000e+03
2.447000000000000000e+03
2.448000000000000000e+03
2.450000000000000000e+03
2.453000000000000000e+03
2.453000000000000000e+03
2.456000000000000000e+03
2.460000000000000000e+03
2.464000000000000000e+03
2.466000000000000000e+03
2.468000000000000000e+03
2.473000000000000000e+03
2.475000000000000000e+03
2.476000000000000000e+03
2.478000000000000000e+03
2.480000000000000000e+03
2.482000000000000000e+03
2.484000000000000000e+03
2.484000000000000000e+03
2.490000000000000000e+03
2.491000000000000000e+03
2.491000000000000000e+03
2.492000000000000000e+03
2.492000000000000000e+03
2.494000000000000000e+03
2.496000000000000000e+03
2.498000000000000000e+03
2.498000000000000000e+03
2.498000000000000000e+03
2.500000000000000000e+03
2.500000000000000000e+03
2.500000000000000000e+03
2.500000000000000000e+03
2.503000000000000000e+03
2.503000000000000000e+03
2.504000000000000000e+03
2.504000000000000000e+03
2.506000000000000000e+03
2.507000000000000000e+03
2.507000000000000000e+03
2.508000000000000000e+03
2.509000000000000000e+03
2.510000000000000000e+03
2.511000000000000000e+03
2.512000000000000000e+03
2.512000000000000000e+03
2.513000000000000000e+03
2.517000000000000000e+03
2.517000000000000000e+03
2.517000000000000000e+03
2.517000000000000000e+03
2.517000000000000000e+03
2.518000000000000000e+03
2.518000000000000000e+03
2.519000000000000000e+03
2.519000000000000000e+03
2.521000000000000000e+03
2.521000000000000000e+03
2.521000000000000000e+03
2.523000000000000000e+03
2.524000000000000000e+03
2.526000000000000000e+03
2.526000000000000000e+03
2.527000000000000000e+03
2.528000000000000000e+03
2.528000000000000000e+03
2.529000000000000000e+03
2.529000000000000000e+03
2.531000000000000000e+03
2.531000000000000000e+03
2.532000000000000000e+03
2.532000000000000000e+03
2.532000000000000000e+03
2.532000000000000000e+03
2.532000000000000000e+03
2.532000000000000000e+03
2.533000000000000000e+03
2.534000000000000000e+03
2.535000000000000000e+03
2.535000000000000000e+03
2.536000000000000000e+03
2.537000000000000000e+03
2.538000000000000000e+03
2.538000000000000000e+03
2.538000000000000000e+03
2.539000000000000000e+03
2.539000000000000000e+03
2.539000000000000000e+03
2.539000000000000000e+03
2.540000000000000000e+03
2.540000000000000000e+03
2.540000000000000000e+03
2.540000000000000000e+03
2.540000000000000000e+03
2.541000000000000000e+03
2.542000000000000000e+03
2.543000000000000000e+03
2.543000000000000000e+03
2.543000000000000000e+03
2.543000000000000000e+03
2.543000000000000000e+03
2.543000000000000000e+03
2.543000000000000000e+03
2.543000000000000000e+03
2.543000000000000000e+03
2.544000000000000000e+03
2.547000000000000000e+03
2.548000000000000000e+03
2.549000000000000000e+03
2.549000000000000000e+03
2.551000000000000000e+03
2.551000000000000000e+03
2.552000000000000000e+03
2.552000000000000000e+03
2.552000000000000000e+03
2.554000000000000000e+03
2.554000000000000000e+03
2.554000000000000000e+03
2.554000000000000000e+03
2.554000000000000000e+03
2.556000000000000000e+03
2.556000000000000000e+03
2.557000000000000000e+03
