-5.730769373632415409e+01
-2.175520176654367788e+01
-2.744737689067706924e+03
-2.065142386950401487e+01
-2.662150308007994681e+01
-5.593418962371561065e+01
-7.586519795501362751e+01
5.891295704471076533e+00
-4.033851194588078215e+01
-2.848009791085989491e+03
-2.087585413014119240e+02
-2.968986758656989196e+02
-4.029448393045410057e+02
-4.915310500769861619e+02
-4.679270638919040266e+02
-5.596810710159805922e+02
-3.398494483080125065e+03
-7.746835319110250566e+02
-8.617254705001882940e+02
-9.498157650229568389e+02
-1.003805091387056564e+03
-9.297172427567873001e+02
-9.563762917310471039e+02
-3.717249026321680958e+03
-1.004858177789154297e+03
-9.952655383116341454e+02
-9.815531434601936098e+02
-9.316735470803710086e+02
-7.548728731285798403e+02
-6.832178548387746559e+02
-3.353335949988228549e+03
-5.607272297152890133e+02
-4.841503312439310776e+02
-4.190137558870297880e+02
-3.351464624588693368e+02
-1.431540875530122321e+02
-7.589428757400719405e+01
-2.770182139063254908e+03
-2.108564227172769279e+01
-6.314417427145826878e+00
-1.963309358394212722e+01
-2.867296347578758287e+01
5.865273314375576774e+01
1.259794208632547452e+01
-2.800211522197327213e+03
-1.711752415704249870e+02
-2.742175455064993912e+02
-3.993171774899032016e+02
-5.104373540204981055e+02
-5.120579612972039740e+02
-6.308382148611442517e+02
-3.497515114908049327e+03
-9.013918695049746930e+02
-1.014913408465477687e+03
-1.127254608283700691e+03
-1.202289189677701643e+03
-1.145139481293731933e+03
-1.183834443465603272e+03
-3.951181011422636402e+03
-1.239203333827275856e+03
