6.522809091945448927e+03
6.525351264532280766e+03
6.528656021487953694e+03
6.531657199224005126e+03
6.535202312589565736e+03
6.538357050849674124e+03
6.541383587526798692e+03
6.542525427955283703e+03
6.544109326085555040e+03
6.546488307318183615e+03
6.548623712239273118e+03
6.551388879400563383e+03
6.553872813255617075e+03
6.556357746170124301e+03
6.557103341629195711e+03
6.558448090154562124e+03
6.560751950785818735e+03
6.562978164681060662e+03
6.565996865930413151e+03
6.568888837704225807e+03
6.571923319684829039e+03
6.573342606055141005e+03
6.575463973089511455e+03
6.578622972510439467e+03
6.581755996781967951e+03
6.585704717993821760e+03
6.589520722695449876e+03
6.593444221345194819e+03
6.595689543688548838e+03
6.598547931341237017e+03
6.602331637017116009e+03
6.605957211716322490e+03
6.610250559303570299e+03
6.614252061922456960e+03
6.618195639884867887e+03
6.620294446666340264e+03
6.622843704262927531e+03
6.626164687169419267e+03
6.629187739981236518e+03
6.632756916480330801e+03
6.635934556558036093e+03
6.638979681590109976e+03
6.640132929411314763e+03
6.641718557563452123e+03
6.644087548670242541e+03
6.646199729919424499e+03
6.648927522040798067e+03
6.651359661364953354e+03
6.653778801673651287e+03
6.654445741149813330e+03
6.655700824583735084e+03
6.657906572839373439e+03
6.660029465825270563e+03
6.662943504304178532e+03
6.665733899455965911e+03
6.668674797461839262e+03
6.670013780194372885e+03
6.672073683306272869e+03
6.675195770498622551e+03
6.678322173048384684e+03
