1.491666258380438201e+06
1.491928768898797454e+06
1.491573005796581041e+06
1.491450835960566299e+06
1.491341216701662866e+06
1.490998682937120320e+06
1.490935718624045374e+06
1.489753911389721325e+06
1.489100295463000657e+06
1.487823457475593779e+06
1.486794427043294068e+06
1.485811604931769427e+06
1.484648806324270787e+06
1.483837186037757900e+06
1.481995955709954724e+06
1.480788308990033343e+06
1.479077139795658411e+06
1.477745585330713773e+06
1.476601655485539930e+06
1.475426033755143872e+06
1.474753822739471449e+06
1.473205148901184089e+06
1.472441045578480465e+06
1.471319200513659511e+06
1.470714598990543745e+06
1.470424321817544755e+06
1.470215579185015522e+06
1.470607747740112245e+06
1.470203318369618384e+06
1.470644165227431105e+06
1.470767712752310326e+06
1.471428021448382409e+06
1.472401040808281628e+06
1.473433099296957254e+06
1.475023387662970927e+06
1.475755332311817678e+06
1.477253259118530666e+06
1.478338915121472208e+06
1.479852860656876117e+06
1.481559973396821413e+06
1.483198128756509395e+06
1.485260809080153005e+06
1.486328536163343815e+06
1.488025527034619590e+06
1.489176141700752312e+06
1.490626138344730251e+06
1.492147981940962141e+06
1.493489276692456566e+06
1.495155081902877428e+06
1.495739014105008915e+06
1.496879544461378129e+06
1.497416069813186303e+06
1.498209782853369135e+06
1.499048597421083366e+06
1.499695209133977303e+06
1.500669060303091770e+06
1.500577120562096359e+06
1.501069899895019364e+06
1.500997278973778943e+06
1.501229187524662353e+06
