-5.983999856680674156e+02
-5.676204476866820414e+02
-5.984559742000061533e+02
-6.051009805144281017e+02
-2.811584987781825475e+02
-1.492523972852688985e+02
-5.412651113902993529e+03
-2.344382229744260258e+02
-9.426163958982897384e+01
-3.569973786278728767e+01
2.397368574852907841e+01
3.888379870495186879e+02
5.347896661566364855e+02
-4.742032070626970381e+03
3.956049082625058873e+02
4.692680420068238618e+02
4.374565819087933960e+02
3.857714415349169030e+02
6.218728136364850343e+02
6.258302917503365279e+02
-4.801584761332932430e+03
1.818026979236287843e+02
1.026550510373674570e+02
-7.544558394592036166e+01
-2.619917701518036210e+02
-1.447523274009988654e+02
-2.395712377982843009e+02
-5.742209356883906366e+03
-8.077573112614720685e+02
-9.076436540689105641e+02
-1.077268272802203001e+03
-1.226034410404376104e+03
-1.042558329285594482e+03
-1.044446408594013747e+03
-6.430085712245355353e+03
-1.357977901827252936e+03
-1.303642946126872630e+03
-1.307125817479148964e+03
-1.282883450893017653e+03
-9.248355089229854684e+02
-7.559737150973119242e+02
-5.979981071456533755e+03
-7.603962523991489206e+02
-5.773550158532834757e+02
-4.749470125155207825e+02
-3.709700968344172907e+02
3.813000579747631491e+01
2.277362562773919308e+02
-5.006501115749627388e+03
1.721986882538963073e+02
2.850021339685395105e+02
2.900697668225604957e+02
2.727367185073107976e+02
5.404792994412255212e+02
5.732720171692747044e+02
-4.828115587490559847e+03
1.785847224522021861e+02
1.202223608705289735e+02
-3.934390964888461895e+01
-2.092476983722324348e+02
