8.107287871578386985e+05
8.115013441221150570e+05
8.120778271895577200e+05
8.123161903830760857e+05
8.129731011949364329e+05
8.138973087943632854e+05
8.147538509841362247e+05
8.155062639173422940e+05
8.162788208816185361e+05
8.168553039490609663e+05
8.170936671425793320e+05
8.177505779544393299e+05
8.186747855538668809e+05
8.195313277436397038e+05
8.202837406768457731e+05
8.210562976411220152e+05
8.216327807085656095e+05
8.218711439020825783e+05
8.225280547139432747e+05
8.234522623133697780e+05
8.243088045031432994e+05
8.250612174363497179e+05
8.258337744006256107e+05
8.264102574680689722e+05
8.266486206615859410e+05
8.273055314734468702e+05
8.282297390728734899e+05
8.290862812626466621e+05
8.298386941958529642e+05
8.306112511601289734e+05
8.311877342275721021e+05
8.314260974210890708e+05
8.320830082329502329e+05
8.330072158323770855e+05
8.338637580221500248e+05
8.346161709553563269e+05
8.353887279196325690e+05
8.359652109870753484e+05
8.362035741805939469e+05
8.368604849924541777e+05
8.377846925918809138e+05
8.386412347816538531e+05
8.393936477148602717e+05
8.401662046791358152e+05
8.407426877465785947e+05
8.409810509400970768e+05
8.416379617519577732e+05
8.425621693513845094e+05
8.434187115411572158e+05
8.441711244743632851e+05
8.449436814386392944e+05
8.455201645060818410e+05
8.457585276996002067e+05
8.464154385114605539e+05
8.473396461108869407e+05
8.481961883006605785e+05
8.489486012338668806e+05
8.497211581981427735e+05
8.502976412655853201e+05
8.505360044591035694e+05
