1.054268318237410494e+04
1.055402047786174808e+04
1.056373934142919461e+04
1.057311687493756835e+04
1.058209879833520245e+04
1.059389886916057185e+04
1.060544195850751385e+04
1.061520840115532337e+04
1.062654569664297196e+04
1.063626456021041304e+04
1.064564209371878496e+04
1.065462401711642815e+04
1.066642408794179028e+04
1.067796717728873409e+04
1.068773361993654180e+04
1.069907091542419039e+04
1.070878977899163328e+04
1.071816731250000339e+04
1.072714923589764476e+04
1.073894930672301416e+04
1.075049239606995434e+04
1.076025883871776387e+04
1.077159613420540882e+04
1.078131499777285535e+04
1.079069253128122000e+04
1.079967445467886137e+04
1.081147452550422713e+04
1.082301761485117459e+04
1.083278405749898229e+04
1.084412135298662724e+04
1.085384021655407378e+04
1.086321775006244025e+04
1.087219967346008343e+04
1.088399974428544920e+04
1.089554283363239119e+04
1.090530927628020254e+04
1.091664657176784749e+04
1.092636543533529402e+04
1.093574296884366049e+04
1.094472489224130186e+04
1.095652496306667308e+04
1.096806805241361326e+04
1.097783449506142279e+04
1.098917179054906956e+04
1.099889065411651063e+04
1.100826818762488620e+04
1.101725011102252211e+04
1.102905018184788787e+04
1.104059327119483169e+04
1.105035971384264121e+04
1.106169700933028616e+04
1.107141587289773088e+04
1.108079340640610098e+04
1.108977532980374235e+04
1.110157540062910994e+04
1.111311848997605375e+04
1.112288493262386146e+04
1.113422222811150459e+04
1.114394109167895112e+04
1.115331862518732305e+04
