-9.259373994983342016e+00
-9.330262231106530635e+00
-1.128556888457191576e+01
-1.118808432769770711e+01
-1.184225010065548389e+01
-9.158745469074522916e+00
-1.173228197273335027e+01
-1.295380418388002397e+01
-1.257861426905127722e+01
-1.405285656864048072e+01
-1.344753276335619852e+01
-1.357604752684999028e+01
-1.035859345611558879e+01
-1.239972752594989913e+01
-1.310034250021799807e+01
-1.222555644335187530e+01
-1.323096229388134226e+01
-1.219641387105182240e+01
-1.194335392394579642e+01
-8.398998488713816712e+00
-1.017373489810476173e+01
-1.067294146766692364e+01
-9.664755968028064359e+00
-1.060623808266150547e+01
-9.577104645229418622e+00
-9.397044809967749046e+00
-5.989930041771653002e+00
-7.961275948666260760e+00
-8.710162720484412091e+00
-7.997139110768123338e+00
-9.270552127838367795e+00
-8.600477406736295904e+00
-8.796252896353898620e+00
-5.770925642827227975e+00
-8.118963124710781187e+00
-9.228430011222760854e+00
-8.849149208440598713e+00
-1.041928325644776088e+01
-9.999505065695057482e+00
-1.039075491076815183e+01
-7.498888153317080807e+00
-9.912560378029915853e+00
-1.101554669485391358e+01
-1.055501070802449348e+01
-1.196815668470171268e+01
-1.131643227596231149e+01
-1.140327800366694788e+01
-8.138728226297208934e+00
-1.011721144417390583e+01
-1.072974877701640395e+01
-9.732069041352959360e+00
-1.057107765955072054e+01
-9.318851128604583423e+00
-8.790158203685770388e+00
-4.906817892614337318e+00
-6.275247811904399953e+00
-6.298407594133612619e+00
-4.743661653062645200e+00
-5.069004296937557719e+00
-3.356824416682766987e+00
