-6.665584073194419034e+03
8.192905244921666963e+01
1.528785632083232258e+03
2.875598388125426936e+03
3.948966479943185732e+03
5.591485076833070707e+03
5.864285284233814309e+03
9.272694190128786431e+02
7.049093642908531365e+03
7.775026125296444661e+03
8.323397689487877869e+03
8.539906512823406956e+03
9.287158064835848563e+03
8.646718318422263110e+03
2.798857613166731426e+03
8.032049594835920288e+03
7.910365523735422357e+03
7.669492418367783102e+03
7.170647209653945538e+03
7.289777516822140569e+03
6.119335088645400901e+03
-1.521943186827770660e+02
4.769064417309105920e+03
4.449699660146306087e+03
4.125034679929088270e+03
3.653118156646071384e+03
3.904071115300747806e+03
2.962071530658741722e+03
-2.994846077708327357e+03
2.314885080351756187e+03
2.444049822593657154e+03
2.613065953223437191e+03
2.664388673977588951e+03
3.452280851889331188e+03
3.045219100334031282e+03
-2.393898072152150689e+03
3.402310534681755144e+03
3.973746383639725991e+03
4.529555978626374781e+03
4.902795624301849784e+03
5.940406538296700091e+03
5.705765827936811547e+03
3.589768266277851581e+02
6.166948347873358216e+03
6.671387701027280855e+03
7.085420313837450522e+03
7.248092751345207944e+03
8.014134987379711674e+03
7.456254223687736157e+03
1.745131625292967783e+03
7.159180262209903958e+03
7.252198436986825982e+03
7.249640916759111860e+03
7.002774596497525636e+03
7.378103982066306344e+03
6.459347852944541955e+03
4.271468282187688601e+02
5.568567549567889728e+03
5.444543962312041913e+03
5.285983235587286799e+03
