0.000000000000000000e+00
0.000000000000000000e+00
0.000000000000000000e+00
0.000000000000000000e+00
0.000000000000000000e+00
0.000000000000000000e+00
0.000000000000000000e+00
0.000000000000000000e+00
0.000000000000000000e+00
0.000000000000000000e+00
0.000000000000000000e+00
0.000000000000000000e+00
0.000000000000000000e+00
0.000000000000000000e+00
0.000000000000000000e+00
0.000000000000000000e+00
0.000000000000000000e+00
0.000000000000000000e+00
0.000000000000000000e+00
0.000000000000000000e+00
0.000000000000000000e+00
0.000000000000000000e+00
0.000000000000000000e+00
0.000000000000000000e+00
0.000000000000000000e+00
0.000000000000000000e+00
0.000000000000000000e+00
0.000000000000000000e+00
0.000000000000000000e+00
0.000000000000000000e+00
0.000000000000000000e+00
0.000000000000000000e+00
0.000000000000000000e+00
0.000000000000000000e+00
0.000000000000000000e+00
0.000000000000000000e+00
0.000000000000000000e+00
0.000000000000000000e+00
0.000000000000000000e+00
0.000000000000000000e+00
0.000000000000000000e+00
0.000000000000000000e+00
0.000000000000000000e+00
0.000000000000000000e+00
0.000000000000000000e+00
0.000000000000000000e+00
0.000000000000000000e+00
0.000000000000000000e+00
0.000000000000000000e+00
0.000000000000000000e+00
0.000000000000000000e+00
0.000000000000000000e+00
0.000000000000000000e+00
0.000000000000000000e+00
0.000000000000000000e+00
0.000000000000000000e+00
0.000000000000000000e+00
0.000000000000000000e+00
0.000000000000000000e+00
0.000000000000000000e+00
0.000000000000000000e+00
0.000000000000000000e+00
0.000000000000000000e+00
0.000000000000000000e+00
0.000000000000000000e+00
0.000000000000000000e+00
0.000000000000000000e+00
0.000000000000000000e+00
0.000000000000000000e+00
1.000000000000000000e+00
0.000000000000000000e+00
0.000000000000000000e+00
0.000000000000000000e+00
0.000000000000000000e+00
0.000000000000000000e+00
1.000000000000000000e+00
1.000000000000000000e+00
8.000000000000000000e+00
8.000000000000000000e+00
8.000000000000000000e+00
8.000000000000000000e+00
9.000000000000000000e+00
9.000000000000000000e+00
9.000000000000000000e+00
9.000000000000000000e+00
1.100000000000000000e+01
1.100000000000000000e+01
1.100000000000000000e+01
1.100000000000000000e+01
1.500000000000000000e+01
1.500000000000000000e+01
1.500000000000000000e+01
1.500000000000000000e+01
1.800000000000000000e+01
1.800000000000000000e+01
1.800000000000000000e+01
1.800000000000000000e+01
1.800000000000000000e+01
1.800000000000000000e+01
1.800000000000000000e+01
1.800000000000000000e+01
2.200000000000000000e+01
2.200000000000000000e+01
2.300000000000000000e+01
2.300000000000000000e+01
2.400000000000000000e+01
2.400000000000000000e+01
2.400000000000000000e+01
2.400000000000000000e+01
2.400000000000000000e+01
2.800000000000000000e+01
2.800000000000000000e+01
2.800000000000000000e+01
2.800000000000000000e+01
2.800000000000000000e+01
2.800000000000000000e+01
3.500000000000000000e+01
3.500000000000000000e+01
3.500000000000000000e+01
3.500000000000000000e+01
3.500000000000000000e+01
3.800000000000000000e+01
3.900000000000000000e+01
3.900000000000000000e+01
4.000000000000000000e+01
4.000000000000000000e+01
4.000000000000000000e+01
4.100000000000000000e+01
4.100000000000000000e+01
5.000000000000000000e+01
5.200000000000000000e+01
5.200000000000000000e+01
5.200000000000000000e+01
5.200000000000000000e+01
5.200000000000000000e+01
5.200000000000000000e+01
5.200000000000000000e+01
5.200000000000000000e+01
5.700000000000000000e+01
5.800000000000000000e+01
5.900000000000000000e+01
5.900000000000000000e+01
5.900000000000000000e+01
6.200000000000000000e+01
6.300000000000000000e+01
7.000000000000000000e+01
7.600000000000000000e+01
7.800000000000000000e+01
8.100000000000000000e+01
8.300000000000000000e+01
9.800000000000000000e+01
1.030000000000000000e+02
1.160000000000000000e+02
1.320000000000000000e+02
1.380000000000000000e+02
1.400000000000000000e+02
1.420000000000000000e+02
1.710000000000000000e+02
1.960000000000000000e+02
2.060000000000000000e+02
2.090000000000000000e+02
2.230000000000000000e+02
2.240000000000000000e+02
2.300000000000000000e+02
2.580000000000000000e+02
2.610000000000000000e+02
2.690000000000000000e+02
2.950000000000000000e+02
3.060000000000000000e+02
3.070000000000000000e+02
3.070000000000000000e+02
3.400000000000000000e+02
3.410000000000000000e+02
3.670000000000000000e+02
3.700000000000000000e+02
3.730000000000000000e+02
3.790000000000000000e+02
3.800000000000000000e+02
3.850000000000000000e+02
4.180000000000000000e+02
4.410000000000000000e+02
4.790000000000000000e+02
4.890000000000000000e+02
5.010000000000000000e+02
5.040000000000000000e+02
5.100000000000000000e+02
5.530000000000000000e+02
5.770000000000000000e+02
5.790000000000000000e+02
5.960000000000000000e+02
6.040000000000000000e+02
6.180000000000000000e+02
6.190000000000000000e+02
6.230000000000000000e+02
6.250000000000000000e+02
6.330000000000000000e+02
6.400000000000000000e+02
6.520000000000000000e+02
6.600000000000000000e+02
6.910000000000000000e+02
7.010000000000000000e+02
7.240000000000000000e+02
7.400000000000000000e+02
7.780000000000000000e+02
8.160000000000000000e+02
8.480000000000000000e+02
8.940000000000000000e+02
9.330000000000000000e+02
9.690000000000000000e+02
1.003000000000000000e+03
1.018000000000000000e+03
1.047000000000000000e+03
1.053000000000000000e+03
1.085000000000000000e+03
1.085000000000000000e+03
1.096000000000000000e+03
1.112000000000000000e+03
1.152000000000000000e+03
1.209000000000000000e+03
1.310000000000000000e+03
1.333000000000000000e+03
1.410000000000000000e+03
1.459000000000000000e+03
1.676000000000000000e+03
1.746000000000000000e+03
1.856000000000000000e+03
1.910000000000000000e+03
2.025000000000000000e+03
2.081000000000000000e+03
2.126000000000000000e+03
2.247000000000000000e+03
2.329000000000000000e+03
2.420000000000000000e+03
2.506000000000000000e+03
1.210000000000000000e+04
1.218300000000000000e+04
1.276200000000000000e+04
1.325200000000000000e+04
1.349800000000000000e+04
1.390800000000000000e+04
1.420700000000000000e+04
1.467900000000000000e+04
1.506800000000000000e+04
1.538400000000000000e+04
1.591300000000000000e+04
1.643000000000000000e+04
1.684200000000000000e+04
1.750800000000000000e+04
1.783200000000000000e+04
1.812800000000000000e+04
1.851800000000000000e+04
1.890200000000000000e+04
1.936100000000000000e+04
1.989400000000000000e+04
2.033400000000000000e+04
2.088900000000000000e+04
2.142900000000000000e+04
2.207600000000000000e+04
2.241000000000000000e+04
2.283100000000000000e+04
2.313000000000000000e+04
2.345300000000000000e+04
2.379100000000000000e+04
2.403800000000000000e+04
2.446600000000000000e+04
2.500700000000000000e+04
2.530100000000000000e+04
2.568500000000000000e+04
2.606200000000000000e+04
2.606200000000000000e+04
2.688900000000000000e+04
2.726200000000000000e+04
2.783200000000000000e+04
2.844000000000000000e+04
2.905700000000000000e+04
2.961900000000000000e+04
2.996500000000000000e+04
3.073100000000000000e+04
3.151500000000000000e+04
3.225300000000000000e+04
3.296200000000000000e+04
3.355000000000000000e+04
3.436900000000000000e+04
3.503000000000000000e+04
3.585300000000000000e+04
3.660800000000000000e+04
3.699500000000000000e+04
3.761000000000000000e+04
3.811000000000000000e+04
3.862400000000000000e+04
3.924300000000000000e+04
4.011900000000000000e+04
4.078000000000000000e+04
4.151200000000000000e+04
4.209800000000000000e+04
4.270300000000000000e+04
4.325900000000000000e+04
4.325900000000000000e+04
4.413300000000000000e+04
4.473300000000000000e+04
4.537100000000000000e+04
4.612700000000000000e+04
4.679300000000000000e+04
4.758700000000000000e+04
4.758700000000000000e+04
4.891400000000000000e+04
4.959200000000000000e+04
5.030400000000000000e+04
5.091400000000000000e+04
5.158500000000000000e+04
5.229900000000000000e+04
5.229900000000000000e+04
5.326600000000000000e+04
5.381800000000000000e+04
5.420900000000000000e+04
5.471200000000000000e+04
5.530400000000000000e+04
5.604800000000000000e+04
5.604800000000000000e+04
5.670200000000000000e+04
5.738000000000000000e+04
5.783700000000000000e+04
5.857800000000000000e+04
5.922200000000000000e+04
5.983900000000000000e+04
5.983900000000000000e+04
6.089500000000000000e+04
6.145300000000000000e+04
6.214400000000000000e+04
6.272000000000000000e+04
6.323100000000000000e+04
6.388600000000000000e+04
6.388600000000000000e+04
6.481000000000000000e+04
6.553200000000000000e+04
6.607600000000000000e+04
6.675600000000000000e+04
6.766100000000000000e+04
6.828900000000000000e+04
6.828900000000000000e+04
6.899000000000000000e+04
6.976300000000000000e+04
7.041200000000000000e+04
7.127300000000000000e+04
7.210700000000000000e+04
7.325200000000000000e+04
7.325200000000000000e+04
7.438100000000000000e+04
7.528800000000000000e+04
7.624400000000000000e+04
7.743500000000000000e+04
7.826800000000000000e+04
7.919300000000000000e+04
7.919300000000000000e+04
8.029200000000000000e+04
8.123700000000000000e+04
8.222900000000000000e+04
8.331100000000000000e+04
8.424500000000000000e+04
8.506800000000000000e+04
8.506800000000000000e+04
8.612500000000000000e+04
8.719700000000000000e+04
8.806200000000000000e+04
8.893000000000000000e+04
8.990900000000000000e+04
9.095200000000000000e+04
9.095200000000000000e+04
9.225000000000000000e+04
9.334200000000000000e+04
9.428700000000000000e+04
9.540600000000000000e+04
9.629300000000000000e+04
9.735700000000000000e+04
9.735700000000000000e+04
9.870600000000000000e+04
9.958600000000000000e+04
1.005930000000000000e+05
1.013480000000000000e+05
1.024480000000000000e+05
1.033120000000000000e+05
1.033120000000000000e+05
1.045390000000000000e+05
1.054220000000000000e+05
1.063770000000000000e+05
1.073860000000000000e+05
1.084340000000000000e+05
1.092620000000000000e+05
1.092620000000000000e+05
1.101430000000000000e+05
1.109650000000000000e+05
1.118640000000000000e+05
1.127310000000000000e+05
1.135640000000000000e+05
1.143050000000000000e+05
1.143050000000000000e+05
1.153570000000000000e+05
1.161200000000000000e+05
1.170170000000000000e+05
1.179910000000000000e+05
1.187910000000000000e+05
1.194920000000000000e+05
1.194920000000000000e+05
1.202400000000000000e+05
1.211160000000000000e+05
1.220790000000000000e+05
1.230030000000000000e+05
1.237770000000000000e+05
1.247120000000000000e+05
1.247120000000000000e+05
1.258420000000000000e+05
1.268780000000000000e+05
1.280020000000000000e+05
1.289280000000000000e+05
1.297060000000000000e+05
1.306250000000000000e+05
1.306250000000000000e+05
1.317780000000000000e+05
1.326970000000000000e+05
1.337680000000000000e+05
1.349230000000000000e+05
1.361580000000000000e+05
1.370730000000000000e+05
1.370730000000000000e+05
1.383120000000000000e+05
1.393610000000000000e+05
1.404200000000000000e+05
1.414130000000000000e+05
1.426330000000000000e+05
1.436970000000000000e+05
1.436970000000000000e+05
1.449640000000000000e+05
1.458820000000000000e+05
1.464800000000000000e+05
1.471470000000000000e+05
1.478640000000000000e+05
1.482880000000000000e+05
1.482880000000000000e+05
1.492380000000000000e+05
1.498360000000000000e+05
1.504780000000000000e+05
1.511890000000000000e+05
1.518530000000000000e+05
1.523280000000000000e+05
1.523280000000000000e+05
1.529210000000000000e+05
1.536440000000000000e+05
1.542200000000000000e+05
1.551170000000000000e+05
1.557120000000000000e+05
1.563440000000000000e+05
1.563440000000000000e+05
1.570100000000000000e+05
1.576580000000000000e+05
1.583520000000000000e+05
1.588910000000000000e+05
1.596300000000000000e+05
1.601130000000000000e+05
1.601130000000000000e+05
1.606430000000000000e+05
1.611600000000000000e+05
1.616760000000000000e+05
1.621880000000000000e+05
1.626720000000000000e+05
1.631910000000000000e+05
1.631910000000000000e+05
1.637160000000000000e+05
1.641960000000000000e+05
1.646630000000000000e+05
1.650580000000000000e+05
1.655040000000000000e+05
1.659310000000000000e+05
1.659310000000000000e+05
1.663400000000000000e+05
1.666800000000000000e+05
1.670430000000000000e+05
1.673220000000000000e+05
1.676290000000000000e+05
1.676290000000000000e+05
1.676290000000000000e+05
1.681280000000000000e+05
1.683780000000000000e+05
1.687850000000000000e+05
1.690700000000000000e+05
1.693640000000000000e+05
1.697330000000000000e+05
1.697330000000000000e+05
1.699450000000000000e+05
1.701950000000000000e+05
1.704890000000000000e+05
1.707680000000000000e+05
1.710060000000000000e+05
1.712790000000000000e+05
1.712790000000000000e+05
1.716370000000000000e+05
1.718740000000000000e+05
1.721170000000000000e+05
1.724200000000000000e+05
1.726370000000000000e+05
1.729160000000000000e+05
1.729160000000000000e+05
1.731890000000000000e+05
1.733940000000000000e+05
1.736360000000000000e+05
1.738770000000000000e+05
1.742230000000000000e+05
1.744340000000000000e+05
1.744340000000000000e+05
1.746660000000000000e+05
1.749760000000000000e+05
1.752260000000000000e+05
1.754710000000000000e+05
1.756870000000000000e+05
1.759230000000000000e+05
1.759230000000000000e+05
1.762170000000000000e+05
1.764500000000000000e+05
1.766490000000000000e+05
1.768690000000000000e+05
1.771060000000000000e+05
1.773580000000000000e+05
1.773580000000000000e+05
1.776000000000000000e+05
1.778820000000000000e+05
1.781910000000000000e+05
1.783870000000000000e+05
1.786210000000000000e+05
1.788710000000000000e+05
1.788710000000000000e+05
1.790950000000000000e+05
1.793980000000000000e+05
1.796850000000000000e+05
1.799700000000000000e+05
1.802040000000000000e+05
1.804840000000000000e+05
1.804840000000000000e+05
1.808600000000000000e+05
1.812030000000000000e+05
1.815720000000000000e+05
1.819870000000000000e+05
1.823590000000000000e+05
1.827850000000000000e+05
1.827850000000000000e+05
1.834360000000000000e+05
1.840530000000000000e+05
1.844760000000000000e+05
1.844760000000000000e+05
1.848520000000000000e+05
1.854680000000000000e+05
1.854680000000000000e+05
1.863550000000000000e+05
1.872210000000000000e+05
1.879600000000000000e+05
1.889730000000000000e+05
1.899640000000000000e+05
1.909780000000000000e+05
1.909780000000000000e+05
1.921840000000000000e+05
1.931440000000000000e+05
1.942170000000000000e+05
1.956390000000000000e+05
0.000000000000000000e+00
0.000000000000000000e+00
0.000000000000000000e+00
0.000000000000000000e+00
0.000000000000000000e+00
0.000000000000000000e+00
0.000000000000000000e+00
0.000000000000000000e+00
0.000000000000000000e+00
0.000000000000000000e+00
0.000000000000000000e+00
0.000000000000000000e+00
0.000000000000000000e+00
0.000000000000000000e+00
0.000000000000000000e+00
0.000000000000000000e+00
0.000000000000000000e+00
0.000000000000000000e+00
0.000000000000000000e+00
0.000000000000000000e+00
0.000000000000000000e+00
0.000000000000000000e+00
0.000000000000000000e+00
0.000000000000000000e+00
0.000000000000000000e+00
0.000000000000000000e+00
0.000000000000000000e+00
0.000000000000000000e+00
0.000000000000000000e+00
0.000000000000000000e+00
0.000000000000000000e+00
0.000000000000000000e+00
0.000000000000000000e+00
0.000000000000000000e+00
0.000000000000000000e+00
0.000000000000000000e+00
0.000000000000000000e+00
0.000000000000000000e+00
0.000000000000000000e+00
0.000000000000000000e+00
0.000000000000000000e+00
0.000000000000000000e+00
0.000000000000000000e+00
0.000000000000000000e+00
0.000000000000000000e+00
0.000000000000000000e+00
0.000000000000000000e+00
0.000000000000000000e+00
0.000000000000000000e+00
0.000000000000000000e+00
0.000000000000000000e+00
0.000000000000000000e+00
0.000000000000000000e+00
0.000000000000000000e+00
0.000000000000000000e+00
0.000000000000000000e+00
0.000000000000000000e+00
0.000000000000000000e+00
0.000000000000000000e+00
0.000000000000000000e+00
0.000000000000000000e+00
0.000000000000000000e+00
0.000000000000000000e+00
0.000000000000000000e+00
0.000000000000000000e+00
0.000000000000000000e+00
0.000000000000000000e+00
0.000000000000000000e+00
0.000000000000000000e+00
0.000000000000000000e+00
0.000000000000000000e+00
0.000000000000000000e+00
0.000000000000000000e+00
0.000000000000000000e+00
0.000000000000000000e+00
0.000000000000000000e+00
0.000000000000000000e+00
0.000000000000000000e+00
0.000000000000000000e+00
0.000000000000000000e+00
0.000000000000000000e+00
0.000000000000000000e+00
0.000000000000000000e+00
0.000000000000000000e+00
0.000000000000000000e+00
0.000000000000000000e+00
0.000000000000000000e+00
0.000000000000000000e+00
0.000000000000000000e+00
0.000000000000000000e+00
0.000000000000000000e+00
0.000000000000000000e+00
0.000000000000000000e+00
0.000000000000000000e+00
0.000000000000000000e+00
0.000000000000000000e+00
0.000000000000000000e+00
0.000000000000000000e+00
0.000000000000000000e+00
0.000000000000000000e+00
0.000000000000000000e+00
0.000000000000000000e+00
0.000000000000000000e+00
0.000000000000000000e+00
0.000000000000000000e+00
0.000000000000000000e+00
0.000000000000000000e+00
0.000000000000000000e+00
0.000000000000000000e+00
0.000000000000000000e+00
0.000000000000000000e+00
0.000000000000000000e+00
0.000000000000000000e+00
0.000000000000000000e+00
0.000000000000000000e+00
0.000000000000000000e+00
0.000000000000000000e+00
0.000000000000000000e+00
0.000000000000000000e+00
0.000000000000000000e+00
0.000000000000000000e+00
0.000000000000000000e+00
0.000000000000000000e+00
0.000000000000000000e+00
0.000000000000000000e+00
0.000000000000000000e+00
0.000000000000000000e+00
0.000000000000000000e+00
0.000000000000000000e+00
0.000000000000000000e+00
0.000000000000000000e+00
0.000000000000000000e+00
0.000000000000000000e+00
0.000000000000000000e+00
0.000000000000000000e+00
0.000000000000000000e+00
0.000000000000000000e+00
0.000000000000000000e+00
0.000000000000000000e+00
0.000000000000000000e+00
0.000000000000000000e+00
0.000000000000000000e+00
0.000000000000000000e+00
0.000000000000000000e+00
0.000000000000000000e+00
0.000000000000000000e+00
0.000000000000000000e+00
0.000000000000000000e+00
0.000000000000000000e+00
0.000000000000000000e+00
0.000000000000000000e+00
0.000000000000000000e+00
0.000000000000000000e+00
0.000000000000000000e+00
0.000000000000000000e+00
0.000000000000000000e+00
0.000000000000000000e+00
0.000000000000000000e+00
0.000000000000000000e+00
0.000000000000000000e+00
0.000000000000000000e+00
0.000000000000000000e+00
0.000000000000000000e+00
0.000000000000000000e+00
0.000000000000000000e+00
0.000000000000000000e+00
0.000000000000000000e+00
0.000000000000000000e+00
0.000000000000000000e+00
0.000000000000000000e+00
0.000000000000000000e+00
0.000000000000000000e+00
0.000000000000000000e+00
0.000000000000000000e+00
0.000000000000000000e+00
0.000000000000000000e+00
0.000000000000000000e+00
0.000000000000000000e+00
0.000000000000000000e+00
0.000000000000000000e+00
0.000000000000000000e+00
0.000000000000000000e+00
0.000000000000000000e+00
0.000000000000000000e+00
0.000000000000000000e+00
0.000000000000000000e+00
0.000000000000000000e+00
0.000000000000000000e+00
0.000000000000000000e+00
0.000000000000000000e+00
0.000000000000000000e+00
0.000000000000000000e+00
0.000000000000000000e+00
0.000000000000000000e+00
0.000000000000000000e+00
0.000000000000000000e+00
0.000000000000000000e+00
0.000000000000000000e+00
0.000000000000000000e+00
0.000000000000000000e+00
0.000000000000000000e+00
0.000000000000000000e+00
0.000000000000000000e+00
0.000000000000000000e+00
0.000000000000000000e+00
0.000000000000000000e+00
0.000000000000000000e+00
0.000000000000000000e+00
0.000000000000000000e+00
0.000000000000000000e+00
0.000000000000000000e+00
0.000000000000000000e+00
0.000000000000000000e+00
0.000000000000000000e+00
0.000000000000000000e+00
0.000000000000000000e+00
0.000000000000000000e+00
0.000000000000000000e+00
0.000000000000000000e+00
0.000000000000000000e+00
0.000000000000000000e+00
0.000000000000000000e+00
0.000000000000000000e+00
0.000000000000000000e+00
0.000000000000000000e+00
0.000000000000000000e+00
0.000000000000000000e+00
0.000000000000000000e+00
0.000000000000000000e+00
0.000000000000000000e+00
0.000000000000000000e+00
0.000000000000000000e+00
0.000000000000000000e+00
0.000000000000000000e+00
0.000000000000000000e+00
0.000000000000000000e+00
0.000000000000000000e+00
0.000000000000000000e+00
0.000000000000000000e+00
0.000000000000000000e+00
0.000000000000000000e+00
0.000000000000000000e+00
0.000000000000000000e+00
0.000000000000000000e+00
0.000000000000000000e+00
0.000000000000000000e+00
0.000000000000000000e+00
0.000000000000000000e+00
0.000000000000000000e+00
0.000000000000000000e+00
0.000000000000000000e+00
0.000000000000000000e+00
0.000000000000000000e+00
0.000000000000000000e+00
0.000000000000000000e+00
0.000000000000000000e+00
0.000000000000000000e+00
0.000000000000000000e+00
0.000000000000000000e+00
0.000000000000000000e+00
0.000000000000000000e+00
0.000000000000000000e+00
0.000000000000000000e+00
0.000000000000000000e+00
0.000000000000000000e+00
0.000000000000000000e+00
0.000000000000000000e+00
0.000000000000000000e+00
0.000000000000000000e+00
0.000000000000000000e+00
