0.000000000000000000e+00
0.000000000000000000e+00
0.000000000000000000e+00
0.000000000000000000e+00
0.000000000000000000e+00
0.000000000000000000e+00
0.000000000000000000e+00
0.000000000000000000e+00
0.000000000000000000e+00
0.000000000000000000e+00
0.000000000000000000e+00
0.000000000000000000e+00
0.000000000000000000e+00
0.000000000000000000e+00
0.000000000000000000e+00
0.000000000000000000e+00
0.000000000000000000e+00
0.000000000000000000e+00
0.000000000000000000e+00
0.000000000000000000e+00
0.000000000000000000e+00
0.000000000000000000e+00
0.000000000000000000e+00
0.000000000000000000e+00
0.000000000000000000e+00
0.000000000000000000e+00
0.000000000000000000e+00
0.000000000000000000e+00
0.000000000000000000e+00
0.000000000000000000e+00
0.000000000000000000e+00
0.000000000000000000e+00
0.000000000000000000e+00
0.000000000000000000e+00
0.000000000000000000e+00
0.000000000000000000e+00
0.000000000000000000e+00
0.000000000000000000e+00
0.000000000000000000e+00
0.000000000000000000e+00
0.000000000000000000e+00
0.000000000000000000e+00
0.000000000000000000e+00
0.000000000000000000e+00
0.000000000000000000e+00
0.000000000000000000e+00
0.000000000000000000e+00
0.000000000000000000e+00
0.000000000000000000e+00
0.000000000000000000e+00
0.000000000000000000e+00
0.000000000000000000e+00
0.000000000000000000e+00
0.000000000000000000e+00
0.000000000000000000e+00
0.000000000000000000e+00
0.000000000000000000e+00
0.000000000000000000e+00
0.000000000000000000e+00
0.000000000000000000e+00
0.000000000000000000e+00
0.000000000000000000e+00
0.000000000000000000e+00
0.000000000000000000e+00
0.000000000000000000e+00
0.000000000000000000e+00
0.000000000000000000e+00
0.000000000000000000e+00
0.000000000000000000e+00
0.000000000000000000e+00
0.000000000000000000e+00
1.000000000000000000e+00
1.000000000000000000e+00
1.000000000000000000e+00
1.000000000000000000e+00
1.000000000000000000e+00
1.000000000000000000e+00
1.000000000000000000e+00
1.000000000000000000e+00
1.000000000000000000e+00
1.000000000000000000e+00
1.000000000000000000e+00
1.000000000000000000e+00
1.000000000000000000e+00
1.000000000000000000e+00
1.000000000000000000e+00
1.000000000000000000e+00
1.000000000000000000e+00
1.000000000000000000e+00
1.000000000000000000e+00
1.000000000000000000e+00
1.000000000000000000e+00
2.000000000000000000e+00
2.000000000000000000e+00
2.000000000000000000e+00
2.000000000000000000e+00
2.000000000000000000e+00
2.000000000000000000e+00
2.000000000000000000e+00
3.000000000000000000e+00
3.000000000000000000e+00
3.000000000000000000e+00
3.000000000000000000e+00
3.000000000000000000e+00
3.000000000000000000e+00
3.000000000000000000e+00
3.000000000000000000e+00
3.000000000000000000e+00
3.000000000000000000e+00
3.000000000000000000e+00
3.000000000000000000e+00
3.000000000000000000e+00
3.000000000000000000e+00
3.000000000000000000e+00
3.000000000000000000e+00
3.000000000000000000e+00
3.000000000000000000e+00
3.000000000000000000e+00
3.000000000000000000e+00
3.000000000000000000e+00
3.000000000000000000e+00
3.000000000000000000e+00
3.000000000000000000e+00
3.000000000000000000e+00
3.000000000000000000e+00
3.000000000000000000e+00
4.000000000000000000e+00
5.000000000000000000e+00
5.000000000000000000e+00
5.000000000000000000e+00
5.000000000000000000e+00
5.000000000000000000e+00
5.000000000000000000e+00
5.000000000000000000e+00
5.000000000000000000e+00
5.000000000000000000e+00
5.000000000000000000e+00
5.000000000000000000e+00
5.000000000000000000e+00
5.000000000000000000e+00
5.000000000000000000e+00
5.000000000000000000e+00
6.000000000000000000e+00
8.000000000000000000e+00
1.000000000000000000e+01
1.000000000000000000e+01
1.000000000000000000e+01
1.000000000000000000e+01
1.000000000000000000e+01
1.000000000000000000e+01
1.000000000000000000e+01
1.000000000000000000e+01
1.000000000000000000e+01
1.700000000000000000e+01
1.800000000000000000e+01
1.800000000000000000e+01
1.800000000000000000e+01
1.800000000000000000e+01
2.100000000000000000e+01
2.300000000000000000e+01
2.400000000000000000e+01
2.500000000000000000e+01
2.600000000000000000e+01
2.700000000000000000e+01
2.700000000000000000e+01
3.200000000000000000e+01
3.400000000000000000e+01
3.500000000000000000e+01
3.600000000000000000e+01
3.800000000000000000e+01
3.800000000000000000e+01
3.800000000000000000e+01
3.900000000000000000e+01
4.000000000000000000e+01
4.200000000000000000e+01
4.300000000000000000e+01
4.600000000000000000e+01
4.700000000000000000e+01
4.800000000000000000e+01
4.800000000000000000e+01
4.900000000000000000e+01
5.000000000000000000e+01
5.300000000000000000e+01
5.600000000000000000e+01
5.700000000000000000e+01
5.800000000000000000e+01
6.000000000000000000e+01
6.400000000000000000e+01
6.700000000000000000e+01
7.600000000000000000e+01
7.300000000000000000e+01
7.400000000000000000e+01
8.000000000000000000e+01
8.300000000000000000e+01
9.300000000000000000e+01
9.600000000000000000e+01
9.900000000000000000e+01
1.070000000000000000e+02
1.080000000000000000e+02
1.130000000000000000e+02
1.190000000000000000e+02
1.250000000000000000e+02
1.320000000000000000e+02
1.320000000000000000e+02
1.350000000000000000e+02
1.390000000000000000e+02
1.450000000000000000e+02
1.530000000000000000e+02
1.570000000000000000e+02
1.640000000000000000e+02
1.690000000000000000e+02
1.730000000000000000e+02
1.800000000000000000e+02
1.880000000000000000e+02
1.880000000000000000e+02
1.990000000000000000e+02
2.030000000000000000e+02
2.100000000000000000e+02
2.190000000000000000e+02
2.260000000000000000e+02
2.310000000000000000e+02
2.320000000000000000e+02
2.370000000000000000e+02
2.420000000000000000e+02
2.500000000000000000e+02
2.540000000000000000e+02
2.620000000000000000e+02
2.720000000000000000e+02
2.850000000000000000e+02
2.960000000000000000e+02
3.140000000000000000e+02
3.240000000000000000e+02
3.390000000000000000e+02
3.520000000000000000e+02
3.540000000000000000e+02
3.620000000000000000e+02
3.680000000000000000e+02
3.830000000000000000e+02
3.940000000000000000e+02
4.090000000000000000e+02
4.180000000000000000e+02
4.360000000000000000e+02
4.440000000000000000e+02
4.500000000000000000e+02
4.600000000000000000e+02
4.690000000000000000e+02
4.740000000000000000e+02
4.910000000000000000e+02
4.990000000000000000e+02
5.200000000000000000e+02
5.270000000000000000e+02
5.400000000000000000e+02
5.510000000000000000e+02
5.590000000000000000e+02
5.700000000000000000e+02
5.780000000000000000e+02
5.920000000000000000e+02
5.960000000000000000e+02
6.020000000000000000e+02
6.080000000000000000e+02
6.160000000000000000e+02
6.210000000000000000e+02
6.230000000000000000e+02
6.310000000000000000e+02
6.440000000000000000e+02
6.560000000000000000e+02
6.690000000000000000e+02
6.810000000000000000e+02
6.990000000000000000e+02
6.990000000000000000e+02
7.250000000000000000e+02
7.320000000000000000e+02
7.460000000000000000e+02
7.650000000000000000e+02
7.680000000000000000e+02
7.740000000000000000e+02
7.900000000000000000e+02
7.950000000000000000e+02
8.010000000000000000e+02
8.120000000000000000e+02
8.230000000000000000e+02
8.310000000000000000e+02
8.470000000000000000e+02
8.570000000000000000e+02
8.710000000000000000e+02
8.800000000000000000e+02
8.930000000000000000e+02
9.000000000000000000e+02
9.070000000000000000e+02
9.150000000000000000e+02
9.200000000000000000e+02
9.290000000000000000e+02
9.440000000000000000e+02
9.570000000000000000e+02
9.700000000000000000e+02
9.850000000000000000e+02
9.950000000000000000e+02
9.950000000000000000e+02
1.017000000000000000e+03
1.025000000000000000e+03
1.041000000000000000e+03
1.053000000000000000e+03
1.062000000000000000e+03
1.068000000000000000e+03
1.068000000000000000e+03
1.089000000000000000e+03
1.102000000000000000e+03
1.110000000000000000e+03
1.125000000000000000e+03
1.140000000000000000e+03
1.153000000000000000e+03
1.153000000000000000e+03
1.166000000000000000e+03
1.183000000000000000e+03
1.196000000000000000e+03
1.200000000000000000e+03
1.212000000000000000e+03
1.219000000000000000e+03
1.219000000000000000e+03
1.231000000000000000e+03
1.243000000000000000e+03
1.255000000000000000e+03
1.261000000000000000e+03
1.273000000000000000e+03
1.278000000000000000e+03
1.278000000000000000e+03
1.299000000000000000e+03
1.314000000000000000e+03
1.319000000000000000e+03
1.324000000000000000e+03
1.337000000000000000e+03
1.346000000000000000e+03
1.346000000000000000e+03
1.353000000000000000e+03
1.369000000000000000e+03
1.385000000000000000e+03
1.393000000000000000e+03
1.399000000000000000e+03
1.415000000000000000e+03
1.415000000000000000e+03
1.436000000000000000e+03
1.440000000000000000e+03
1.444000000000000000e+03
1.459000000000000000e+03
1.478000000000000000e+03
1.487000000000000000e+03
1.487000000000000000e+03
1.510000000000000000e+03
1.526000000000000000e+03
1.536000000000000000e+03
1.546000000000000000e+03
1.558000000000000000e+03
1.568000000000000000e+03
1.568000000000000000e+03
1.581000000000000000e+03
1.589000000000000000e+03
1.622000000000000000e+03
1.629000000000000000e+03
1.645000000000000000e+03
1.651000000000000000e+03
1.651000000000000000e+03
1.665000000000000000e+03
1.698000000000000000e+03
1.700000000000000000e+03
1.715000000000000000e+03
1.716000000000000000e+03
1.737000000000000000e+03
1.737000000000000000e+03
1.763000000000000000e+03
1.782000000000000000e+03
1.789000000000000000e+03
1.802000000000000000e+03
1.832000000000000000e+03
1.842000000000000000e+03
1.842000000000000000e+03
1.877000000000000000e+03
1.883000000000000000e+03
1.896000000000000000e+03
1.914000000000000000e+03
1.919000000000000000e+03
1.936000000000000000e+03
1.936000000000000000e+03
1.953000000000000000e+03
1.974000000000000000e+03
1.982000000000000000e+03
1.989000000000000000e+03
2.009000000000000000e+03
2.014000000000000000e+03
2.014000000000000000e+03
2.018000000000000000e+03
2.042000000000000000e+03
2.051000000000000000e+03
2.056000000000000000e+03
2.061000000000000000e+03
2.088000000000000000e+03
2.088000000000000000e+03
2.114000000000000000e+03
2.116000000000000000e+03
2.125000000000000000e+03
2.151000000000000000e+03
2.156000000000000000e+03
2.174000000000000000e+03
2.174000000000000000e+03
2.179000000000000000e+03
2.210000000000000000e+03
2.216000000000000000e+03
2.219000000000000000e+03
2.233000000000000000e+03
2.236000000000000000e+03
2.236000000000000000e+03
2.273000000000000000e+03
2.288000000000000000e+03
2.297000000000000000e+03
2.330000000000000000e+03
2.340000000000000000e+03
2.348000000000000000e+03
2.348000000000000000e+03
2.386000000000000000e+03
2.402000000000000000e+03
2.406000000000000000e+03
2.422000000000000000e+03
2.435000000000000000e+03
2.487000000000000000e+03
2.487000000000000000e+03
2.506000000000000000e+03
2.513000000000000000e+03
2.564000000000000000e+03
2.582000000000000000e+03
2.591000000000000000e+03
2.602000000000000000e+03
2.602000000000000000e+03
2.618000000000000000e+03
2.653000000000000000e+03
2.658000000000000000e+03
2.667000000000000000e+03
2.680000000000000000e+03
2.684000000000000000e+03
2.684000000000000000e+03
2.737000000000000000e+03
2.757000000000000000e+03
2.765000000000000000e+03
2.772000000000000000e+03
2.799000000000000000e+03
2.807000000000000000e+03
2.807000000000000000e+03
2.823000000000000000e+03
2.828000000000000000e+03
2.830000000000000000e+03
2.834000000000000000e+03
2.873000000000000000e+03
2.882000000000000000e+03
2.882000000000000000e+03
2.896000000000000000e+03
2.908000000000000000e+03
2.919000000000000000e+03
2.924000000000000000e+03
2.936000000000000000e+03
2.947000000000000000e+03
2.947000000000000000e+03
2.996000000000000000e+03
3.005000000000000000e+03
3.010000000000000000e+03
3.019000000000000000e+03
3.023000000000000000e+03
3.029000000000000000e+03
3.029000000000000000e+03
3.039000000000000000e+03
3.047000000000000000e+03
3.049000000000000000e+03
3.058000000000000000e+03
3.059000000000000000e+03
3.063000000000000000e+03
3.063000000000000000e+03
3.070000000000000000e+03
3.072000000000000000e+03
3.077000000000000000e+03
3.082000000000000000e+03
3.085000000000000000e+03
3.085000000000000000e+03
3.085000000000000000e+03
3.088000000000000000e+03
3.092000000000000000e+03
3.097000000000000000e+03
3.097000000000000000e+03
3.102000000000000000e+03
3.105000000000000000e+03
3.105000000000000000e+03
3.111000000000000000e+03
3.112000000000000000e+03
3.114000000000000000e+03
3.115000000000000000e+03
3.115000000000000000e+03
3.116000000000000000e+03
3.116000000000000000e+03
3.125000000000000000e+03
3.126000000000000000e+03
3.127000000000000000e+03
3.131000000000000000e+03
3.132000000000000000e+03
3.137000000000000000e+03
3.137000000000000000e+03
3.143000000000000000e+03
3.146000000000000000e+03
3.149000000000000000e+03
3.152000000000000000e+03
3.155000000000000000e+03
3.158000000000000000e+03
3.158000000000000000e+03
3.161000000000000000e+03
3.165000000000000000e+03
3.166000000000000000e+03
3.166000000000000000e+03
3.170000000000000000e+03
3.173000000000000000e+03
3.173000000000000000e+03
3.174000000000000000e+03
3.178000000000000000e+03
3.181000000000000000e+03
3.183000000000000000e+03
3.185000000000000000e+03
3.185000000000000000e+03
3.185000000000000000e+03
3.187000000000000000e+03
3.191000000000000000e+03
3.191000000000000000e+03
3.193000000000000000e+03
3.198000000000000000e+03
3.205000000000000000e+03
3.205000000000000000e+03
3.211000000000000000e+03
3.213000000000000000e+03
3.215000000000000000e+03
3.223000000000000000e+03
3.227000000000000000e+03
3.232000000000000000e+03
3.232000000000000000e+03
3.240000000000000000e+03
3.243000000000000000e+03
3.245000000000000000e+03
3.248000000000000000e+03
3.249000000000000000e+03
3.253000000000000000e+03
3.253000000000000000e+03
3.281000000000000000e+03
3.299000000000000000e+03
3.309000000000000000e+03
3.309000000000000000e+03
3.322000000000000000e+03
3.344000000000000000e+03
3.344000000000000000e+03
3.375000000000000000e+03
3.398000000000000000e+03
3.422000000000000000e+03
3.453000000000000000e+03
3.469000000000000000e+03
3.509000000000000000e+03
3.509000000000000000e+03
3.548000000000000000e+03
3.579000000000000000e+03
3.609000000000000000e+03
3.635000000000000000e+03
3.663000000000000000e+03
3.689000000000000000e+03
3.689000000000000000e+03
3.719000000000000000e+03
3.750000000000000000e+03
3.781000000000000000e+03
3.811000000000000000e+03
3.835000000000000000e+03
3.869000000000000000e+03
3.869000000000000000e+03
3.904000000000000000e+03
3.933000000000000000e+03
3.956000000000000000e+03
3.968000000000000000e+03
4.001000000000000000e+03
4.017000000000000000e+03
4.017000000000000000e+03
4.051000000000000000e+03
4.076000000000000000e+03
4.099000000000000000e+03
4.126000000000000000e+03
4.152000000000000000e+03
4.165000000000000000e+03
4.165000000000000000e+03
4.184000000000000000e+03
4.213000000000000000e+03
4.247000000000000000e+03
4.263000000000000000e+03
4.286000000000000000e+03
4.308000000000000000e+03
4.308000000000000000e+03
4.323000000000000000e+03
4.343000000000000000e+03
4.363000000000000000e+03
4.374000000000000000e+03
4.397000000000000000e+03
4.410000000000000000e+03
4.410000000000000000e+03
4.427000000000000000e+03
4.441000000000000000e+03
4.457000000000000000e+03
4.469000000000000000e+03
4.480000000000000000e+03
4.490000000000000000e+03
4.490000000000000000e+03
4.501000000000000000e+03
4.517000000000000000e+03
4.533000000000000000e+03
4.560000000000000000e+03
4.569000000000000000e+03
4.588000000000000000e+03
4.588000000000000000e+03
4.606000000000000000e+03
4.617000000000000000e+03
4.625000000000000000e+03
4.636000000000000000e+03
4.651000000000000000e+03
4.664000000000000000e+03
4.664000000000000000e+03
4.686000000000000000e+03
4.702000000000000000e+03
4.710000000000000000e+03
4.720000000000000000e+03
4.739000000000000000e+03
4.757000000000000000e+03
4.757000000000000000e+03
4.775000000000000000e+03
4.792000000000000000e+03
4.808000000000000000e+03
4.832000000000000000e+03
4.849000000000000000e+03
