5.060084915043880465e+05
5.060307325497221318e+05
5.060090856175085064e+05
5.059873899264011416e+05
5.059825563879284309e+05
5.059973257851235103e+05
5.055290219640710857e+05
5.056570711757794488e+05
5.057316856028947514e+05
5.057589512426301371e+05
5.057800284233489656e+05
5.058090978609423619e+05
5.058461951951514347e+05
5.053860447949744994e+05
5.055056619549551979e+05
5.055531193495042389e+05
5.055327156522891019e+05
5.054842522960294737e+05
5.054210490011002985e+05
5.053428388230840792e+05
5.047446514688638272e+05
5.047044521745826351e+05
5.045719304517020355e+05
5.043536753655881621e+05
5.040924424414028763e+05
5.038051423420105712e+05
5.034956920066706953e+05
5.026638373754572240e+05
5.023927158081998350e+05
5.020375537513756426e+05
5.016107379762073397e+05
5.011609675219056080e+05
5.007111188659791369e+05
5.002709676736628753e+05
4.993458791400548071e+05
4.990242380798691884e+05
4.986660174483511946e+05
4.982877267536349245e+05
4.979414505595174851e+05
4.976526125151317683e+05
4.974326109515075223e+05
4.967874404482776881e+05
4.968050725515215308e+05
4.968439959316913155e+05
4.969181585793541744e+05
4.970760228710288065e+05
4.973383690469813300e+05
4.977109927074416191e+05
4.976934097608331940e+05
4.983663405152647756e+05
4.990803712219897425e+05
4.998410332398846513e+05
5.006880078300401219e+05
5.016330889688818133e+05
5.026730463757743128e+05
5.032984986013646121e+05
5.045815641890524421e+05
5.058646855361031485e+05
5.071458620268695522e+05
5.084579970234963112e+05
