5.295178001181666616e+01
5.322252669154738669e+01
5.266035890606784164e+01
5.193332752146114473e+01
5.138099486875231037e+01
5.118870577626587703e+01
5.024301588120690099e+01
4.723440768351107266e+01
4.644416778866746398e+01
4.500138276496719669e+01
4.358682752113321612e+01
4.254849622488316641e+01
4.207572865051947986e+01
4.105460134212158607e+01
3.817071425171314303e+01
3.769624373828909114e+01
3.674721411439379182e+01
3.598775388087400273e+01
3.574607659577474550e+01
3.618912715990530415e+01
3.617854909958246168e+01
3.437408837442300324e+01
3.502128854592602636e+01
3.520941295529414106e+01
3.557634346405807690e+01
3.642517950618158551e+01
3.789946285103063417e+01
3.883966948844152256e+01
3.788707157180834173e+01
3.927181355896549775e+01
4.007112966360546125e+01
4.091444599935276472e+01
4.210008749629468383e+01
4.377051389212193300e+01
4.476872768255142176e+01
4.374196094029284865e+01
4.492949147746927707e+01
4.542052396053104957e+01
4.585888975978789261e+01
4.655929761034122549e+01
4.768207263394530315e+01
4.808904072697086463e+01
4.644667982115803540e+01
4.701340316102287176e+01
4.689692454599462224e+01
4.675847294012258004e+01
4.692860106565156997e+01
4.758153665937981458e+01
4.759074283103932856e+01
4.563181653426460116e+01
4.596959569028461345e+01
4.571542808399402702e+01
4.553137032944423623e+01
4.574606014917202401e+01
4.652920708320471732e+01
4.674736244795256823e+01
4.506709007205099482e+01
4.574239924222592180e+01
4.587238253223618045e+01
4.610581534304997575e+01
