-1.069490270690677062e+04
-1.113206591449355983e+04
-1.157091636068288972e+04
-1.202191224818775481e+04
-1.248870159777214576e+04
-1.360819079510384472e+04
-1.401060380361486932e+04
-1.447568646273636841e+04
-1.483680100467502780e+04
-1.516007316765610267e+04
-1.545830831191557445e+04
-1.573848214107048261e+04
-1.664172452837747551e+04
-1.680326754548044119e+04
-1.700851523938659739e+04
-1.709698413290299504e+04
-1.714128127114096424e+04
-1.716084113659699506e+04
-1.716923227659328768e+04
-1.781395755221521176e+04
-1.773622452171161058e+04
-1.772684876227621862e+04
-1.763004404711305324e+04
-1.752227067565368998e+04
-1.742586715168436422e+04
-1.735627920391561202e+04
-1.796181238989311532e+04
-1.788338623652160095e+04
-1.791045322379466597e+04
-1.788483607597226364e+04
-1.787965326137466764e+04
-1.791305559440280922e+04
-1.799558479621293372e+04
-1.877007637264286313e+04
-1.887158025198661198e+04
-1.908345748517482571e+04
-1.924140112575534295e+04
-1.941254566233317382e+04
-1.960938235428672488e+04
-1.983728593813605403e+04
-2.073456999176817772e+04
-2.093253980014957051e+04
-2.121169703922059489e+04
-2.140584114506690094e+04
-2.158122932680834856e+04
-2.175051107091027006e+04
-2.192024206008760666e+04
-2.273089522714908526e+04
-2.281683918661528878e+04
-2.296244068530928052e+04
-2.300603911962129132e+04
-2.301895901886993670e+04
-2.301928092482324428e+04
-2.301918067484664789e+04
-2.366476024041661731e+04
-2.359584597587666940e+04
-2.360191653906352076e+04
-2.352591398699033016e+04
-2.344310906762625018e+04
-2.337474576633383913e+04
