-1.350722888209160146e+02
-1.489919359246438830e+02
-1.435862399214565528e+02
-9.015592507111267651e+02
-1.388167651490704770e+02
-1.232652945237118303e+02
-1.480905392686715913e+02
-1.438392140866953355e+02
-1.577588611908066696e+02
-1.523531651871026895e+02
-9.103261759758760263e+02
-1.475836904136037901e+02
-1.320322197895119984e+02
-1.568574645330187423e+02
-1.526061393524744858e+02
-1.665257864546687756e+02
-1.611200904521180632e+02
-9.190931012406255149e+02
-1.563506156774081433e+02
-1.407991450527200072e+02
-1.656243897967676730e+02
-1.613730646152223187e+02
-1.752927117197219786e+02
-1.698870157171334085e+02
-9.278600265054052443e+02
-1.651175409426706437e+02
-1.495660703184464637e+02
-1.743913150620563215e+02
-1.701399898810014975e+02
-1.840596369835024007e+02
-1.786539409821488107e+02
-9.366269517702091889e+02
-1.738844662064748832e+02
-1.583329955829138385e+02
-1.831582403273452542e+02
-1.789069151461391698e+02
-1.928265622497468712e+02
-1.874208662477949474e+02
-9.453938770349038805e+02
-1.826513914702790942e+02
-1.670999208474545128e+02
-1.919251655926339026e+02
-1.876738404104026756e+02
-2.015934875136090909e+02
-1.961877915128103496e+02
-9.541608022997077114e+02
-1.914183167370147487e+02
-1.758668461119218307e+02
-2.006920908563827766e+02
-1.964407656746662383e+02
-2.103604127774711685e+02
-2.049547167756684587e+02
-9.629277275644569727e+02
-2.001852420015482039e+02
-1.846337713776483440e+02
-2.094590161232115406e+02
-2.052076909413195267e+02
-2.191273380437155822e+02
-2.137216420406838893e+02
-9.716946528292064613e+02
