-9.291489593019344184e+00
-1.117861960527042520e+01
-1.902736233386926301e+01
-1.909266746473695164e+01
-1.179290086289648443e+01
-1.882804051343956075e+01
-9.693410580888123462e+00
-6.487010292120591437e+00
-7.677160350935139377e+00
-1.477831243739783851e+01
-1.407587815694363087e+01
-6.020128334414522442e+00
-1.234326238033698964e+01
-2.572014369928171007e+00
1.166111991970507411e+00
3.762227150481978200e-01
-6.478850083760903544e+00
-5.702579483189973431e+00
2.242002131270608878e+00
-4.384292934432980182e+00
4.890873842668577609e+00
7.945225939548969940e+00
6.295148793456680991e+00
-1.579488288274803587e+00
-1.959840287750587606e+00
4.718015498533821628e+00
-3.254307149472269955e+00
4.629265616648217119e+00
6.282120385864098822e+00
3.257165039740797852e+00
-5.929447247112138442e+00
-7.523919817671007593e+00
-1.929766476603840708e+00
-1.082618407249255732e+01
-3.682169545005604228e+00
-2.564426498812459876e+00
-5.905766172611690124e+00
-1.518182491323400818e+01
-1.663692623583279939e+01
-1.067910614249508328e+01
-1.899836629049733716e+01
-1.108048470013038767e+01
-9.014438567769675004e+00
-1.126015889002184700e+01
-1.932445871601592913e+01
-1.948598707288493159e+01
-1.218925472385211606e+01
-1.916182651505466694e+01
-9.927041929142745857e+00
-6.610351130620362170e+00
-7.706018730890408897e+00
-1.475206843324194850e+01
-1.405434982592623427e+01
-6.079799708228906141e+00
-1.257301515289087845e+01
-3.068517925056293727e+00
3.031894318206056482e-01
-9.509840571413139543e-01
-8.361752280383974778e+00
-8.221791102901921278e+00
