3.257847474630660872e+04
3.262594337297221864e+04
3.268249607520200152e+04
3.274391596680682051e+04
3.279968951191647648e+04
3.284932959261989163e+04
3.289584251794961165e+04
3.296610174538990395e+04
3.301357037205551751e+04
3.307012307428525673e+04
3.313154296589010482e+04
3.318731651099977171e+04
3.323695659170318686e+04
3.328346951703289960e+04
3.335372874447320646e+04
3.340119737113883457e+04
3.345775007336858107e+04
3.351916996497341461e+04
3.357494351008305239e+04
3.362458359078651119e+04
3.367109651611618756e+04
3.374135574355652352e+04
3.378882437022212980e+04
3.384537707245188358e+04
3.390679696405673167e+04
3.396257050916637672e+04
3.401221058986981370e+04
3.405872351519949007e+04
3.412898274263981148e+04
3.417645136930543231e+04
3.423300407153516426e+04
3.429442396314000507e+04
3.435019750824962830e+04
3.439983758895309438e+04
3.444635051428279985e+04
3.451660974172312126e+04
3.456407836838873482e+04
3.462063107061847404e+04
3.468205096222327847e+04
3.473782450733295263e+04
3.478746458803639689e+04
3.483397751336609508e+04
3.490423674080641649e+04
3.495170536747204460e+04
3.500825806970179110e+04
3.506967796130662464e+04
3.512545150641626242e+04
3.517509158711972123e+04
3.522160451244940487e+04
3.529186373988969717e+04
3.533933236655533256e+04
3.539588506878508633e+04
3.545730496038990532e+04
3.551307850549957948e+04
3.556271858620303101e+04
3.560923151153270737e+04
3.567949073897300696e+04
3.572695936563860596e+04
3.578351206786837429e+04
3.584493195947321510e+04
