-2.501549497649589000e+02
-6.407286898828854049e+00
-1.915259195805624870e+00
-3.204077229828449447e+00
-4.612662793505108993e-01
8.664254998996902657e+00
4.451455963721357989e-01
-2.476327371826007493e+02
-3.885074316181690079e+00
6.069533866420258050e-01
-6.818646476347396401e-01
2.060946302855690249e+00
1.118646758086813264e+01
2.967358178424632342e+00
-2.451105246002546778e+02
-1.362861733534511899e+00
3.129165969065070385e+00
1.840347934559023457e+00
4.583158885379504000e+00
1.370868016352225638e+01
5.489570760697645824e+00
-2.425883120178964418e+02
1.159350848190182859e+00
5.651378551512724613e+00
4.362560517234818747e+00
7.105371467903321303e+00
1.623089274617638011e+01
8.011783343702962412e+00
-2.400660994355443165e+02
3.681563430627651456e+00
8.173591133576476153e+00
6.884773098946553205e+00
9.627584049624839935e+00
1.875310532804767405e+01
1.053399592597601853e+01
-2.375438868531922196e+02
6.203776013065152029e+00
1.069580371564028098e+01
9.406985681910395414e+00
1.214979663214860750e+01
2.127531791070174805e+01
1.305620850802851152e+01
-2.350216742708400659e+02
8.725988594999517289e+00
1.321801629847179171e+01
1.192919826410415851e+01
1.467200921467243191e+01
2.379753049296446932e+01
1.557842109052214141e+01
-2.324994616884692391e+02
1.124820117722735802e+01
1.574022888053560720e+01
1.445141084629791095e+01
1.719422179719623855e+01
2.631974307524918544e+01
1.810063367257459177e+01
-2.299772491061171422e+02
1.377041375987452554e+01
1.826244146298326143e+01
1.697362342849167405e+01
