-3.299297094648268591e-01
-2.122933053066201614e-01
-3.343444666399468801e-01
-4.314263172514156142e-01
-3.545847251650475762e-01
-4.490574185084428294e-01
-6.171698063704615933e-01
-4.918576338534323966e-01
-3.698278680628149795e-01
-4.861049555980090919e-01
-5.760563020523508104e-01
-4.907712208431780354e-01
-5.755491749468161222e-01
-7.327946654482544453e-01
-5.955389260054887446e-01
-4.605998400717129515e-01
-5.631272312063295704e-01
-6.386273762844155710e-01
-5.383409783427188788e-01
-6.077304030414769631e-01
-7.493735055667570810e-01
-5.964841742950135473e-01
-4.460709717882500591e-01
-5.334809860647568014e-01
-5.944227060357953896e-01
-4.803421259371015717e-01
-5.369078573785081021e-01
-6.669025593391937345e-01
-5.037408068536938233e-01
-3.446247859689235415e-01
-4.250849487515357961e-01
-4.809994775994027583e-01
-3.639668137023317485e-01
-4.197870925462505731e-01
-5.513498742029848687e-01
-3.921483781285459713e-01
-2.394317084109930382e-01
-3.287423082784243777e-01
-3.959326018043823336e-01
-2.925351865273435048e-01
-3.642425253407918229e-01
-5.137936237210808388e-01
-3.744879894862844227e-01
-2.433384340953608227e-01
-3.556100096794009846e-01
-4.468390745530858577e-01
-3.682068627655044057e-01
-4.650234931514380943e-01
-6.396198652153225472e-01
-5.248676741036663040e-01
-4.173390129625484390e-01
-5.518527416178583556e-01
-6.635014765296114447e-01
-6.030334200166181935e-01
-7.153447903389269502e-01
-9.023801138599145677e-01
-7.966604177939234921e-01
-6.944505953935398157e-01
-8.303129286254391506e-01
-9.391404372742704343e-01
