-6.074787691167128578e+00
-7.326646985273523427e+00
-6.645256956682485949e+00
-7.628443704399748171e+00
-1.178384747477128514e+01
-9.985052475001007011e+00
-6.958860702700844669e+00
-7.105858068201531097e+00
-8.494681048542961577e+00
-7.948383927395886950e+00
-9.060408457379375946e+00
-1.333376590478183132e+01
-1.163726036363953042e+01
-8.692863907748634489e+00
-8.896389715848787461e+00
-1.031186908973987215e+01
-9.758029975562600100e+00
-1.082437631360742714e+01
-1.501047565575322196e+01
-1.318228146690655223e+01
-1.005959831542751992e+01
-1.003683388729820081e+01
-1.117744175735656498e+01
-1.030045080233710131e+01
-1.099657915620880644e+01
-1.476753905695597524e+01
-1.248235827082367777e+01
-8.864825945928263451e+00
-8.314206863584844953e+00
-8.899628439182176720e+00
-7.446537154534378367e+00
-7.552723479192420264e+00
-1.072752312308935707e+01
-7.848022103819072726e+00
-3.646375543733784141e+00
-2.530386451068341813e+00
-2.577751297623001037e+00
-6.223716597444077792e-01
-2.702336358607784206e-01
-3.038465556638459297e+00
1.885958907765949988e-01
4.672218658182282880e+00
5.998818781965844948e+00
6.085825232106479632e+00
8.095464886001835225e+00
8.418964158812636711e+00
5.537555307014388362e+00
8.566456126788484227e+00
1.276770975190174440e+01
1.372973539034792623e+01
1.337318080302222079e+01
1.486467543465638030e+01
1.460098124700154543e+01
1.106993010367918906e+01
1.339431755590741169e+01
1.684464113047603462e+01
1.701853559747062405e+01
1.584649786773461244e+01
1.650550245133543470e+01
1.540300668609394386e+01
