-2.253452666600460645e+02
-2.533269219795959657e+02
-2.778602067020497657e+02
-2.964646880250854792e+02
-3.111142374019618728e+02
-3.292068762176583618e+02
-4.527564460693864703e+02
-3.445155242086561884e+02
-3.491125259397834952e+02
-3.484145205270114616e+02
-3.404125477432061757e+02
-3.275836903326162428e+02
-3.178495449505347210e+02
-4.137560011057568659e+02
-2.785840424776858981e+02
-2.574748123423942161e+02
-2.327807679185884240e+02
-2.029399995647032711e+02
-1.708282419394544434e+02
-1.447084674873455299e+02
-2.274031890893321872e+02
-8.239936748821659762e+01
-5.496930569025344937e+01
-2.751945130733830069e+01
1.535767804712139029e+00
2.942054593604503765e+01
4.804489576541467244e+01
-4.517259584418547291e+01
8.658378816983362469e+01
9.839804535958361953e+01
1.082644887823832676e+02
1.182037822343051658e+02
1.258987108291393042e+02
1.237301224431701172e+02
9.588293870762942817e+00
1.207502513237935062e+02
1.127401215196174604e+02
1.039610718484200902e+02
9.680220205235247022e+01
8.926634207606652183e+01
7.399937815983152234e+01
-5.090349001257667538e+01
5.197607632442972658e+01
3.823808959488679449e+01
2.629605724132252931e+01
1.848542679306006420e+01
1.269454010003015654e+01
1.398608290854601144e+00
-1.175280381476535467e+02
-6.930968553608322757e+00
-1.150901007878803739e+01
-1.317359871661705029e+01
-9.931034129980956138e+00
-4.242009152945658279e+00
-3.978160387744621218e+00
-1.116006380360623211e+02
9.729520274575893524e+00
1.502592035770500090e+01
2.212439536870489576e+01
3.280656397905293176e+01
