1.737160107237504235e+03
1.609880963322708567e+03
1.485363663462153454e+03
1.696037288413466513e+03
1.843201983042554502e+03
1.828333254588301315e+03
1.797628636156782932e+03
1.820544577178458894e+03
1.693265433263602290e+03
1.568748133403143584e+03
1.779421758354668555e+03
1.926586452983496883e+03
1.911717724529329644e+03
1.881013106097851505e+03
1.903929047119411962e+03
1.776649903204494422e+03
1.652132603344224663e+03
1.862806228294886068e+03
2.009970922924511115e+03
1.995102194470267705e+03
1.964397576038921670e+03
1.987313517060715412e+03
1.860034373146209646e+03
1.735517073285308697e+03
1.946190698236088110e+03
2.093355392865576960e+03
2.078486664411207130e+03
2.047782045979880195e+03
2.070697987001558886e+03
1.943418843087013101e+03
1.818901543226295871e+03
2.029575168177287424e+03
2.176739862806641668e+03
2.161871134352493755e+03
2.131166515921060636e+03
2.154082456942622684e+03
2.026803313027907052e+03
1.902286013167379906e+03
2.112959638117508803e+03
2.260124332747707285e+03
2.245255604293522083e+03
2.214550985862018933e+03
2.237466926883574615e+03
2.110187782968799183e+03
1.985670483108281360e+03
2.196344108058706752e+03
2.343508802688722426e+03
2.328640074234372605e+03
2.297935455802979050e+03
2.320851396824770291e+03
2.193572252909692907e+03
2.069054953049317646e+03
2.279728577999908794e+03
2.426893272629788044e+03
2.412024544175399569e+03
2.381319925743924614e+03
2.404235866765722221e+03
2.276956722850497954e+03
2.152439422990352796e+03
2.363113047941109471e+03
