-2.807223778982233853e+03
-4.175335430792965781e+03
-4.263995313961620923e+03
-4.363528435105752578e+03
-4.399932175878764610e+03
-4.525271072971379908e+03
-4.636433582575704349e+03
-4.553614859949251695e+03
-5.728633451914487523e+03
-5.619943888028854417e+03
-5.525511044276434404e+03
-5.378841535189185379e+03
-5.339124284853623976e+03
-5.309745469007000793e+03
-5.116549805306411145e+03
-6.215963389668046148e+03
-6.069846482868571911e+03
-5.978247451040777378e+03
-5.875357182795061817e+03
-5.919618804713278223e+03
-6.012259072475339053e+03
-5.975613071563606354e+03
-7.261355559530045866e+03
-7.325504019644180516e+03
-7.461359927679932298e+03
-7.595681630376184330e+03
-7.879036694792357594e+03
-8.204592323718548869e+03
-8.386707114191416622e+03
-9.869428824423750484e+03
-1.010175451858732049e+04
-1.037081113536780322e+04
-1.059824194020337018e+04
-1.093073955643620502e+04
-1.125897801578569124e+04
-1.139630216377106990e+04
-1.278727552429973002e+04
-1.288294093630178395e+04
-1.297395153391925487e+04
-1.298685866605815681e+04
-1.307450017343185755e+04
-1.313474570081504135e+04
-1.298896300951560261e+04
-1.409031324928849426e+04
-1.389873737591402460e+04
-1.371379993689766343e+04
-1.347068598135669527e+04
-1.333030389599333648e+04
-1.319776015533777536e+04
-1.290057889210725261e+04
-1.389678252948250156e+04
-1.364970301583239780e+04
-1.346069606583225323e+04
-1.326505896320695683e+04
-1.322210797486957381e+04
-1.323368293916133553e+04
-1.312245176454871762e+04
-1.434012914969437043e+04
-1.434247541123185511e+04
-1.442224253766725815e+04
