1.013423002112658367e+01
9.377900111704118302e+00
8.459231771945912470e+00
6.413652380486846383e+00
5.855144671513607513e+00
9.670011398140045955e+00
1.062886615343520269e+01
8.680026862508215757e+00
7.778270176418340398e+00
6.728686738602329243e+00
4.568168063240914734e+00
3.912067107000916089e+00
7.647937775788632209e+00
8.547499812827874521e+00
6.560006178935030796e+00
5.640971813592940975e+00
4.596004450054635981e+00
2.462268951120621718e+00
1.855127978487439488e+00
5.661864951784717270e+00
6.653636418155408627e+00
4.778831557126450136e+00
3.991798240791922137e+00
3.096676752803598109e+00
1.128872944533396705e+00
7.017138201160691979e-01
4.700191541318445410e+00
5.892942856359829840e+00
4.225641405582253540e+00
3.649761897544230305e+00
2.966456683263922312e+00
1.208075790144120365e+00
9.848725636233701675e-01
5.178799953076723916e+00
6.555543402133945818e+00
5.057966685313459720e+00
4.634928533819629770e+00
4.085209413384177424e+00
2.439078367275878900e+00
2.305040968102395116e+00
6.563672383704044933e+00
7.979680586201149062e+00
6.495375240395580008e+00
6.059499456687530206e+00
5.471163280960721131e+00
3.761408526590694468e+00
3.539945877962107801e+00
7.688968356206705046e+00
8.975186462945330845e+00
7.343261022624194112e+00
6.744591581489633114e+00
5.981200084367191749e+00
4.087240439812868331e+00
3.675676043965661943e+00
7.632030603731313256e+00
8.726358905619996165e+00
6.906614930701447719e+00
6.127376570715595605e+00
5.193668047064933901e+00
3.142411974878777770e+00
