-9.183005239904268819e+03
-4.525910773820395661e+03
-4.507572520211791016e+03
-4.413630096448683616e+03
-4.479295859360672694e+03
-4.627404651546818059e+03
-4.636567322527909710e+03
-9.463585639398297644e+03
-4.806491173317255743e+03
-4.788152919703767111e+03
-4.694210495945816547e+03
-4.759876258856627828e+03
-4.907985051050425682e+03
-4.917147722027610143e+03
-9.744166038892270080e+03
-5.087071572805426513e+03
-5.068733319204668987e+03
-4.974790895442944930e+03
-5.040456658357141350e+03
-5.188565450537818833e+03
-5.197728121523015943e+03
-1.002474643838630436e+04
-5.367651972311327881e+03
-5.349313718688851623e+03
-5.255371294930369004e+03
-5.321037057838265355e+03
-5.469145850025913205e+03
-5.478308521005055809e+03
-1.030532683788030772e+04
-5.648232371803847855e+03
-5.629894118188625725e+03
-5.535951694437208971e+03
-5.601617457338775239e+03
-5.749726249521764657e+03
-5.758888920500469794e+03
-1.058590723737433655e+04
-5.928812771296361461e+03
-5.910474517688397100e+03
-5.816532093919326144e+03
-5.882197856829598095e+03
-6.030306649017611562e+03
-6.039469320000165681e+03
-1.086648763686831444e+04
-6.209393170797919993e+03
-6.191054917172585192e+03
-6.097112493416454527e+03
-6.162778256325553230e+03
-6.310887048513464833e+03
-6.320049719491280484e+03
-1.114706803636205950e+04
-6.489973570294780075e+03
-6.471635316672356566e+03
-6.377692892903884058e+03
-6.443358655816368810e+03
-6.591467448000859804e+03
-6.600630118990982737e+03
-1.142764843585605922e+04
-6.770553969782951754e+03
-6.752215716164332662e+03
-6.658273292410714930e+03
