6.235497113414857751e+01
6.408675782390103848e+01
6.365544792171404254e+01
6.358295148942580965e+01
6.397494651281468236e+01
6.464972208944593035e+01
6.302066682202861614e+01
6.394045673867338309e+01
6.567224342842834517e+01
6.524093352623906128e+01
6.516843709395200790e+01
6.556043211734156273e+01
6.623520769397208596e+01
6.460615242655461543e+01
6.552594234320253008e+01
6.725772903295047911e+01
6.682641913076406581e+01
6.675392269847763771e+01
6.714591772186847152e+01
6.782069329849726103e+01
6.619163803108065736e+01
6.711142794772305820e+01
6.884321463747998848e+01
6.841190473529083249e+01
6.833940830300517177e+01
6.873140332639538030e+01
6.940617890302729620e+01
6.777712363560668507e+01
6.869691355225003804e+01
7.042870024200513512e+01
6.999739033981586545e+01
6.992489390753078737e+01
7.031688893091892112e+01
7.099166450755249969e+01
6.936260924013099327e+01
7.028239915677696104e+01
7.201418584653032440e+01
7.158287594434567325e+01
7.151037951205735510e+01
7.190237453544581570e+01
7.257715011207864109e+01
7.094809484465878313e+01
7.186788476129970604e+01
7.359967145105979114e+01
7.316836154887070620e+01
7.309586511658393704e+01
7.348786013997269606e+01
7.416263571660481091e+01
7.253358044918662983e+01
7.345337036582667167e+01
7.518515705558499462e+01
7.475384715339744446e+01
7.468135072111053319e+01
7.507334574449626530e+01
7.574812132112901963e+01
7.411906605371268597e+01
7.503885597035362309e+01
7.677064266011234395e+01
7.633933275792072948e+01
7.626683632563572246e+01
