8.738833918904759912e+02
1.008130294947204447e+03
5.379706844899811813e+02
5.698835087628646079e+02
2.215348789547181241e+02
-1.296685956867336245e+02
8.471629966264181348e+02
8.144341324568677010e+02
9.070771582436913150e+02
3.916624057274532333e+02
3.752521306823045961e+02
-2.385559996106701419e+01
-4.275899104237000756e+02
4.956195986775087476e+02
4.088588007498524348e+02
4.477283004301389155e+02
-1.205588098275582070e+02
-1.883333303059239370e+02
-6.367340824231951046e+02
-1.087176453294883459e+03
-2.076286803368141136e+02
-3.345963893897559274e+02
-3.321214471917259061e+02
-9.326801622353646053e+02
-1.028333783254179480e+03
-1.499985293384249189e+03
-1.968839615869730778e+03
-1.102671046678303355e+03
-1.237798944553195270e+03
-1.238078262991215979e+03
-1.835790468355701933e+03
-1.922788270968145753e+03
-2.379748593195049125e+03
-2.827631247734903809e+03
-1.933947414916985508e+03
-2.034739126568071924e+03
-1.993576411972064761e+03
-2.542457609110484100e+03
-2.572966112439719836e+03
-2.965537712485328939e+03
-3.340935623713480709e+03
-2.366536813840714785e+03
-2.378330279909819183e+03
-2.239933293716994285e+03
-2.683510434583476126e+03
-2.600947964008321378e+03
-2.873136971753608123e+03
-3.121461678390456655e+03
-2.014095834032228822e+03
-1.888007246456247685e+03
-1.607975932293915321e+03
-1.907510283896477176e+03
-1.680013502040331105e+03
-1.808053555198145887e+03
-1.914833027933646008e+03
-6.704619287338368849e+02
-4.139337765519653658e+02
-1.211089907565838075e+01
-2.006039212546579620e+02
1.251015845285842261e+02
