1.076784051238954067e+06
1.083896990620997036e+06
1.091058189465558389e+06
1.097830168564558960e+06
1.104038073802981060e+06
1.111203606964607490e+06
1.118255764529698761e+06
1.124610549967927160e+06
1.131126951590798097e+06
1.137655726143438369e+06
1.143776064249842661e+06
1.149329085620751372e+06
1.155851459495225921e+06
1.162285865735701984e+06
1.168060467693864368e+06
1.174044693500504130e+06
1.180097869427605765e+06
1.185805783717809478e+06
1.191014129847795004e+06
1.197262124525703955e+06
1.203493014469010988e+06
1.209133640560265630e+06
1.215050352451645304e+06
1.221097812731627841e+06
1.226855763693555491e+06
1.232162699647931382e+06
1.238549733549820026e+06
1.244951365131498314e+06
1.250785312134457286e+06
1.256908690744128777e+06
1.263167077586039901e+06
1.269131519951486262e+06
1.274632431361529976e+06
1.281193656086305389e+06
1.287743405452954583e+06
1.293694224073300371e+06
1.299899269596270053e+06
1.306201436854356201e+06
1.312170392608082620e+06
1.317636458547743037e+06
1.324124627696903655e+06
1.330565419492277084e+06
1.336374734940353781e+06
1.342409999445829308e+06
1.348519128768540220e+06
1.354277389359117951e+06
1.359521096090991283e+06
1.365781438050060766e+06
1.371995143177958205e+06
1.377584148543114075e+06
1.383411568916922668e+06
1.389330503768262686e+06
1.394920758038036525e+06
1.400022423175672069e+06
1.406169611833513249e+06
1.412301058959395159e+06
1.417839757178427186e+06
1.423648919416389894e+06
1.429580808321586112e+06
1.435213506491750013e+06
