-7.600670578178773867e+05
-7.958378904457563767e+05
-8.053101483702282421e+05
-8.142453854454739485e+05
-8.237702837502243929e+05
-8.336551622740060557e+05
-8.435971054107364034e+05
-8.608033443063189043e+05
-8.965741769341969630e+05
-9.060464348586898996e+05
-9.149816719338963740e+05
-9.245065702386418125e+05
-9.343914487624270841e+05
-9.443333918991544051e+05
-9.615396307946959278e+05
-9.973104634226359194e+05
-1.006782721347117564e+06
-1.015717958422336145e+06
-1.025242856727097766e+06
-1.035127735250902828e+06
-1.045069678387603024e+06
-1.062275917283138493e+06
-1.098046749911074992e+06
-1.107519007835545344e+06
-1.116454244910775684e+06
-1.125979143215516582e+06
-1.135864021739322925e+06
-1.145805964876023354e+06
-1.163012203771587694e+06
-1.198783036399512785e+06
-1.208255294323996641e+06
-1.217190531399182277e+06
-1.226715429703950882e+06
-1.236600308227745118e+06
-1.246542251364457887e+06
-1.263748490260022692e+06
-1.299519322887911228e+06
-1.308991580812436063e+06
-1.317926817887620768e+06
-1.327451716192387510e+06
-1.337336594716167310e+06
-1.347278537852899171e+06
-1.364484776748473290e+06
-1.400255609376351815e+06
-1.409727867300852202e+06
-1.418663104376044357e+06
-1.428188002680822043e+06
-1.438072881204607198e+06
-1.448014824341333937e+06
-1.465221063236921094e+06
-1.500991895864791935e+06
-1.510464153789283475e+06
-1.519399390864494024e+06
-1.528924289169241907e+06
-1.538809167693009833e+06
-1.548751110829750774e+06
-1.565957349725356326e+06
-1.601728182353188982e+06
-1.611200440277709858e+06
-1.620135677352919942e+06
