-2.485867677663910217e+04
-2.518079861717757740e+04
-2.591660878260554091e+04
-5.615271960078875418e+04
-2.499888779309894016e+04
-2.450718945693701971e+04
-2.545916555741780394e+04
-2.631147335552161894e+04
-2.663359519603126682e+04
-2.736940536145697479e+04
-5.760551617962981982e+04
-2.645168437193028876e+04
-2.595998603581596399e+04
-2.691196213618028196e+04
-2.776426993434321412e+04
-2.808639177488493442e+04
-2.882220194033556254e+04
-5.905831275847104553e+04
-2.790448095082564032e+04
-2.741278261459724672e+04
-2.836475871504301904e+04
-2.921706651319927187e+04
-2.953918835373858383e+04
-3.027499851915983891e+04
-6.051110933731534169e+04
-2.935727752968403365e+04
-2.886557919347620918e+04
-2.981755529384480906e+04
-3.066986309202084522e+04
-3.099198493253887500e+04
-3.172779509803843030e+04
-6.196390591615648009e+04
-3.081007410848832660e+04
-3.031837577230630995e+04
-3.127035187276844590e+04
-3.212265967090337654e+04
-3.244478151144142976e+04
-3.318059167691703624e+04
-6.341670249499763304e+04
-3.226287068731965337e+04
-3.177117235113910283e+04
-3.272314845157027594e+04
-3.357545624966401374e+04
-3.389757809024619200e+04
-3.463338825576848467e+04
-6.486949907384196558e+04
-3.371566726612396451e+04
-3.322396892996924726e+04
-3.417594503037206596e+04
-3.502825282854656689e+04
-3.535037466909988143e+04
-3.608618483453234512e+04
-6.632229565268308215e+04
-3.516846384498236876e+04
-3.467676550884816970e+04
-3.562874160925640172e+04
-3.648104940740260645e+04
-3.680317124795353448e+04
-3.753898141338377900e+04
-6.777509223152429331e+04
