-9.899686302298259761e+02
-7.921852101453619071e+02
-1.185599922776029644e+03
-1.291400066382365367e+03
-2.629100379520680690e+03
-3.929391937763567512e+03
-1.504194412573009231e+03
5.594206003893250454e+02
1.197607210821795434e+03
1.234788627307151728e+03
1.541921795240907613e+03
5.916855182989829700e+02
-3.541996059515950037e+02
2.385143863681916173e+03
4.715988720784483121e+03
5.568533252844316848e+03
5.762084157906008841e+03
6.163444334535314738e+03
5.242204767889291361e+03
4.258146267844724207e+03
6.891412291110184015e+03
9.048779683061038668e+03
9.662194601118426363e+03
9.553934471022457728e+03
9.594948412103845840e+03
8.260076313564966767e+03
6.815353875290521501e+03
8.948066962837270694e+03
1.057288473890483692e+04
1.063024190373368037e+04
9.951334335536554136e+03
9.416284292071961318e+03
7.509179274476652608e+03
5.505195885246813305e+03
7.100476050282450160e+03
8.218088993103299799e+03
7.806253030800115084e+03
6.703184943869888230e+03
5.795136183922798409e+03
3.571322694954077178e+03
1.310961865395426230e+03
2.713085630217232392e+03
3.702464190082275763e+03
3.227814907513841263e+03
2.126664028703168697e+03
1.283419808635199388e+03
-8.156374292699833859e+02
-2.895236546279610593e+03
-1.261201368495926090e+03
5.590831918335879891e+00
-1.524502632122562318e+02
-9.046243242509267475e+02
-1.373718219434195362e+03
-3.080863368921156507e+03
-4.758264356036474965e+03
-2.719135428125587168e+03
-1.051516313673525474e+03
-8.197987851314032923e+02
-1.199602256614906310e+03
-1.319445583744374289e+03
