1.606387667896429228e-01
1.998320180504042920e-01
1.690185842768549829e-01
1.723242048367903401e-01
2.166183663275426385e-01
2.601536611631494189e-01
1.779592809398060083e-01
1.792976170344629250e-01
2.134776441571342720e-01
1.773675416049655673e-01
1.752219417505944399e-01
2.140450317753793130e-01
2.522259754325198999e-01
1.649284253952776891e-01
1.615432173139946803e-01
1.914980367394688021e-01
1.517666225169277683e-01
1.466929952858871955e-01
1.833520236300170414e-01
2.201828661652298069e-01
1.323771146518094022e-01
1.293307653278835956e-01
1.604538263638653484e-01
1.226801221211776677e-01
1.202927605292190005e-01
1.602865352399161225e-01
2.010037427645039732e-01
1.175251662602335156e-01
1.191252667118196107e-01
1.550852925865783827e-01
1.222067643854471974e-01
1.246406918571474481e-01
1.692536859199499366e-01
2.142673380553897777e-01
1.346525167069858031e-01
1.395875275740945665e-01
1.782737659614153092e-01
1.474512479868574366e-01
1.512293240011565731e-01
1.964536985137717851e-01
2.413461092574221145e-01
1.608983128306002430e-01
1.643293396291117259e-01
2.008996793317323060e-01
1.674248329722375084e-01
1.681035986927317538e-01
2.098822917033319746e-01
2.510913374173622814e-01
1.668359789888352318e-01
1.664501603572210719e-01
1.993073461053604112e-01
1.623308128699131048e-01
1.598188738732114200e-01
1.988063245762004827e-01
2.376986263932932553e-01
1.516606359432913498e-01
1.500689936338408526e-01
1.823219705956048708e-01
1.453493304941680941e-01
1.434376731635300106e-01
