0.000000000000000000e+00
0.000000000000000000e+00
0.000000000000000000e+00
0.000000000000000000e+00
0.000000000000000000e+00
0.000000000000000000e+00
0.000000000000000000e+00
0.000000000000000000e+00
0.000000000000000000e+00
0.000000000000000000e+00
0.000000000000000000e+00
0.000000000000000000e+00
0.000000000000000000e+00
0.000000000000000000e+00
0.000000000000000000e+00
0.000000000000000000e+00
0.000000000000000000e+00
0.000000000000000000e+00
0.000000000000000000e+00
0.000000000000000000e+00
0.000000000000000000e+00
0.000000000000000000e+00
1.000000000000000000e+00
1.000000000000000000e+00
1.000000000000000000e+00
1.000000000000000000e+00
1.000000000000000000e+00
1.200000000000000000e+01
1.200000000000000000e+01
1.200000000000000000e+01
1.400000000000000000e+01
1.400000000000000000e+01
1.400000000000000000e+01
1.400000000000000000e+01
1.400000000000000000e+01
1.500000000000000000e+01
1.600000000000000000e+01
1.600000000000000000e+01
1.600000000000000000e+01
1.600000000000000000e+01
1.600000000000000000e+01
1.600000000000000000e+01
1.600000000000000000e+01
1.600000000000000000e+01
1.700000000000000000e+01
1.800000000000000000e+01
1.800000000000000000e+01
1.800000000000000000e+01
1.800000000000000000e+01
2.500000000000000000e+01
2.500000000000000000e+01
4.600000000000000000e+01
4.600000000000000000e+01
4.600000000000000000e+01
6.700000000000000000e+01
6.700000000000000000e+01
1.050000000000000000e+02
1.130000000000000000e+02
1.800000000000000000e+02
2.330000000000000000e+02
2.660000000000000000e+02
2.660000000000000000e+02
3.243000000000000000e+03
3.547000000000000000e+03
5.673000000000000000e+03
6.658000000000000000e+03
8.481000000000000000e+03
9.211000000000000000e+03
1.350000000000000000e+04
1.610000000000000000e+04
1.870000000000000000e+04
2.244000000000000000e+04
2.457500000000000000e+04
2.640000000000000000e+04
2.870000000000000000e+04
2.870000000000000000e+04
3.608100000000000000e+04
4.630000000000000000e+04
5.240700000000000000e+04
5.391300000000000000e+04
5.740000000000000000e+04
6.030000000000000000e+04
6.430000000000000000e+04
6.820000000000000000e+04
7.260000000000000000e+04
7.700000000000000000e+04
8.311400000000000000e+04
8.540000000000000000e+04
8.800000000000000000e+04
9.150000000000000000e+04
9.520000000000000000e+04
9.940000000000000000e+04
1.033000000000000000e+05
1.098000000000000000e+05
1.098000000000000000e+05
1.120000000000000000e+05
1.145000000000000000e+05
1.174000000000000000e+05
1.204000000000000000e+05
1.235000000000000000e+05
1.269000000000000000e+05
1.290000000000000000e+05
1.306000000000000000e+05
1.327000000000000000e+05
1.351000000000000000e+05
1.399000000000000000e+05
1.417000000000000000e+05
1.417000000000000000e+05
1.433000000000000000e+05
1.444000000000000000e+05
1.456170000000000000e+05
1.472000000000000000e+05
1.487000000000000000e+05
1.503000000000000000e+05
1.515970000000000000e+05
1.526000000000000000e+05
1.540110000000000000e+05
1.550410000000000000e+05
1.556810000000000000e+05
1.569660000000000000e+05
1.580870000000000000e+05
1.590640000000000000e+05
1.597160000000000000e+05
1.602810000000000000e+05
1.611990000000000000e+05
1.619670000000000000e+05
1.628200000000000000e+05
1.633600000000000000e+05
1.642450000000000000e+05
1.649080000000000000e+05
1.653520000000000000e+05
1.656320000000000000e+05
1.666090000000000000e+05
1.674530000000000000e+05
1.679090000000000000e+05
1.684800000000000000e+05
1.689580000000000000e+05
1.692240000000000000e+05
1.695560000000000000e+05
1.701290000000000000e+05
1.706300000000000000e+05
1.709610000000000000e+05
1.715350000000000000e+05
1.719700000000000000e+05
1.720890000000000000e+05
1.726920000000000000e+05
1.728420000000000000e+05
1.735990000000000000e+05
1.738470000000000000e+05
1.739720000000000000e+05
1.746090000000000000e+05
1.747400000000000000e+05
1.751430000000000000e+05
1.758250000000000000e+05
1.764220000000000000e+05
1.767640000000000000e+05
1.771490000000000000e+05
1.775180000000000000e+05
1.776570000000000000e+05
1.777700000000000000e+05
1.781000000000000000e+05
1.791000000000000000e+05
1.798000000000000000e+05
1.803000000000000000e+05
1.810000000000000000e+05
1.817190000000000000e+05
1.821600000000000000e+05
1.826610000000000000e+05
1.831530000000000000e+05
1.837280000000000000e+05
1.840280000000000000e+05
1.842660000000000000e+05
1.844140000000000000e+05
1.851000000000000000e+05
1.851000000000000000e+05
1.860000000000000000e+05
1.864000000000000000e+05
1.869000000000000000e+05
1.872000000000000000e+05
1.874000000000000000e+05
1.880700000000000000e+05
1.882210000000000000e+05
1.886280000000000000e+05
1.891400000000000000e+05
1.896960000000000000e+05
1.899190000000000000e+05
1.900550000000000000e+05
1.903140000000000000e+05
1.907110000000000000e+05
1.912790000000000000e+05
1.915510000000000000e+05
1.919920000000000000e+05
1.926360000000000000e+05
1.929080000000000000e+05
1.935940000000000000e+05
1.941730000000000000e+05
1.945680000000000000e+05
1.952810000000000000e+05
1.959350000000000000e+05
1.965500000000000000e+05
1.967830000000000000e+05
1.973820000000000000e+05
1.983470000000000000e+05
1.989910000000000000e+05
1.996540000000000000e+05
2.004400000000000000e+05
2.007560000000000000e+05
2.011870000000000000e+05
2.022490000000000000e+05
2.036770000000000000e+05
2.044540000000000000e+05
2.053590000000000000e+05
2.066560000000000000e+05
2.076060000000000000e+05
2.079850000000000000e+05
2.086530000000000000e+05
2.103330000000000000e+05
2.116910000000000000e+05
2.129090000000000000e+05
2.141860000000000000e+05
2.147900000000000000e+05
2.152830000000000000e+05
2.167950000000000000e+05
2.184030000000000000e+05
2.199040000000000000e+05
2.215250000000000000e+05
2.228020000000000000e+05
2.235700000000000000e+05
2.242150000000000000e+05
2.257040000000000000e+05
2.273790000000000000e+05
2.287840000000000000e+05
2.302830000000000000e+05
2.313490000000000000e+05
2.319530000000000000e+05
2.325410000000000000e+05
2.340170000000000000e+05
2.351120000000000000e+05
2.366230000000000000e+05
2.384370000000000000e+05
2.396540000000000000e+05
2.405100000000000000e+05
2.411920000000000000e+05
2.426560000000000000e+05
2.446930000000000000e+05
2.457060000000000000e+05
2.477660000000000000e+05
2.491640000000000000e+05
2.501040000000000000e+05
2.508660000000000000e+05
2.526930000000000000e+05
2.552120000000000000e+05
2.568610000000000000e+05
2.582200000000000000e+05
2.597220000000000000e+05
2.609160000000000000e+05
2.620020000000000000e+05
2.656240000000000000e+05
2.677470000000000000e+05
2.697220000000000000e+05
2.719600000000000000e+05
2.737180000000000000e+05
2.749340000000000000e+05
2.769830000000000000e+05
2.783910000000000000e+05
2.805330000000000000e+05
2.836560000000000000e+05
2.861370000000000000e+05
2.890270000000000000e+05
2.911290000000000000e+05
2.934470000000000000e+05
2.966720000000000000e+05
2.997430000000000000e+05
3.041730000000000000e+05
3.087790000000000000e+05
3.123470000000000000e+05
3.161240000000000000e+05
3.200040000000000000e+05
3.250520000000000000e+05
3.276970000000000000e+05
3.367640000000000000e+05
3.404360000000000000e+05
3.519210000000000000e+05
3.564100000000000000e+05
3.635450000000000000e+05
3.724990000000000000e+05
3.733910000000000000e+05
3.840120000000000000e+05
3.946160000000000000e+05
4.058090000000000000e+05
4.134840000000000000e+05
4.211510000000000000e+05
4.436210000000000000e+05
4.464020000000000000e+05
4.605040000000000000e+05
4.742080000000000000e+05
4.879130000000000000e+05
4.989960000000000000e+05
5.057140000000000000e+05
5.223130000000000000e+05
5.373470000000000000e+05
5.542720000000000000e+05
5.709610000000000000e+05
5.877800000000000000e+05
6.009910000000000000e+05
6.116270000000000000e+05
6.303750000000000000e+05
6.490700000000000000e+05
6.663730000000000000e+05
6.855370000000000000e+05
7.052130000000000000e+05
7.186040000000000000e+05
7.307970000000000000e+05
7.492190000000000000e+05
7.693800000000000000e+05
7.895640000000000000e+05
8.110910000000000000e+05
8.319350000000000000e+05
8.525800000000000000e+05
8.682850000000000000e+05
8.887010000000000000e+05
9.090580000000000000e+05
9.292720000000000000e+05
9.499130000000000000e+05
9.662380000000000000e+05
9.759310000000000000e+05
9.907070000000000000e+05
1.012077000000000000e+06
1.031721000000000000e+06
1.056477000000000000e+06
1.078944000000000000e+06
1.095982000000000000e+06
1.107115000000000000e+06
1.123725000000000000e+06
1.147943000000000000e+06
1.171444000000000000e+06
1.197472000000000000e+06
1.220277000000000000e+06
1.235968000000000000e+06
1.253285000000000000e+06
1.272032000000000000e+06
1.294932000000000000e+06
1.319757000000000000e+06
1.345952000000000000e+06
1.350708000000000000e+06
1.388744000000000000e+06
1.400810000000000000e+06
1.422151000000000000e+06
1.445442000000000000e+06
1.472311000000000000e+06
1.496182000000000000e+06
1.517019000000000000e+06
1.533143000000000000e+06
1.546206000000000000e+06
1.566907000000000000e+06
1.590171000000000000e+06
1.616761000000000000e+06
1.640682000000000000e+06
1.661394000000000000e+06
1.664176000000000000e+06
1.680479000000000000e+06
1.709540000000000000e+06
1.713196000000000000e+06
1.757713000000000000e+06
1.778319000000000000e+06
1.797648000000000000e+06
1.813894000000000000e+06
1.826161000000000000e+06
1.840970000000000000e+06
1.859936000000000000e+06
1.881933000000000000e+06
1.881933000000000000e+06
1.915501000000000000e+06
1.917964000000000000e+06
1.938929000000000000e+06
1.940046000000000000e+06
1.967132000000000000e+06
1.986214000000000000e+06
2.003831000000000000e+06
2.020303000000000000e+06
2.033168000000000000e+06
2.041988000000000000e+06
2.052656000000000000e+06
2.054340000000000000e+06
2.081966000000000000e+06
2.096775000000000000e+06
2.109508000000000000e+06
2.120342000000000000e+06
2.128002000000000000e+06
2.136933000000000000e+06
2.148269000000000000e+06
2.161100000000000000e+06
2.172312000000000000e+06
2.182370000000000000e+06
2.191208000000000000e+06
2.197065000000000000e+06
2.204110000000000000e+06
2.212439000000000000e+06
2.221972000000000000e+06
2.231073000000000000e+06
2.232050000000000000e+06
2.247173000000000000e+06
2.252970000000000000e+06
2.259548000000000000e+06
2.260719000000000000e+06
2.277626000000000000e+06
2.286728000000000000e+06
2.295405000000000000e+06
2.302899000000000000e+06
2.308094000000000000e+06
2.314400000000000000e+06
2.322734000000000000e+06
2.331890000000000000e+06
2.340473000000000000e+06
2.349384000000000000e+06
2.356590000000000000e+06
2.357374000000000000e+06
2.368995000000000000e+06
2.377584000000000000e+06
2.387232000000000000e+06
2.387743000000000000e+06
2.405600000000000000e+06
2.413584000000000000e+06
2.419292000000000000e+06
2.426700000000000000e+06
2.437183000000000000e+06
2.448828000000000000e+06
2.460019000000000000e+06
2.471558000000000000e+06
2.481908000000000000e+06
2.489198000000000000e+06
2.499010000000000000e+06
2.511417000000000000e+06
2.525580000000000000e+06
2.539660000000000000e+06
2.552020000000000000e+06
2.566530000000000000e+06
2.575740000000000000e+06
2.585850000000000000e+06
2.587580000000000000e+06
2.604890000000000000e+06
2.638320000000000000e+06
2.640300000000000000e+06
2.654930000000000000e+06
2.668910000000000000e+06
2.692230000000000000e+06
2.708320000000000000e+06
2.726910000000000000e+06
2.744940000000000000e+06
2.747460000000000000e+06
2.763260000000000000e+06
2.784540000000000000e+06
2.795080000000000000e+06
2.811890000000000000e+06
2.831440000000000000e+06
2.852890000000000000e+06
2.856510000000000000e+06
2.876690000000000000e+06
2.902900000000000000e+06
2.917730000000000000e+06
2.939900000000000000e+06
2.960900000000000000e+06
2.966590000000000000e+06
2.987910000000000000e+06
3.008640000000000000e+06
3.025120000000000000e+06
3.051730000000000000e+06
3.053770000000000000e+06
3.075230000000000000e+06
3.118660000000000000e+06
3.140330000000000000e+06
3.142640000000000000e+06
3.160630000000000000e+06
3.187100000000000000e+06
3.188710000000000000e+06
3.231090000000000000e+06
3.233630000000000000e+06
3.268190000000000000e+06
3.284300000000000000e+06
3.292700000000000000e+06
3.306260000000000000e+06
3.323190000000000000e+06
3.342350000000000000e+06
3.359530000000000000e+06
3.376100000000000000e+06
3.390400000000000000e+06
3.398700000000000000e+06
3.410040000000000000e+06
3.425380000000000000e+06
3.439570000000000000e+06
3.452290000000000000e+06
3.463130000000000000e+06
3.472650000000000000e+06
3.479700000000000000e+06
3.487850000000000000e+06
3.498580000000000000e+06
3.509660000000000000e+06
3.518860000000000000e+06
3.526110000000000000e+06
3.533860000000000000e+06
3.538290000000000000e+06
3.542000000000000000e+06
3.549820000000000000e+06
3.557840000000000000e+06
3.563140000000000000e+06
3.568460000000000000e+06
3.574000000000000000e+06
3.577840000000000000e+06
3.581340000000000000e+06
3.585660000000000000e+06
3.590610000000000000e+06
3.593730000000000000e+06
3.597940000000000000e+06
3.600360000000000000e+06
3.602150000000000000e+06
3.604050000000000000e+06
3.606150000000000000e+06
3.609310000000000000e+06
3.612840000000000000e+06
3.616140000000000000e+06
3.617470000000000000e+06
3.618510000000000000e+06
3.619010000000000000e+06
3.620830000000000000e+06
3.622220000000000000e+06
3.623800000000000000e+06
3.625010000000000000e+06
3.625740000000000000e+06
3.626610000000000000e+06
3.627520000000000000e+06
3.628600000000000000e+06
3.628910000000000000e+06
3.630340000000000000e+06
3.631310000000000000e+06
3.632230000000000000e+06
3.632330000000000000e+06
3.632930000000000000e+06
3.633520000000000000e+06
3.634550000000000000e+06
3.635420000000000000e+06
3.636120000000000000e+06
3.636960000000000000e+06
3.637480000000000000e+06
3.638720000000000000e+06
3.639640000000000000e+06
3.640270000000000000e+06
3.641100000000000000e+06
3.642010000000000000e+06
3.642120000000000000e+06
3.643350000000000000e+06
3.644560000000000000e+06
3.645870000000000000e+06
3.647240000000000000e+06
3.653990000000000000e+06
3.649670000000000000e+06
3.652400000000000000e+06
3.653150000000000000e+06
3.654720000000000000e+06
3.654950000000000000e+06
3.658150000000000000e+06
3.659260000000000000e+06
0.000000000000000000e+00
0.000000000000000000e+00
0.000000000000000000e+00
0.000000000000000000e+00
0.000000000000000000e+00
0.000000000000000000e+00
0.000000000000000000e+00
0.000000000000000000e+00
0.000000000000000000e+00
0.000000000000000000e+00
0.000000000000000000e+00
0.000000000000000000e+00
0.000000000000000000e+00
0.000000000000000000e+00
0.000000000000000000e+00
