0.000000000000000000e+00
0.000000000000000000e+00
0.000000000000000000e+00
0.000000000000000000e+00
0.000000000000000000e+00
1.000000000000000000e+00
3.000000000000000000e+00
0.000000000000000000e+00
0.000000000000000000e+00
1.000000000000000000e+00
3.000000000000000000e+00
2.000000000000000000e+00
2.000000000000000000e+00
0.000000000000000000e+00
0.000000000000000000e+00
0.000000000000000000e+00
1.000000000000000000e+00
0.000000000000000000e+00
1.000000000000000000e+00
0.000000000000000000e+00
2.000000000000000000e+00
0.000000000000000000e+00
0.000000000000000000e+00
0.000000000000000000e+00
0.000000000000000000e+00
0.000000000000000000e+00
0.000000000000000000e+00
0.000000000000000000e+00
0.000000000000000000e+00
0.000000000000000000e+00
0.000000000000000000e+00
0.000000000000000000e+00
0.000000000000000000e+00
0.000000000000000000e+00
1.000000000000000000e+00
1.000000000000000000e+01
1.900000000000000000e+01
2.000000000000000000e+00
3.100000000000000000e+01
5.100000000000000000e+01
2.900000000000000000e+01
3.700000000000000000e+01
6.600000000000000000e+01
2.200000000000000000e+02
1.880000000000000000e+02
1.290000000000000000e+02
2.410000000000000000e+02
1.360000000000000000e+02
2.810000000000000000e+02
4.510000000000000000e+02
1.700000000000000000e+02
1.597000000000000000e+03
9.100000000000000000e+02
1.210000000000000000e+03
1.477000000000000000e+03
1.985000000000000000e+03
3.070000000000000000e+03
2.993000000000000000e+03
4.528000000000000000e+03
2.365000000000000000e+03
2.660000000000000000e+03
4.183000000000000000e+03
3.930000000000000000e+03
4.337000000000000000e+03
6.615000000000000000e+03
6.933000000000000000e+03
6.824000000000000000e+03
4.400000000000000000e+03
4.790000000000000000e+03
4.923000000000000000e+03
6.064000000000000000e+03
6.922000000000000000e+03
6.365000000000000000e+03
4.933000000000000000e+03
4.031000000000000000e+03
3.251000000000000000e+03
4.289000000000000000e+03
5.633000000000000000e+03
4.885000000000000000e+03
3.990000000000000000e+03
2.737000000000000000e+03
2.946000000000000000e+03
2.218000000000000000e+03
1.287000000000000000e+03
3.394000000000000000e+03
2.945000000000000000e+03
3.699000000000000000e+03
1.945000000000000000e+03
1.842000000000000000e+03
1.881000000000000000e+03
1.226000000000000000e+03
2.357000000000000000e+03
2.481000000000000000e+03
1.870000000000000000e+03
1.514000000000000000e+03
1.257000000000000000e+03
9.880000000000000000e+02
1.154000000000000000e+03
1.627000000000000000e+03
1.470000000000000000e+03
1.068000000000000000e+03
8.900000000000000000e+02
6.970000000000000000e+02
4.880000000000000000e+02
8.550000000000000000e+02
1.155000000000000000e+03
1.268000000000000000e+03
1.158000000000000000e+03
7.360000000000000000e+02
5.550000000000000000e+02
6.970000000000000000e+02
5.950000000000000000e+02
9.270000000000000000e+02
3.800000000000000000e+02
7.550000000000000000e+02
5.190000000000000000e+02
6.170000000000000000e+02
1.820000000000000000e+02
1.227000000000000000e+03
6.950000000000000000e+02
5.480000000000000000e+02
6.890000000000000000e+02
2.760000000000000000e+02
3.420000000000000000e+02
2.720000000000000000e+02
6.000000000000000000e+02
3.240000000000000000e+02
6.720000000000000000e+02
7.260000000000000000e+02
2.670000000000000000e+02
2.210000000000000000e+02
1.840000000000000000e+02
2.850000000000000000e+02
2.420000000000000000e+02
3.510000000000000000e+02
4.520000000000000000e+02
5.260000000000000000e+02
3.000000000000000000e+02
3.590000000000000000e+02
3.970000000000000000e+02
1.600000000000000000e+01
1.690000000000000000e+02
5.350000000000000000e+02
4.100000000000000000e+01
2.510000000000000000e+02
1.640000000000000000e+02
5.700000000000000000e+02
3.520000000000000000e+02
1.213000000000000000e+03
4.820000000000000000e+02
3.710000000000000000e+02
6.020000000000000000e+02
4.960000000000000000e+02
7.120000000000000000e+02
3.910000000000000000e+02
5.000000000000000000e+02
6.650000000000000000e+02
4.220000000000000000e+02
2.350000000000000000e+02
3.490000000000000000e+02
3.760000000000000000e+02
4.750000000000000000e+02
4.770000000000000000e+02
4.100000000000000000e+02
4.180000000000000000e+02
3.250000000000000000e+02
5.410000000000000000e+02
2.790000000000000000e+02
3.560000000000000000e+02
3.020000000000000000e+02
3.310000000000000000e+02
3.770000000000000000e+02
2.100000000000000000e+02
2.610000000000000000e+02
2.760000000000000000e+02
4.340000000000000000e+02
5.600000000000000000e+02
5.950000000000000000e+02
3.810000000000000000e+02
3.090000000000000000e+02
5.900000000000000000e+02
3.920000000000000000e+02
5.590000000000000000e+02
6.050000000000000000e+02
7.420000000000000000e+02
6.550000000000000000e+02
3.890000000000000000e+02
4.450000000000000000e+02
5.950000000000000000e+02
8.390000000000000000e+02
9.890000000000000000e+02
8.640000000000000000e+02
6.060000000000000000e+02
2.150000000000000000e+02
8.910000000000000000e+02
7.170000000000000000e+02
1.285000000000000000e+03
9.260000000000000000e+02
1.157000000000000000e+03
7.070000000000000000e+02
3.850000000000000000e+02
1.220000000000000000e+03
1.032000000000000000e+03
1.319000000000000000e+03
1.422000000000000000e+03
1.510000000000000000e+03
6.970000000000000000e+02
5.190000000000000000e+02
1.693000000000000000e+03
1.420000000000000000e+03
1.586000000000000000e+03
1.586000000000000000e+03
1.737000000000000000e+03
8.320000000000000000e+02
6.330000000000000000e+02
1.628000000000000000e+03
1.461000000000000000e+03
1.427000000000000000e+03
1.561000000000000000e+03
1.555000000000000000e+03
7.090000000000000000e+02
4.700000000000000000e+02
1.497000000000000000e+03
1.213000000000000000e+03
1.396000000000000000e+03
1.429000000000000000e+03
1.443000000000000000e+03
7.750000000000000000e+02
6.700000000000000000e+02
1.898000000000000000e+03
1.331000000000000000e+03
1.476000000000000000e+03
1.716000000000000000e+03
1.586000000000000000e+03
1.082000000000000000e+03
9.200000000000000000e+02
1.485000000000000000e+03
1.792000000000000000e+03
1.855000000000000000e+03
2.179000000000000000e+03
2.199000000000000000e+03
1.685000000000000000e+03
1.033000000000000000e+03
1.595000000000000000e+03
1.852000000000000000e+03
1.613000000000000000e+03
2.321000000000000000e+03
2.366000000000000000e+03
1.314000000000000000e+03
1.313000000000000000e+03
2.292000000000000000e+03
1.840000000000000000e+03
2.442000000000000000e+03
2.626000000000000000e+03
2.835000000000000000e+03
1.653000000000000000e+03
1.546000000000000000e+03
3.100000000000000000e+03
2.454000000000000000e+03
4.010000000000000000e+03
4.804000000000000000e+03
4.554000000000000000e+03
2.968000000000000000e+03
2.846000000000000000e+03
6.541000000000000000e+03
4.464000000000000000e+03
7.173000000000000000e+03
7.620000000000000000e+03
7.695000000000000000e+03
4.862000000000000000e+03
4.007000000000000000e+03
8.397000000000000000e+03
8.523000000000000000e+03
1.233100000000000000e+04
5.952000000000000000e+03
1.347600000000000000e+04
1.045800000000000000e+04
9.890000000000000000e+03
1.256000000000000000e+04
1.316100000000000000e+04
1.620200000000000000e+04
1.873300000000000000e+04
1.938200000000000000e+04
1.405400000000000000e+04
1.255600000000000000e+04
2.525200000000000000e+04
7.533000000000000000e+03
3.148000000000000000e+04
2.256100000000000000e+04
2.282000000000000000e+04
1.412200000000000000e+04
1.451000000000000000e+04
6.522000000000000000e+03
2.654700000000000000e+04
2.240100000000000000e+04
2.473800000000000000e+04
2.226100000000000000e+04
1.464000000000000000e+04
3.213000000000000000e+03
1.458000000000000000e+04
2.623100000000000000e+04
2.372700000000000000e+04
2.404100000000000000e+04
2.259300000000000000e+04
1.387200000000000000e+04
4.377000000000000000e+03
1.445500000000000000e+04
1.637000000000000000e+04
3.268700000000000000e+04
2.195100000000000000e+04
2.081900000000000000e+04
1.384500000000000000e+04
3.197000000000000000e+03
1.422100000000000000e+04
2.476600000000000000e+04
2.327500000000000000e+04
2.359100000000000000e+04
1.597000000000000000e+04
2.612600000000000000e+04
1.091000000000000000e+04
5.456000000000000000e+03
2.926300000000000000e+04
2.508900000000000000e+04
3.273400000000000000e+04
2.721700000000000000e+04
2.179200000000000000e+04
1.470900000000000000e+04
6.451000000000000000e+03
3.382500000000000000e+04
3.274400000000000000e+04
3.017900000000000000e+04
3.283000000000000000e+04
2.167900000000000000e+04
6.444000000000000000e+03
1.925600000000000000e+04
3.615300000000000000e+04
3.375800000000000000e+04
2.646700000000000000e+04
2.140000000000000000e+03
1.350400000000000000e+04
1.239900000000000000e+04
1.400400000000000000e+04
1.911200000000000000e+04
3.194100000000000000e+04
2.323300000000000000e+04
1.557500000000000000e+04
1.103600000000000000e+04
1.035600000000000000e+04
1.232000000000000000e+04
1.834900000000000000e+04
2.666300000000000000e+04
4.533300000000000000e+04
1.907700000000000000e+04
2.282400000000000000e+04
9.480000000000000000e+02
1.170600000000000000e+04
2.721000000000000000e+04
2.556600000000000000e+04
2.134300000000000000e+04
8.593000000000000000e+03
1.481700000000000000e+04
1.148400000000000000e+04
9.253000000000000000e+03
1.223300000000000000e+04
2.900300000000000000e+04
8.277000000000000000e+03
1.636600000000000000e+04
1.243000000000000000e+04
1.007800000000000000e+04
6.887000000000000000e+03
9.387000000000000000e+03
1.563600000000000000e+04
1.488300000000000000e+04
1.283100000000000000e+04
1.751800000000000000e+04
7.480000000000000000e+02
6.668000000000000000e+03
7.690000000000000000e+03
1.248700000000000000e+04
1.303200000000000000e+04
1.083500000000000000e+04
8.632000000000000000e+03
6.670000000000000000e+03
4.650000000000000000e+03
5.728000000000000000e+03
9.246000000000000000e+03
9.928000000000000000e+03
9.197000000000000000e+03
6.484000000000000000e+03
4.838000000000000000e+03
5.132000000000000000e+03
5.890000000000000000e+03
9.598000000000000000e+03
9.845000000000000000e+03
9.050000000000000000e+03
7.162000000000000000e+03
6.094000000000000000e+03
4.984000000000000000e+03
5.764000000000000000e+03
1.077400000000000000e+04
1.103200000000000000e+04
9.437000000000000000e+03
7.671000000000000000e+03
6.118000000000000000e+03
5.274000000000000000e+03
6.492000000000000000e+03
1.085200000000000000e+04
1.139300000000000000e+04
9.581000000000000000e+03
8.264000000000000000e+03
6.504000000000000000e+03
5.129000000000000000e+03
6.834000000000000000e+03
2.116300000000000000e+04
4.745000000000000000e+03
1.277000000000000000e+04
1.056800000000000000e+04
8.978000000000000000e+03
6.543000000000000000e+03
9.673000000000000000e+03
1.785000000000000000e+04
1.705200000000000000e+04
1.614700000000000000e+04
1.368500000000000000e+04
1.020900000000000000e+04
8.261000000000000000e+03
2.096900000000000000e+04
2.375700000000000000e+04
2.162000000000000000e+04
2.068900000000000000e+04
1.762800000000000000e+04
1.727000000000000000e+03
1.029700000000000000e+04
2.368100000000000000e+04
2.501400000000000000e+04
2.267900000000000000e+04
1.603300000000000000e+04
3.673000000000000000e+03
1.030000000000000000e+04
5.980000000000000000e+03
7.593000000000000000e+03
3.037700000000000000e+04
2.651000000000000000e+04
2.393500000000000000e+04
1.872800000000000000e+04
2.706000000000000000e+03
1.244600000000000000e+04
2.942100000000000000e+04
3.111700000000000000e+04
2.511000000000000000e+04
2.385600000000000000e+04
2.019700000000000000e+04
1.217000000000000000e+03
1.161500000000000000e+04
3.139700000000000000e+04
2.435400000000000000e+04
3.172100000000000000e+04
2.226200000000000000e+04
1.442200000000000000e+04
1.539900000000000000e+04
5.961000000000000000e+03
2.591100000000000000e+04
2.826300000000000000e+04
2.421200000000000000e+04
1.432600000000000000e+04
1.853500000000000000e+04
8.776000000000000000e+03
5.510000000000000000e+03
2.411100000000000000e+04
2.245800000000000000e+04
1.791700000000000000e+04
1.509000000000000000e+04
1.312500000000000000e+04
0.000000000000000000e+00
7.321000000000000000e+03
1.969600000000000000e+04
6.590000000000000000e+03
1.363100000000000000e+04
1.037700000000000000e+04
7.370000000000000000e+03
7.067000000000000000e+03
5.381000000000000000e+03
7.576000000000000000e+03
1.188100000000000000e+04
1.072700000000000000e+04
8.096000000000000000e+03
6.419000000000000000e+03
4.643000000000000000e+03
2.328000000000000000e+03
2.578000000000000000e+03
4.473000000000000000e+03
6.949000000000000000e+03
6.169000000000000000e+03
4.513000000000000000e+03
3.043000000000000000e+03
2.206000000000000000e+03
2.987000000000000000e+03
5.096000000000000000e+03
3.688000000000000000e+03
2.993000000000000000e+03
2.249000000000000000e+03
1.964000000000000000e+03
1.444000000000000000e+03
2.253000000000000000e+03
3.275000000000000000e+03
2.747000000000000000e+03
2.194000000000000000e+03
1.484000000000000000e+03
1.000000000000000000e+03
8.730000000000000000e+02
1.160000000000000000e+03
1.439000000000000000e+03
9.010000000000000000e+02
9.330000000000000000e+02
9.960000000000000000e+02
5.290000000000000000e+02
4.930000000000000000e+02
6.850000000000000000e+02
1.135000000000000000e+03
4.750000000000000000e+02
7.510000000000000000e+02
4.880000000000000000e+02
3.360000000000000000e+02
3.410000000000000000e+02
5.690000000000000000e+02
8.060000000000000000e+02
7.540000000000000000e+02
6.710000000000000000e+02
4.290000000000000000e+02
4.110000000000000000e+02
3.920000000000000000e+02
7.130000000000000000e+02
9.920000000000000000e+02
9.030000000000000000e+02
8.850000000000000000e+02
8.090000000000000000e+02
5.680000000000000000e+02
5.530000000000000000e+02
1.027000000000000000e+03
1.623000000000000000e+03
1.444000000000000000e+03
1.565000000000000000e+03
1.309000000000000000e+03
9.830000000000000000e+02
9.840000000000000000e+02
1.626000000000000000e+03
1.651000000000000000e+03
1.928000000000000000e+03
1.866000000000000000e+03
1.578000000000000000e+03
1.149000000000000000e+03
1.423000000000000000e+03
2.060000000000000000e+03
3.051000000000000000e+03
2.774000000000000000e+03
2.592000000000000000e+03
1.806000000000000000e+03
1.553000000000000000e+03
1.520000000000000000e+03
2.547000000000000000e+03
3.659000000000000000e+03
3.457000000000000000e+03
3.388000000000000000e+03
2.761000000000000000e+03
2.240000000000000000e+03
2.220000000000000000e+03
3.282000000000000000e+03
5.487000000000000000e+03
5.497000000000000000e+03
5.536000000000000000e+03
4.675000000000000000e+03
3.732000000000000000e+03
3.549000000000000000e+03
5.391000000000000000e+03
9.008000000000000000e+03
8.303000000000000000e+03
8.966000000000000000e+03
6.600000000000000000e+03
5.946000000000000000e+03
5.592000000000000000e+03
1.665400000000000000e+04
1.327500000000000000e+04
1.168800000000000000e+04
1.940000000000000000e+03
8.395000000000000000e+03
6.627000000000000000e+03
6.823000000000000000e+03
1.864600000000000000e+04
1.415800000000000000e+04
1.395000000000000000e+04
2.899000000000000000e+03
8.944000000000000000e+03
8.176000000000000000e+03
6.779000000000000000e+03
1.908000000000000000e+04
5.110000000000000000e+03
2.371800000000000000e+04
3.148000000000000000e+03
8.537000000000000000e+03
6.945000000000000000e+03
6.287000000000000000e+03
8.840000000000000000e+03
1.309000000000000000e+04
1.181600000000000000e+04
9.904000000000000000e+03
7.103000000000000000e+03
5.667000000000000000e+03
5.328000000000000000e+03
7.277000000000000000e+03
1.092000000000000000e+04
1.031500000000000000e+04
8.934000000000000000e+03
6.423000000000000000e+03
5.271000000000000000e+03
4.798000000000000000e+03
7.409000000000000000e+03
1.226700000000000000e+04
1.099900000000000000e+04
9.288000000000000000e+03
6.482000000000000000e+03
4.951000000000000000e+03
4.507000000000000000e+03
7.763000000000000000e+03
1.163600000000000000e+04
1.147600000000000000e+04
9.758000000000000000e+03
6.894000000000000000e+03
5.909000000000000000e+03
4.909000000000000000e+03
7.928000000000000000e+03
1.231700000000000000e+04
1.157800000000000000e+04
1.166400000000000000e+04
8.420000000000000000e+03
6.766000000000000000e+03
6.562000000000000000e+03
2.234000000000000000e+04
1.880200000000000000e+04
1.750800000000000000e+04
1.509300000000000000e+04
3.849000000000000000e+03
9.905000000000000000e+03
9.359000000000000000e+03
3.140200000000000000e+04
2.882600000000000000e+04
8.079000000000000000e+03
3.752000000000000000e+04
1.724800000000000000e+04
-5.540000000000000000e+02
1.131500000000000000e+04
3.069100000000000000e+04
3.449800000000000000e+04
3.764000000000000000e+04
3.378500000000000000e+04
2.378800000000000000e+04
1.278800000000000000e+04
2.371400000000000000e+04
4.128600000000000000e+04
5.107700000000000000e+04
4.883400000000000000e+04
4.535600000000000000e+04
3.430900000000000000e+04
1.920300000000000000e+04
3.495800000000000000e+04
5.362700000000000000e+04
6.836600000000000000e+04
5.876800000000000000e+04
5.730200000000000000e+04
4.518300000000000000e+04
2.624100000000000000e+04
4.788700000000000000e+04
6.804900000000000000e+04
7.905100000000000000e+04
7.457900000000000000e+04
6.558400000000000000e+04
4.497700000000000000e+04
2.332500000000000000e+04
5.074500000000000000e+04
6.868000000000000000e+04
7.545600000000000000e+04
7.327900000000000000e+04
6.219300000000000000e+04
4.350000000000000000e+04
2.294500000000000000e+04
1.832200000000000000e+04
9.308700000000000000e+04
2.748200000000000000e+04
1.030180000000000000e+05
5.329600000000000000e+04
3.275200000000000000e+04
1.711600000000000000e+04
3.542300000000000000e+04
5.223300000000000000e+04
5.690200000000000000e+04
5.140000000000000000e+04
1.571600000000000000e+04
5.560300000000000000e+04
-5.410000000000000000e+02
2.174200000000000000e+04
6.494900000000000000e+04
4.431300000000000000e+04
3.442000000000000000e+04
4.068000000000000000e+03
1.723800000000000000e+04
1.017200000000000000e+04
1.875000000000000000e+04
3.099800000000000000e+04
6.995600000000000000e+04
4.207000000000000000e+04
2.176400000000000000e+04
2.968000000000000000e+03
1.263600000000000000e+04
5.001300000000000000e+04
6.190500000000000000e+04
6.733700000000000000e+04
5.911000000000000000e+04
5.262100000000000000e+04
3.212800000000000000e+04
2.183900000000000000e+04
1.661800000000000000e+04
1.202710000000000000e+05
8.623200000000000000e+04
8.992000000000000000e+04
7.717500000000000000e+04
4.425100000000000000e+04
3.312900000000000000e+04
8.281800000000000000e+04
1.181050000000000000e+05
1.390000000000000000e+05
1.408700000000000000e+05
1.333290000000000000e+05
8.134300000000000000e+04
5.622600000000000000e+04
1.364730000000000000e+05
1.791690000000000000e+05
2.286080000000000000e+05
1.603230000000000000e+05
1.840540000000000000e+05
1.131900000000000000e+05
7.118500000000000000e+04
1.794310000000000000e+05
2.112770000000000000e+05
2.382520000000000000e+05
2.486520000000000000e+05
2.143860000000000000e+05
1.271160000000000000e+05
8.236300000000000000e+04
5.137700000000000000e+04
3.806320000000000000e+05
2.528130000000000000e+05
2.360800000000000000e+05
2.062420000000000000e+05
1.168100000000000000e+05
6.284100000000000000e+04
1.745390000000000000e+05
6.321000000000000000e+04
4.018280000000000000e+05
2.151590000000000000e+05
1.827620000000000000e+05
1.136430000000000000e+05
6.190800000000000000e+04
1.378440000000000000e+05
2.214780000000000000e+05
2.255250000000000000e+05
2.066270000000000000e+05
1.674880000000000000e+05
1.064070000000000000e+05
4.710300000000000000e+04
1.328010000000000000e+05
6.209600000000000000e+04
1.996540000000000000e+05
3.568640000000000000e+05
1.827130000000000000e+05
1.161590000000000000e+05
6.746600000000000000e+04
1.674460000000000000e+05
2.610630000000000000e+05
2.627850000000000000e+05
2.255570000000000000e+05
2.370890000000000000e+05
