3.266763239496240020e+07
3.269885721452473104e+07
3.273960412088949978e+07
3.278891940622388572e+07
3.284808669905329868e+07
3.290890279323685542e+07
3.296207457561068982e+07
3.300441572926606238e+07
3.303508451042535156e+07
3.307487040868544579e+07
3.312286380218648911e+07
3.318040111266935989e+07
3.323933942177353799e+07
3.329045197699338570e+07
3.333062330331327766e+07
3.335908526356990635e+07
3.339670192702247947e+07
3.344263741041074321e+07
3.349829925050562993e+07
3.355561132307450473e+07
3.360540778802935034e+07
3.364462682416690886e+07
3.367254553840725124e+07
3.371006394388416409e+07
3.375637219786910713e+07
3.381289367609679699e+07
3.387155790620054305e+07
3.392319483769064397e+07
3.396472919943199307e+07
3.399541630728527904e+07
3.403612718490233272e+07
3.408601714913169295e+07
3.414647039017237723e+07
3.420937451733554155e+07
3.426551649225781113e+07
3.431177864302052557e+07
3.434737606432442367e+07
3.439314321110982448e+07
3.444820378525881469e+07
3.451391639926734567e+07
3.458214994865821302e+07
3.464368008444260061e+07
3.469538545821797848e+07
3.473648503466072679e+07
3.478782427935895324e+07
3.484854433323235065e+07
3.492002667984517664e+07
3.499416726998209953e+07
3.506177153661695123e+07
3.511974902262607962e+07
3.516734897214171290e+07
3.522544475420577824e+07
3.529320129328266531e+07
3.537201807676109672e+07
3.545380176599578559e+07
3.552935990244781971e+07
3.559559448390667140e+07
3.565173680666013062e+07
3.571863147791205347e+07
3.579540379795822501e+07
