1.584502451168045809e+02
1.434638734779044853e+02
1.099913406734413002e+02
3.151715823387558757e+01
5.964208971141296445e+00
1.288570448218881666e+02
1.940400492518450903e+02
1.782502842906794740e+02
1.616262763656536663e+02
1.262669204280033455e+02
4.569494724648607331e+01
1.787213370479097918e+01
1.383616656675296497e+02
2.010454380074625078e+02
1.826961327389520875e+02
1.634853465684071807e+02
1.255419604095508674e+02
4.241520442125003143e+01
1.208960261773188449e+01
1.301472063779032737e+02
1.904848969250553523e+02
1.698865892006693912e+02
1.485315963358623321e+02
1.085533320794989010e+02
2.350278706469736534e+01
-8.636056543102881733e+00
1.077165166590835099e+02
1.664537830893621333e+02
1.443553056752814996e+02
1.215957964710886756e+02
8.030427557427201180e+01
-5.972053782182342729e+00
-3.925206275224820018e+01
7.604229137911949010e+01
1.338039513045721094e+02
1.108135518365547227e+02
8.724825759365087663e+01
4.524080894029635402e+01
-4.165679711240528604e+01
-7.545783004850562747e+01
3.942183774462790780e+01
9.688134784335456118e+01
7.370725016677056374e+01
5.008193139297438279e+01
8.142257513272983971e+00
-7.855712563554041594e+01
-1.120286565934473373e+02
3.310518363680607479e+00
6.135594215778185401e+01
3.888809885854613668e+01
1.608078489084869034e+01
-2.494021571613010479e+01
-1.106337067344270082e+02
-1.430277303208986837e+02
-2.655689217854771300e+01
3.265541007075197655e+01
1.136967914690130499e+01
-1.026081804079325011e+01
-5.013084550293074670e+01
-1.347192237275332900e+02
