1.989842733501921979e+00
6.673369131746716976e-01
3.565823301580164362e-01
1.234594648260153527e+00
7.774005674405853883e-01
1.228900248463454359e+00
1.114930934659656536e+00
1.552972650412016709e+00
2.304668300809518122e-01
-8.028775293344436736e-02
7.977245651633366741e-01
3.405304843466001041e-01
7.920301653700903000e-01
6.780608515643961054e-01
1.116102567315698568e+00
-2.064032530150536893e-01
-5.171578360295059351e-01
3.608544820687608623e-01
-9.633959874636269238e-02
3.551600822767224663e-01
2.411907684714950928e-01
6.792324842230480497e-01
-6.432733361064744138e-01
-9.540279191209736220e-01
-7.601560102398785546e-02
-5.332096818403411209e-01
-8.171000081665508175e-02
-1.956793146214127477e-01
2.423624011304109649e-01
-1.080143419198799526e+00
-1.390898002214734808e+00
-5.128856841167298564e-01
-9.700797649333032791e-01
-5.185800839100200843e-01
-6.325493977176910310e-01
-1.945076819659068423e-01
-1.517013502292505978e+00
-1.827768085310299995e+00
-9.497557672094718573e-01
-1.406949848028318240e+00
-9.554501670044686090e-01
-1.069419480809580936e+00
-6.313777650585574719e-01
-1.953883585388511257e+00
-2.264638168404054852e+00
-1.386625850306288710e+00
-1.843819931121280398e+00
-1.392320250097843104e+00
-1.506289563903499662e+00
-1.068247848153038415e+00
-2.390753668479939087e+00
-2.701508251495522206e+00
-1.823495933397183411e+00
-2.280690014214235894e+00
-1.829190333191211160e+00
-1.943159646996414303e+00
-1.505117931244773999e+00
-2.827623751575943700e+00
-3.138378334591584107e+00
-2.260366016491766050e+00
