-1.036646964713433135e+03
-1.156490084426778367e+03
-3.816972123515424755e+03
-1.352180175988216661e+03
-1.236735039035471573e+03
-1.526207030969736252e+03
-9.816848790844985615e+02
-1.089867206936035018e+03
-1.209710326648380033e+03
-3.870192365734288614e+03
-1.405400418206728091e+03
-1.289955281257902698e+03
-1.579427273188128083e+03
-1.034905121306480396e+03
-1.143087449152717227e+03
-1.262930568868696810e+03
-3.923412607953155202e+03
-1.458620660422142009e+03
-1.343175523471452379e+03
-1.632647515403691386e+03
-1.088125363519068742e+03
-1.196307691372719091e+03
-1.316150811089012677e+03
-3.976632850172137296e+03
-1.511840902643748905e+03
-1.396395765694147940e+03
-1.685867757624397200e+03
-1.141345605741051486e+03
-1.249527933588683936e+03
-1.369371053309330136e+03
-4.029853092392007966e+03
-1.565061144859162823e+03
-1.449616007912271016e+03
-1.739087999845104378e+03
-1.194565847962528551e+03
-1.302748175812002955e+03
-1.422591295530930438e+03
-4.083073334609867743e+03
-1.618281387074577196e+03
-1.502836250130128519e+03
-1.792308242065811783e+03
-1.247786090179812618e+03
-1.355968418028686301e+03
-1.475811537751248352e+03
-4.136293576829738413e+03
-1.671501629300302284e+03
-1.556056492348250458e+03
-1.845528484281374176e+03
-1.301006332397098276e+03
-1.409188660245368737e+03
-1.529031779963338067e+03
-4.189513819048605001e+03
-1.724721871518811440e+03
-1.609276734570947156e+03
-1.898748726507224774e+03
-1.354226574623271972e+03
-1.462408902468688666e+03
-1.582252022183655072e+03
-4.242734061267469770e+03
-1.777942113737321961e+03
