0.000000000000000000e+00
0.000000000000000000e+00
0.000000000000000000e+00
0.000000000000000000e+00
0.000000000000000000e+00
0.000000000000000000e+00
0.000000000000000000e+00
0.000000000000000000e+00
0.000000000000000000e+00
0.000000000000000000e+00
0.000000000000000000e+00
0.000000000000000000e+00
0.000000000000000000e+00
0.000000000000000000e+00
0.000000000000000000e+00
0.000000000000000000e+00
0.000000000000000000e+00
0.000000000000000000e+00
0.000000000000000000e+00
0.000000000000000000e+00
0.000000000000000000e+00
0.000000000000000000e+00
0.000000000000000000e+00
0.000000000000000000e+00
0.000000000000000000e+00
0.000000000000000000e+00
0.000000000000000000e+00
0.000000000000000000e+00
0.000000000000000000e+00
0.000000000000000000e+00
0.000000000000000000e+00
0.000000000000000000e+00
0.000000000000000000e+00
0.000000000000000000e+00
0.000000000000000000e+00
0.000000000000000000e+00
0.000000000000000000e+00
0.000000000000000000e+00
0.000000000000000000e+00
0.000000000000000000e+00
0.000000000000000000e+00
0.000000000000000000e+00
0.000000000000000000e+00
0.000000000000000000e+00
0.000000000000000000e+00
0.000000000000000000e+00
0.000000000000000000e+00
0.000000000000000000e+00
0.000000000000000000e+00
0.000000000000000000e+00
0.000000000000000000e+00
0.000000000000000000e+00
0.000000000000000000e+00
0.000000000000000000e+00
0.000000000000000000e+00
0.000000000000000000e+00
0.000000000000000000e+00
0.000000000000000000e+00
0.000000000000000000e+00
0.000000000000000000e+00
0.000000000000000000e+00
0.000000000000000000e+00
0.000000000000000000e+00
0.000000000000000000e+00
0.000000000000000000e+00
0.000000000000000000e+00
0.000000000000000000e+00
0.000000000000000000e+00
0.000000000000000000e+00
0.000000000000000000e+00
0.000000000000000000e+00
0.000000000000000000e+00
0.000000000000000000e+00
0.000000000000000000e+00
0.000000000000000000e+00
0.000000000000000000e+00
0.000000000000000000e+00
0.000000000000000000e+00
0.000000000000000000e+00
0.000000000000000000e+00
0.000000000000000000e+00
0.000000000000000000e+00
0.000000000000000000e+00
0.000000000000000000e+00
0.000000000000000000e+00
0.000000000000000000e+00
0.000000000000000000e+00
0.000000000000000000e+00
0.000000000000000000e+00
0.000000000000000000e+00
0.000000000000000000e+00
1.000000000000000000e+00
1.000000000000000000e+00
1.000000000000000000e+00
1.000000000000000000e+00
1.000000000000000000e+00
1.000000000000000000e+00
1.000000000000000000e+00
1.000000000000000000e+00
1.000000000000000000e+00
1.000000000000000000e+00
1.000000000000000000e+00
1.000000000000000000e+00
3.000000000000000000e+00
3.000000000000000000e+00
4.000000000000000000e+00
4.000000000000000000e+00
4.000000000000000000e+00
4.000000000000000000e+00
4.000000000000000000e+00
4.000000000000000000e+00
4.000000000000000000e+00
6.000000000000000000e+00
7.000000000000000000e+00
7.000000000000000000e+00
7.000000000000000000e+00
7.000000000000000000e+00
7.000000000000000000e+00
7.000000000000000000e+00
7.000000000000000000e+00
1.000000000000000000e+01
1.100000000000000000e+01
1.100000000000000000e+01
1.100000000000000000e+01
1.200000000000000000e+01
1.200000000000000000e+01
1.200000000000000000e+01
1.200000000000000000e+01
1.200000000000000000e+01
1.200000000000000000e+01
1.200000000000000000e+01
1.200000000000000000e+01
1.200000000000000000e+01
1.200000000000000000e+01
1.200000000000000000e+01
1.200000000000000000e+01
1.200000000000000000e+01
1.200000000000000000e+01
1.200000000000000000e+01
1.200000000000000000e+01
1.200000000000000000e+01
1.200000000000000000e+01
1.200000000000000000e+01
1.200000000000000000e+01
1.200000000000000000e+01
1.200000000000000000e+01
3.200000000000000000e+01
3.200000000000000000e+01
3.200000000000000000e+01
3.200000000000000000e+01
3.200000000000000000e+01
3.200000000000000000e+01
3.200000000000000000e+01
3.200000000000000000e+01
3.200000000000000000e+01
3.200000000000000000e+01
3.200000000000000000e+01
3.200000000000000000e+01
3.200000000000000000e+01
3.200000000000000000e+01
3.200000000000000000e+01
3.200000000000000000e+01
5.100000000000000000e+01
5.100000000000000000e+01
5.100000000000000000e+01
5.100000000000000000e+01
5.100000000000000000e+01
5.100000000000000000e+01
5.100000000000000000e+01
5.100000000000000000e+01
5.100000000000000000e+01
5.100000000000000000e+01
5.100000000000000000e+01
5.100000000000000000e+01
5.100000000000000000e+01
5.100000000000000000e+01
5.100000000000000000e+01
5.100000000000000000e+01
5.100000000000000000e+01
5.100000000000000000e+01
5.100000000000000000e+01
5.100000000000000000e+01
5.100000000000000000e+01
5.100000000000000000e+01
5.100000000000000000e+01
5.100000000000000000e+01
5.100000000000000000e+01
5.100000000000000000e+01
5.100000000000000000e+01
5.100000000000000000e+01
5.100000000000000000e+01
8.300000000000000000e+01
8.300000000000000000e+01
8.300000000000000000e+01
8.300000000000000000e+01
8.300000000000000000e+01
8.300000000000000000e+01
8.300000000000000000e+01
8.300000000000000000e+01
8.300000000000000000e+01
8.300000000000000000e+01
8.300000000000000000e+01
8.300000000000000000e+01
8.300000000000000000e+01
8.300000000000000000e+01
8.300000000000000000e+01
8.300000000000000000e+01
8.300000000000000000e+01
8.300000000000000000e+01
8.300000000000000000e+01
8.300000000000000000e+01
8.300000000000000000e+01
8.300000000000000000e+01
8.300000000000000000e+01
8.300000000000000000e+01
8.300000000000000000e+01
8.300000000000000000e+01
8.300000000000000000e+01
8.300000000000000000e+01
8.300000000000000000e+01
8.300000000000000000e+01
8.300000000000000000e+01
8.300000000000000000e+01
8.300000000000000000e+01
8.300000000000000000e+01
8.300000000000000000e+01
8.300000000000000000e+01
8.300000000000000000e+01
8.300000000000000000e+01
8.300000000000000000e+01
8.300000000000000000e+01
8.300000000000000000e+01
8.300000000000000000e+01
8.300000000000000000e+01
8.300000000000000000e+01
8.300000000000000000e+01
8.300000000000000000e+01
8.300000000000000000e+01
8.300000000000000000e+01
8.300000000000000000e+01
8.300000000000000000e+01
8.300000000000000000e+01
8.300000000000000000e+01
8.300000000000000000e+01
8.300000000000000000e+01
8.300000000000000000e+01
8.300000000000000000e+01
8.300000000000000000e+01
8.300000000000000000e+01
8.300000000000000000e+01
8.300000000000000000e+01
8.300000000000000000e+01
8.300000000000000000e+01
8.300000000000000000e+01
8.300000000000000000e+01
8.300000000000000000e+01
8.300000000000000000e+01
8.300000000000000000e+01
8.300000000000000000e+01
8.300000000000000000e+01
8.300000000000000000e+01
8.300000000000000000e+01
8.300000000000000000e+01
8.300000000000000000e+01
8.300000000000000000e+01
8.300000000000000000e+01
8.300000000000000000e+01
8.300000000000000000e+01
8.300000000000000000e+01
8.300000000000000000e+01
8.300000000000000000e+01
8.300000000000000000e+01
8.300000000000000000e+01
8.300000000000000000e+01
8.300000000000000000e+01
8.300000000000000000e+01
8.300000000000000000e+01
8.300000000000000000e+01
8.300000000000000000e+01
8.300000000000000000e+01
8.300000000000000000e+01
8.300000000000000000e+01
8.300000000000000000e+01
8.300000000000000000e+01
8.300000000000000000e+01
8.300000000000000000e+01
8.300000000000000000e+01
8.300000000000000000e+01
8.500000000000000000e+01
8.500000000000000000e+01
8.500000000000000000e+01
8.500000000000000000e+01
8.500000000000000000e+01
8.500000000000000000e+01
8.500000000000000000e+01
8.500000000000000000e+01
8.500000000000000000e+01
8.500000000000000000e+01
8.500000000000000000e+01
8.500000000000000000e+01
8.500000000000000000e+01
8.500000000000000000e+01
8.500000000000000000e+01
8.500000000000000000e+01
8.500000000000000000e+01
8.500000000000000000e+01
8.500000000000000000e+01
8.500000000000000000e+01
8.500000000000000000e+01
8.500000000000000000e+01
8.500000000000000000e+01
8.500000000000000000e+01
8.500000000000000000e+01
8.500000000000000000e+01
8.500000000000000000e+01
8.500000000000000000e+01
8.500000000000000000e+01
8.500000000000000000e+01
8.500000000000000000e+01
8.500000000000000000e+01
8.500000000000000000e+01
8.500000000000000000e+01
8.500000000000000000e+01
8.500000000000000000e+01
8.500000000000000000e+01
8.500000000000000000e+01
8.500000000000000000e+01
8.500000000000000000e+01
8.500000000000000000e+01
8.500000000000000000e+01
8.500000000000000000e+01
8.500000000000000000e+01
8.500000000000000000e+01
8.500000000000000000e+01
8.500000000000000000e+01
8.500000000000000000e+01
8.500000000000000000e+01
8.500000000000000000e+01
8.500000000000000000e+01
8.500000000000000000e+01
8.600000000000000000e+01
8.600000000000000000e+01
8.600000000000000000e+01
8.600000000000000000e+01
8.600000000000000000e+01
8.600000000000000000e+01
8.600000000000000000e+01
8.600000000000000000e+01
8.600000000000000000e+01
8.600000000000000000e+01
8.600000000000000000e+01
8.600000000000000000e+01
8.600000000000000000e+01
8.600000000000000000e+01
8.600000000000000000e+01
8.600000000000000000e+01
8.600000000000000000e+01
8.600000000000000000e+01
8.600000000000000000e+01
8.600000000000000000e+01
8.600000000000000000e+01
8.600000000000000000e+01
8.600000000000000000e+01
8.600000000000000000e+01
8.600000000000000000e+01
8.600000000000000000e+01
8.600000000000000000e+01
8.600000000000000000e+01
8.600000000000000000e+01
8.600000000000000000e+01
8.600000000000000000e+01
8.600000000000000000e+01
8.600000000000000000e+01
8.600000000000000000e+01
8.600000000000000000e+01
8.600000000000000000e+01
8.600000000000000000e+01
8.600000000000000000e+01
8.600000000000000000e+01
8.600000000000000000e+01
8.600000000000000000e+01
8.600000000000000000e+01
8.600000000000000000e+01
8.700000000000000000e+01
8.700000000000000000e+01
8.700000000000000000e+01
8.700000000000000000e+01
8.700000000000000000e+01
8.700000000000000000e+01
8.700000000000000000e+01
8.700000000000000000e+01
8.700000000000000000e+01
8.700000000000000000e+01
8.800000000000000000e+01
8.800000000000000000e+01
8.900000000000000000e+01
8.900000000000000000e+01
8.900000000000000000e+01
9.100000000000000000e+01
9.100000000000000000e+01
9.100000000000000000e+01
9.100000000000000000e+01
9.100000000000000000e+01
9.100000000000000000e+01
9.200000000000000000e+01
9.200000000000000000e+01
9.300000000000000000e+01
9.300000000000000000e+01
9.300000000000000000e+01
9.600000000000000000e+01
9.600000000000000000e+01
9.600000000000000000e+01
9.600000000000000000e+01
9.600000000000000000e+01
9.800000000000000000e+01
9.800000000000000000e+01
9.800000000000000000e+01
9.800000000000000000e+01
9.800000000000000000e+01
1.000000000000000000e+02
1.000000000000000000e+02
1.000000000000000000e+02
1.000000000000000000e+02
1.000000000000000000e+02
1.000000000000000000e+02
1.010000000000000000e+02
1.010000000000000000e+02
1.020000000000000000e+02
1.020000000000000000e+02
1.020000000000000000e+02
1.020000000000000000e+02
1.020000000000000000e+02
1.020000000000000000e+02
1.020000000000000000e+02
1.020000000000000000e+02
1.030000000000000000e+02
1.030000000000000000e+02
1.030000000000000000e+02
1.030000000000000000e+02
1.040000000000000000e+02
1.040000000000000000e+02
1.040000000000000000e+02
1.040000000000000000e+02
1.040000000000000000e+02
1.060000000000000000e+02
1.060000000000000000e+02
1.060000000000000000e+02
1.060000000000000000e+02
1.060000000000000000e+02
1.060000000000000000e+02
1.060000000000000000e+02
1.060000000000000000e+02
1.060000000000000000e+02
1.060000000000000000e+02
1.060000000000000000e+02
1.060000000000000000e+02
1.060000000000000000e+02
1.070000000000000000e+02
1.070000000000000000e+02
1.070000000000000000e+02
1.070000000000000000e+02
1.070000000000000000e+02
1.070000000000000000e+02
1.120000000000000000e+02
1.120000000000000000e+02
1.120000000000000000e+02
1.120000000000000000e+02
1.120000000000000000e+02
1.120000000000000000e+02
1.120000000000000000e+02
1.120000000000000000e+02
1.120000000000000000e+02
1.120000000000000000e+02
1.120000000000000000e+02
1.120000000000000000e+02
1.120000000000000000e+02
1.120000000000000000e+02
1.120000000000000000e+02
1.120000000000000000e+02
1.120000000000000000e+02
1.120000000000000000e+02
1.120000000000000000e+02
1.120000000000000000e+02
1.120000000000000000e+02
1.130000000000000000e+02
1.130000000000000000e+02
1.130000000000000000e+02
1.130000000000000000e+02
1.130000000000000000e+02
1.130000000000000000e+02
1.130000000000000000e+02
1.130000000000000000e+02
1.130000000000000000e+02
1.180000000000000000e+02
1.180000000000000000e+02
1.180000000000000000e+02
1.180000000000000000e+02
1.180000000000000000e+02
1.180000000000000000e+02
1.180000000000000000e+02
1.180000000000000000e+02
1.180000000000000000e+02
1.180000000000000000e+02
1.180000000000000000e+02
1.180000000000000000e+02
1.180000000000000000e+02
1.180000000000000000e+02
1.200000000000000000e+02
1.200000000000000000e+02
1.200000000000000000e+02
1.200000000000000000e+02
1.200000000000000000e+02
1.200000000000000000e+02
1.200000000000000000e+02
1.200000000000000000e+02
1.200000000000000000e+02
1.200000000000000000e+02
1.200000000000000000e+02
1.200000000000000000e+02
1.200000000000000000e+02
1.200000000000000000e+02
1.210000000000000000e+02
1.210000000000000000e+02
1.210000000000000000e+02
1.210000000000000000e+02
1.210000000000000000e+02
1.220000000000000000e+02
1.220000000000000000e+02
1.220000000000000000e+02
1.220000000000000000e+02
1.220000000000000000e+02
1.220000000000000000e+02
1.220000000000000000e+02
1.220000000000000000e+02
1.220000000000000000e+02
1.220000000000000000e+02
1.220000000000000000e+02
1.220000000000000000e+02
1.220000000000000000e+02
1.230000000000000000e+02
1.230000000000000000e+02
1.230000000000000000e+02
1.230000000000000000e+02
1.230000000000000000e+02
1.230000000000000000e+02
1.230000000000000000e+02
1.230000000000000000e+02
1.230000000000000000e+02
1.230000000000000000e+02
1.230000000000000000e+02
1.230000000000000000e+02
1.230000000000000000e+02
1.230000000000000000e+02
1.230000000000000000e+02
1.230000000000000000e+02
1.230000000000000000e+02
1.230000000000000000e+02
1.230000000000000000e+02
1.230000000000000000e+02
1.230000000000000000e+02
1.230000000000000000e+02
1.230000000000000000e+02
1.230000000000000000e+02
1.230000000000000000e+02
1.230000000000000000e+02
1.230000000000000000e+02
1.230000000000000000e+02
1.230000000000000000e+02
1.230000000000000000e+02
1.230000000000000000e+02
1.230000000000000000e+02
1.230000000000000000e+02
1.230000000000000000e+02
1.230000000000000000e+02
1.230000000000000000e+02
1.230000000000000000e+02
1.230000000000000000e+02
1.230000000000000000e+02
1.230000000000000000e+02
1.230000000000000000e+02
1.230000000000000000e+02
1.230000000000000000e+02
1.230000000000000000e+02
1.230000000000000000e+02
1.230000000000000000e+02
1.240000000000000000e+02
1.240000000000000000e+02
1.260000000000000000e+02
1.260000000000000000e+02
1.260000000000000000e+02
1.280000000000000000e+02
1.280000000000000000e+02
1.280000000000000000e+02
1.290000000000000000e+02
1.290000000000000000e+02
1.290000000000000000e+02
1.290000000000000000e+02
1.290000000000000000e+02
1.310000000000000000e+02
1.310000000000000000e+02
1.310000000000000000e+02
1.310000000000000000e+02
1.360000000000000000e+02
1.370000000000000000e+02
1.370000000000000000e+02
1.370000000000000000e+02
1.370000000000000000e+02
1.370000000000000000e+02
1.400000000000000000e+02
1.400000000000000000e+02
1.420000000000000000e+02
1.420000000000000000e+02
1.420000000000000000e+02
1.420000000000000000e+02
1.420000000000000000e+02
1.420000000000000000e+02
1.460000000000000000e+02
1.470000000000000000e+02
1.470000000000000000e+02
1.470000000000000000e+02
1.470000000000000000e+02
1.500000000000000000e+02
1.500000000000000000e+02
1.500000000000000000e+02
1.540000000000000000e+02
1.540000000000000000e+02
1.540000000000000000e+02
1.540000000000000000e+02
1.550000000000000000e+02
1.550000000000000000e+02
1.560000000000000000e+02
1.560000000000000000e+02
1.560000000000000000e+02
1.560000000000000000e+02
1.560000000000000000e+02
1.610000000000000000e+02
1.610000000000000000e+02
1.630000000000000000e+02
1.630000000000000000e+02
1.630000000000000000e+02
1.630000000000000000e+02
1.630000000000000000e+02
1.630000000000000000e+02
1.630000000000000000e+02
1.630000000000000000e+02
1.630000000000000000e+02
1.660000000000000000e+02
1.670000000000000000e+02
1.670000000000000000e+02
1.670000000000000000e+02
1.670000000000000000e+02
1.670000000000000000e+02
1.680000000000000000e+02
1.680000000000000000e+02
1.680000000000000000e+02
1.680000000000000000e+02
1.680000000000000000e+02
1.680000000000000000e+02
1.680000000000000000e+02
1.680000000000000000e+02
1.680000000000000000e+02
1.680000000000000000e+02
1.680000000000000000e+02
1.680000000000000000e+02
1.690000000000000000e+02
1.690000000000000000e+02
1.690000000000000000e+02
1.700000000000000000e+02
1.700000000000000000e+02
1.700000000000000000e+02
1.700000000000000000e+02
1.700000000000000000e+02
1.700000000000000000e+02
1.700000000000000000e+02
1.730000000000000000e+02
1.730000000000000000e+02
1.730000000000000000e+02
1.730000000000000000e+02
1.750000000000000000e+02
1.750000000000000000e+02
1.750000000000000000e+02
1.750000000000000000e+02
1.750000000000000000e+02
1.750000000000000000e+02
1.750000000000000000e+02
1.750000000000000000e+02
1.750000000000000000e+02
1.750000000000000000e+02
1.750000000000000000e+02
1.750000000000000000e+02
1.750000000000000000e+02
1.750000000000000000e+02
1.750000000000000000e+02
1.750000000000000000e+02
1.750000000000000000e+02
1.750000000000000000e+02
1.750000000000000000e+02
1.750000000000000000e+02
1.750000000000000000e+02
1.750000000000000000e+02
1.750000000000000000e+02
1.750000000000000000e+02
1.750000000000000000e+02
1.750000000000000000e+02
1.750000000000000000e+02
1.750000000000000000e+02
1.750000000000000000e+02
1.750000000000000000e+02
1.750000000000000000e+02
1.750000000000000000e+02
1.750000000000000000e+02
1.750000000000000000e+02
1.750000000000000000e+02
1.750000000000000000e+02
1.750000000000000000e+02
1.750000000000000000e+02
1.770000000000000000e+02
1.770000000000000000e+02
1.770000000000000000e+02
1.770000000000000000e+02
1.770000000000000000e+02
1.770000000000000000e+02
1.770000000000000000e+02
1.780000000000000000e+02
1.780000000000000000e+02
1.780000000000000000e+02
1.780000000000000000e+02
1.780000000000000000e+02
1.790000000000000000e+02
1.790000000000000000e+02
1.790000000000000000e+02
1.790000000000000000e+02
1.790000000000000000e+02
1.810000000000000000e+02
1.810000000000000000e+02
1.820000000000000000e+02
1.820000000000000000e+02
1.820000000000000000e+02
1.820000000000000000e+02
1.820000000000000000e+02
1.820000000000000000e+02
1.820000000000000000e+02
1.820000000000000000e+02
1.820000000000000000e+02
1.820000000000000000e+02
1.820000000000000000e+02
1.820000000000000000e+02
1.820000000000000000e+02
1.820000000000000000e+02
1.820000000000000000e+02
1.820000000000000000e+02
1.820000000000000000e+02
1.820000000000000000e+02
1.820000000000000000e+02
1.820000000000000000e+02
1.820000000000000000e+02
1.820000000000000000e+02
1.820000000000000000e+02
1.820000000000000000e+02
1.820000000000000000e+02
1.820000000000000000e+02
1.820000000000000000e+02
1.820000000000000000e+02
1.820000000000000000e+02
1.820000000000000000e+02
1.820000000000000000e+02
1.820000000000000000e+02
1.820000000000000000e+02
1.820000000000000000e+02
1.820000000000000000e+02
1.830000000000000000e+02
1.830000000000000000e+02
1.830000000000000000e+02
1.830000000000000000e+02
1.830000000000000000e+02
1.830000000000000000e+02
1.830000000000000000e+02
1.830000000000000000e+02
1.830000000000000000e+02
1.830000000000000000e+02
1.830000000000000000e+02
1.830000000000000000e+02
1.830000000000000000e+02
1.830000000000000000e+02
1.830000000000000000e+02
1.830000000000000000e+02
1.830000000000000000e+02
1.830000000000000000e+02
1.830000000000000000e+02
1.830000000000000000e+02
1.830000000000000000e+02
1.830000000000000000e+02
1.830000000000000000e+02
1.830000000000000000e+02
1.830000000000000000e+02
1.830000000000000000e+02
1.830000000000000000e+02
1.830000000000000000e+02
1.830000000000000000e+02
1.830000000000000000e+02
1.830000000000000000e+02
1.830000000000000000e+02
1.830000000000000000e+02
1.830000000000000000e+02
1.830000000000000000e+02
1.830000000000000000e+02
1.830000000000000000e+02
1.830000000000000000e+02
1.830000000000000000e+02
1.830000000000000000e+02
1.830000000000000000e+02
1.830000000000000000e+02
1.830000000000000000e+02
1.830000000000000000e+02
1.830000000000000000e+02
1.830000000000000000e+02
1.830000000000000000e+02
1.830000000000000000e+02
1.830000000000000000e+02
1.830000000000000000e+02
1.830000000000000000e+02
1.830000000000000000e+02
1.830000000000000000e+02
1.830000000000000000e+02
1.830000000000000000e+02
1.830000000000000000e+02
1.830000000000000000e+02
1.830000000000000000e+02
1.830000000000000000e+02
1.830000000000000000e+02
1.830000000000000000e+02
1.830000000000000000e+02
1.830000000000000000e+02
1.830000000000000000e+02
1.830000000000000000e+02
1.830000000000000000e+02
1.830000000000000000e+02
1.830000000000000000e+02
1.830000000000000000e+02
1.830000000000000000e+02
1.830000000000000000e+02
1.830000000000000000e+02
1.830000000000000000e+02
1.830000000000000000e+02
1.830000000000000000e+02
1.830000000000000000e+02
1.830000000000000000e+02
1.830000000000000000e+02
1.830000000000000000e+02
1.830000000000000000e+02
1.830000000000000000e+02
1.830000000000000000e+02
1.830000000000000000e+02
1.830000000000000000e+02
1.830000000000000000e+02
1.830000000000000000e+02
1.830000000000000000e+02
1.830000000000000000e+02
1.830000000000000000e+02
1.830000000000000000e+02
1.830000000000000000e+02
1.830000000000000000e+02
1.830000000000000000e+02
1.830000000000000000e+02
1.830000000000000000e+02
1.830000000000000000e+02
1.830000000000000000e+02
1.830000000000000000e+02
1.830000000000000000e+02
1.830000000000000000e+02
1.830000000000000000e+02
1.830000000000000000e+02
1.830000000000000000e+02
1.830000000000000000e+02
1.830000000000000000e+02
1.830000000000000000e+02
1.830000000000000000e+02
1.830000000000000000e+02
1.830000000000000000e+02
1.830000000000000000e+02
1.830000000000000000e+02
1.830000000000000000e+02
1.830000000000000000e+02
1.830000000000000000e+02
1.830000000000000000e+02
1.830000000000000000e+02
1.830000000000000000e+02
1.830000000000000000e+02
1.830000000000000000e+02
1.830000000000000000e+02
1.830000000000000000e+02
1.830000000000000000e+02
1.830000000000000000e+02
1.830000000000000000e+02
1.830000000000000000e+02
1.830000000000000000e+02
1.830000000000000000e+02
1.830000000000000000e+02
1.830000000000000000e+02
1.830000000000000000e+02
1.830000000000000000e+02
1.830000000000000000e+02
1.830000000000000000e+02
1.830000000000000000e+02
1.830000000000000000e+02
1.830000000000000000e+02
1.830000000000000000e+02
1.830000000000000000e+02
1.830000000000000000e+02
1.830000000000000000e+02
1.830000000000000000e+02
1.830000000000000000e+02
1.830000000000000000e+02
1.830000000000000000e+02
1.830000000000000000e+02
1.830000000000000000e+02
1.830000000000000000e+02
1.830000000000000000e+02
1.830000000000000000e+02
1.830000000000000000e+02
1.830000000000000000e+02
1.830000000000000000e+02
1.830000000000000000e+02
1.830000000000000000e+02
1.830000000000000000e+02
1.830000000000000000e+02
1.830000000000000000e+02
1.830000000000000000e+02
1.830000000000000000e+02
