1.415089703014572251e+03
1.414261847114933744e+03
1.412840894935829738e+03
1.411542448445308992e+03
1.410066556864518589e+03
1.408493244245200003e+03
1.406757724578817943e+03
1.407452774613142537e+03
1.406074722971210122e+03
1.404114011913406785e+03
1.402298852023173140e+03
1.400341972210972699e+03
1.398335800240601657e+03
1.396227333260819705e+03
1.396620177876532580e+03
1.395020227446262652e+03
1.392925941525700864e+03
1.391071755570347477e+03
1.389174630164345672e+03
1.387329080702947522e+03
1.385481951428383354e+03
1.386234416339989139e+03
1.385087676137286962e+03
1.383533316028441277e+03
1.382296850868652655e+03
1.381084463725075238e+03
1.379978274184204793e+03
1.378911394368423998e+03
1.380470248082886656e+03
1.380140614172011738e+03
1.379398350071719278e+03
1.378953312642782976e+03
1.378496472717863298e+03
1.378095549985489697e+03
1.377670416712863698e+03
1.379795736742584040e+03
1.379947292573102686e+03
1.379592949174720843e+03
1.379436765420939537e+03
1.379166244654435332e+03
1.378848047518120666e+03
1.378403413572160161e+03
1.380410757712710165e+03
1.380351895353307327e+03
1.379702847709409980e+03
1.379177742217936157e+03
1.378475805114015884e+03
1.377676776001217831e+03
1.376715998664741619e+03
1.378186662689012792e+03
1.377585658975653359e+03
1.376404009985311177e+03
1.375370399315341729e+03
1.374197807061703315e+03
1.372978589826610460e+03
1.371659268011478616e+03
1.372842502494693917e+03
1.372032730283627188e+03
1.370726425249079057e+03
1.369655512499095948e+03
