-3.918304710966914399e+02
-3.782149818582259968e+02
-3.811815918170094619e+02
-4.048160961593015372e+02
-4.069496832532688586e+02
-3.909646001342609907e+02
-8.678649954440152214e+02
-4.157190966963084406e+02
-4.021036074585551887e+02
-4.050702174180443649e+02
-4.287047217597065014e+02
-4.308383088532001466e+02
-4.148532257341654486e+02
-8.917536210437970112e+02
-4.396077222959260666e+02
-4.259922330588844375e+02
-4.289588430165788964e+02
-4.525933473591695702e+02
-4.547269344531317756e+02
-4.387418513344848634e+02
-9.156422466435687966e+02
-4.634963478964625097e+02
-4.498808586576940343e+02
-4.528474686166699144e+02
-4.764819729591134205e+02
-4.786155600530633478e+02
-4.626304769339740233e+02
-9.395308722432782815e+02
-4.873849734965042444e+02
-4.737694842580233399e+02
-4.767360942158168200e+02
-5.003705985585764893e+02
-5.025041856522678927e+02
-4.865191025342933244e+02
-9.634194978430551828e+02
-5.112735990956975343e+02
-4.976581098575929900e+02
-5.006247198168517230e+02
-5.242592241589815103e+02
-5.263928112529520149e+02
-5.104077281346127393e+02
-9.873081234428316293e+02
-5.351622246953151034e+02
-5.215467354572851946e+02
-5.245133454159985149e+02
-5.481478497575027404e+02
-5.502814368521305823e+02
-5.342963537345170835e+02
-1.011196749042535771e+03
-5.590508502945083364e+02
-5.454353610568549584e+02
-5.484019710151454774e+02
-5.720364753579074204e+02
-5.741700624520622114e+02
-5.581849793331326737e+02
-1.035085374642317902e+03
-5.829394758945496733e+02
-5.693239866571841503e+02
-5.722905966155682336e+02
-5.959251009578518961e+02
