9.378811011351957859e+03
9.378304845990292961e+03
9.377549894415080416e+03
9.376621497569738494e+03
9.375530511814105921e+03
9.374678107610980078e+03
9.374646437108985992e+03
9.373553868025457632e+03
9.372714401794604782e+03
9.371731118002966468e+03
9.370675435050196029e+03
9.369552114749420070e+03
9.368754178112138106e+03
9.368853740042619393e+03
9.367957457301718023e+03
9.367366203383644461e+03
9.366668806810004753e+03
9.365921636182174552e+03
9.365113952179164698e+03
9.364623185468602969e+03
9.365006139431699921e+03
9.364354802915682740e+03
9.363956377426244217e+03
9.363387346194527709e+03
9.362693359797125595e+03
9.361854850501338660e+03
9.361242527162845363e+03
9.361408743518051779e+03
9.360443420289246205e+03
9.359634122132671109e+03
9.358560115008109278e+03
9.357272178392291607e+03
9.355758085882282103e+03
9.354397909006171176e+03
9.353755141630548678e+03
9.351932331384950885e+03
9.350230826445545972e+03
9.348244471696887558e+03
9.346039038046104906e+03
9.343617308455679449e+03
9.341373985934407756e+03
9.339886431421056841e+03
9.337269928361658458e+03
9.334837092254376330e+03
9.332191268387252421e+03
9.329405709765384017e+03
9.326488465798182006e+03
9.323837152569174577e+03
9.322029616620189699e+03
9.319179191338642340e+03
9.316594164724690927e+03
9.313871300453252843e+03
9.311075201127465334e+03
9.308203439476657877e+03
9.305641621908240268e+03
9.303954388502479560e+03
9.301241039474913123e+03
9.298795396840914691e+03
9.296199732449415023e+03
9.293504540122941762e+03
