0.000000000000000000e+00
0.000000000000000000e+00
0.000000000000000000e+00
0.000000000000000000e+00
0.000000000000000000e+00
0.000000000000000000e+00
0.000000000000000000e+00
0.000000000000000000e+00
0.000000000000000000e+00
0.000000000000000000e+00
0.000000000000000000e+00
0.000000000000000000e+00
0.000000000000000000e+00
0.000000000000000000e+00
0.000000000000000000e+00
0.000000000000000000e+00
0.000000000000000000e+00
0.000000000000000000e+00
0.000000000000000000e+00
0.000000000000000000e+00
0.000000000000000000e+00
0.000000000000000000e+00
0.000000000000000000e+00
0.000000000000000000e+00
0.000000000000000000e+00
0.000000000000000000e+00
0.000000000000000000e+00
0.000000000000000000e+00
0.000000000000000000e+00
0.000000000000000000e+00
0.000000000000000000e+00
0.000000000000000000e+00
0.000000000000000000e+00
0.000000000000000000e+00
0.000000000000000000e+00
0.000000000000000000e+00
0.000000000000000000e+00
0.000000000000000000e+00
0.000000000000000000e+00
0.000000000000000000e+00
0.000000000000000000e+00
0.000000000000000000e+00
0.000000000000000000e+00
0.000000000000000000e+00
0.000000000000000000e+00
0.000000000000000000e+00
0.000000000000000000e+00
0.000000000000000000e+00
0.000000000000000000e+00
0.000000000000000000e+00
0.000000000000000000e+00
0.000000000000000000e+00
0.000000000000000000e+00
0.000000000000000000e+00
0.000000000000000000e+00
0.000000000000000000e+00
0.000000000000000000e+00
0.000000000000000000e+00
0.000000000000000000e+00
0.000000000000000000e+00
0.000000000000000000e+00
0.000000000000000000e+00
0.000000000000000000e+00
0.000000000000000000e+00
0.000000000000000000e+00
0.000000000000000000e+00
0.000000000000000000e+00
0.000000000000000000e+00
0.000000000000000000e+00
0.000000000000000000e+00
0.000000000000000000e+00
2.000000000000000000e+00
2.000000000000000000e+00
2.000000000000000000e+00
2.000000000000000000e+00
2.000000000000000000e+00
2.000000000000000000e+00
2.000000000000000000e+00
5.000000000000000000e+00
5.000000000000000000e+00
5.000000000000000000e+00
5.000000000000000000e+00
5.000000000000000000e+00
5.000000000000000000e+00
1.100000000000000000e+01
1.100000000000000000e+01
1.100000000000000000e+01
1.100000000000000000e+01
1.100000000000000000e+01
1.600000000000000000e+01
1.600000000000000000e+01
1.600000000000000000e+01
1.600000000000000000e+01
1.900000000000000000e+01
1.900000000000000000e+01
1.900000000000000000e+01
1.900000000000000000e+01
1.900000000000000000e+01
1.900000000000000000e+01
1.900000000000000000e+01
2.500000000000000000e+01
2.500000000000000000e+01
2.500000000000000000e+01
2.600000000000000000e+01
2.600000000000000000e+01
3.000000000000000000e+01
3.000000000000000000e+01
3.300000000000000000e+01
3.300000000000000000e+01
3.300000000000000000e+01
5.300000000000000000e+01
5.300000000000000000e+01
5.300000000000000000e+01
8.700000000000000000e+01
8.700000000000000000e+01
8.700000000000000000e+01
8.700000000000000000e+01
1.100000000000000000e+02
1.320000000000000000e+02
1.320000000000000000e+02
1.370000000000000000e+02
1.370000000000000000e+02
1.470000000000000000e+02
1.470000000000000000e+02
1.470000000000000000e+02
1.470000000000000000e+02
1.610000000000000000e+02
1.610000000000000000e+02
1.610000000000000000e+02
1.610000000000000000e+02
1.790000000000000000e+02
1.790000000000000000e+02
1.790000000000000000e+02
1.790000000000000000e+02
1.790000000000000000e+02
1.820000000000000000e+02
2.100000000000000000e+02
2.100000000000000000e+02
2.100000000000000000e+02
2.210000000000000000e+02
2.210000000000000000e+02
2.210000000000000000e+02
2.210000000000000000e+02
2.210000000000000000e+02
2.210000000000000000e+02
3.910000000000000000e+02
3.910000000000000000e+02
3.910000000000000000e+02
3.910000000000000000e+02
3.910000000000000000e+02
3.910000000000000000e+02
3.910000000000000000e+02
4.560000000000000000e+02
4.560000000000000000e+02
4.560000000000000000e+02
4.560000000000000000e+02
4.560000000000000000e+02
4.560000000000000000e+02
4.560000000000000000e+02
4.560000000000000000e+02
4.560000000000000000e+02
4.860000000000000000e+02
4.860000000000000000e+02
5.010000000000000000e+02
5.010000000000000000e+02
5.010000000000000000e+02
5.010000000000000000e+02
5.010000000000000000e+02
5.250000000000000000e+02
5.250000000000000000e+02
5.890000000000000000e+02
5.890000000000000000e+02
5.890000000000000000e+02
5.890000000000000000e+02
5.890000000000000000e+02
5.890000000000000000e+02
5.890000000000000000e+02
6.260000000000000000e+02
6.260000000000000000e+02
6.260000000000000000e+02
6.660000000000000000e+02
6.660000000000000000e+02
6.660000000000000000e+02
6.660000000000000000e+02
7.560000000000000000e+02
7.560000000000000000e+02
7.560000000000000000e+02
8.290000000000000000e+02
8.290000000000000000e+02
8.290000000000000000e+02
8.290000000000000000e+02
8.290000000000000000e+02
8.290000000000000000e+02
8.290000000000000000e+02
1.589000000000000000e+03
1.589000000000000000e+03
1.589000000000000000e+03
1.589000000000000000e+03
1.589000000000000000e+03
1.589000000000000000e+03
1.589000000000000000e+03
1.589000000000000000e+03
1.625000000000000000e+03
1.625000000000000000e+03
1.625000000000000000e+03
1.625000000000000000e+03
1.625000000000000000e+03
1.625000000000000000e+03
1.625000000000000000e+03
1.625000000000000000e+03
1.625000000000000000e+03
1.625000000000000000e+03
1.625000000000000000e+03
1.625000000000000000e+03
1.625000000000000000e+03
1.742000000000000000e+03
1.742000000000000000e+03
1.742000000000000000e+03
1.742000000000000000e+03
1.742000000000000000e+03
1.742000000000000000e+03
1.742000000000000000e+03
1.742000000000000000e+03
1.742000000000000000e+03
1.742000000000000000e+03
1.742000000000000000e+03
1.742000000000000000e+03
1.742000000000000000e+03
1.742000000000000000e+03
3.887000000000000000e+03
3.887000000000000000e+03
3.887000000000000000e+03
3.887000000000000000e+03
3.887000000000000000e+03
3.887000000000000000e+03
3.887000000000000000e+03
3.887000000000000000e+03
3.887000000000000000e+03
3.887000000000000000e+03
3.887000000000000000e+03
3.887000000000000000e+03
3.887000000000000000e+03
3.887000000000000000e+03
3.887000000000000000e+03
3.887000000000000000e+03
3.887000000000000000e+03
3.887000000000000000e+03
3.887000000000000000e+03
3.887000000000000000e+03
3.887000000000000000e+03
3.887000000000000000e+03
3.887000000000000000e+03
3.887000000000000000e+03
3.887000000000000000e+03
3.887000000000000000e+03
3.887000000000000000e+03
3.887000000000000000e+03
3.887000000000000000e+03
3.887000000000000000e+03
3.887000000000000000e+03
3.887000000000000000e+03
3.887000000000000000e+03
3.887000000000000000e+03
3.887000000000000000e+03
3.887000000000000000e+03
3.887000000000000000e+03
3.887000000000000000e+03
3.887000000000000000e+03
3.887000000000000000e+03
3.887000000000000000e+03
3.887000000000000000e+03
3.887000000000000000e+03
3.887000000000000000e+03
3.887000000000000000e+03
3.887000000000000000e+03
3.887000000000000000e+03
3.887000000000000000e+03
3.887000000000000000e+03
3.887000000000000000e+03
3.887000000000000000e+03
3.887000000000000000e+03
3.887000000000000000e+03
3.887000000000000000e+03
3.887000000000000000e+03
3.887000000000000000e+03
3.887000000000000000e+03
3.887000000000000000e+03
3.887000000000000000e+03
3.887000000000000000e+03
3.887000000000000000e+03
3.887000000000000000e+03
3.887000000000000000e+03
3.887000000000000000e+03
3.887000000000000000e+03
3.887000000000000000e+03
3.887000000000000000e+03
3.887000000000000000e+03
3.887000000000000000e+03
3.887000000000000000e+03
3.887000000000000000e+03
3.887000000000000000e+03
3.887000000000000000e+03
3.887000000000000000e+03
3.887000000000000000e+03
3.887000000000000000e+03
3.887000000000000000e+03
4.988000000000000000e+03
4.988000000000000000e+03
4.988000000000000000e+03
4.988000000000000000e+03
4.988000000000000000e+03
4.988000000000000000e+03
4.988000000000000000e+03
4.988000000000000000e+03
4.988000000000000000e+03
4.988000000000000000e+03
4.988000000000000000e+03
4.988000000000000000e+03
4.988000000000000000e+03
4.988000000000000000e+03
4.988000000000000000e+03
4.988000000000000000e+03
4.988000000000000000e+03
4.988000000000000000e+03
4.988000000000000000e+03
4.988000000000000000e+03
4.988000000000000000e+03
4.988000000000000000e+03
4.988000000000000000e+03
4.988000000000000000e+03
4.988000000000000000e+03
4.988000000000000000e+03
4.988000000000000000e+03
4.988000000000000000e+03
4.988000000000000000e+03
4.988000000000000000e+03
4.988000000000000000e+03
4.988000000000000000e+03
4.988000000000000000e+03
5.831000000000000000e+03
5.831000000000000000e+03
5.831000000000000000e+03
5.831000000000000000e+03
5.831000000000000000e+03
5.846000000000000000e+03
5.846000000000000000e+03
5.846000000000000000e+03
5.846000000000000000e+03
5.846000000000000000e+03
5.846000000000000000e+03
5.846000000000000000e+03
5.846000000000000000e+03
5.846000000000000000e+03
5.846000000000000000e+03
5.846000000000000000e+03
5.846000000000000000e+03
5.846000000000000000e+03
5.846000000000000000e+03
5.846000000000000000e+03
5.846000000000000000e+03
5.846000000000000000e+03
5.846000000000000000e+03
5.846000000000000000e+03
5.846000000000000000e+03
5.846000000000000000e+03
5.846000000000000000e+03
5.846000000000000000e+03
5.846000000000000000e+03
5.846000000000000000e+03
5.846000000000000000e+03
5.846000000000000000e+03
5.846000000000000000e+03
5.846000000000000000e+03
5.846000000000000000e+03
5.846000000000000000e+03
5.846000000000000000e+03
5.846000000000000000e+03
5.846000000000000000e+03
5.846000000000000000e+03
5.846000000000000000e+03
5.846000000000000000e+03
5.846000000000000000e+03
5.846000000000000000e+03
5.846000000000000000e+03
5.846000000000000000e+03
5.846000000000000000e+03
7.019000000000000000e+03
7.019000000000000000e+03
7.019000000000000000e+03
7.019000000000000000e+03
7.019000000000000000e+03
7.019000000000000000e+03
7.019000000000000000e+03
7.019000000000000000e+03
7.019000000000000000e+03
7.019000000000000000e+03
7.019000000000000000e+03
7.019000000000000000e+03
7.019000000000000000e+03
7.019000000000000000e+03
7.019000000000000000e+03
7.019000000000000000e+03
7.019000000000000000e+03
7.019000000000000000e+03
7.019000000000000000e+03
7.019000000000000000e+03
7.019000000000000000e+03
7.019000000000000000e+03
7.514000000000000000e+03
7.514000000000000000e+03
7.514000000000000000e+03
7.514000000000000000e+03
7.514000000000000000e+03
7.514000000000000000e+03
7.514000000000000000e+03
7.514000000000000000e+03
7.514000000000000000e+03
7.514000000000000000e+03
7.514000000000000000e+03
7.514000000000000000e+03
7.514000000000000000e+03
7.514000000000000000e+03
7.514000000000000000e+03
7.514000000000000000e+03
7.514000000000000000e+03
7.514000000000000000e+03
7.514000000000000000e+03
7.514000000000000000e+03
8.208000000000000000e+03
8.208000000000000000e+03
8.208000000000000000e+03
8.208000000000000000e+03
8.208000000000000000e+03
8.208000000000000000e+03
8.208000000000000000e+03
8.208000000000000000e+03
8.208000000000000000e+03
8.208000000000000000e+03
8.208000000000000000e+03
8.208000000000000000e+03
8.208000000000000000e+03
8.208000000000000000e+03
8.208000000000000000e+03
8.208000000000000000e+03
8.208000000000000000e+03
8.208000000000000000e+03
8.208000000000000000e+03
8.208000000000000000e+03
8.208000000000000000e+03
8.208000000000000000e+03
8.208000000000000000e+03
8.208000000000000000e+03
8.208000000000000000e+03
8.208000000000000000e+03
8.208000000000000000e+03
8.208000000000000000e+03
8.208000000000000000e+03
8.208000000000000000e+03
8.208000000000000000e+03
8.208000000000000000e+03
8.208000000000000000e+03
8.208000000000000000e+03
8.208000000000000000e+03
8.208000000000000000e+03
8.208000000000000000e+03
8.208000000000000000e+03
8.208000000000000000e+03
8.208000000000000000e+03
8.208000000000000000e+03
8.208000000000000000e+03
8.208000000000000000e+03
8.208000000000000000e+03
8.208000000000000000e+03
8.208000000000000000e+03
8.208000000000000000e+03
8.208000000000000000e+03
8.208000000000000000e+03
8.208000000000000000e+03
8.208000000000000000e+03
8.208000000000000000e+03
8.208000000000000000e+03
8.208000000000000000e+03
8.208000000000000000e+03
8.208000000000000000e+03
8.208000000000000000e+03
8.208000000000000000e+03
8.208000000000000000e+03
8.208000000000000000e+03
8.208000000000000000e+03
8.208000000000000000e+03
8.208000000000000000e+03
8.208000000000000000e+03
8.208000000000000000e+03
8.208000000000000000e+03
8.208000000000000000e+03
8.208000000000000000e+03
1.059100000000000000e+04
1.059100000000000000e+04
1.059100000000000000e+04
1.059100000000000000e+04
1.059100000000000000e+04
1.059100000000000000e+04
1.111000000000000000e+04
1.111000000000000000e+04
1.111000000000000000e+04
1.111000000000000000e+04
1.111000000000000000e+04
1.121100000000000000e+04
1.121100000000000000e+04
1.121100000000000000e+04
1.121100000000000000e+04
1.121100000000000000e+04
1.121100000000000000e+04
1.121100000000000000e+04
1.121100000000000000e+04
1.121100000000000000e+04
1.121100000000000000e+04
1.121100000000000000e+04
1.121100000000000000e+04
1.121100000000000000e+04
1.121100000000000000e+04
1.121100000000000000e+04
1.121100000000000000e+04
1.121100000000000000e+04
1.121100000000000000e+04
1.121100000000000000e+04
1.121100000000000000e+04
1.121100000000000000e+04
1.121100000000000000e+04
1.121100000000000000e+04
1.175900000000000000e+04
1.175900000000000000e+04
1.175900000000000000e+04
1.175900000000000000e+04
1.175900000000000000e+04
1.175900000000000000e+04
1.175900000000000000e+04
1.175900000000000000e+04
1.175900000000000000e+04
1.175900000000000000e+04
1.175900000000000000e+04
1.175900000000000000e+04
1.175900000000000000e+04
1.175900000000000000e+04
1.175900000000000000e+04
1.175900000000000000e+04
1.175900000000000000e+04
1.175900000000000000e+04
1.175900000000000000e+04
1.175900000000000000e+04
1.175900000000000000e+04
1.175900000000000000e+04
1.175900000000000000e+04
1.175900000000000000e+04
1.175900000000000000e+04
1.242100000000000000e+04
1.242100000000000000e+04
1.242100000000000000e+04
1.242100000000000000e+04
1.242100000000000000e+04
1.242100000000000000e+04
0.000000000000000000e+00
0.000000000000000000e+00
0.000000000000000000e+00
0.000000000000000000e+00
0.000000000000000000e+00
0.000000000000000000e+00
0.000000000000000000e+00
0.000000000000000000e+00
0.000000000000000000e+00
0.000000000000000000e+00
0.000000000000000000e+00
0.000000000000000000e+00
0.000000000000000000e+00
0.000000000000000000e+00
0.000000000000000000e+00
0.000000000000000000e+00
0.000000000000000000e+00
0.000000000000000000e+00
0.000000000000000000e+00
0.000000000000000000e+00
0.000000000000000000e+00
0.000000000000000000e+00
0.000000000000000000e+00
0.000000000000000000e+00
0.000000000000000000e+00
0.000000000000000000e+00
0.000000000000000000e+00
0.000000000000000000e+00
0.000000000000000000e+00
0.000000000000000000e+00
0.000000000000000000e+00
0.000000000000000000e+00
0.000000000000000000e+00
0.000000000000000000e+00
0.000000000000000000e+00
0.000000000000000000e+00
0.000000000000000000e+00
0.000000000000000000e+00
0.000000000000000000e+00
0.000000000000000000e+00
0.000000000000000000e+00
0.000000000000000000e+00
0.000000000000000000e+00
0.000000000000000000e+00
0.000000000000000000e+00
0.000000000000000000e+00
0.000000000000000000e+00
0.000000000000000000e+00
0.000000000000000000e+00
0.000000000000000000e+00
0.000000000000000000e+00
0.000000000000000000e+00
0.000000000000000000e+00
0.000000000000000000e+00
0.000000000000000000e+00
0.000000000000000000e+00
0.000000000000000000e+00
0.000000000000000000e+00
0.000000000000000000e+00
0.000000000000000000e+00
0.000000000000000000e+00
0.000000000000000000e+00
0.000000000000000000e+00
0.000000000000000000e+00
0.000000000000000000e+00
0.000000000000000000e+00
0.000000000000000000e+00
0.000000000000000000e+00
0.000000000000000000e+00
0.000000000000000000e+00
0.000000000000000000e+00
0.000000000000000000e+00
0.000000000000000000e+00
0.000000000000000000e+00
0.000000000000000000e+00
0.000000000000000000e+00
0.000000000000000000e+00
0.000000000000000000e+00
0.000000000000000000e+00
0.000000000000000000e+00
0.000000000000000000e+00
0.000000000000000000e+00
0.000000000000000000e+00
0.000000000000000000e+00
