0.000000000000000000e+00
0.000000000000000000e+00
0.000000000000000000e+00
0.000000000000000000e+00
0.000000000000000000e+00
0.000000000000000000e+00
0.000000000000000000e+00
0.000000000000000000e+00
0.000000000000000000e+00
0.000000000000000000e+00
0.000000000000000000e+00
0.000000000000000000e+00
0.000000000000000000e+00
0.000000000000000000e+00
0.000000000000000000e+00
0.000000000000000000e+00
0.000000000000000000e+00
0.000000000000000000e+00
0.000000000000000000e+00
0.000000000000000000e+00
0.000000000000000000e+00
0.000000000000000000e+00
0.000000000000000000e+00
0.000000000000000000e+00
0.000000000000000000e+00
0.000000000000000000e+00
0.000000000000000000e+00
0.000000000000000000e+00
0.000000000000000000e+00
0.000000000000000000e+00
0.000000000000000000e+00
0.000000000000000000e+00
0.000000000000000000e+00
0.000000000000000000e+00
0.000000000000000000e+00
0.000000000000000000e+00
0.000000000000000000e+00
0.000000000000000000e+00
0.000000000000000000e+00
0.000000000000000000e+00
0.000000000000000000e+00
0.000000000000000000e+00
0.000000000000000000e+00
0.000000000000000000e+00
0.000000000000000000e+00
0.000000000000000000e+00
0.000000000000000000e+00
0.000000000000000000e+00
0.000000000000000000e+00
0.000000000000000000e+00
0.000000000000000000e+00
0.000000000000000000e+00
0.000000000000000000e+00
0.000000000000000000e+00
0.000000000000000000e+00
0.000000000000000000e+00
0.000000000000000000e+00
0.000000000000000000e+00
0.000000000000000000e+00
0.000000000000000000e+00
0.000000000000000000e+00
0.000000000000000000e+00
0.000000000000000000e+00
0.000000000000000000e+00
0.000000000000000000e+00
0.000000000000000000e+00
0.000000000000000000e+00
0.000000000000000000e+00
0.000000000000000000e+00
0.000000000000000000e+00
0.000000000000000000e+00
2.000000000000000000e+00
2.000000000000000000e+00
2.000000000000000000e+00
5.000000000000000000e+00
5.000000000000000000e+00
5.000000000000000000e+00
5.000000000000000000e+00
5.000000000000000000e+00
5.000000000000000000e+00
5.000000000000000000e+00
5.000000000000000000e+00
5.000000000000000000e+00
5.000000000000000000e+00
5.000000000000000000e+00
5.000000000000000000e+00
6.000000000000000000e+00
6.000000000000000000e+00
6.000000000000000000e+00
6.000000000000000000e+00
6.000000000000000000e+00
6.000000000000000000e+00
6.000000000000000000e+00
6.000000000000000000e+00
6.000000000000000000e+00
6.000000000000000000e+00
6.000000000000000000e+00
8.000000000000000000e+00
8.000000000000000000e+00
9.000000000000000000e+00
9.000000000000000000e+00
9.000000000000000000e+00
9.000000000000000000e+00
1.000000000000000000e+01
1.000000000000000000e+01
1.000000000000000000e+01
1.000000000000000000e+01
1.000000000000000000e+01
1.000000000000000000e+01
1.000000000000000000e+01
1.100000000000000000e+01
1.100000000000000000e+01
1.100000000000000000e+01
1.500000000000000000e+01
1.500000000000000000e+01
1.500000000000000000e+01
1.500000000000000000e+01
1.500000000000000000e+01
1.500000000000000000e+01
1.500000000000000000e+01
1.600000000000000000e+01
1.600000000000000000e+01
1.600000000000000000e+01
1.600000000000000000e+01
1.600000000000000000e+01
1.600000000000000000e+01
1.900000000000000000e+01
1.900000000000000000e+01
1.900000000000000000e+01
1.900000000000000000e+01
2.000000000000000000e+01
2.000000000000000000e+01
2.000000000000000000e+01
2.000000000000000000e+01
2.000000000000000000e+01
2.000000000000000000e+01
2.200000000000000000e+01
2.200000000000000000e+01
2.200000000000000000e+01
2.400000000000000000e+01
2.400000000000000000e+01
2.400000000000000000e+01
2.400000000000000000e+01
2.400000000000000000e+01
2.400000000000000000e+01
2.700000000000000000e+01
2.700000000000000000e+01
2.700000000000000000e+01
2.700000000000000000e+01
2.700000000000000000e+01
2.700000000000000000e+01
2.700000000000000000e+01
3.700000000000000000e+01
3.700000000000000000e+01
3.700000000000000000e+01
3.700000000000000000e+01
3.700000000000000000e+01
3.700000000000000000e+01
3.700000000000000000e+01
3.700000000000000000e+01
3.700000000000000000e+01
4.100000000000000000e+01
4.100000000000000000e+01
4.400000000000000000e+01
4.400000000000000000e+01
4.400000000000000000e+01
4.400000000000000000e+01
4.400000000000000000e+01
4.700000000000000000e+01
4.700000000000000000e+01
4.700000000000000000e+01
4.700000000000000000e+01
4.700000000000000000e+01
4.700000000000000000e+01
4.700000000000000000e+01
4.700000000000000000e+01
4.800000000000000000e+01
4.900000000000000000e+01
4.900000000000000000e+01
4.900000000000000000e+01
5.000000000000000000e+01
5.000000000000000000e+01
5.000000000000000000e+01
5.000000000000000000e+01
5.100000000000000000e+01
5.100000000000000000e+01
5.100000000000000000e+01
5.400000000000000000e+01
5.400000000000000000e+01
5.400000000000000000e+01
5.400000000000000000e+01
5.400000000000000000e+01
5.400000000000000000e+01
5.400000000000000000e+01
5.800000000000000000e+01
5.800000000000000000e+01
5.800000000000000000e+01
5.800000000000000000e+01
5.800000000000000000e+01
5.800000000000000000e+01
5.800000000000000000e+01
5.800000000000000000e+01
6.000000000000000000e+01
6.000000000000000000e+01
6.000000000000000000e+01
6.000000000000000000e+01
6.000000000000000000e+01
7.600000000000000000e+01
7.600000000000000000e+01
7.600000000000000000e+01
7.700000000000000000e+01
7.700000000000000000e+01
7.700000000000000000e+01
7.700000000000000000e+01
7.700000000000000000e+01
7.800000000000000000e+01
7.800000000000000000e+01
7.800000000000000000e+01
7.800000000000000000e+01
7.800000000000000000e+01
7.800000000000000000e+01
7.800000000000000000e+01
7.800000000000000000e+01
7.800000000000000000e+01
1.020000000000000000e+02
1.020000000000000000e+02
1.020000000000000000e+02
1.020000000000000000e+02
1.020000000000000000e+02
1.020000000000000000e+02
1.140000000000000000e+02
1.140000000000000000e+02
8.300000000000000000e+01
8.800000000000000000e+01
8.800000000000000000e+01
8.800000000000000000e+01
8.800000000000000000e+01
8.800000000000000000e+01
8.800000000000000000e+01
8.800000000000000000e+01
8.900000000000000000e+01
8.900000000000000000e+01
8.900000000000000000e+01
8.900000000000000000e+01
8.900000000000000000e+01
8.900000000000000000e+01
8.900000000000000000e+01
8.900000000000000000e+01
8.900000000000000000e+01
8.900000000000000000e+01
8.900000000000000000e+01
8.900000000000000000e+01
8.900000000000000000e+01
8.900000000000000000e+01
8.900000000000000000e+01
8.900000000000000000e+01
8.900000000000000000e+01
8.900000000000000000e+01
8.900000000000000000e+01
8.900000000000000000e+01
8.900000000000000000e+01
9.000000000000000000e+01
9.000000000000000000e+01
9.000000000000000000e+01
9.000000000000000000e+01
9.000000000000000000e+01
9.200000000000000000e+01
9.200000000000000000e+01
9.200000000000000000e+01
9.200000000000000000e+01
9.200000000000000000e+01
9.200000000000000000e+01
9.200000000000000000e+01
9.200000000000000000e+01
9.200000000000000000e+01
9.200000000000000000e+01
9.200000000000000000e+01
9.200000000000000000e+01
9.200000000000000000e+01
9.200000000000000000e+01
9.200000000000000000e+01
9.200000000000000000e+01
9.200000000000000000e+01
9.200000000000000000e+01
9.200000000000000000e+01
9.200000000000000000e+01
9.200000000000000000e+01
9.200000000000000000e+01
9.200000000000000000e+01
9.200000000000000000e+01
9.200000000000000000e+01
9.200000000000000000e+01
9.200000000000000000e+01
9.200000000000000000e+01
9.200000000000000000e+01
9.200000000000000000e+01
9.200000000000000000e+01
9.200000000000000000e+01
9.200000000000000000e+01
9.200000000000000000e+01
9.200000000000000000e+01
9.200000000000000000e+01
9.300000000000000000e+01
9.300000000000000000e+01
9.300000000000000000e+01
9.300000000000000000e+01
9.300000000000000000e+01
9.300000000000000000e+01
9.300000000000000000e+01
9.300000000000000000e+01
9.400000000000000000e+01
9.400000000000000000e+01
9.400000000000000000e+01
9.400000000000000000e+01
9.400000000000000000e+01
9.400000000000000000e+01
9.400000000000000000e+01
9.400000000000000000e+01
9.400000000000000000e+01
9.400000000000000000e+01
9.400000000000000000e+01
9.400000000000000000e+01
9.900000000000000000e+01
9.900000000000000000e+01
9.900000000000000000e+01
9.900000000000000000e+01
9.900000000000000000e+01
1.000000000000000000e+02
1.000000000000000000e+02
1.000000000000000000e+02
1.000000000000000000e+02
1.000000000000000000e+02
1.000000000000000000e+02
1.000000000000000000e+02
1.000000000000000000e+02
1.000000000000000000e+02
1.000000000000000000e+02
1.000000000000000000e+02
1.000000000000000000e+02
1.070000000000000000e+02
1.070000000000000000e+02
1.070000000000000000e+02
1.070000000000000000e+02
1.070000000000000000e+02
1.080000000000000000e+02
1.080000000000000000e+02
1.080000000000000000e+02
1.080000000000000000e+02
1.080000000000000000e+02
1.080000000000000000e+02
1.080000000000000000e+02
1.080000000000000000e+02
1.080000000000000000e+02
1.080000000000000000e+02
1.080000000000000000e+02
1.080000000000000000e+02
1.120000000000000000e+02
1.120000000000000000e+02
1.120000000000000000e+02
1.140000000000000000e+02
1.140000000000000000e+02
1.140000000000000000e+02
1.140000000000000000e+02
1.140000000000000000e+02
1.140000000000000000e+02
1.170000000000000000e+02
1.170000000000000000e+02
1.170000000000000000e+02
1.170000000000000000e+02
1.170000000000000000e+02
1.170000000000000000e+02
1.170000000000000000e+02
1.170000000000000000e+02
1.170000000000000000e+02
1.170000000000000000e+02
1.170000000000000000e+02
1.170000000000000000e+02
1.170000000000000000e+02
1.170000000000000000e+02
1.220000000000000000e+02
1.220000000000000000e+02
1.220000000000000000e+02
1.220000000000000000e+02
1.220000000000000000e+02
1.220000000000000000e+02
1.220000000000000000e+02
1.220000000000000000e+02
1.230000000000000000e+02
1.230000000000000000e+02
1.230000000000000000e+02
1.230000000000000000e+02
1.230000000000000000e+02
1.230000000000000000e+02
1.230000000000000000e+02
1.230000000000000000e+02
1.230000000000000000e+02
1.270000000000000000e+02
1.270000000000000000e+02
1.270000000000000000e+02
1.280000000000000000e+02
1.280000000000000000e+02
1.280000000000000000e+02
1.280000000000000000e+02
1.280000000000000000e+02
1.280000000000000000e+02
1.280000000000000000e+02
1.280000000000000000e+02
1.310000000000000000e+02
1.310000000000000000e+02
1.310000000000000000e+02
1.310000000000000000e+02
1.310000000000000000e+02
1.310000000000000000e+02
1.310000000000000000e+02
1.310000000000000000e+02
1.310000000000000000e+02
1.310000000000000000e+02
1.310000000000000000e+02
1.310000000000000000e+02
1.310000000000000000e+02
1.310000000000000000e+02
1.340000000000000000e+02
1.340000000000000000e+02
1.340000000000000000e+02
1.340000000000000000e+02
1.340000000000000000e+02
1.340000000000000000e+02
1.350000000000000000e+02
1.350000000000000000e+02
1.350000000000000000e+02
1.350000000000000000e+02
1.350000000000000000e+02
1.350000000000000000e+02
1.350000000000000000e+02
1.350000000000000000e+02
1.350000000000000000e+02
1.350000000000000000e+02
1.350000000000000000e+02
1.350000000000000000e+02
1.350000000000000000e+02
1.370000000000000000e+02
1.370000000000000000e+02
1.370000000000000000e+02
1.370000000000000000e+02
1.370000000000000000e+02
1.370000000000000000e+02
1.370000000000000000e+02
1.370000000000000000e+02
1.390000000000000000e+02
1.390000000000000000e+02
1.390000000000000000e+02
1.390000000000000000e+02
1.390000000000000000e+02
1.390000000000000000e+02
1.390000000000000000e+02
1.390000000000000000e+02
1.390000000000000000e+02
1.390000000000000000e+02
1.390000000000000000e+02
1.440000000000000000e+02
1.440000000000000000e+02
1.440000000000000000e+02
1.440000000000000000e+02
1.440000000000000000e+02
1.440000000000000000e+02
1.440000000000000000e+02
1.440000000000000000e+02
1.470000000000000000e+02
1.470000000000000000e+02
1.470000000000000000e+02
1.470000000000000000e+02
1.480000000000000000e+02
1.480000000000000000e+02
1.480000000000000000e+02
1.480000000000000000e+02
1.480000000000000000e+02
1.480000000000000000e+02
1.480000000000000000e+02
1.480000000000000000e+02
1.480000000000000000e+02
1.480000000000000000e+02
1.480000000000000000e+02
1.480000000000000000e+02
1.500000000000000000e+02
1.500000000000000000e+02
1.500000000000000000e+02
1.500000000000000000e+02
1.500000000000000000e+02
1.500000000000000000e+02
1.530000000000000000e+02
1.530000000000000000e+02
1.530000000000000000e+02
1.530000000000000000e+02
1.530000000000000000e+02
1.530000000000000000e+02
1.530000000000000000e+02
1.530000000000000000e+02
1.540000000000000000e+02
1.540000000000000000e+02
1.550000000000000000e+02
1.550000000000000000e+02
1.550000000000000000e+02
1.570000000000000000e+02
1.570000000000000000e+02
1.570000000000000000e+02
1.570000000000000000e+02
1.570000000000000000e+02
1.600000000000000000e+02
1.600000000000000000e+02
1.600000000000000000e+02
1.600000000000000000e+02
1.600000000000000000e+02
1.610000000000000000e+02
1.610000000000000000e+02
1.610000000000000000e+02
1.610000000000000000e+02
1.610000000000000000e+02
1.640000000000000000e+02
1.640000000000000000e+02
1.640000000000000000e+02
1.650000000000000000e+02
1.650000000000000000e+02
1.650000000000000000e+02
1.650000000000000000e+02
1.650000000000000000e+02
1.650000000000000000e+02
1.660000000000000000e+02
1.660000000000000000e+02
1.660000000000000000e+02
1.660000000000000000e+02
1.670000000000000000e+02
1.670000000000000000e+02
1.670000000000000000e+02
1.670000000000000000e+02
1.670000000000000000e+02
1.670000000000000000e+02
1.670000000000000000e+02
1.670000000000000000e+02
1.670000000000000000e+02
1.670000000000000000e+02
1.720000000000000000e+02
1.720000000000000000e+02
1.720000000000000000e+02
1.720000000000000000e+02
1.740000000000000000e+02
1.760000000000000000e+02
1.760000000000000000e+02
1.760000000000000000e+02
1.760000000000000000e+02
1.760000000000000000e+02
1.760000000000000000e+02
1.770000000000000000e+02
1.770000000000000000e+02
1.770000000000000000e+02
1.770000000000000000e+02
1.780000000000000000e+02
1.780000000000000000e+02
1.780000000000000000e+02
1.780000000000000000e+02
1.780000000000000000e+02
1.780000000000000000e+02
1.780000000000000000e+02
1.780000000000000000e+02
1.780000000000000000e+02
1.780000000000000000e+02
1.790000000000000000e+02
1.790000000000000000e+02
1.790000000000000000e+02
1.790000000000000000e+02
1.790000000000000000e+02
1.790000000000000000e+02
1.790000000000000000e+02
1.790000000000000000e+02
1.790000000000000000e+02
1.790000000000000000e+02
1.790000000000000000e+02
1.790000000000000000e+02
1.790000000000000000e+02
1.790000000000000000e+02
1.790000000000000000e+02
1.790000000000000000e+02
1.790000000000000000e+02
1.830000000000000000e+02
1.830000000000000000e+02
1.830000000000000000e+02
1.830000000000000000e+02
1.830000000000000000e+02
1.830000000000000000e+02
1.830000000000000000e+02
1.830000000000000000e+02
1.830000000000000000e+02
1.830000000000000000e+02
1.830000000000000000e+02
1.830000000000000000e+02
1.830000000000000000e+02
1.830000000000000000e+02
1.830000000000000000e+02
1.830000000000000000e+02
1.830000000000000000e+02
1.830000000000000000e+02
1.830000000000000000e+02
1.830000000000000000e+02
1.830000000000000000e+02
1.830000000000000000e+02
1.830000000000000000e+02
1.830000000000000000e+02
1.830000000000000000e+02
1.830000000000000000e+02
1.910000000000000000e+02
1.910000000000000000e+02
1.910000000000000000e+02
1.910000000000000000e+02
1.910000000000000000e+02
1.910000000000000000e+02
1.930000000000000000e+02
1.930000000000000000e+02
1.930000000000000000e+02
1.930000000000000000e+02
1.970000000000000000e+02
1.970000000000000000e+02
1.970000000000000000e+02
1.990000000000000000e+02
1.990000000000000000e+02
1.990000000000000000e+02
2.060000000000000000e+02
2.060000000000000000e+02
2.060000000000000000e+02
2.060000000000000000e+02
2.060000000000000000e+02
2.190000000000000000e+02
2.190000000000000000e+02
2.190000000000000000e+02
2.220000000000000000e+02
2.220000000000000000e+02
2.220000000000000000e+02
2.310000000000000000e+02
2.310000000000000000e+02
2.310000000000000000e+02
2.390000000000000000e+02
2.390000000000000000e+02
2.390000000000000000e+02
2.390000000000000000e+02
2.490000000000000000e+02
2.490000000000000000e+02
2.490000000000000000e+02
2.580000000000000000e+02
2.580000000000000000e+02
2.580000000000000000e+02
2.580000000000000000e+02
2.780000000000000000e+02
2.780000000000000000e+02
2.780000000000000000e+02
2.970000000000000000e+02
2.970000000000000000e+02
2.970000000000000000e+02
2.970000000000000000e+02
3.090000000000000000e+02
3.090000000000000000e+02
3.090000000000000000e+02
3.090000000000000000e+02
3.090000000000000000e+02
3.090000000000000000e+02
3.090000000000000000e+02
3.190000000000000000e+02
3.310000000000000000e+02
3.310000000000000000e+02
3.310000000000000000e+02
3.390000000000000000e+02
3.390000000000000000e+02
3.390000000000000000e+02
3.390000000000000000e+02
3.490000000000000000e+02
3.490000000000000000e+02
3.490000000000000000e+02
3.490000000000000000e+02
3.490000000000000000e+02
3.490000000000000000e+02
3.540000000000000000e+02
3.540000000000000000e+02
3.540000000000000000e+02
3.540000000000000000e+02
3.540000000000000000e+02
3.540000000000000000e+02
3.540000000000000000e+02
3.540000000000000000e+02
3.590000000000000000e+02
3.590000000000000000e+02
3.590000000000000000e+02
3.590000000000000000e+02
3.590000000000000000e+02
3.590000000000000000e+02
3.590000000000000000e+02
3.590000000000000000e+02
3.590000000000000000e+02
3.650000000000000000e+02
3.650000000000000000e+02
3.650000000000000000e+02
3.650000000000000000e+02
3.650000000000000000e+02
3.670000000000000000e+02
3.670000000000000000e+02
3.670000000000000000e+02
3.670000000000000000e+02
3.670000000000000000e+02
3.670000000000000000e+02
3.670000000000000000e+02
3.670000000000000000e+02
3.670000000000000000e+02
3.670000000000000000e+02
3.670000000000000000e+02
3.670000000000000000e+02
3.670000000000000000e+02
3.690000000000000000e+02
3.690000000000000000e+02
3.690000000000000000e+02
3.690000000000000000e+02
3.700000000000000000e+02
3.700000000000000000e+02
3.700000000000000000e+02
3.700000000000000000e+02
3.700000000000000000e+02
3.700000000000000000e+02
3.700000000000000000e+02
3.710000000000000000e+02
3.710000000000000000e+02
3.710000000000000000e+02
3.710000000000000000e+02
3.710000000000000000e+02
3.710000000000000000e+02
3.710000000000000000e+02
3.710000000000000000e+02
3.710000000000000000e+02
3.710000000000000000e+02
3.710000000000000000e+02
3.710000000000000000e+02
3.710000000000000000e+02
3.710000000000000000e+02
3.710000000000000000e+02
3.710000000000000000e+02
3.710000000000000000e+02
3.710000000000000000e+02
3.710000000000000000e+02
3.710000000000000000e+02
3.710000000000000000e+02
3.710000000000000000e+02
3.710000000000000000e+02
3.710000000000000000e+02
3.750000000000000000e+02
3.750000000000000000e+02
3.750000000000000000e+02
3.750000000000000000e+02
3.750000000000000000e+02
3.750000000000000000e+02
3.750000000000000000e+02
3.750000000000000000e+02
3.750000000000000000e+02
3.750000000000000000e+02
3.750000000000000000e+02
3.750000000000000000e+02
3.750000000000000000e+02
3.750000000000000000e+02
3.770000000000000000e+02
3.770000000000000000e+02
3.770000000000000000e+02
3.780000000000000000e+02
3.780000000000000000e+02
3.780000000000000000e+02
3.780000000000000000e+02
3.780000000000000000e+02
3.780000000000000000e+02
3.780000000000000000e+02
3.780000000000000000e+02
3.780000000000000000e+02
3.780000000000000000e+02
3.780000000000000000e+02
3.780000000000000000e+02
3.780000000000000000e+02
3.780000000000000000e+02
3.780000000000000000e+02
3.780000000000000000e+02
3.780000000000000000e+02
3.780000000000000000e+02
3.780000000000000000e+02
3.780000000000000000e+02
3.780000000000000000e+02
3.780000000000000000e+02
3.830000000000000000e+02
3.830000000000000000e+02
3.830000000000000000e+02
3.840000000000000000e+02
3.840000000000000000e+02
3.840000000000000000e+02
3.840000000000000000e+02
3.840000000000000000e+02
3.840000000000000000e+02
3.840000000000000000e+02
3.840000000000000000e+02
3.840000000000000000e+02
3.840000000000000000e+02
3.850000000000000000e+02
3.850000000000000000e+02
3.850000000000000000e+02
3.850000000000000000e+02
3.850000000000000000e+02
3.850000000000000000e+02
3.850000000000000000e+02
3.850000000000000000e+02
3.850000000000000000e+02
3.850000000000000000e+02
3.850000000000000000e+02
3.850000000000000000e+02
3.850000000000000000e+02
3.850000000000000000e+02
3.850000000000000000e+02
3.850000000000000000e+02
3.850000000000000000e+02
3.850000000000000000e+02
3.850000000000000000e+02
3.850000000000000000e+02
3.850000000000000000e+02
3.850000000000000000e+02
3.850000000000000000e+02
3.850000000000000000e+02
3.850000000000000000e+02
3.850000000000000000e+02
3.850000000000000000e+02
3.850000000000000000e+02
3.850000000000000000e+02
3.850000000000000000e+02
3.850000000000000000e+02
3.850000000000000000e+02
3.850000000000000000e+02
3.850000000000000000e+02
3.850000000000000000e+02
3.850000000000000000e+02
3.850000000000000000e+02
3.850000000000000000e+02
3.850000000000000000e+02
3.850000000000000000e+02
3.850000000000000000e+02
3.850000000000000000e+02
3.850000000000000000e+02
3.850000000000000000e+02
3.850000000000000000e+02
3.850000000000000000e+02
3.850000000000000000e+02
3.850000000000000000e+02
3.850000000000000000e+02
3.850000000000000000e+02
3.850000000000000000e+02
3.850000000000000000e+02
3.850000000000000000e+02
3.850000000000000000e+02
3.850000000000000000e+02
3.850000000000000000e+02
3.850000000000000000e+02
3.850000000000000000e+02
3.850000000000000000e+02
3.850000000000000000e+02
3.850000000000000000e+02
3.850000000000000000e+02
3.850000000000000000e+02
3.850000000000000000e+02
3.850000000000000000e+02
3.850000000000000000e+02
3.850000000000000000e+02
3.850000000000000000e+02
3.850000000000000000e+02
3.850000000000000000e+02
3.850000000000000000e+02
3.850000000000000000e+02
3.850000000000000000e+02
3.850000000000000000e+02
3.850000000000000000e+02
3.850000000000000000e+02
3.850000000000000000e+02
3.850000000000000000e+02
3.850000000000000000e+02
3.850000000000000000e+02
3.850000000000000000e+02
3.850000000000000000e+02
3.850000000000000000e+02
3.850000000000000000e+02
3.850000000000000000e+02
3.850000000000000000e+02
3.850000000000000000e+02
3.850000000000000000e+02
3.850000000000000000e+02
3.850000000000000000e+02
3.850000000000000000e+02
3.850000000000000000e+02
3.850000000000000000e+02
3.850000000000000000e+02
3.850000000000000000e+02
3.850000000000000000e+02
3.850000000000000000e+02
3.850000000000000000e+02
3.860000000000000000e+02
3.860000000000000000e+02
3.860000000000000000e+02
3.860000000000000000e+02
3.860000000000000000e+02
3.860000000000000000e+02
3.860000000000000000e+02
3.860000000000000000e+02
3.860000000000000000e+02
3.860000000000000000e+02
3.860000000000000000e+02
3.860000000000000000e+02
3.860000000000000000e+02
3.860000000000000000e+02
3.860000000000000000e+02
3.860000000000000000e+02
3.860000000000000000e+02
3.860000000000000000e+02
3.860000000000000000e+02
3.860000000000000000e+02
3.860000000000000000e+02
3.860000000000000000e+02
3.860000000000000000e+02
3.860000000000000000e+02
3.860000000000000000e+02
3.860000000000000000e+02
3.860000000000000000e+02
3.860000000000000000e+02
3.860000000000000000e+02
3.860000000000000000e+02
3.860000000000000000e+02
3.860000000000000000e+02
3.860000000000000000e+02
3.860000000000000000e+02
3.860000000000000000e+02
3.860000000000000000e+02
3.860000000000000000e+02
3.860000000000000000e+02
3.860000000000000000e+02
3.860000000000000000e+02
3.860000000000000000e+02
3.860000000000000000e+02
3.860000000000000000e+02
3.860000000000000000e+02
3.860000000000000000e+02
3.860000000000000000e+02
3.860000000000000000e+02
3.860000000000000000e+02
3.860000000000000000e+02
3.860000000000000000e+02
3.860000000000000000e+02
3.860000000000000000e+02
3.860000000000000000e+02
3.860000000000000000e+02
3.860000000000000000e+02
3.860000000000000000e+02
3.860000000000000000e+02
3.860000000000000000e+02
3.860000000000000000e+02
3.860000000000000000e+02
3.860000000000000000e+02
3.860000000000000000e+02
3.860000000000000000e+02
3.860000000000000000e+02
3.860000000000000000e+02
3.860000000000000000e+02
3.860000000000000000e+02
3.860000000000000000e+02
3.860000000000000000e+02
3.860000000000000000e+02
3.860000000000000000e+02
3.860000000000000000e+02
3.860000000000000000e+02
3.860000000000000000e+02
3.860000000000000000e+02
3.860000000000000000e+02
3.860000000000000000e+02
3.860000000000000000e+02
3.860000000000000000e+02
3.860000000000000000e+02
3.860000000000000000e+02
3.860000000000000000e+02
3.860000000000000000e+02
3.860000000000000000e+02
3.860000000000000000e+02
3.860000000000000000e+02
3.860000000000000000e+02
3.860000000000000000e+02
3.860000000000000000e+02
3.860000000000000000e+02
3.860000000000000000e+02
3.860000000000000000e+02
3.860000000000000000e+02
3.860000000000000000e+02
3.860000000000000000e+02
3.860000000000000000e+02
3.860000000000000000e+02
3.860000000000000000e+02
3.860000000000000000e+02
3.860000000000000000e+02
3.860000000000000000e+02
3.860000000000000000e+02
3.860000000000000000e+02
3.860000000000000000e+02
3.860000000000000000e+02
3.860000000000000000e+02
3.860000000000000000e+02
3.860000000000000000e+02
3.860000000000000000e+02
3.860000000000000000e+02
3.860000000000000000e+02
3.860000000000000000e+02
3.860000000000000000e+02
3.860000000000000000e+02
3.860000000000000000e+02
3.860000000000000000e+02
3.860000000000000000e+02
3.860000000000000000e+02
3.860000000000000000e+02
3.860000000000000000e+02
3.860000000000000000e+02
3.860000000000000000e+02
3.860000000000000000e+02
3.860000000000000000e+02
3.860000000000000000e+02
3.860000000000000000e+02
3.860000000000000000e+02
3.860000000000000000e+02
3.860000000000000000e+02
3.860000000000000000e+02
3.860000000000000000e+02
3.860000000000000000e+02
3.860000000000000000e+02
3.860000000000000000e+02
3.860000000000000000e+02
3.860000000000000000e+02
3.860000000000000000e+02
3.860000000000000000e+02
3.860000000000000000e+02
3.860000000000000000e+02
3.860000000000000000e+02
3.860000000000000000e+02
3.860000000000000000e+02
3.860000000000000000e+02
3.860000000000000000e+02
3.860000000000000000e+02
3.860000000000000000e+02
3.860000000000000000e+02
3.860000000000000000e+02
3.860000000000000000e+02
3.860000000000000000e+02
3.860000000000000000e+02
3.860000000000000000e+02
3.860000000000000000e+02
3.860000000000000000e+02
3.860000000000000000e+02
3.860000000000000000e+02
3.860000000000000000e+02
3.860000000000000000e+02
3.860000000000000000e+02
3.860000000000000000e+02
3.860000000000000000e+02
3.860000000000000000e+02
3.860000000000000000e+02
3.860000000000000000e+02
3.860000000000000000e+02
3.860000000000000000e+02
3.860000000000000000e+02
3.860000000000000000e+02
3.860000000000000000e+02
3.860000000000000000e+02
3.860000000000000000e+02
3.860000000000000000e+02
3.860000000000000000e+02
3.860000000000000000e+02
3.860000000000000000e+02
3.860000000000000000e+02
3.860000000000000000e+02
3.860000000000000000e+02
3.860000000000000000e+02
3.860000000000000000e+02
3.860000000000000000e+02
3.860000000000000000e+02
3.860000000000000000e+02
3.860000000000000000e+02
3.860000000000000000e+02
3.860000000000000000e+02
3.860000000000000000e+02
3.860000000000000000e+02
3.860000000000000000e+02
3.860000000000000000e+02
3.860000000000000000e+02
3.860000000000000000e+02
3.860000000000000000e+02
3.860000000000000000e+02
3.860000000000000000e+02
3.860000000000000000e+02
3.860000000000000000e+02
3.860000000000000000e+02
3.860000000000000000e+02
3.880000000000000000e+02
