-7.516769346731245749e-01
-6.634556947587939568e-01
-1.291721561681197228e-01
-3.656256152058514064e-01
-6.094067730919089376e-01
-5.839296978326828924e-01
-7.021031694514680010e-01
-9.357998641183489230e-01
-8.494027683254665728e-01
-3.144498491315399491e-01
-5.478033361120009381e-01
-7.861809400548218640e-01
-7.531819147514202673e-01
-8.619510294282173302e-01
-1.084639161884978886e+00
-9.859401876952171850e-01
-4.377254965111377349e-01
-6.572028074626170557e-01
-8.814369267761721360e-01
-8.343656642663361822e-01
-9.294542696563753426e-01
-1.139147366862122368e+00
-1.028398296757901953e+00
-4.692973952771737345e-01
-6.792260301685253410e-01
-8.953741426889734178e-01
-8.417545636174776913e-01
-9.318574663177303652e-01
-1.138103886691287592e+00
-1.025378124663123725e+00
-4.656604144881343332e-01
-6.761865091052365884e-01
-8.939717144933321258e-01
-8.428324080084086400e-01
-9.360481508022865382e-01
-1.145823062598199105e+00
-1.036826011334258668e+00
-4.808307506456780400e-01
-6.948824117783284349e-01
-9.158276703620886749e-01
-8.673414360708038284e-01
-9.625930243964067046e-01
-1.173710367346314509e+00
-1.065321746508269607e+00
-5.091961564069307222e-01
-7.224087239186373077e-01
-9.418685663793449070e-01
-8.913420389912571906e-01
-9.841144699810848717e-01
-1.192449111066605560e+00
-1.081122983108719460e+00
-5.220609401723026455e-01
-7.324946047527551851e-01
-9.494837877125625880e-01
-8.969335709373602583e-01
-9.882503673266358479e-01
-1.195795883648755886e+00
-1.084418839450436822e+00
-5.260859082202121728e-01
-7.380386416715987163e-01
