1.521088830181260164e+04
1.524520961752038784e+04
1.527588593716872492e+04
1.530750071554326496e+04
1.531469025581341884e+04
1.532556377239494395e+04
1.537144432090898408e+04
1.537723736789578470e+04
1.541155868360358545e+04
1.544223500325187160e+04
1.547384978162649350e+04
1.548103932189661464e+04
1.549191283847817431e+04
1.553779338699217078e+04
1.554358643397897686e+04
1.557790774968674668e+04
1.560858406933504739e+04
1.564019884770961471e+04
1.564738838797976132e+04
1.565826190456130280e+04
1.570414245307535202e+04
1.570993550006216537e+04
1.574425681576994430e+04
1.577493313541831230e+04
1.580654791379284325e+04
1.581373745406295347e+04
1.582461097064453133e+04
1.587049151915854236e+04
1.587628456614535935e+04
1.591060588185316738e+04
1.594128220150148627e+04
1.597289697987606814e+04
1.598008652014614927e+04
1.599096003672772349e+04
1.603684058524176180e+04
1.604263363222854059e+04
1.607695494793629769e+04
1.610763126758465660e+04
1.613924604595924393e+04
1.614643558622934324e+04
1.615730910281091928e+04
1.620318965132494850e+04
1.620898269831178004e+04
1.624330401401952440e+04
1.627398033366787786e+04
1.630559511204241608e+04
1.631278465231256087e+04
1.632365816889408234e+04
1.636953871740813702e+04
1.637533176439496310e+04
1.640965308010272201e+04
1.644032939975109548e+04
1.647194417812564643e+04
1.647913371839580213e+04
1.649000723497731087e+04
1.653588778349135828e+04
1.654168083047815526e+04
1.657600214618591781e+04
1.660667846583425126e+04
1.663829324420876947e+04
