7.633299580200323398e+00
1.378608721539309734e+01
1.428053228610879444e+01
-1.743300450838246718e+01
-1.143595469017807886e+01
3.089112085569658461e+01
-4.891483184602694934e+00
-4.749933110891045196e+00
1.822391391771796876e+00
2.841118841162287634e+00
-2.825188219534840073e+01
-2.154716784617793834e+01
2.156507409681325171e+01
-1.336487964827249542e+01
-1.231351289231598756e+01
-4.784750156680212640e+00
-2.773680573491379420e+00
-3.284928659448947030e+01
-2.511308081116859725e+01
1.903370773475884192e+01
-1.486975212826064840e+01
-1.281109810567531682e+01
-4.305426490268345674e+00
-1.358975698235211915e+00
-3.055179814575808805e+01
-2.199632027802756795e+01
2.289557040607168048e+01
-1.034723713797955646e+01
-7.722134669615743796e+00
1.246723365951066587e+00
4.544926642257790306e+00
-2.441465626959581314e+01
-1.575022019855011735e+01
2.912211201587659914e+01
-4.271253246049026231e+00
-1.928228650740251737e+00
6.628661585322094041e+00
9.388949724087222393e+00
-2.022811641935657079e+01
-1.233183663530835794e+01
3.167310360460149354e+01
-2.672942037943641935e+00
-1.351525352575095207e+00
6.133440400542000681e+00
7.792116385683231172e+00
-2.293390286818798174e+01
-1.613021799747178875e+01
2.682311145861472212e+01
-8.508486979193897071e+00
-8.081566200978464565e+00
-1.375671410680063378e+00
-3.574804299342635439e-01
-3.156402724552558325e+01
-2.506190429995852043e+01
1.778492434201287509e+01
-1.744544038336752934e+01
-1.670075380371198293e+01
-9.456022980250594401e+00
-7.677946897382023295e+00
-3.790834443597131553e+01
