0.000000000000000000e+00
0.000000000000000000e+00
0.000000000000000000e+00
0.000000000000000000e+00
0.000000000000000000e+00
0.000000000000000000e+00
0.000000000000000000e+00
0.000000000000000000e+00
0.000000000000000000e+00
0.000000000000000000e+00
0.000000000000000000e+00
0.000000000000000000e+00
0.000000000000000000e+00
0.000000000000000000e+00
0.000000000000000000e+00
0.000000000000000000e+00
0.000000000000000000e+00
0.000000000000000000e+00
0.000000000000000000e+00
0.000000000000000000e+00
0.000000000000000000e+00
0.000000000000000000e+00
0.000000000000000000e+00
0.000000000000000000e+00
0.000000000000000000e+00
0.000000000000000000e+00
0.000000000000000000e+00
0.000000000000000000e+00
0.000000000000000000e+00
0.000000000000000000e+00
0.000000000000000000e+00
0.000000000000000000e+00
0.000000000000000000e+00
0.000000000000000000e+00
0.000000000000000000e+00
0.000000000000000000e+00
0.000000000000000000e+00
0.000000000000000000e+00
0.000000000000000000e+00
0.000000000000000000e+00
0.000000000000000000e+00
0.000000000000000000e+00
0.000000000000000000e+00
0.000000000000000000e+00
0.000000000000000000e+00
0.000000000000000000e+00
0.000000000000000000e+00
0.000000000000000000e+00
0.000000000000000000e+00
0.000000000000000000e+00
0.000000000000000000e+00
0.000000000000000000e+00
0.000000000000000000e+00
0.000000000000000000e+00
0.000000000000000000e+00
0.000000000000000000e+00
0.000000000000000000e+00
0.000000000000000000e+00
0.000000000000000000e+00
0.000000000000000000e+00
0.000000000000000000e+00
0.000000000000000000e+00
0.000000000000000000e+00
0.000000000000000000e+00
0.000000000000000000e+00
0.000000000000000000e+00
0.000000000000000000e+00
0.000000000000000000e+00
0.000000000000000000e+00
0.000000000000000000e+00
0.000000000000000000e+00
0.000000000000000000e+00
0.000000000000000000e+00
0.000000000000000000e+00
0.000000000000000000e+00
0.000000000000000000e+00
0.000000000000000000e+00
0.000000000000000000e+00
0.000000000000000000e+00
0.000000000000000000e+00
0.000000000000000000e+00
0.000000000000000000e+00
0.000000000000000000e+00
0.000000000000000000e+00
0.000000000000000000e+00
0.000000000000000000e+00
0.000000000000000000e+00
0.000000000000000000e+00
0.000000000000000000e+00
0.000000000000000000e+00
0.000000000000000000e+00
0.000000000000000000e+00
0.000000000000000000e+00
0.000000000000000000e+00
0.000000000000000000e+00
0.000000000000000000e+00
0.000000000000000000e+00
0.000000000000000000e+00
0.000000000000000000e+00
0.000000000000000000e+00
0.000000000000000000e+00
0.000000000000000000e+00
0.000000000000000000e+00
0.000000000000000000e+00
0.000000000000000000e+00
0.000000000000000000e+00
0.000000000000000000e+00
2.000000000000000000e+00
2.000000000000000000e+00
2.000000000000000000e+00
2.000000000000000000e+00
2.000000000000000000e+00
2.000000000000000000e+00
3.000000000000000000e+00
4.000000000000000000e+00
4.000000000000000000e+00
4.000000000000000000e+00
4.000000000000000000e+00
4.000000000000000000e+00
4.000000000000000000e+00
4.000000000000000000e+00
6.000000000000000000e+00
6.000000000000000000e+00
6.000000000000000000e+00
6.000000000000000000e+00
6.000000000000000000e+00
6.000000000000000000e+00
6.000000000000000000e+00
6.000000000000000000e+00
6.000000000000000000e+00
6.000000000000000000e+00
6.000000000000000000e+00
6.000000000000000000e+00
6.000000000000000000e+00
6.000000000000000000e+00
6.000000000000000000e+00
6.000000000000000000e+00
6.000000000000000000e+00
1.500000000000000000e+01
1.500000000000000000e+01
1.500000000000000000e+01
4.800000000000000000e+01
4.800000000000000000e+01
4.900000000000000000e+01
4.900000000000000000e+01
4.900000000000000000e+01
5.800000000000000000e+01
8.900000000000000000e+01
1.170000000000000000e+02
1.220000000000000000e+02
1.220000000000000000e+02
1.690000000000000000e+02
1.900000000000000000e+02
2.170000000000000000e+02
2.240000000000000000e+02
2.240000000000000000e+02
2.240000000000000000e+02
2.240000000000000000e+02
2.460000000000000000e+02
2.460000000000000000e+02
2.790000000000000000e+02
3.330000000000000000e+02
3.330000000000000000e+02
3.330000000000000000e+02
3.330000000000000000e+02
3.330000000000000000e+02
3.330000000000000000e+02
3.330000000000000000e+02
3.330000000000000000e+02
3.330000000000000000e+02
3.330000000000000000e+02
3.330000000000000000e+02
3.330000000000000000e+02
3.330000000000000000e+02
3.330000000000000000e+02
1.175000000000000000e+03
1.175000000000000000e+03
1.175000000000000000e+03
1.175000000000000000e+03
1.175000000000000000e+03
1.175000000000000000e+03
1.175000000000000000e+03
1.175000000000000000e+03
1.175000000000000000e+03
1.175000000000000000e+03
1.175000000000000000e+03
1.175000000000000000e+03
1.175000000000000000e+03
1.175000000000000000e+03
1.175000000000000000e+03
1.175000000000000000e+03
1.175000000000000000e+03
1.175000000000000000e+03
1.175000000000000000e+03
1.175000000000000000e+03
1.175000000000000000e+03
1.175000000000000000e+03
1.175000000000000000e+03
1.175000000000000000e+03
1.175000000000000000e+03
1.175000000000000000e+03
1.175000000000000000e+03
1.175000000000000000e+03
1.175000000000000000e+03
1.175000000000000000e+03
1.175000000000000000e+03
1.175000000000000000e+03
1.175000000000000000e+03
1.175000000000000000e+03
1.175000000000000000e+03
1.290000000000000000e+03
1.290000000000000000e+03
1.290000000000000000e+03
1.290000000000000000e+03
1.290000000000000000e+03
1.290000000000000000e+03
1.290000000000000000e+03
1.290000000000000000e+03
1.290000000000000000e+03
1.290000000000000000e+03
1.290000000000000000e+03
1.290000000000000000e+03
1.290000000000000000e+03
1.290000000000000000e+03
1.290000000000000000e+03
1.290000000000000000e+03
1.290000000000000000e+03
1.290000000000000000e+03
1.290000000000000000e+03
1.290000000000000000e+03
1.290000000000000000e+03
1.290000000000000000e+03
1.290000000000000000e+03
1.290000000000000000e+03
1.290000000000000000e+03
1.290000000000000000e+03
1.290000000000000000e+03
1.290000000000000000e+03
1.290000000000000000e+03
1.290000000000000000e+03
1.290000000000000000e+03
1.290000000000000000e+03
1.290000000000000000e+03
1.290000000000000000e+03
1.290000000000000000e+03
1.290000000000000000e+03
1.290000000000000000e+03
1.290000000000000000e+03
1.290000000000000000e+03
1.290000000000000000e+03
1.290000000000000000e+03
1.290000000000000000e+03
1.290000000000000000e+03
1.290000000000000000e+03
1.290000000000000000e+03
1.290000000000000000e+03
1.290000000000000000e+03
1.290000000000000000e+03
1.290000000000000000e+03
1.290000000000000000e+03
1.290000000000000000e+03
1.290000000000000000e+03
1.290000000000000000e+03
1.290000000000000000e+03
1.290000000000000000e+03
1.290000000000000000e+03
1.290000000000000000e+03
1.290000000000000000e+03
1.290000000000000000e+03
1.290000000000000000e+03
1.290000000000000000e+03
1.290000000000000000e+03
1.290000000000000000e+03
1.290000000000000000e+03
1.290000000000000000e+03
1.290000000000000000e+03
1.290000000000000000e+03
1.290000000000000000e+03
1.290000000000000000e+03
1.290000000000000000e+03
1.290000000000000000e+03
1.290000000000000000e+03
1.290000000000000000e+03
1.290000000000000000e+03
1.290000000000000000e+03
1.290000000000000000e+03
1.290000000000000000e+03
1.290000000000000000e+03
1.290000000000000000e+03
1.290000000000000000e+03
1.290000000000000000e+03
1.290000000000000000e+03
1.290000000000000000e+03
1.290000000000000000e+03
1.290000000000000000e+03
1.290000000000000000e+03
1.290000000000000000e+03
1.290000000000000000e+03
1.290000000000000000e+03
1.290000000000000000e+03
1.290000000000000000e+03
1.290000000000000000e+03
1.290000000000000000e+03
1.290000000000000000e+03
1.290000000000000000e+03
1.290000000000000000e+03
1.290000000000000000e+03
1.290000000000000000e+03
2.938000000000000000e+03
2.949000000000000000e+03
2.954000000000000000e+03
2.954000000000000000e+03
2.954000000000000000e+03
2.954000000000000000e+03
2.954000000000000000e+03
2.966000000000000000e+03
2.977000000000000000e+03
2.977000000000000000e+03
2.977000000000000000e+03
2.977000000000000000e+03
2.977000000000000000e+03
3.003000000000000000e+03
3.003000000000000000e+03
3.003000000000000000e+03
3.003000000000000000e+03
3.043000000000000000e+03
3.043000000000000000e+03
3.043000000000000000e+03
3.043000000000000000e+03
3.043000000000000000e+03
3.043000000000000000e+03
3.090000000000000000e+03
3.090000000000000000e+03
3.090000000000000000e+03
3.111000000000000000e+03
3.111000000000000000e+03
3.118000000000000000e+03
3.118000000000000000e+03
3.118000000000000000e+03
3.118000000000000000e+03
3.118000000000000000e+03
3.118000000000000000e+03
3.131000000000000000e+03
3.131000000000000000e+03
3.131000000000000000e+03
3.131000000000000000e+03
3.131000000000000000e+03
3.131000000000000000e+03
3.131000000000000000e+03
3.131000000000000000e+03
3.131000000000000000e+03
3.131000000000000000e+03
3.131000000000000000e+03
3.131000000000000000e+03
3.165000000000000000e+03
3.165000000000000000e+03
3.181000000000000000e+03
3.181000000000000000e+03
3.181000000000000000e+03
3.181000000000000000e+03
3.181000000000000000e+03
3.181000000000000000e+03
3.181000000000000000e+03
3.505000000000000000e+03
3.542000000000000000e+03
3.542000000000000000e+03
3.542000000000000000e+03
3.542000000000000000e+03
3.542000000000000000e+03
3.542000000000000000e+03
3.542000000000000000e+03
3.542000000000000000e+03
3.613000000000000000e+03
3.613000000000000000e+03
3.613000000000000000e+03
3.613000000000000000e+03
3.613000000000000000e+03
3.613000000000000000e+03
3.613000000000000000e+03
3.634000000000000000e+03
3.663000000000000000e+03
3.663000000000000000e+03
3.663000000000000000e+03
3.692000000000000000e+03
3.709000000000000000e+03
3.729000000000000000e+03
3.729000000000000000e+03
3.729000000000000000e+03
3.769000000000000000e+03
3.769000000000000000e+03
3.769000000000000000e+03
3.876000000000000000e+03
3.876000000000000000e+03
3.876000000000000000e+03
4.014000000000000000e+03
4.014000000000000000e+03
4.014000000000000000e+03
4.014000000000000000e+03
4.014000000000000000e+03
4.014000000000000000e+03
4.107000000000000000e+03
4.107000000000000000e+03
4.217000000000000000e+03
4.217000000000000000e+03
4.217000000000000000e+03
4.217000000000000000e+03
4.217000000000000000e+03
4.317000000000000000e+03
4.317000000000000000e+03
4.317000000000000000e+03
4.317000000000000000e+03
4.914000000000000000e+03
4.914000000000000000e+03
4.914000000000000000e+03
7.906000000000000000e+03
7.906000000000000000e+03
7.906000000000000000e+03
7.906000000000000000e+03
7.906000000000000000e+03
7.906000000000000000e+03
8.215000000000000000e+03
8.215000000000000000e+03
8.215000000000000000e+03
8.215000000000000000e+03
8.779000000000000000e+03
8.779000000000000000e+03
9.002000000000000000e+03
9.002000000000000000e+03
9.330000000000000000e+03
9.330000000000000000e+03
9.391000000000000000e+03
9.454000000000000000e+03
9.594000000000000000e+03
9.594000000000000000e+03
9.668000000000000000e+03
9.710000000000000000e+03
9.749000000000000000e+03
9.779000000000000000e+03
9.835000000000000000e+03
9.835000000000000000e+03
9.835000000000000000e+03
1.006100000000000000e+04
1.006100000000000000e+04
1.009000000000000000e+04
1.009000000000000000e+04
1.009000000000000000e+04
1.014800000000000000e+04
1.014800000000000000e+04
1.014800000000000000e+04
1.014800000000000000e+04
1.014800000000000000e+04
1.014800000000000000e+04
1.021500000000000000e+04
1.021500000000000000e+04
1.021500000000000000e+04
1.025000000000000000e+04
1.025000000000000000e+04
1.025000000000000000e+04
1.025000000000000000e+04
1.025000000000000000e+04
1.025000000000000000e+04
1.031200000000000000e+04
1.031200000000000000e+04
1.031200000000000000e+04
1.031200000000000000e+04
1.031200000000000000e+04
1.031200000000000000e+04
1.031200000000000000e+04
1.031200000000000000e+04
1.031200000000000000e+04
1.031200000000000000e+04
1.031200000000000000e+04
1.031200000000000000e+04
1.031200000000000000e+04
1.046200000000000000e+04
1.046200000000000000e+04
1.046200000000000000e+04
1.046200000000000000e+04
1.046200000000000000e+04
1.046200000000000000e+04
1.046200000000000000e+04
1.046200000000000000e+04
1.046200000000000000e+04
1.046200000000000000e+04
1.046200000000000000e+04
1.046200000000000000e+04
1.046200000000000000e+04
1.046200000000000000e+04
1.046200000000000000e+04
1.051400000000000000e+04
1.051400000000000000e+04
1.051400000000000000e+04
1.051400000000000000e+04
1.051400000000000000e+04
1.051400000000000000e+04
1.051400000000000000e+04
1.051400000000000000e+04
1.051400000000000000e+04
1.051400000000000000e+04
1.051400000000000000e+04
1.051400000000000000e+04
1.051400000000000000e+04
1.051400000000000000e+04
1.051400000000000000e+04
1.051400000000000000e+04
1.051400000000000000e+04
1.051400000000000000e+04
1.051400000000000000e+04
1.051400000000000000e+04
1.051400000000000000e+04
1.051400000000000000e+04
1.051400000000000000e+04
1.051400000000000000e+04
1.051400000000000000e+04
1.051400000000000000e+04
1.051400000000000000e+04
1.051400000000000000e+04
1.051400000000000000e+04
1.051400000000000000e+04
1.051400000000000000e+04
1.051400000000000000e+04
1.051400000000000000e+04
1.051400000000000000e+04
1.051400000000000000e+04
1.051400000000000000e+04
1.051400000000000000e+04
1.051400000000000000e+04
1.051400000000000000e+04
1.051400000000000000e+04
1.051400000000000000e+04
1.051400000000000000e+04
1.051400000000000000e+04
1.051400000000000000e+04
1.051400000000000000e+04
1.051400000000000000e+04
1.051400000000000000e+04
1.051400000000000000e+04
1.051400000000000000e+04
1.051400000000000000e+04
1.051400000000000000e+04
1.051400000000000000e+04
1.051400000000000000e+04
1.051400000000000000e+04
1.051400000000000000e+04
1.051400000000000000e+04
1.051400000000000000e+04
1.051400000000000000e+04
1.051400000000000000e+04
1.051400000000000000e+04
1.051400000000000000e+04
1.051400000000000000e+04
1.051400000000000000e+04
1.051400000000000000e+04
1.051400000000000000e+04
1.051400000000000000e+04
1.051400000000000000e+04
1.051400000000000000e+04
1.051400000000000000e+04
1.051400000000000000e+04
1.051400000000000000e+04
1.051400000000000000e+04
0.000000000000000000e+00
0.000000000000000000e+00
0.000000000000000000e+00
0.000000000000000000e+00
0.000000000000000000e+00
0.000000000000000000e+00
0.000000000000000000e+00
0.000000000000000000e+00
0.000000000000000000e+00
0.000000000000000000e+00
0.000000000000000000e+00
0.000000000000000000e+00
0.000000000000000000e+00
0.000000000000000000e+00
0.000000000000000000e+00
0.000000000000000000e+00
0.000000000000000000e+00
0.000000000000000000e+00
0.000000000000000000e+00
0.000000000000000000e+00
0.000000000000000000e+00
0.000000000000000000e+00
0.000000000000000000e+00
0.000000000000000000e+00
0.000000000000000000e+00
0.000000000000000000e+00
0.000000000000000000e+00
0.000000000000000000e+00
0.000000000000000000e+00
0.000000000000000000e+00
0.000000000000000000e+00
0.000000000000000000e+00
0.000000000000000000e+00
0.000000000000000000e+00
0.000000000000000000e+00
0.000000000000000000e+00
0.000000000000000000e+00
0.000000000000000000e+00
0.000000000000000000e+00
0.000000000000000000e+00
0.000000000000000000e+00
0.000000000000000000e+00
0.000000000000000000e+00
0.000000000000000000e+00
0.000000000000000000e+00
0.000000000000000000e+00
0.000000000000000000e+00
0.000000000000000000e+00
0.000000000000000000e+00
0.000000000000000000e+00
0.000000000000000000e+00
0.000000000000000000e+00
0.000000000000000000e+00
0.000000000000000000e+00
0.000000000000000000e+00
0.000000000000000000e+00
0.000000000000000000e+00
0.000000000000000000e+00
0.000000000000000000e+00
0.000000000000000000e+00
0.000000000000000000e+00
0.000000000000000000e+00
0.000000000000000000e+00
0.000000000000000000e+00
0.000000000000000000e+00
0.000000000000000000e+00
0.000000000000000000e+00
0.000000000000000000e+00
0.000000000000000000e+00
0.000000000000000000e+00
0.000000000000000000e+00
0.000000000000000000e+00
0.000000000000000000e+00
0.000000000000000000e+00
0.000000000000000000e+00
0.000000000000000000e+00
0.000000000000000000e+00
0.000000000000000000e+00
0.000000000000000000e+00
0.000000000000000000e+00
0.000000000000000000e+00
0.000000000000000000e+00
0.000000000000000000e+00
0.000000000000000000e+00
0.000000000000000000e+00
0.000000000000000000e+00
0.000000000000000000e+00
0.000000000000000000e+00
0.000000000000000000e+00
0.000000000000000000e+00
0.000000000000000000e+00
0.000000000000000000e+00
0.000000000000000000e+00
0.000000000000000000e+00
0.000000000000000000e+00
0.000000000000000000e+00
0.000000000000000000e+00
0.000000000000000000e+00
0.000000000000000000e+00
0.000000000000000000e+00
0.000000000000000000e+00
0.000000000000000000e+00
0.000000000000000000e+00
0.000000000000000000e+00
0.000000000000000000e+00
0.000000000000000000e+00
0.000000000000000000e+00
0.000000000000000000e+00
0.000000000000000000e+00
0.000000000000000000e+00
0.000000000000000000e+00
0.000000000000000000e+00
0.000000000000000000e+00
0.000000000000000000e+00
0.000000000000000000e+00
0.000000000000000000e+00
0.000000000000000000e+00
0.000000000000000000e+00
0.000000000000000000e+00
0.000000000000000000e+00
0.000000000000000000e+00
0.000000000000000000e+00
0.000000000000000000e+00
0.000000000000000000e+00
0.000000000000000000e+00
0.000000000000000000e+00
0.000000000000000000e+00
0.000000000000000000e+00
0.000000000000000000e+00
0.000000000000000000e+00
0.000000000000000000e+00
0.000000000000000000e+00
0.000000000000000000e+00
0.000000000000000000e+00
0.000000000000000000e+00
0.000000000000000000e+00
0.000000000000000000e+00
0.000000000000000000e+00
0.000000000000000000e+00
0.000000000000000000e+00
0.000000000000000000e+00
0.000000000000000000e+00
0.000000000000000000e+00
0.000000000000000000e+00
0.000000000000000000e+00
0.000000000000000000e+00
0.000000000000000000e+00
0.000000000000000000e+00
0.000000000000000000e+00
0.000000000000000000e+00
0.000000000000000000e+00
0.000000000000000000e+00
0.000000000000000000e+00
0.000000000000000000e+00
0.000000000000000000e+00
0.000000000000000000e+00
0.000000000000000000e+00
0.000000000000000000e+00
0.000000000000000000e+00
0.000000000000000000e+00
0.000000000000000000e+00
0.000000000000000000e+00
0.000000000000000000e+00
0.000000000000000000e+00
0.000000000000000000e+00
0.000000000000000000e+00
0.000000000000000000e+00
0.000000000000000000e+00
0.000000000000000000e+00
0.000000000000000000e+00
0.000000000000000000e+00
0.000000000000000000e+00
0.000000000000000000e+00
0.000000000000000000e+00
0.000000000000000000e+00
0.000000000000000000e+00
0.000000000000000000e+00
0.000000000000000000e+00
0.000000000000000000e+00
0.000000000000000000e+00
0.000000000000000000e+00
0.000000000000000000e+00
0.000000000000000000e+00
0.000000000000000000e+00
0.000000000000000000e+00
0.000000000000000000e+00
0.000000000000000000e+00
0.000000000000000000e+00
0.000000000000000000e+00
0.000000000000000000e+00
0.000000000000000000e+00
0.000000000000000000e+00
0.000000000000000000e+00
0.000000000000000000e+00
0.000000000000000000e+00
0.000000000000000000e+00
0.000000000000000000e+00
0.000000000000000000e+00
0.000000000000000000e+00
0.000000000000000000e+00
0.000000000000000000e+00
0.000000000000000000e+00
0.000000000000000000e+00
0.000000000000000000e+00
0.000000000000000000e+00
0.000000000000000000e+00
0.000000000000000000e+00
0.000000000000000000e+00
0.000000000000000000e+00
0.000000000000000000e+00
0.000000000000000000e+00
0.000000000000000000e+00
0.000000000000000000e+00
0.000000000000000000e+00
0.000000000000000000e+00
0.000000000000000000e+00
0.000000000000000000e+00
0.000000000000000000e+00
0.000000000000000000e+00
0.000000000000000000e+00
0.000000000000000000e+00
0.000000000000000000e+00
0.000000000000000000e+00
0.000000000000000000e+00
0.000000000000000000e+00
0.000000000000000000e+00
0.000000000000000000e+00
0.000000000000000000e+00
0.000000000000000000e+00
0.000000000000000000e+00
0.000000000000000000e+00
0.000000000000000000e+00
0.000000000000000000e+00
0.000000000000000000e+00
0.000000000000000000e+00
0.000000000000000000e+00
0.000000000000000000e+00
0.000000000000000000e+00
0.000000000000000000e+00
0.000000000000000000e+00
0.000000000000000000e+00
0.000000000000000000e+00
0.000000000000000000e+00
0.000000000000000000e+00
0.000000000000000000e+00
0.000000000000000000e+00
0.000000000000000000e+00
0.000000000000000000e+00
0.000000000000000000e+00
0.000000000000000000e+00
0.000000000000000000e+00
