-2.461168662928667206e-01
-2.249211477236195689e-01
-2.915931441536757096e-01
-9.155214873888746496e-02
-2.390313956973558751e-01
-2.674846736124867341e-01
-3.250512589874576252e-01
-2.432111989138142361e-01
-2.181470758340818827e-01
-2.810849182372016641e-01
-7.738368781403501262e-02
-2.212171445979435047e-01
-2.459839755385203608e-01
-2.997760080139088568e-01
-2.140364200355661661e-01
-1.849239765029820348e-01
-2.436558683892635080e-01
-3.559851783977167200e-02
-1.749501045672808563e-01
-1.951506756157934674e-01
-2.443496599464560493e-01
-1.540627227442303016e-01
-1.205340341905088847e-01
-1.750765956525910938e-01
3.683992930976784375e-02
-9.908997626285095950e-02
-1.164142083719329479e-01
-1.633868443070213838e-01
-7.162128161619341071e-02
-3.744891426940868961e-02
-9.225611101777869694e-02
1.184309421332042783e-01
-1.973042322866482012e-02
-4.030390859483515276e-02
-9.153669800011472735e-02
-5.011917754026845584e-03
2.299266318900183848e-02
-3.883308031085058731e-02
1.640820969615065794e-01
1.751205599020494441e-02
-1.197396661254231109e-02
-7.247701992793610659e-02
4.575461704693944975e-03
2.306699877937107290e-02
-4.814980748990429354e-02
1.456562151635733826e-01
-9.588128215224325790e-03
-4.717164419218861093e-02
-1.150681154099875564e-01
-4.459568954675637020e-02
-3.178231483621533904e-02
-1.077097916612654860e-01
8.239420439144957975e-02
-7.552761949217456916e-02
-1.147734881698232456e-01
-1.833512590327875946e-01
-1.126364341366011684e-01
-9.873554956840147057e-02
-1.728275756884234127e-01
1.974723363651524621e-02
