9.134178969502892542e+00
4.180108049640857359e+00
1.899999684254531829e+01
-5.721743511629840384e+01
-7.232523728965496446e+00
-7.665433826968154563e+00
-2.867732482224703006e+00
4.872699840123573267e-02
1.654283014906201998e+00
2.296785301893606146e+01
-4.699891115603993796e+01
8.828855468380890414e+00
1.368235458954261041e+01
2.308093363881242510e+01
2.980599300626119685e+01
3.434560476028710241e+01
5.766234931462545887e+01
-1.126179333138223981e+01
4.464505501873194504e+01
4.863711447774021224e+01
5.628141109614558957e+01
6.042972546065907125e+01
6.166070587044586659e+01
8.104473239437834309e+01
7.685458986120988101e+00
5.878668506031523577e+01
5.774099807733672662e+01
6.025636844319747354e+01
5.932426645828519440e+01
5.565808328997784571e+01
7.045453802686651557e+01
-7.067914933658098420e+00
4.039504942395896592e+01
3.631999495942192624e+01
3.648055607358660524e+01
3.391433662048927999e+01
2.936067618335690455e+01
4.402196797744961287e+01
-3.289747083560795460e+01
1.587372277863640413e+01
1.376179408408328797e+01
1.647459746717584750e+01
1.697075269623335814e+01
1.589995741160601739e+01
3.436706069825734744e+01
-3.852618459254604488e+01
1.438692402396353032e+01
1.642875765945065325e+01
2.320684452730104397e+01
2.758559267730753106e+01
3.012890745904921275e+01
5.186625156507351164e+01
-1.816398090796474207e+01
3.715480404783907886e+01
4.110892105220404602e+01
4.928426561113829507e+01
5.453798255700544928e+01
5.744061928493563585e+01
7.904133934932822569e+01
8.410106021737448145e+00
