1.805723276223103312e+04
1.807088702919937714e+04
1.809152865136312175e+04
1.811838263574168013e+04
1.814675185532276737e+04
1.817060399148267243e+04
1.820245504528764286e+04
1.824597806372801642e+04
1.828834840928873382e+04
1.833547108349184418e+04
1.838630550231117013e+04
1.843593228069636098e+04
1.847814255614767171e+04
1.852532305396784795e+04
1.858106553121898469e+04
1.863251193431674983e+04
1.868558080256542962e+04
1.873929035161114371e+04
1.878882284357071330e+04
1.882811083549792966e+04
1.886971858131604677e+04
1.891744730588907260e+04
1.895867577520305713e+04
1.899958178950952060e+04
1.903946013153297827e+04
1.907378167623032277e+04
1.909677435314250761e+04
1.912129933359201095e+04
1.915145125444619407e+04
1.917489398970067123e+04
1.919807767670210887e+04
1.922055260041395013e+04
1.923802470368196737e+04
1.924493346525471497e+04
1.925432555706736093e+04
1.927045311986403613e+04
1.928110818365584782e+04
1.929283894302485351e+04
1.930526348208873605e+04
1.931412569724532659e+04
1.931387412908358237e+04
1.931753707499969096e+04
1.932932277311306825e+04
1.933695612822544354e+04
1.934689762815155700e+04
1.935865997907330529e+04
1.936786713886108555e+04
1.936883638908929424e+04
1.937445674661693192e+04
1.938879243612393111e+04
1.939942282797380540e+04
1.941266442748664849e+04
1.942789038730880202e+04
1.944059217116578293e+04
1.944496396621766689e+04
1.945378310922649689e+04
1.947101522058776391e+04
1.948415543189617529e+04
1.949945128316893170e+04
1.951622276010982750e+04
