1.400606773591639467e+02
9.068559333595756300e+01
7.362368347823154124e+01
1.099960218638514817e+02
6.292097256786648529e+01
-1.830899654576848263e+02
6.603982173185930549e+01
9.528056162291930775e+01
4.633006093996282004e+01
3.059898156004179270e+01
6.906396485762330428e+01
2.467871511385367000e+01
-2.182238995262715378e+02
3.424677488665940928e+01
6.687448003143414610e+01
2.117674758025876258e+01
8.396619762141014576e+00
4.936171184974719495e+01
6.900530099488378255e+00
-2.347510696470130540e+02
1.823207691399917962e+01
5.060195098879782449e+01
3.879056955398851869e+00
-1.065608761447684572e+01
2.789465441411599045e+01
-1.753927420771674406e+01
-2.625943851748226621e+02
-1.329586580183165267e+01
1.527444565831162038e+01
-3.518633619065738571e+01
-5.321716884296450445e+01
-1.774218216535943782e+01
-6.566366242307049106e+01
-3.124657176635010956e+02
-6.404291877980489289e+01
-3.537350340324545073e+01
-8.468812511183361380e+01
-1.004881993500617625e+02
-6.169716926129451906e+01
-1.052544138820248634e+02
-3.467185507563765441e+02
-9.209442405832828626e+01
-5.650340483105904354e+01
-9.834806712337208978e+01
-1.063254122589952715e+02
-5.957212124355864091e+01
-9.525174580401312596e+01
-3.291508036001243909e+02
-6.749830091716944480e+01
-2.562855311131013991e+01
-6.213861391563496994e+01
-6.589472880554043854e+01
-1.617152322249191343e+01
-5.023404704220183703e+01
-2.839298248587368221e+02
-2.350558622850982715e+01
1.573134149032719620e+01
-2.474440316798668960e+01
-3.368413509162053288e+01
9.792786797568709289e+00
