-6.630829042159230085e+03
-6.590629986358044334e+03
-6.503320533043734031e+03
-6.435472281663372996e+03
-6.364619367873583542e+03
-6.249293517569415599e+03
-6.146209484035527566e+03
-6.299596025356869177e+03
-6.195652184221211428e+03
-6.066485929272779686e+03
-5.977413411826340962e+03
-5.904292062223501489e+03
-5.803614358860015273e+03
-5.729759574242084454e+03
-5.924396777046327770e+03
-5.871016851174168551e+03
-5.798948521940231331e+03
-5.770734562784917216e+03
-5.759539371189985104e+03
-5.719312810655955218e+03
-5.702105837580061234e+03
-5.947529603913968458e+03
-5.937334446664566713e+03
-5.899462676541237670e+03
-5.895450559354123470e+03
-5.897850214678521297e+03
-5.860396188639866523e+03
-5.835312403394842477e+03
-6.062751672090088505e+03
-6.025344984387651493e+03
-5.952215538703976563e+03
-5.906334215001847042e+03
-5.861888709506101804e+03
-5.774392736834524840e+03
-5.697932753908120503e+03
-5.874546198376390748e+03
-5.788710250820873625e+03
-5.671297849975359895e+03
-5.586879307410635192e+03
-5.511043249304913843e+03
-5.400464609385205222e+03
-5.310118222900392539e+03
-5.482632858080924052e+03
-5.402765265139005351e+03
-5.301351256809772167e+03
-5.242612160909228805e+03
-5.201490079529233299e+03
-5.133739110895177873e+03
-5.093170260407663591e+03
-5.321043825720406858e+03
-5.300587589348649999e+03
-5.260996429999916472e+03
-5.264790176878484999e+03
-5.285201557679045436e+03
-5.276319792000536836e+03
-5.290385979454918925e+03
-5.567232563347719406e+03
-5.588843816357384640e+03
-5.583391729133556510e+03
-5.612623087445637793e+03
