1.166309954267614302e+00
1.807922340843681086e+00
1.210913620792747780e+00
7.389032780855185889e-01
1.301008639471548323e+00
3.002423376053275028e+00
1.479520236437213532e+00
1.138200765171889506e+00
1.779813151750518685e+00
1.182804431695231528e+00
7.107940889895547620e-01
1.272899450376578478e+00
2.974314186956178219e+00
1.451411047344527860e+00
1.110091576073379382e+00
1.751703962652984004e+00
1.154695242599591110e+00
6.826848998936080326e-01
1.244790261274646204e+00
2.946204997860471853e+00
1.423301858247607798e+00
1.081982386978993960e+00
1.723594773557635573e+00
1.126586053500198359e+00
6.545757107964667032e-01
1.216681072179397916e+00
2.918095808764765042e+00
1.395192669150687514e+00
1.053873197882545742e+00
1.695485584460218353e+00
1.098476864404558162e+00
6.264665217017161281e-01
1.188571883084705627e+00
2.889986619668363232e+00
1.367083480059532619e+00
1.025764008788160098e+00
1.667376395364870145e+00
1.070367675308917521e+00
5.983573326045741325e-01
1.160462693989735117e+00
2.861877430572081771e+00
1.338974290961082225e+00
9.976548196896504184e-01
1.639267206267335908e+00
1.042258486214304725e+00
5.702481435086105277e-01
1.132353504894765051e+00
2.833768241475680405e+00
1.310865101865692495e+00
9.695456305952643294e-01
1.611158017171987256e+00
1.014149297118663862e+00
5.421389544114685322e-01
1.104244315799794318e+00
2.805659052379973595e+00
1.282755912767242101e+00
9.414364414974774053e-01
1.583048828076639047e+00
9.860401080211478320e-01
5.140297653167178460e-01
