0.000000000000000000e+00
0.000000000000000000e+00
0.000000000000000000e+00
0.000000000000000000e+00
0.000000000000000000e+00
0.000000000000000000e+00
0.000000000000000000e+00
0.000000000000000000e+00
0.000000000000000000e+00
0.000000000000000000e+00
0.000000000000000000e+00
0.000000000000000000e+00
0.000000000000000000e+00
0.000000000000000000e+00
0.000000000000000000e+00
0.000000000000000000e+00
0.000000000000000000e+00
0.000000000000000000e+00
0.000000000000000000e+00
0.000000000000000000e+00
0.000000000000000000e+00
0.000000000000000000e+00
0.000000000000000000e+00
0.000000000000000000e+00
0.000000000000000000e+00
0.000000000000000000e+00
0.000000000000000000e+00
0.000000000000000000e+00
0.000000000000000000e+00
0.000000000000000000e+00
0.000000000000000000e+00
0.000000000000000000e+00
0.000000000000000000e+00
0.000000000000000000e+00
0.000000000000000000e+00
0.000000000000000000e+00
0.000000000000000000e+00
0.000000000000000000e+00
0.000000000000000000e+00
0.000000000000000000e+00
0.000000000000000000e+00
0.000000000000000000e+00
0.000000000000000000e+00
0.000000000000000000e+00
1.000000000000000000e+00
1.000000000000000000e+00
2.000000000000000000e+00
2.000000000000000000e+00
5.000000000000000000e+00
7.000000000000000000e+00
1.000000000000000000e+01
1.100000000000000000e+01
1.400000000000000000e+01
2.100000000000000000e+01
3.200000000000000000e+01
3.900000000000000000e+01
4.800000000000000000e+01
5.800000000000000000e+01
7.900000000000000000e+01
1.000000000000000000e+02
1.160000000000000000e+02
1.440000000000000000e+02
1.640000000000000000e+02
1.990000000000000000e+02
2.420000000000000000e+02
2.780000000000000000e+02
3.340000000000000000e+02
3.810000000000000000e+02
4.390000000000000000e+02
4.910000000000000000e+02
5.520000000000000000e+02
6.140000000000000000e+02
6.680000000000000000e+02
7.260000000000000000e+02
7.770000000000000000e+02
8.300000000000000000e+02
8.890000000000000000e+02
9.510000000000000000e+02
9.990000000000000000e+02
1.053000000000000000e+03
1.094000000000000000e+03
1.150000000000000000e+03
1.186000000000000000e+03
1.223000000000000000e+03
1.269000000000000000e+03
1.311000000000000000e+03
1.344000000000000000e+03
1.380000000000000000e+03
1.406000000000000000e+03
1.448000000000000000e+03
1.486000000000000000e+03
1.514000000000000000e+03
1.548000000000000000e+03
1.571000000000000000e+03
1.597000000000000000e+03
1.612000000000000000e+03
1.632000000000000000e+03
1.655000000000000000e+03
1.667000000000000000e+03
1.684000000000000000e+03
1.698000000000000000e+03
1.708000000000000000e+03
1.715000000000000000e+03
1.722000000000000000e+03
1.734000000000000000e+03
1.739000000000000000e+03
1.750000000000000000e+03
1.758000000000000000e+03
1.765000000000000000e+03
1.775000000000000000e+03
1.778000000000000000e+03
1.779000000000000000e+03
1.782000000000000000e+03
1.784000000000000000e+03
1.788000000000000000e+03
1.789000000000000000e+03
1.793000000000000000e+03
1.799000000000000000e+03
1.802000000000000000e+03
1.802000000000000000e+03
1.807000000000000000e+03
1.809000000000000000e+03
1.810000000000000000e+03
1.811000000000000000e+03
1.814000000000000000e+03
1.816000000000000000e+03
1.817000000000000000e+03
1.817000000000000000e+03
1.817000000000000000e+03
1.817000000000000000e+03
1.817000000000000000e+03
1.817000000000000000e+03
1.817000000000000000e+03
1.817000000000000000e+03
1.817000000000000000e+03
1.817000000000000000e+03
1.817000000000000000e+03
1.819000000000000000e+03
1.820000000000000000e+03
1.820000000000000000e+03
1.821000000000000000e+03
1.821000000000000000e+03
1.823000000000000000e+03
1.823000000000000000e+03
1.823000000000000000e+03
1.823000000000000000e+03
1.824000000000000000e+03
1.826000000000000000e+03
1.826000000000000000e+03
1.826000000000000000e+03
1.826000000000000000e+03
1.827000000000000000e+03
1.829000000000000000e+03
1.829000000000000000e+03
1.829000000000000000e+03
1.829000000000000000e+03
1.829000000000000000e+03
1.829000000000000000e+03
1.829000000000000000e+03
1.830000000000000000e+03
1.830000000000000000e+03
1.831000000000000000e+03
1.831000000000000000e+03
1.831000000000000000e+03
1.831000000000000000e+03
1.831000000000000000e+03
1.832000000000000000e+03
1.832000000000000000e+03
1.834000000000000000e+03
1.834000000000000000e+03
1.834000000000000000e+03
1.834000000000000000e+03
1.834000000000000000e+03
1.834000000000000000e+03
1.834000000000000000e+03
1.835000000000000000e+03
1.836000000000000000e+03
1.836000000000000000e+03
1.836000000000000000e+03
1.836000000000000000e+03
1.839000000000000000e+03
1.840000000000000000e+03
1.840000000000000000e+03
1.842000000000000000e+03
1.843000000000000000e+03
1.843000000000000000e+03
1.844000000000000000e+03
1.845000000000000000e+03
1.846000000000000000e+03
1.846000000000000000e+03
1.846000000000000000e+03
1.848000000000000000e+03
1.849000000000000000e+03
1.849000000000000000e+03
1.849000000000000000e+03
1.850000000000000000e+03
1.851000000000000000e+03
1.852000000000000000e+03
1.853000000000000000e+03
1.854000000000000000e+03
1.854000000000000000e+03
1.855000000000000000e+03
1.856000000000000000e+03
1.856000000000000000e+03
1.857000000000000000e+03
1.858000000000000000e+03
1.860000000000000000e+03
1.860000000000000000e+03
1.862000000000000000e+03
1.862000000000000000e+03
1.862000000000000000e+03
1.862000000000000000e+03
1.863000000000000000e+03
1.864000000000000000e+03
1.865000000000000000e+03
1.866000000000000000e+03
1.866000000000000000e+03
1.866000000000000000e+03
1.868000000000000000e+03
1.868000000000000000e+03
1.869000000000000000e+03
1.870000000000000000e+03
1.871000000000000000e+03
1.871000000000000000e+03
1.874000000000000000e+03
1.874000000000000000e+03
1.875000000000000000e+03
1.876000000000000000e+03
1.880000000000000000e+03
1.880000000000000000e+03
1.882000000000000000e+03
1.885000000000000000e+03
1.885000000000000000e+03
1.889000000000000000e+03
1.893000000000000000e+03
1.893000000000000000e+03
1.893000000000000000e+03
1.894000000000000000e+03
1.901000000000000000e+03
1.906000000000000000e+03
1.909000000000000000e+03
1.913000000000000000e+03
1.913000000000000000e+03
1.916000000000000000e+03
1.917000000000000000e+03
1.920000000000000000e+03
1.924000000000000000e+03
1.925000000000000000e+03
1.926000000000000000e+03
1.927000000000000000e+03
1.931000000000000000e+03
1.931000000000000000e+03
1.931000000000000000e+03
1.935000000000000000e+03
1.936000000000000000e+03
1.936000000000000000e+03
1.937000000000000000e+03
1.939000000000000000e+03
1.941000000000000000e+03
1.942000000000000000e+03
1.946000000000000000e+03
1.948000000000000000e+03
1.950000000000000000e+03
1.953000000000000000e+03
1.959000000000000000e+03
1.967000000000000000e+03
1.973000000000000000e+03
1.980000000000000000e+03
1.989000000000000000e+03
1.996000000000000000e+03
2.005000000000000000e+03
2.018000000000000000e+03
2.035000000000000000e+03
2.051000000000000000e+03
2.072000000000000000e+03
2.095000000000000000e+03
2.126000000000000000e+03
2.154000000000000000e+03
2.176000000000000000e+03
2.210000000000000000e+03
2.254000000000000000e+03
2.316000000000000000e+03
2.359000000000000000e+03
2.415000000000000000e+03
2.473000000000000000e+03
2.541000000000000000e+03
2.619000000000000000e+03
2.707000000000000000e+03
2.792000000000000000e+03
2.881000000000000000e+03
2.953000000000000000e+03
3.039000000000000000e+03
3.149000000000000000e+03
3.251000000000000000e+03
3.355000000000000000e+03
3.453000000000000000e+03
3.545000000000000000e+03
3.633000000000000000e+03
3.724000000000000000e+03
3.836000000000000000e+03
3.940000000000000000e+03
4.041000000000000000e+03
4.145000000000000000e+03
4.236000000000000000e+03
4.313000000000000000e+03
4.399000000000000000e+03
4.501000000000000000e+03
4.595000000000000000e+03
4.688000000000000000e+03
4.782000000000000000e+03
4.860000000000000000e+03
4.938000000000000000e+03
5.029000000000000000e+03
5.134000000000000000e+03
5.243000000000000000e+03
5.330000000000000000e+03
5.427000000000000000e+03
5.506000000000000000e+03
5.579000000000000000e+03
5.669000000000000000e+03
5.772000000000000000e+03
5.869000000000000000e+03
5.970000000000000000e+03
6.060000000000000000e+03
6.148000000000000000e+03
6.227000000000000000e+03
6.324000000000000000e+03
6.433000000000000000e+03
6.529000000000000000e+03
6.650000000000000000e+03
6.744000000000000000e+03
6.826000000000000000e+03
6.894000000000000000e+03
7.003000000000000000e+03
7.100000000000000000e+03
7.200000000000000000e+03
7.293000000000000000e+03
7.378000000000000000e+03
7.444000000000000000e+03
7.524000000000000000e+03
7.629000000000000000e+03
7.702000000000000000e+03
7.797000000000000000e+03
7.890000000000000000e+03
7.967000000000000000e+03
8.043000000000000000e+03
8.104000000000000000e+03
8.180000000000000000e+03
8.248000000000000000e+03
8.317000000000000000e+03
8.384000000000000000e+03
8.450000000000000000e+03
8.493000000000000000e+03
8.559000000000000000e+03
8.624000000000000000e+03
8.679000000000000000e+03
8.737000000000000000e+03
8.800000000000000000e+03
8.850000000000000000e+03
8.924000000000000000e+03
8.964000000000000000e+03
9.014000000000000000e+03
9.067000000000000000e+03
9.136000000000000000e+03
9.177000000000000000e+03
9.226000000000000000e+03
9.274000000000000000e+03
9.319000000000000000e+03
9.367000000000000000e+03
9.405000000000000000e+03
9.451000000000000000e+03
9.488000000000000000e+03
9.535000000000000000e+03
9.576000000000000000e+03
9.599000000000000000e+03
9.633000000000000000e+03
9.669000000000000000e+03
9.695000000000000000e+03
9.716000000000000000e+03
9.746000000000000000e+03
9.769000000000000000e+03
9.799000000000000000e+03
9.820000000000000000e+03
9.842000000000000000e+03
9.866000000000000000e+03
9.891000000000000000e+03
9.906000000000000000e+03
9.920000000000000000e+03
9.939000000000000000e+03
9.959000000000000000e+03
9.980000000000000000e+03
9.989000000000000000e+03
1.001100000000000000e+04
1.002200000000000000e+04
1.003600000000000000e+04
1.004600000000000000e+04
1.005800000000000000e+04
1.007000000000000000e+04
1.008100000000000000e+04
1.009200000000000000e+04
1.010700000000000000e+04
1.011500000000000000e+04
1.012200000000000000e+04
1.012900000000000000e+04
1.014000000000000000e+04
1.014800000000000000e+04
1.015600000000000000e+04
1.016200000000000000e+04
1.017200000000000000e+04
1.018000000000000000e+04
1.018700000000000000e+04
1.019600000000000000e+04
1.020600000000000000e+04
1.021800000000000000e+04
1.022600000000000000e+04
1.023300000000000000e+04
1.024500000000000000e+04
1.025600000000000000e+04
1.026500000000000000e+04
1.027700000000000000e+04
1.028800000000000000e+04
1.029400000000000000e+04
1.030200000000000000e+04
1.030900000000000000e+04
1.031600000000000000e+04
1.032100000000000000e+04
1.033300000000000000e+04
1.034300000000000000e+04
1.035600000000000000e+04
1.036000000000000000e+04
1.037000000000000000e+04
1.037900000000000000e+04
1.038600000000000000e+04
1.040000000000000000e+04
1.041200000000000000e+04
1.042300000000000000e+04
1.042800000000000000e+04
1.043800000000000000e+04
1.044600000000000000e+04
1.046600000000000000e+04
1.048000000000000000e+04
1.049400000000000000e+04
1.049900000000000000e+04
1.050400000000000000e+04
1.050800000000000000e+04
1.051800000000000000e+04
1.052300000000000000e+04
1.052900000000000000e+04
1.053900000000000000e+04
1.054200000000000000e+04
1.054800000000000000e+04
1.055800000000000000e+04
1.056300000000000000e+04
1.057500000000000000e+04
1.058200000000000000e+04
1.058900000000000000e+04
1.059300000000000000e+04
1.060700000000000000e+04
1.061200000000000000e+04
1.062100000000000000e+04
1.063000000000000000e+04
1.064700000000000000e+04
1.065500000000000000e+04
1.066200000000000000e+04
1.067300000000000000e+04
1.068300000000000000e+04
1.068900000000000000e+04
1.069600000000000000e+04
1.070000000000000000e+04
1.071100000000000000e+04
1.071600000000000000e+04
1.072600000000000000e+04
1.073000000000000000e+04
1.073600000000000000e+04
1.073900000000000000e+04
1.074300000000000000e+04
1.074600000000000000e+04
1.075000000000000000e+04
1.075500000000000000e+04
1.075700000000000000e+04
1.076500000000000000e+04
1.076800000000000000e+04
1.077200000000000000e+04
1.077800000000000000e+04
1.078100000000000000e+04
1.078900000000000000e+04
1.079900000000000000e+04
1.080200000000000000e+04
1.080600000000000000e+04
1.081000000000000000e+04
1.081100000000000000e+04
1.081800000000000000e+04
1.082300000000000000e+04
1.082800000000000000e+04
1.082800000000000000e+04
1.083000000000000000e+04
1.083000000000000000e+04
1.083300000000000000e+04
1.083900000000000000e+04
1.084400000000000000e+04
1.084600000000000000e+04
1.085000000000000000e+04
1.085200000000000000e+04
1.085600000000000000e+04
1.085900000000000000e+04
1.086300000000000000e+04
1.086500000000000000e+04
1.086600000000000000e+04
1.086700000000000000e+04
1.086700000000000000e+04
1.087000000000000000e+04
1.087500000000000000e+04
1.087700000000000000e+04
1.087900000000000000e+04
1.088000000000000000e+04
1.088200000000000000e+04
1.088200000000000000e+04
1.088300000000000000e+04
1.088400000000000000e+04
1.088700000000000000e+04
1.088900000000000000e+04
1.088900000000000000e+04
1.089100000000000000e+04
1.089100000000000000e+04
1.089300000000000000e+04
1.089100000000000000e+04
1.089100000000000000e+04
1.089100000000000000e+04
1.089100000000000000e+04
1.089200000000000000e+04
1.089200000000000000e+04
1.089200000000000000e+04
1.089200000000000000e+04
1.089200000000000000e+04
1.089200000000000000e+04
1.089200000000000000e+04
1.089400000000000000e+04
1.089400000000000000e+04
1.089500000000000000e+04
1.089500000000000000e+04
1.089500000000000000e+04
1.089500000000000000e+04
1.089600000000000000e+04
1.089600000000000000e+04
1.089600000000000000e+04
1.089600000000000000e+04
1.089800000000000000e+04
1.089800000000000000e+04
1.089800000000000000e+04
1.089900000000000000e+04
1.090000000000000000e+04
1.090200000000000000e+04
1.090500000000000000e+04
1.090900000000000000e+04
1.091100000000000000e+04
1.091100000000000000e+04
1.091100000000000000e+04
1.091200000000000000e+04
1.091200000000000000e+04
1.091400000000000000e+04
1.091400000000000000e+04
1.091400000000000000e+04
1.091500000000000000e+04
1.091500000000000000e+04
1.091600000000000000e+04
1.091800000000000000e+04
1.092000000000000000e+04
1.092300000000000000e+04
1.092500000000000000e+04
1.092600000000000000e+04
1.092800000000000000e+04
1.093100000000000000e+04
1.092800000000000000e+04
1.093000000000000000e+04
1.093500000000000000e+04
1.093400000000000000e+04
1.094000000000000000e+04
1.094100000000000000e+04
1.094100000000000000e+04
1.095000000000000000e+04
1.095400000000000000e+04
1.096000000000000000e+04
1.095800000000000000e+04
1.096500000000000000e+04
