1.404855049515979954e+04
1.406443140684172249e+04
1.408106585927335618e+04
1.409784058686004391e+04
1.411961170077710995e+04
1.414861114689555507e+04
1.418108793234877339e+04
1.421721510982209657e+04
1.425436269032126438e+04
1.429227663837845466e+04
1.433008263342247847e+04
1.437237878525057386e+04
1.442114755743859314e+04
1.447240229159593764e+04
1.452609919114362674e+04
1.457941481195700362e+04
1.463192910065832621e+04
1.468263256433706192e+04
1.473602167556493441e+04
1.479401270057462352e+04
1.485258929739649648e+04
1.491171471759984706e+04
1.496860865569415728e+04
1.502292880551961935e+04
1.507377574728368745e+04
1.512578532925904801e+04
1.518103881082708540e+04
1.523570620903631061e+04
1.528995379172829234e+04
1.534121588180259278e+04
1.538937116038538443e+04
1.543374222550824561e+04
1.547918270426077106e+04
1.552798231653246512e+04
1.557650545796713050e+04
1.562509436140537218e+04
1.567133710535960745e+04
1.571524074635605939e+04
1.575622840366421406e+04
1.579922464737131122e+04
1.584655962073065166e+04
1.589460747635705957e+04
1.594369017648662339e+04
1.599134689623783743e+04
1.603750925752914009e+04
1.608150115495592217e+04
1.612812744131773798e+04
1.617958180682610146e+04
1.623208932380904844e+04
1.628581459154702861e+04
1.633813560000230245e+04
1.638882341864462069e+04
1.643704635227641120e+04
1.648746271743092802e+04
1.654213246759828689e+04
1.659716304445317655e+04
1.665262030866662099e+04
1.670580460365377076e+04
1.675643201028763360e+04
1.680363940464365442e+04
