-9.579512786280068326e+01
-1.000947408980038205e+02
-1.144243153863671694e+02
-1.462310474076050468e+02
-1.752684743701101127e+02
-1.556964230271603924e+02
-1.142048104867855614e+02
-1.209252417570716887e+02
-1.230224451786392876e+02
-1.348947966871553774e+02
-1.640395531514745642e+02
-1.902653949530992463e+02
-1.677909255845486314e+02
-1.233668969978721037e+02
-1.271861458648765506e+02
-1.264733269143065399e+02
-1.356837410757019029e+02
-1.623669261604471217e+02
-1.863776571071361730e+02
-1.619730484886268016e+02
-1.159335696946382797e+02
-1.184719951924013515e+02
-1.168224077133277490e+02
-1.254385772544899851e+02
-1.518574014605094078e+02
-1.759100643148015308e+02
-1.518196074109668245e+02
-1.063227172925178081e+02
-1.095797359056060714e+02
-1.087649885083822454e+02
-1.182667208181673146e+02
-1.455522929737660149e+02
-1.703812433255294252e+02
-1.469048675891469884e+02
-1.017900645547962597e+02
-1.051314009151424216e+02
-1.040434343303074485e+02
-1.128625320290301204e+02
-1.390137802609392281e+02
-1.622255490045188822e+02
-1.366303138663018899e+02
-8.888944899081494100e+01
-8.910591348072665596e+01
-8.441684856889500566e+01
-8.919530982479821546e+01
-1.109167259937404992e+02
-1.293726546503357042e+02
-9.877045181019201436e+01
-4.585659364794909720e+01
-4.082760570753356433e+01
-3.092065750382042566e+01
-3.061309421025419297e+01
-4.748655002020163352e+01
-6.143827056901210426e+01
-2.677832152405895272e+01
2.964951734322541199e+01
3.755915643168545870e+01
4.963378221750274122e+01
5.132829779225818356e+01
3.500692310179597655e+01
