1.022644907427045400e+05
1.021765855098079628e+05
1.020863782844257221e+05
1.019846599310669553e+05
1.018708249946502765e+05
1.017263297908636887e+05
1.015538001017355418e+05
1.013947822661129612e+05
1.012756291075632325e+05
1.011557368054761173e+05
1.010256580676285230e+05
1.008845525028954435e+05
1.007136522329120198e+05
1.005153763854624121e+05
1.003310881003095128e+05
1.001869853599337221e+05
1.000423416526466317e+05
9.988762176167228608e+04
9.972193354875934892e+04
9.952649377551759244e+04
9.930374164314300288e+04
9.909509375070336682e+04
9.892683188274734130e+04
9.875833975730751990e+04
9.858021417268036748e+04
9.839171158287924482e+04
9.817420831782105961e+04
9.793030830809225154e+04
9.770159219468785159e+04
9.751449941054459487e+04
9.732855953189724823e+04
9.713449849110485229e+04
9.693168081634867121e+04
9.670156622852687724e+04
9.644681454545336601e+04
9.620903283798474877e+04
9.601465646190250118e+04
9.582318027297254594e+04
9.562526559904406895e+04
9.542018409085496387e+04
9.518927671414587530e+04
9.493506174410483800e+04
9.469898559951441712e+04
9.450730801867545233e+04
9.431933775228261948e+04
9.412554420859809034e+04
9.392500603212506394e+04
9.369887474023502728e+04
9.344948714703755104e+04
9.321812029035008163e+04
9.303088025595078943e+04
9.284694098291768751e+04
9.265665841288279626e+04
9.245902091241478047e+04
9.223511406256591727e+04
9.198723353629765916e+04
9.175663979260648193e+04
9.156944601494719973e+04
9.138485543000440521e+04
9.119327343851467595e+04
