-2.185044587132849301e+03
-3.645770701905137230e+03
-3.013357750031482283e+03
-1.931484302934748484e+03
-2.149120093493830154e+03
-2.570024819018122798e+03
-3.110816223912928763e+03
-4.221807865417733410e+03
-5.675316267585509195e+03
-5.018897490948284030e+03
-3.897263324684647159e+03
-4.060789230894542015e+03
-4.414966283526561710e+03
-4.878413722223261175e+03
-5.903654187985797762e+03
-7.265353207646691772e+03
-6.513484960796222367e+03
-5.295176628183772664e+03
-5.363145568478818859e+03
-5.625083646454955669e+03
-6.001607315516335802e+03
-6.946977348296055425e+03
-8.237291399254520002e+03
-7.423612792119376536e+03
-6.153788892598487109e+03
-6.180874044447443339e+03
-6.412511771449851949e+03
-6.768894863569918016e+03
-7.703506891291076499e+03
-8.991347626649243466e+03
-8.182104722825630233e+03
-6.922023666126896387e+03
-6.962389365474129590e+03
-7.208972249764420667e+03
-7.580055493882318842e+03
-8.527244813578141475e+03
-9.823761160184900291e+03
-9.017676539736596169e+03
-7.753842927134453930e+03
-7.782425743095053804e+03
-8.008393070549269396e+03
-8.349575792995106895e+03
-9.257498957540119591e+03
-1.050568389273119283e+04
-9.642880868361378816e+03
-8.314982209889245496e+03
-8.273527661812222505e+03
-8.425153881082747830e+03
-8.689604308581874648e+03
-9.520501119024518630e+03
-1.069358047152177460e+04
-9.759852787163272296e+03
-8.367440098015391413e+03
-8.270004524965619567e+03
-8.376122095191512926e+03
-8.607220475531134070e+03
-9.418284580794093927e+03
-1.058603340153099998e+04
-9.662031699975272204e+03
-8.294490282713857596e+03
