4.000000000000000000e+00
0.000000000000000000e+00
1.000000000000000000e+00
1.000000000000000000e+00
2.000000000000000000e+00
0.000000000000000000e+00
6.000000000000000000e+00
0.000000000000000000e+00
0.000000000000000000e+00
5.000000000000000000e+00
0.000000000000000000e+00
0.000000000000000000e+00
0.000000000000000000e+00
6.000000000000000000e+00
0.000000000000000000e+00
0.000000000000000000e+00
0.000000000000000000e+00
7.000000000000000000e+00
0.000000000000000000e+00
0.000000000000000000e+00
1.000000000000000000e+00
0.000000000000000000e+00
0.000000000000000000e+00
0.000000000000000000e+00
1.000000000000000000e+00
0.000000000000000000e+00
1.000000000000000000e+00
0.000000000000000000e+00
0.000000000000000000e+00
0.000000000000000000e+00
0.000000000000000000e+00
0.000000000000000000e+00
0.000000000000000000e+00
0.000000000000000000e+00
2.000000000000000000e+00
3.000000000000000000e+00
0.000000000000000000e+00
1.000000000000000000e+00
1.000000000000000000e+00
0.000000000000000000e+00
1.000000000000000000e+00
0.000000000000000000e+00
0.000000000000000000e+00
4.000000000000000000e+00
1.000000000000000000e+00
2.000000000000000000e+00
0.000000000000000000e+00
0.000000000000000000e+00
3.000000000000000000e+00
6.000000000000000000e+00
1.100000000000000000e+01
5.000000000000000000e+00
7.000000000000000000e+00
3.200000000000000000e+01
3.300000000000000000e+01
3.000000000000000000e+01
3.500000000000000000e+01
6.000000000000000000e+01
5.000000000000000000e+01
8.900000000000000000e+01
1.880000000000000000e+02
1.220000000000000000e+02
1.060000000000000000e+02
1.070000000000000000e+02
1.110000000000000000e+02
9.100000000000000000e+01
1.090000000000000000e+02
1.430000000000000000e+02
1.360000000000000000e+02
1.270000000000000000e+02
1.200000000000000000e+02
1.040000000000000000e+02
1.030000000000000000e+02
8.900000000000000000e+01
1.020000000000000000e+02
5.100000000000000000e+01
3.800000000000000000e+01
1.110000000000000000e+02
5.400000000000000000e+01
5.000000000000000000e+01
4.500000000000000000e+01
3.300000000000000000e+01
2.800000000000000000e+01
3.400000000000000000e+01
3.000000000000000000e+01
2.900000000000000000e+01
2.800000000000000000e+01
3.300000000000000000e+01
3.200000000000000000e+01
2.700000000000000000e+01
1.900000000000000000e+01
1.500000000000000000e+01
1.300000000000000000e+01
1.500000000000000000e+01
5.300000000000000000e+01
1.500000000000000000e+01
9.000000000000000000e+00
7.000000000000000000e+00
9.000000000000000000e+00
7.000000000000000000e+00
6.000000000000000000e+00
6.000000000000000000e+00
3.000000000000000000e+00
1.800000000000000000e+01
1.000000000000000000e+00
1.000000000000000000e+00
3.000000000000000000e+00
8.000000000000000000e+00
4.000000000000000000e+00
5.000000000000000000e+00
6.000000000000000000e+00
2.000000000000000000e+00
0.000000000000000000e+00
1.000000000000000000e+00
7.000000000000000000e+00
0.000000000000000000e+00
3.000000000000000000e+00
3.000000000000000000e+00
2.000000000000000000e+00
1.000000000000000000e+00
3.000000000000000000e+00
0.000000000000000000e+00
3.000000000000000000e+00
0.000000000000000000e+00
2.000000000000000000e+00
3.000000000000000000e+00
9.000000000000000000e+00
1.100000000000000000e+01
1.100000000000000000e+01
1.000000000000000000e+00
4.000000000000000000e+00
1.000000000000000000e+00
1.000000000000000000e+00
1.000000000000000000e+00
1.700000000000000000e+01
1.000000000000000000e+00
2.000000000000000000e+00
8.000000000000000000e+00
7.000000000000000000e+00
2.000000000000000000e+00
4.000000000000000000e+00
0.000000000000000000e+00
4.000000000000000000e+00
5.000000000000000000e+00
1.000000000000000000e+00
0.000000000000000000e+00
0.000000000000000000e+00
0.000000000000000000e+00
6.000000000000000000e+00
5.000000000000000000e+00
1.000000000000000000e+00
1.000000000000000000e+00
3.000000000000000000e+00
5.000000000000000000e+00
1.000000000000000000e+00
1.000000000000000000e+00
4.000000000000000000e+00
0.000000000000000000e+00
0.000000000000000000e+00
7.000000000000000000e+00
2.000000000000000000e+00
2.000000000000000000e+00
6.000000000000000000e+00
1.000000000000000000e+00
5.000000000000000000e+00
5.000000000000000000e+00
5.000000000000000000e+00
0.000000000000000000e+00
2.000000000000000000e+00
5.000000000000000000e+00
0.000000000000000000e+00
1.400000000000000000e+01
1.000000000000000000e+00
3.000000000000000000e+00
7.000000000000000000e+00
5.000000000000000000e+00
4.000000000000000000e+00
3.000000000000000000e+00
7.000000000000000000e+00
3.000000000000000000e+00
1.000000000000000000e+00
5.000000000000000000e+00
-1.800000000000000000e+01
3.200000000000000000e+01
1.000000000000000000e+01
3.000000000000000000e+00
9.000000000000000000e+00
4.000000000000000000e+00
2.000000000000000000e+00
1.000000000000000000e+00
6.000000000000000000e+00
6.000000000000000000e+00
2.000000000000000000e+00
5.000000000000000000e+00
3.000000000000000000e+00
1.000000000000000000e+00
7.000000000000000000e+00
2.000000000000000000e+00
1.500000000000000000e+01
3.000000000000000000e+00
3.000000000000000000e+00
0.000000000000000000e+00
0.000000000000000000e+00
5.000000000000000000e+00
3.000000000000000000e+00
1.700000000000000000e+01
0.000000000000000000e+00
1.000000000000000000e+00
1.000000000000000000e+00
3.000000000000000000e+00
1.000000000000000000e+00
7.000000000000000000e+00
1.000000000000000000e+00
0.000000000000000000e+00
5.000000000000000000e+00
2.000000000000000000e+00
5.000000000000000000e+00
1.000000000000000000e+00
1.000000000000000000e+00
6.000000000000000000e+00
1.000000000000000000e+00
0.000000000000000000e+00
1.000000000000000000e+00
5.000000000000000000e+00
8.000000000000000000e+00
2.000000000000000000e+00
4.000000000000000000e+00
7.000000000000000000e+00
6.000000000000000000e+00
1.000000000000000000e+00
1.000000000000000000e+00
1.000000000000000000e+00
7.000000000000000000e+00
7.000000000000000000e+00
5.000000000000000000e+00
7.000000000000000000e+00
2.000000000000000000e+00
5.000000000000000000e+00
1.000000000000000000e+01
0.000000000000000000e+00
7.000000000000000000e+00
3.000000000000000000e+00
6.000000000000000000e+00
0.000000000000000000e+00
5.000000000000000000e+00
3.000000000000000000e+00
2.000000000000000000e+00
3.000000000000000000e+00
3.000000000000000000e+00
1.000000000000000000e+00
2.200000000000000000e+01
1.400000000000000000e+01
5.000000000000000000e+00
5.000000000000000000e+00
6.000000000000000000e+00
8.000000000000000000e+00
2.000000000000000000e+00
5.000000000000000000e+00
1.000000000000000000e+01
1.500000000000000000e+01
7.000000000000000000e+00
6.000000000000000000e+00
6.000000000000000000e+00
2.000000000000000000e+00
5.000000000000000000e+00
2.000000000000000000e+00
9.000000000000000000e+00
1.300000000000000000e+01
4.000000000000000000e+00
1.000000000000000000e+01
7.000000000000000000e+00
5.000000000000000000e+00
9.000000000000000000e+00
9.000000000000000000e+00
1.000000000000000000e+01
8.000000000000000000e+00
4.000000000000000000e+00
5.000000000000000000e+00
7.000000000000000000e+00
3.000000000000000000e+00
1.200000000000000000e+01
5.000000000000000000e+00
1.200000000000000000e+01
5.000000000000000000e+00
4.000000000000000000e+00
3.000000000000000000e+00
1.000000000000000000e+01
7.000000000000000000e+00
6.000000000000000000e+00
8.000000000000000000e+00
1.200000000000000000e+01
7.000000000000000000e+00
3.000000000000000000e+00
4.000000000000000000e+00
3.000000000000000000e+00
5.000000000000000000e+00
9.000000000000000000e+00
5.000000000000000000e+00
8.000000000000000000e+00
1.000000000000000000e+00
3.000000000000000000e+00
2.000000000000000000e+00
8.000000000000000000e+00
4.000000000000000000e+00
1.000000000000000000e+01
1.100000000000000000e+01
7.000000000000000000e+00
2.000000000000000000e+00
4.000000000000000000e+00
1.600000000000000000e+01
1.900000000000000000e+01
5.000000000000000000e+00
1.100000000000000000e+01
2.100000000000000000e+01
1.000000000000000000e+01
1.800000000000000000e+01
1.300000000000000000e+01
1.400000000000000000e+01
1.900000000000000000e+01
1.400000000000000000e+01
2.100000000000000000e+01
1.900000000000000000e+01
2.500000000000000000e+01
1.800000000000000000e+01
1.100000000000000000e+01
1.200000000000000000e+01
1.700000000000000000e+01
2.800000000000000000e+01
9.000000000000000000e+00
1.500000000000000000e+01
2.000000000000000000e+01
1.600000000000000000e+01
3.400000000000000000e+01
5.760000000000000000e+02
3.820000000000000000e+02
4.270000000000000000e+02
4.600000000000000000e+01
6.700000000000000000e+01
8.100000000000000000e+01
1.100000000000000000e+02
1.210000000000000000e+02
1.440000000000000000e+02
1.550000000000000000e+02
2.500000000000000000e+02
1.940000000000000000e+02
2.790000000000000000e+02
2.160000000000000000e+02
3.150000000000000000e+02
7.450000000000000000e+02
5.270000000000000000e+02
3.650000000000000000e+02
3.050000000000000000e+02
2.050000000000000000e+02
2.120000000000000000e+02
2.450000000000000000e+02
2.490000000000000000e+02
2.870000000000000000e+02
1.570000000000000000e+02
2.710000000000000000e+02
1.880000000000000000e+02
2.300000000000000000e+02
3.740000000000000000e+02
3.690000000000000000e+02
1.710000000000000000e+02
5.900000000000000000e+01
1.420000000000000000e+02
3.090000000000000000e+02
1.980000000000000000e+02
1.980000000000000000e+02
1.870000000000000000e+02
9.590000000000000000e+02
8.190000000000000000e+02
7.560000000000000000e+02
8.020000000000000000e+02
9.300000000000000000e+02
8.290000000000000000e+02
8.360000000000000000e+02
8.360000000000000000e+02
7.950000000000000000e+02
8.090000000000000000e+02
5.860000000000000000e+02
4.900000000000000000e+02
2.370000000000000000e+02
1.860000000000000000e+02
1.890000000000000000e+02
1.570000000000000000e+02
2.010000000000000000e+02
1.750000000000000000e+02
1.260000000000000000e+02
1.660000000000000000e+02
1.430000000000000000e+02
7.200000000000000000e+01
1.750000000000000000e+02
1.500000000000000000e+02
1.300000000000000000e+02
8.200000000000000000e+01
9.200000000000000000e+01
8.900000000000000000e+01
9.500000000000000000e+01
9.300000000000000000e+01
7.200000000000000000e+01
4.500000000000000000e+01
7.200000000000000000e+01
7.000000000000000000e+01
8.000000000000000000e+01
4.200000000000000000e+01
3.500000000000000000e+01
5.400000000000000000e+01
7.900000000000000000e+01
6.400000000000000000e+01
6.500000000000000000e+01
7.100000000000000000e+01
6.000000000000000000e+01
3.900000000000000000e+01
5.800000000000000000e+01
8.100000000000000000e+01
7.800000000000000000e+01
1.700000000000000000e+02
7.800000000000000000e+01
1.490000000000000000e+02
2.480000000000000000e+02
9.200000000000000000e+01
1.000000000000000000e+02
1.190000000000000000e+02
9.000000000000000000e+01
7.300000000000000000e+01
4.010000000000000000e+02
6.900000000000000000e+01
9.700000000000000000e+01
1.340000000000000000e+02
8.000000000000000000e+01
7.700000000000000000e+01
3.900000000000000000e+01
4.800000000000000000e+01
4.200000000000000000e+01
2.600000000000000000e+01
5.800000000000000000e+01
8.400000000000000000e+01
9.600000000000000000e+01
1.940000000000000000e+02
2.500000000000000000e+02
3.340000000000000000e+02
4.050000000000000000e+02
5.590000000000000000e+02
7.890000000000000000e+02
9.670000000000000000e+02
9.850000000000000000e+02
9.650000000000000000e+02
1.335000000000000000e+03
1.543000000000000000e+03
1.585000000000000000e+03
1.547000000000000000e+03
1.767000000000000000e+03
1.390000000000000000e+03
1.443000000000000000e+03
1.458000000000000000e+03
1.470000000000000000e+03
2.070000000000000000e+03
2.839000000000000000e+03
2.438000000000000000e+03
2.048000000000000000e+03
2.180000000000000000e+03
2.011000000000000000e+03
1.871000000000000000e+03
1.583000000000000000e+03
1.891000000000000000e+03
1.940000000000000000e+03
2.041000000000000000e+03
1.763000000000000000e+03
2.112000000000000000e+03
1.911000000000000000e+03
2.044000000000000000e+03
2.419000000000000000e+03
2.101000000000000000e+03
1.630000000000000000e+03
1.919000000000000000e+03
1.983000000000000000e+03
4.887000000000000000e+03
2.256000000000000000e+03
3.095000000000000000e+03
2.302000000000000000e+03
9.635000000000000000e+03
2.473000000000000000e+03
3.394000000000000000e+03
2.636000000000000000e+03
3.481000000000000000e+03
3.052000000000000000e+03
3.382000000000000000e+03
2.713000000000000000e+03
3.226000000000000000e+03
2.455000000000000000e+03
3.323000000000000000e+03
3.759000000000000000e+03
4.803000000000000000e+03
4.528000000000000000e+03
5.485000000000000000e+03
2.230000000000000000e+03
3.440000000000000000e+03
3.886000000000000000e+03
2.630000000000000000e+03
2.818000000000000000e+03
2.671000000000000000e+03
2.419000000000000000e+03
2.662000000000000000e+03
2.680000000000000000e+03
2.310000000000000000e+03
2.290000000000000000e+03
3.277000000000000000e+03
2.804000000000000000e+03
3.355000000000000000e+03
3.000000000000000000e+03
2.331000000000000000e+03
3.129000000000000000e+03
3.058000000000000000e+03
3.667000000000000000e+03
3.682000000000000000e+03
3.175000000000000000e+03
4.059000000000000000e+03
3.174000000000000000e+03
4.108000000000000000e+03
3.644000000000000000e+03
4.161000000000000000e+03
3.995000000000000000e+03
5.406000000000000000e+03
4.662000000000000000e+03
4.786000000000000000e+03
5.533000000000000000e+03
6.087000000000000000e+03
6.230000000000000000e+03
5.916000000000000000e+03
6.166000000000000000e+03
5.420000000000000000e+03
6.519000000000000000e+03
7.058000000000000000e+03
9.276000000000000000e+03
9.326000000000000000e+03
9.539000000000000000e+03
8.656000000000000000e+03
8.685000000000000000e+03
9.317000000000000000e+03
9.186000000000000000e+03
9.692000000000000000e+03
1.008200000000000000e+04
1.139700000000000000e+04
1.178400000000000000e+04
1.130500000000000000e+04
1.300200000000000000e+04
1.365500000000000000e+04
1.457500000000000000e+04
1.426000000000000000e+04
1.533500000000000000e+04
1.537600000000000000e+04
1.415000000000000000e+04
1.653300000000000000e+04
1.766900000000000000e+04
1.734500000000000000e+04
1.891200000000000000e+04
1.802700000000000000e+04
1.797000000000000000e+04
1.890100000000000000e+04
2.020000000000000000e+04
2.092000000000000000e+04
2.137900000000000000e+04
2.183800000000000000e+04
1.998300000000000000e+04
1.960300000000000000e+04
1.984300000000000000e+04
2.103800000000000000e+04
2.278200000000000000e+04
2.341800000000000000e+04
2.208600000000000000e+04
2.188200000000000000e+04
2.115700000000000000e+04
2.012800000000000000e+04
2.051500000000000000e+04
2.090200000000000000e+04
1.985100000000000000e+04
2.057100000000000000e+04
1.901400000000000000e+04
1.749100000000000000e+04
1.716500000000000000e+04
1.841700000000000000e+04
1.850100000000000000e+04
1.870200000000000000e+04
1.798400000000000000e+04
1.653600000000000000e+04
1.597200000000000000e+04
1.466600000000000000e+04
1.480200000000000000e+04
1.495600000000000000e+04
1.465300000000000000e+04
1.594200000000000000e+04
1.545200000000000000e+04
1.398800000000000000e+04
1.382100000000000000e+04
1.417600000000000000e+04
1.603100000000000000e+04
1.440300000000000000e+04
1.519100000000000000e+04
1.402900000000000000e+04
1.258300000000000000e+04
1.178600000000000000e+04
1.379800000000000000e+04
1.389700000000000000e+04
1.455500000000000000e+04
1.410900000000000000e+04
1.357600000000000000e+04
1.270900000000000000e+04
1.091900000000000000e+04
1.125200000000000000e+04
1.325600000000000000e+04
1.269700000000000000e+04
1.197500000000000000e+04
1.235300000000000000e+04
1.028800000000000000e+04
9.489000000000000000e+03
1.041400000000000000e+04
1.164600000000000000e+04
1.175400000000000000e+04
1.137500000000000000e+04
1.082800000000000000e+04
9.930000000000000000e+03
9.869000000000000000e+03
9.866000000000000000e+03
1.120000000000000000e+04
1.114000000000000000e+04
1.063000000000000000e+04
1.081700000000000000e+04
1.003500000000000000e+04
9.445000000000000000e+03
1.006400000000000000e+04
1.127600000000000000e+04
1.048600000000000000e+04
1.064800000000000000e+04
1.086300000000000000e+04
1.011100000000000000e+04
9.122000000000000000e+03
8.918000000000000000e+03
9.727000000000000000e+03
9.810000000000000000e+03
9.742000000000000000e+03
9.351000000000000000e+03
8.675000000000000000e+03
7.706000000000000000e+03
8.452000000000000000e+03
9.658000000000000000e+03
8.968000000000000000e+03
9.224000000000000000e+03
8.859000000000000000e+03
8.165000000000000000e+03
7.574000000000000000e+03
7.679000000000000000e+03
7.980000000000000000e+03
8.150000000000000000e+03
8.467000000000000000e+03
7.960000000000000000e+03
7.592000000000000000e+03
6.904000000000000000e+03
6.978000000000000000e+03
7.496000000000000000e+03
7.305000000000000000e+03
7.057000000000000000e+03
7.079000000000000000e+03
6.343000000000000000e+03
5.947000000000000000e+03
6.524000000000000000e+03
6.901000000000000000e+03
6.855000000000000000e+03
6.595000000000000000e+03
7.006000000000000000e+03
6.428000000000000000e+03
5.126000000000000000e+03
5.857000000000000000e+03
6.335000000000000000e+03
6.559000000000000000e+03
6.073000000000000000e+03
5.854000000000000000e+03
4.753000000000000000e+03
4.306000000000000000e+03
4.886000000000000000e+03
4.971000000000000000e+03
4.912000000000000000e+03
5.896000000000000000e+03
4.704000000000000000e+03
4.000000000000000000e+03
3.525000000000000000e+03
3.618000000000000000e+03
4.203000000000000000e+03
4.193000000000000000e+03
4.079000000000000000e+03
3.787000000000000000e+03
3.398000000000000000e+03
2.862000000000000000e+03
3.370000000000000000e+03
3.684000000000000000e+03
3.537000000000000000e+03
3.132000000000000000e+03
2.899000000000000000e+03
2.525000000000000000e+03
2.476000000000000000e+03
2.532000000000000000e+03
2.940000000000000000e+03
2.671000000000000000e+03
2.766000000000000000e+03
2.532000000000000000e+03
2.437000000000000000e+03
2.305000000000000000e+03
2.575000000000000000e+03
3.037000000000000000e+03
3.111000000000000000e+03
3.011000000000000000e+03
3.112000000000000000e+03
2.927000000000000000e+03
3.091000000000000000e+03
3.899000000000000000e+03
5.775000000000000000e+03
7.526000000000000000e+03
8.263000000000000000e+03
8.511000000000000000e+03
7.926000000000000000e+03
7.133000000000000000e+03
1.584800000000000000e+04
8.158000000000000000e+03
7.793000000000000000e+03
8.077000000000000000e+03
6.929000000000000000e+03
6.397000000000000000e+03
7.122000000000000000e+03
8.129000000000000000e+03
8.640000000000000000e+03
8.112000000000000000e+03
7.686000000000000000e+03
7.139000000000000000e+03
6.718000000000000000e+03
7.587000000000000000e+03
8.078000000000000000e+03
8.450000000000000000e+03
8.618000000000000000e+03
8.444000000000000000e+03
8.008000000000000000e+03
7.422000000000000000e+03
8.587000000000000000e+03
9.172000000000000000e+03
9.909000000000000000e+03
1.049000000000000000e+04
1.087900000000000000e+04
1.047000000000000000e+04
1.039800000000000000e+04
1.318200000000000000e+04
1.482200000000000000e+04
1.524200000000000000e+04
1.633000000000000000e+04
1.588200000000000000e+04
1.490000000000000000e+04
1.437300000000000000e+04
1.646200000000000000e+04
1.734900000000000000e+04
1.806600000000000000e+04
1.888500000000000000e+04
1.895300000000000000e+04
1.888300000000000000e+04
1.836300000000000000e+04
2.123200000000000000e+04
2.355700000000000000e+04
2.493200000000000000e+04
2.561500000000000000e+04
2.471900000000000000e+04
2.231100000000000000e+04
0.000000000000000000e+00
4.261700000000000000e+04
2.361800000000000000e+04
2.383400000000000000e+04
2.281800000000000000e+04
2.188100000000000000e+04
2.116200000000000000e+04
1.894300000000000000e+04
2.207300000000000000e+04
2.298400000000000000e+04
2.479200000000000000e+04
2.459200000000000000e+04
0.000000000000000000e+00
4.571400000000000000e+04
1.974200000000000000e+04
2.394500000000000000e+04
2.545600000000000000e+04
2.707100000000000000e+04
2.580400000000000000e+04
2.499600000000000000e+04
2.344100000000000000e+04
2.138200000000000000e+04
2.516400000000000000e+04
0.000000000000000000e+00
2.702400000000000000e+04
5.228400000000000000e+04
2.582100000000000000e+04
2.463500000000000000e+04
2.167800000000000000e+04
2.538900000000000000e+04
2.756000000000000000e+04
2.837900000000000000e+04
2.802900000000000000e+04
2.684000000000000000e+04
2.489200000000000000e+04
2.108800000000000000e+04
0.000000000000000000e+00
5.033300000000000000e+04
0.000000000000000000e+00
5.043800000000000000e+04
2.513900000000000000e+04
2.238700000000000000e+04
1.998200000000000000e+04
0.000000000000000000e+00
4.714900000000000000e+04
2.028900000000000000e+04
1.889200000000000000e+04
1.777500000000000000e+04
1.699400000000000000e+04
1.689100000000000000e+04
2.045500000000000000e+04
2.193100000000000000e+04
2.180800000000000000e+04
2.005200000000000000e+04
1.778400000000000000e+04
1.499400000000000000e+04
1.381600000000000000e+04
1.488700000000000000e+04
1.443700000000000000e+04
0.000000000000000000e+00
2.694100000000000000e+04
1.153500000000000000e+04
0.000000000000000000e+00
1.905200000000000000e+04
9.288000000000000000e+03
0.000000000000000000e+00
9.790000000000000000e+03
1.615500000000000000e+04
8.081000000000000000e+03
6.488000000000000000e+03
6.230000000000000000e+03
7.650000000000000000e+03
8.019000000000000000e+03
7.779000000000000000e+03
6.736000000000000000e+03
6.094000000000000000e+03
5.238000000000000000e+03
3.893000000000000000e+03
5.633000000000000000e+03
0.000000000000000000e+00
1.276800000000000000e+04
0.000000000000000000e+00
1.011600000000000000e+04
4.099000000000000000e+03
4.144000000000000000e+03
5.013000000000000000e+03
4.924000000000000000e+03
4.837000000000000000e+03
