5.927982180088796582e+01
5.322659750393763289e+01
6.689127617905418788e+01
6.330847289466375827e+01
-1.032847815158385316e+02
7.202660508845839615e+01
7.691120362386668319e+01
8.189088834145975682e+01
7.706522773686435812e+01
9.127632275924125338e+01
8.755800593434351242e+01
-7.982816067041606800e+01
9.408180338891581584e+01
9.702793192467940742e+01
9.962359159456013913e+01
9.207665303903446841e+01
1.033505442810454298e+02
9.660922779900161572e+01
-7.375131910251801060e+01
9.736692234775419763e+01
9.783299588721004625e+01
9.837976347964085733e+01
8.932090437050068488e+01
9.970824887180759788e+01
9.277361160932487394e+01
-7.704219177713596878e+01
9.537898051889358442e+01
9.790069773425125277e+01
1.012247170854040945e+02
9.560880214137660005e+01
1.100257026077665188e+02
1.076074078871204449e+02
-5.732271934184008444e+01
1.202220948924525885e+02
1.279643257244855192e+02
1.364594383490156702e+02
1.358184270475364031e+02
1.548715538558584512e+02
1.566172434051292726e+02
-4.741412300744713093e+00
1.756793409591401485e+02
1.855196206078673526e+02
1.952759473877334528e+02
1.950257824697969227e+02
2.135924418121014980e+02
2.139943013974113910e+02
5.048073200180146358e+01
2.280066569975720938e+02
2.343059907329664213e+02
2.399886589565671215e+02
2.352614525032136896e+02
2.490887099336165988e+02
2.446368766752281090e+02
7.630552758165873684e+01
2.491969043205037053e+02
2.511843877765547859e+02
2.530047690990148794e+02
2.449747271498561929e+02
2.561476539304915150e+02
2.497550060425908782e+02
