1.725296274238872866e+04
1.726332967960851602e+04
1.727457639651011050e+04
1.728294206073202076e+04
1.729211914471680575e+04
1.730025061697686033e+04
1.730663335821769215e+04
1.731190089132939102e+04
1.731508193251167540e+04
1.731841477070582914e+04
1.731828182512996864e+04
1.731853755713150531e+04
1.731750217237649485e+04
1.731466113611668334e+04
1.731084368321532020e+04
1.730527693113694841e+04
1.730039570974083836e+04
1.729277256737722928e+04
1.728644123947908520e+04
1.727988612316046419e+04
1.727273788287314164e+04
1.726594846338180287e+04
1.725884220276079577e+04
1.725392323159045918e+04
1.724780367626250882e+04
1.724452599567254583e+04
1.724255202155904772e+04
1.724145883736987889e+04
1.724211476466597378e+04
1.724373212571609838e+04
1.724867692830634405e+04
1.725339993551807129e+04
1.726176238105760785e+04
1.727202881996281576e+04
1.728356715946262557e+04
1.729702904152331757e+04
1.731140714334042423e+04
1.732884943704152465e+04
1.734559476681072556e+04
1.736530290223635529e+04
1.738605146112786679e+04
1.740703965748054543e+04
1.742877196656466185e+04
1.745011820517160595e+04
1.747313001286519284e+04
1.749397805097530363e+04
1.751628305137348434e+04
1.753811309660860206e+04
1.755868709051252517e+04
1.757855752940140519e+04
1.759666910403860311e+04
1.761517316324870990e+04
1.763036241249865998e+04
1.764599904596714987e+04
1.766030876822386199e+04
1.767268074522721508e+04
1.768384667931864169e+04
1.769293562472749909e+04
1.770228466048201153e+04
1.770836987762598437e+04
