2.552324731686899668e+03
2.714961867649782562e+03
2.906774918824794895e+03
3.063871705726612163e+03
3.085532426749689876e+03
3.223663731705842110e+03
3.362266488664544340e+03
3.496093312199496722e+03
3.595842803490708320e+03
3.703575072973849728e+03
3.755258093869688764e+03
3.650484438076135575e+03
3.641934879986214128e+03
3.614844878165270075e+03
3.565649809531156734e+03
3.467155989657417194e+03
3.363922411222275514e+03
3.194763382605236075e+03
2.862412511077292038e+03
2.622925648412263399e+03
2.365080153958004303e+03
2.088947875438800565e+03
1.770990550022203479e+03
1.459364328476708124e+03
1.096345432839034402e+03
5.879192319305061574e+02
1.931121571410239994e+02
-1.966744632480649670e+02
-5.791496533827969415e+02
-9.760869896089016038e+02
-1.338059821219682362e+03
-1.722044511104118101e+03
-2.221848683292013902e+03
-2.578784607590840551e+03
-2.902328489049097243e+03
-3.191586808333255703e+03
-3.470220018491780138e+03
-3.691136391283867852e+03
-3.914044000523094837e+03
-4.235819058878652868e+03
-4.401112177465042805e+03
-4.522934928255062914e+03
-4.604049599800197939e+03
-4.671814283938053450e+03
-4.682797960092446374e+03
-4.700255431859120108e+03
-4.824422146158758551e+03
-4.803052179153027282e+03
-4.751943341950969625e+03
-4.676273688696705904e+03
-4.605402741829377192e+03
-4.497453034833160018e+03
-4.416762495610842961e+03
-4.464168089027942187e+03
-4.387544103464341788e+03
-4.302338847428427471e+03
-4.212933571805113388e+03
-4.147476200234090356e+03
-4.062504491968276398e+03
-4.020447968466831753e+03
