7.547457307881960560e+02
7.546132043487941701e+02
7.543255571997217430e+02
7.541772077245332184e+02
7.539708758987526380e+02
7.534780667944595507e+02
7.533818107391103922e+02
7.531043148445183988e+02
7.529039196776612926e+02
7.525554401084938263e+02
7.523557560235146866e+02
7.521097558968106114e+02
7.515907695683075644e+02
7.514832692273180328e+02
7.512104938959602123e+02
7.510313913948864410e+02
7.507209566780894647e+02
7.505758317374002218e+02
7.504002692687081435e+02
7.499665953751220968e+02
7.499579489990281900e+02
7.497959518884377985e+02
7.497377014598860114e+02
7.495561637474745567e+02
7.495458299185781925e+02
7.495087368579060012e+02
7.492149854840180296e+02
7.493455330035059205e+02
7.493199115850684393e+02
7.493932646888513318e+02
7.493367773349334584e+02
7.494433631240083287e+02
7.495137080913315231e+02
7.493168048847143154e+02
7.495327535380490644e+02
7.495804816135618012e+02
7.497147754418592740e+02
7.497066994128389297e+02
7.498492669428286490e+02
7.499434641191846822e+02
7.497587605034154876e+02
7.499758843865241715e+02
7.500145162861550716e+02
7.501302933893495037e+02
7.500952027943284293e+02
7.502032279739055411e+02
7.502563501321782269e+02
7.500250394610949343e+02
7.501910139592805535e+02
7.501749198089206629e+02
7.502333260591368571e+02
7.501391113591577096e+02
7.501871069118845980e+02
7.501800969434211765e+02
7.498893112172854671e+02
7.499971867016676015e+02
7.499250517835132541e+02
7.499301251571289413e+02
7.497859065208334641e+02
7.497878226818545500e+02
