-8.953103235516924178e+04
-9.267314290682514547e+04
-9.627545120395222330e+04
-1.003576413168592844e+05
-1.046164531331828330e+05
-1.089527156481908605e+05
-1.130015093863133661e+05
-1.273937559277657274e+05
-1.319110398925650807e+05
-1.364597064853512857e+05
-1.410409515886590816e+05
-1.453452324991435744e+05
-1.492795053576895443e+05
-1.524972243264033168e+05
-1.656594047695113113e+05
-1.685885710794673359e+05
-1.712416580953003140e+05
-1.736786187279839651e+05
-1.756551102219658205e+05
-1.771478168107440579e+05
-1.778824013304277032e+05
-1.885924496217942797e+05
-1.891712921259410796e+05
-1.896428356392055866e+05
-1.901282201652344957e+05
-1.904367320240946137e+05
-1.905895843225932331e+05
-1.903466036852964025e+05
-2.004642249831773806e+05
-2.008467067845009151e+05
-2.015167183562710998e+05
-2.025821200093276275e+05
-2.038273635820042109e+05
-2.052381087069286150e+05
-2.065290676753149019e+05
-2.184034447157877148e+05
-2.207058377532534359e+05
-2.233947014384043287e+05
-2.265111354168044636e+05
-2.297723627875863458e+05
-2.330984304276699550e+05
-2.361420798630354111e+05
-2.495500921759619960e+05
-2.531179164075425651e+05
-2.567636271658315964e+05
-2.604979294910035678e+05
-2.640185385953619261e+05
-2.672374385629156022e+05
-2.698109517034190358e+05
-2.824009162037729402e+05
-2.848287870248649851e+05
-2.870487224253081949e+05
-2.891164015185415628e+05
-2.907819376909739221e+05
-2.920154378982505295e+05
-2.925351927818750264e+05
-3.030668541787210270e+05
-3.034954777676561498e+05
-3.038365579594200244e+05
-3.042028650857569301e+05
