2.853290495118240869e+03
-4.725686370144691864e+03
3.276456622980132124e+03
3.320997154758266333e+03
3.223561955674381807e+03
3.267944015763070638e+03
3.279567413170152577e+03
3.176106587468104863e+03
-4.916134851066649389e+03
2.557586741453969807e+03
2.075083912848821001e+03
1.469052155068779939e+03
1.040381945949844066e+03
6.311031367489208606e+02
1.744834560158133172e+02
-8.189098505434782965e+03
-8.928181454509590367e+02
-1.449206967759983399e+03
-2.018711168956514939e+03
-2.296681621407280545e+03
-2.440650435153418130e+03
-2.520363956823985973e+03
-1.040194584774284885e+04
-2.528499157378604650e+03
-2.425746156766353579e+03
-2.270327270729550037e+03
-1.776438962404484073e+03
-1.122673379179956328e+03
-4.015397772477151648e+02
-7.503053815349685465e+03
1.105281937990201641e+03
1.873491480898921509e+03
2.601494271954445594e+03
3.553131730553459420e+03
4.529970332804687132e+03
5.422383340565614162e+03
-1.673492119375454422e+03
6.764738077189784235e+03
7.181125176507873221e+03
7.374033949290293094e+03
7.610347883440248552e+03
7.699335250570755306e+03
7.543674172172582075e+03
-7.437673657512191312e+02
6.380266586510342677e+03
5.384412676858797568e+03
4.094833583194103994e+03
2.808820000014389734e+03
1.367975499229456545e+03
-2.915012313071094923e+02
-1.002282261815272250e+04
-4.249224200377884699e+03
-6.469785427179324870e+03
-8.828080558870322420e+03
-1.099933510874549756e+04
-1.311794187916438023e+04
-1.522780366469934961e+04
-2.516687184827328019e+04
-1.934818382191016281e+04
-2.126599054627525766e+04
