3.610884504009266493e+03
3.560562034054167270e+03
3.269078679357826786e+03
3.430657940212920948e+03
3.692645890500542919e+03
3.643411166646123547e+03
3.435534197653761566e+03
3.647317392401079815e+03
3.596994922445784141e+03
3.305511567749403184e+03
3.467090828604746548e+03
3.729078778892159789e+03
3.679844055037493035e+03
3.471967086045354336e+03
3.683750280792892681e+03
3.633427810838014466e+03
3.341944456140774037e+03
3.503523716996573057e+03
3.765511667283833958e+03
3.716276943428778395e+03
3.508399974436660614e+03
3.720183169184308554e+03
3.669860699229406691e+03
3.378377344532786537e+03
3.539956605388398202e+03
3.801944555675392166e+03
3.752709831821233365e+03
3.544832862828387078e+03
3.756616057576120966e+03
3.706293587620574272e+03
3.414810232924156935e+03
3.576389493778655378e+03
3.838377444067066790e+03
3.789142720212560562e+03
3.581265751219845242e+03
3.793048945967735563e+03
3.742726476012191597e+03
3.451243121315733788e+03
3.612822382170627407e+03
3.874810332458740959e+03
3.825575608603888213e+03
3.617698639611437557e+03
3.829481834358659398e+03
3.779159364403358722e+03
3.487676009706897730e+03
3.649255270562307032e+03
3.911243220850357829e+03
3.862008496996301801e+03
3.654131528002896175e+03
3.865914722750273995e+03
3.815592252794526757e+03
3.524108898098474583e+03
3.685688158954132632e+03
3.947676109241448103e+03
3.898441385387670834e+03
3.690564416394621276e+03
3.902347611142086862e+03
3.852025141187206827e+03
3.560541786490487539e+03
3.722121047345959141e+03
