0.000000000000000000e+00
0.000000000000000000e+00
0.000000000000000000e+00
0.000000000000000000e+00
0.000000000000000000e+00
0.000000000000000000e+00
0.000000000000000000e+00
0.000000000000000000e+00
0.000000000000000000e+00
0.000000000000000000e+00
0.000000000000000000e+00
0.000000000000000000e+00
0.000000000000000000e+00
0.000000000000000000e+00
0.000000000000000000e+00
0.000000000000000000e+00
0.000000000000000000e+00
0.000000000000000000e+00
0.000000000000000000e+00
0.000000000000000000e+00
0.000000000000000000e+00
0.000000000000000000e+00
0.000000000000000000e+00
0.000000000000000000e+00
0.000000000000000000e+00
0.000000000000000000e+00
0.000000000000000000e+00
0.000000000000000000e+00
0.000000000000000000e+00
0.000000000000000000e+00
0.000000000000000000e+00
0.000000000000000000e+00
0.000000000000000000e+00
0.000000000000000000e+00
0.000000000000000000e+00
0.000000000000000000e+00
0.000000000000000000e+00
0.000000000000000000e+00
0.000000000000000000e+00
0.000000000000000000e+00
0.000000000000000000e+00
0.000000000000000000e+00
0.000000000000000000e+00
0.000000000000000000e+00
0.000000000000000000e+00
0.000000000000000000e+00
0.000000000000000000e+00
0.000000000000000000e+00
0.000000000000000000e+00
0.000000000000000000e+00
0.000000000000000000e+00
0.000000000000000000e+00
0.000000000000000000e+00
0.000000000000000000e+00
0.000000000000000000e+00
0.000000000000000000e+00
0.000000000000000000e+00
0.000000000000000000e+00
0.000000000000000000e+00
0.000000000000000000e+00
0.000000000000000000e+00
0.000000000000000000e+00
0.000000000000000000e+00
0.000000000000000000e+00
0.000000000000000000e+00
1.000000000000000000e+00
2.000000000000000000e+00
2.000000000000000000e+00
2.000000000000000000e+00
2.000000000000000000e+00
2.000000000000000000e+00
2.000000000000000000e+00
2.000000000000000000e+00
2.000000000000000000e+00
2.000000000000000000e+00
2.000000000000000000e+00
2.000000000000000000e+00
3.000000000000000000e+00
3.000000000000000000e+00
3.000000000000000000e+00
4.000000000000000000e+00
4.000000000000000000e+00
4.000000000000000000e+00
4.000000000000000000e+00
4.000000000000000000e+00
4.000000000000000000e+00
4.000000000000000000e+00
5.000000000000000000e+00
5.000000000000000000e+00
5.000000000000000000e+00
6.000000000000000000e+00
7.000000000000000000e+00
7.000000000000000000e+00
8.000000000000000000e+00
8.000000000000000000e+00
8.000000000000000000e+00
8.000000000000000000e+00
8.000000000000000000e+00
9.000000000000000000e+00
9.000000000000000000e+00
9.000000000000000000e+00
9.000000000000000000e+00
1.000000000000000000e+01
1.000000000000000000e+01
1.000000000000000000e+01
1.000000000000000000e+01
1.000000000000000000e+01
1.000000000000000000e+01
1.000000000000000000e+01
1.000000000000000000e+01
1.000000000000000000e+01
1.000000000000000000e+01
1.100000000000000000e+01
1.100000000000000000e+01
1.100000000000000000e+01
1.100000000000000000e+01
1.200000000000000000e+01
1.300000000000000000e+01
1.300000000000000000e+01
1.300000000000000000e+01
1.300000000000000000e+01
1.300000000000000000e+01
1.300000000000000000e+01
1.300000000000000000e+01
1.300000000000000000e+01
1.400000000000000000e+01
1.400000000000000000e+01
1.400000000000000000e+01
1.400000000000000000e+01
1.400000000000000000e+01
1.500000000000000000e+01
1.500000000000000000e+01
1.500000000000000000e+01
1.600000000000000000e+01
1.600000000000000000e+01
1.600000000000000000e+01
1.700000000000000000e+01
1.700000000000000000e+01
1.800000000000000000e+01
1.800000000000000000e+01
1.900000000000000000e+01
1.900000000000000000e+01
1.900000000000000000e+01
1.900000000000000000e+01
1.900000000000000000e+01
1.900000000000000000e+01
1.900000000000000000e+01
1.900000000000000000e+01
1.900000000000000000e+01
1.900000000000000000e+01
1.900000000000000000e+01
1.900000000000000000e+01
1.900000000000000000e+01
1.900000000000000000e+01
1.900000000000000000e+01
2.000000000000000000e+01
2.000000000000000000e+01
2.000000000000000000e+01
2.200000000000000000e+01
2.300000000000000000e+01
2.600000000000000000e+01
2.600000000000000000e+01
2.700000000000000000e+01
2.900000000000000000e+01
3.100000000000000000e+01
3.400000000000000000e+01
3.700000000000000000e+01
4.100000000000000000e+01
4.500000000000000000e+01
5.100000000000000000e+01
5.400000000000000000e+01
5.700000000000000000e+01
6.000000000000000000e+01
6.400000000000000000e+01
6.700000000000000000e+01
7.100000000000000000e+01
7.500000000000000000e+01
7.900000000000000000e+01
8.300000000000000000e+01
8.700000000000000000e+01
9.000000000000000000e+01
9.500000000000000000e+01
9.800000000000000000e+01
1.030000000000000000e+02
1.060000000000000000e+02
1.110000000000000000e+02
1.160000000000000000e+02
1.210000000000000000e+02
1.240000000000000000e+02
1.310000000000000000e+02
1.360000000000000000e+02
1.410000000000000000e+02
1.470000000000000000e+02
1.510000000000000000e+02
1.570000000000000000e+02
1.650000000000000000e+02
1.710000000000000000e+02
1.750000000000000000e+02
1.810000000000000000e+02
1.870000000000000000e+02
1.940000000000000000e+02
2.000000000000000000e+02
2.040000000000000000e+02
2.110000000000000000e+02
2.160000000000000000e+02
2.200000000000000000e+02
2.250000000000000000e+02
2.320000000000000000e+02
2.360000000000000000e+02
2.420000000000000000e+02
2.480000000000000000e+02
2.520000000000000000e+02
2.600000000000000000e+02
2.670000000000000000e+02
2.730000000000000000e+02
2.800000000000000000e+02
2.840000000000000000e+02
2.910000000000000000e+02
2.980000000000000000e+02
3.020000000000000000e+02
3.070000000000000000e+02
3.130000000000000000e+02
3.200000000000000000e+02
3.230000000000000000e+02
3.270000000000000000e+02
3.310000000000000000e+02
3.380000000000000000e+02
3.430000000000000000e+02
3.470000000000000000e+02
3.520000000000000000e+02
3.580000000000000000e+02
3.660000000000000000e+02
3.700000000000000000e+02
3.770000000000000000e+02
3.840000000000000000e+02
3.900000000000000000e+02
3.960000000000000000e+02
4.020000000000000000e+02
4.070000000000000000e+02
4.130000000000000000e+02
4.190000000000000000e+02
4.270000000000000000e+02
4.330000000000000000e+02
4.370000000000000000e+02
4.420000000000000000e+02
4.440000000000000000e+02
4.460000000000000000e+02
4.490000000000000000e+02
4.520000000000000000e+02
4.580000000000000000e+02
4.600000000000000000e+02
4.660000000000000000e+02
4.700000000000000000e+02
4.710000000000000000e+02
4.720000000000000000e+02
4.770000000000000000e+02
4.800000000000000000e+02
4.850000000000000000e+02
4.890000000000000000e+02
4.910000000000000000e+02
4.960000000000000000e+02
4.980000000000000000e+02
5.020000000000000000e+02
5.050000000000000000e+02
5.090000000000000000e+02
5.110000000000000000e+02
5.140000000000000000e+02
5.180000000000000000e+02
5.200000000000000000e+02
5.220000000000000000e+02
5.250000000000000000e+02
5.310000000000000000e+02
5.340000000000000000e+02
5.340000000000000000e+02
5.400000000000000000e+02
5.420000000000000000e+02
5.440000000000000000e+02
5.490000000000000000e+02
5.520000000000000000e+02
5.560000000000000000e+02
5.580000000000000000e+02
5.610000000000000000e+02
5.630000000000000000e+02
5.660000000000000000e+02
5.700000000000000000e+02
5.710000000000000000e+02
5.740000000000000000e+02
5.770000000000000000e+02
5.790000000000000000e+02
5.790000000000000000e+02
5.810000000000000000e+02
5.850000000000000000e+02
5.880000000000000000e+02
5.880000000000000000e+02
5.910000000000000000e+02
5.930000000000000000e+02
5.940000000000000000e+02
5.940000000000000000e+02
5.980000000000000000e+02
5.980000000000000000e+02
5.990000000000000000e+02
6.010000000000000000e+02
6.010000000000000000e+02
6.030000000000000000e+02
6.030000000000000000e+02
6.030000000000000000e+02
6.040000000000000000e+02
6.040000000000000000e+02
6.060000000000000000e+02
6.070000000000000000e+02
6.070000000000000000e+02
6.080000000000000000e+02
6.080000000000000000e+02
6.100000000000000000e+02
6.110000000000000000e+02
6.110000000000000000e+02
6.110000000000000000e+02
6.110000000000000000e+02
6.110000000000000000e+02
6.110000000000000000e+02
6.110000000000000000e+02
6.110000000000000000e+02
6.110000000000000000e+02
6.110000000000000000e+02
6.120000000000000000e+02
6.120000000000000000e+02
6.120000000000000000e+02
6.120000000000000000e+02
6.120000000000000000e+02
6.120000000000000000e+02
6.120000000000000000e+02
6.120000000000000000e+02
6.120000000000000000e+02
6.120000000000000000e+02
6.120000000000000000e+02
6.120000000000000000e+02
6.120000000000000000e+02
6.120000000000000000e+02
6.120000000000000000e+02
6.120000000000000000e+02
6.130000000000000000e+02
6.130000000000000000e+02
6.130000000000000000e+02
6.140000000000000000e+02
6.140000000000000000e+02
6.140000000000000000e+02
6.140000000000000000e+02
6.140000000000000000e+02
6.140000000000000000e+02
6.140000000000000000e+02
6.150000000000000000e+02
6.150000000000000000e+02
6.160000000000000000e+02
6.160000000000000000e+02
6.170000000000000000e+02
6.170000000000000000e+02
6.170000000000000000e+02
6.180000000000000000e+02
6.180000000000000000e+02
6.190000000000000000e+02
6.190000000000000000e+02
6.190000000000000000e+02
6.190000000000000000e+02
6.200000000000000000e+02
6.200000000000000000e+02
6.200000000000000000e+02
6.200000000000000000e+02
6.210000000000000000e+02
6.210000000000000000e+02
6.210000000000000000e+02
6.210000000000000000e+02
6.210000000000000000e+02
6.210000000000000000e+02
6.210000000000000000e+02
6.210000000000000000e+02
6.210000000000000000e+02
6.210000000000000000e+02
6.210000000000000000e+02
6.210000000000000000e+02
6.210000000000000000e+02
6.210000000000000000e+02
6.210000000000000000e+02
6.210000000000000000e+02
6.210000000000000000e+02
6.210000000000000000e+02
6.210000000000000000e+02
6.220000000000000000e+02
6.220000000000000000e+02
6.220000000000000000e+02
6.220000000000000000e+02
6.220000000000000000e+02
6.220000000000000000e+02
6.220000000000000000e+02
6.220000000000000000e+02
6.220000000000000000e+02
6.220000000000000000e+02
6.220000000000000000e+02
6.220000000000000000e+02
6.220000000000000000e+02
6.220000000000000000e+02
6.220000000000000000e+02
6.220000000000000000e+02
6.220000000000000000e+02
6.220000000000000000e+02
6.220000000000000000e+02
6.220000000000000000e+02
6.220000000000000000e+02
6.220000000000000000e+02
6.220000000000000000e+02
6.220000000000000000e+02
6.220000000000000000e+02
6.220000000000000000e+02
6.220000000000000000e+02
6.220000000000000000e+02
6.220000000000000000e+02
6.220000000000000000e+02
6.220000000000000000e+02
6.220000000000000000e+02
6.220000000000000000e+02
6.220000000000000000e+02
6.220000000000000000e+02
6.220000000000000000e+02
6.220000000000000000e+02
6.220000000000000000e+02
6.220000000000000000e+02
6.220000000000000000e+02
6.230000000000000000e+02
6.230000000000000000e+02
6.240000000000000000e+02
6.240000000000000000e+02
6.250000000000000000e+02
6.260000000000000000e+02
6.260000000000000000e+02
6.280000000000000000e+02
6.290000000000000000e+02
6.300000000000000000e+02
6.300000000000000000e+02
6.300000000000000000e+02
6.310000000000000000e+02
6.310000000000000000e+02
6.320000000000000000e+02
6.330000000000000000e+02
6.340000000000000000e+02
6.340000000000000000e+02
6.340000000000000000e+02
6.340000000000000000e+02
6.340000000000000000e+02
6.340000000000000000e+02
6.340000000000000000e+02
6.340000000000000000e+02
6.350000000000000000e+02
6.360000000000000000e+02
6.380000000000000000e+02
6.380000000000000000e+02
6.390000000000000000e+02
6.400000000000000000e+02
6.400000000000000000e+02
6.410000000000000000e+02
6.420000000000000000e+02
6.430000000000000000e+02
6.450000000000000000e+02
6.460000000000000000e+02
6.460000000000000000e+02
6.470000000000000000e+02
6.490000000000000000e+02
6.500000000000000000e+02
6.520000000000000000e+02
6.530000000000000000e+02
6.550000000000000000e+02
6.550000000000000000e+02
6.570000000000000000e+02
6.600000000000000000e+02
6.620000000000000000e+02
6.620000000000000000e+02
6.620000000000000000e+02
6.640000000000000000e+02
6.660000000000000000e+02
6.670000000000000000e+02
6.670000000000000000e+02
6.670000000000000000e+02
6.680000000000000000e+02
6.700000000000000000e+02
6.720000000000000000e+02
6.740000000000000000e+02
6.760000000000000000e+02
6.780000000000000000e+02
6.800000000000000000e+02
6.800000000000000000e+02
6.800000000000000000e+02
6.820000000000000000e+02
6.840000000000000000e+02
6.850000000000000000e+02
6.870000000000000000e+02
6.880000000000000000e+02
6.900000000000000000e+02
6.900000000000000000e+02
6.900000000000000000e+02
6.910000000000000000e+02
6.930000000000000000e+02
6.950000000000000000e+02
6.960000000000000000e+02
6.960000000000000000e+02
6.960000000000000000e+02
6.990000000000000000e+02
7.010000000000000000e+02
7.020000000000000000e+02
7.040000000000000000e+02
7.050000000000000000e+02
7.080000000000000000e+02
7.080000000000000000e+02
7.090000000000000000e+02
7.110000000000000000e+02
7.130000000000000000e+02
7.170000000000000000e+02
7.180000000000000000e+02
7.180000000000000000e+02
7.180000000000000000e+02
7.200000000000000000e+02
7.220000000000000000e+02
7.230000000000000000e+02
7.250000000000000000e+02
7.270000000000000000e+02
7.290000000000000000e+02
7.310000000000000000e+02
7.330000000000000000e+02
7.360000000000000000e+02
7.400000000000000000e+02
7.420000000000000000e+02
7.450000000000000000e+02
7.470000000000000000e+02
7.510000000000000000e+02
7.540000000000000000e+02
7.580000000000000000e+02
7.600000000000000000e+02
7.640000000000000000e+02
7.670000000000000000e+02
7.710000000000000000e+02
7.740000000000000000e+02
7.780000000000000000e+02
7.810000000000000000e+02
7.850000000000000000e+02
7.890000000000000000e+02
7.930000000000000000e+02
7.960000000000000000e+02
8.010000000000000000e+02
8.050000000000000000e+02
8.090000000000000000e+02
8.140000000000000000e+02
8.190000000000000000e+02
8.260000000000000000e+02
8.320000000000000000e+02
8.390000000000000000e+02
8.450000000000000000e+02
8.530000000000000000e+02
8.590000000000000000e+02
8.660000000000000000e+02
8.740000000000000000e+02
8.800000000000000000e+02
8.860000000000000000e+02
8.930000000000000000e+02
9.010000000000000000e+02
9.100000000000000000e+02
9.160000000000000000e+02
9.230000000000000000e+02
9.280000000000000000e+02
9.340000000000000000e+02
9.410000000000000000e+02
9.480000000000000000e+02
9.560000000000000000e+02
9.640000000000000000e+02
9.700000000000000000e+02
9.760000000000000000e+02
9.810000000000000000e+02
9.870000000000000000e+02
9.940000000000000000e+02
1.002000000000000000e+03
1.008000000000000000e+03
1.015000000000000000e+03
1.021000000000000000e+03
1.028000000000000000e+03
1.035000000000000000e+03
1.043000000000000000e+03
1.050000000000000000e+03
1.056000000000000000e+03
1.064000000000000000e+03
1.070000000000000000e+03
1.075000000000000000e+03
1.082000000000000000e+03
1.088000000000000000e+03
1.093000000000000000e+03
1.099000000000000000e+03
1.106000000000000000e+03
1.112000000000000000e+03
1.120000000000000000e+03
1.125000000000000000e+03
1.132000000000000000e+03
1.137000000000000000e+03
1.142000000000000000e+03
1.148000000000000000e+03
1.153000000000000000e+03
1.159000000000000000e+03
1.164000000000000000e+03
1.169000000000000000e+03
1.175000000000000000e+03
1.179000000000000000e+03
1.184000000000000000e+03
1.188000000000000000e+03
1.192000000000000000e+03
1.197000000000000000e+03
1.203000000000000000e+03
1.207000000000000000e+03
1.212000000000000000e+03
1.218000000000000000e+03
1.222000000000000000e+03
1.225000000000000000e+03
1.230000000000000000e+03
1.234000000000000000e+03
1.239000000000000000e+03
1.242000000000000000e+03
1.245000000000000000e+03
1.247000000000000000e+03
1.249000000000000000e+03
1.251000000000000000e+03
1.255000000000000000e+03
1.260000000000000000e+03
1.263000000000000000e+03
1.266000000000000000e+03
1.269000000000000000e+03
1.271000000000000000e+03
1.273000000000000000e+03
1.276000000000000000e+03
1.280000000000000000e+03
1.283000000000000000e+03
1.285000000000000000e+03
1.287000000000000000e+03
1.290000000000000000e+03
1.292000000000000000e+03
1.295000000000000000e+03
1.297000000000000000e+03
1.300000000000000000e+03
1.302000000000000000e+03
1.304000000000000000e+03
1.306000000000000000e+03
1.309000000000000000e+03
1.312000000000000000e+03
1.316000000000000000e+03
1.318000000000000000e+03
1.321000000000000000e+03
1.323000000000000000e+03
1.325000000000000000e+03
1.329000000000000000e+03
1.329000000000000000e+03
1.332000000000000000e+03
1.334000000000000000e+03
1.336000000000000000e+03
1.338000000000000000e+03
1.340000000000000000e+03
1.343000000000000000e+03
1.346000000000000000e+03
1.349000000000000000e+03
1.351000000000000000e+03
1.354000000000000000e+03
1.356000000000000000e+03
1.358000000000000000e+03
1.360000000000000000e+03
1.364000000000000000e+03
1.367000000000000000e+03
1.370000000000000000e+03
1.373000000000000000e+03
1.375000000000000000e+03
1.378000000000000000e+03
1.382000000000000000e+03
1.385000000000000000e+03
1.389000000000000000e+03
1.392000000000000000e+03
1.395000000000000000e+03
1.397000000000000000e+03
1.399000000000000000e+03
1.402000000000000000e+03
1.406000000000000000e+03
1.409000000000000000e+03
1.413000000000000000e+03
1.416000000000000000e+03
1.418000000000000000e+03
1.421000000000000000e+03
1.424000000000000000e+03
1.425000000000000000e+03
1.428000000000000000e+03
1.430000000000000000e+03
1.434000000000000000e+03
1.436000000000000000e+03
1.440000000000000000e+03
1.442000000000000000e+03
1.445000000000000000e+03
1.449000000000000000e+03
1.453000000000000000e+03
1.456000000000000000e+03
1.458000000000000000e+03
1.461000000000000000e+03
1.465000000000000000e+03
1.468000000000000000e+03
1.471000000000000000e+03
1.475000000000000000e+03
1.477000000000000000e+03
1.479000000000000000e+03
1.481000000000000000e+03
1.484000000000000000e+03
1.485000000000000000e+03
1.485000000000000000e+03
1.485000000000000000e+03
1.485000000000000000e+03
1.485000000000000000e+03
1.485000000000000000e+03
1.485000000000000000e+03
1.485000000000000000e+03
1.485000000000000000e+03
1.488000000000000000e+03
1.492000000000000000e+03
1.494000000000000000e+03
1.497000000000000000e+03
1.501000000000000000e+03
1.508000000000000000e+03
1.508000000000000000e+03
1.511000000000000000e+03
1.513000000000000000e+03
1.515000000000000000e+03
1.518000000000000000e+03
1.522000000000000000e+03
1.525000000000000000e+03
1.529000000000000000e+03
1.532000000000000000e+03
1.536000000000000000e+03
1.540000000000000000e+03
1.542000000000000000e+03
1.545000000000000000e+03
1.549000000000000000e+03
1.551000000000000000e+03
1.554000000000000000e+03
1.558000000000000000e+03
1.561000000000000000e+03
1.564000000000000000e+03
1.568000000000000000e+03
1.571000000000000000e+03
1.575000000000000000e+03
1.579000000000000000e+03
1.581000000000000000e+03
1.584000000000000000e+03
1.586000000000000000e+03
1.588000000000000000e+03
1.592000000000000000e+03
1.595000000000000000e+03
1.597000000000000000e+03
1.599000000000000000e+03
1.601000000000000000e+03
1.604000000000000000e+03
1.607000000000000000e+03
1.609000000000000000e+03
1.612000000000000000e+03
1.614000000000000000e+03
1.617000000000000000e+03
1.619000000000000000e+03
1.621000000000000000e+03
1.623000000000000000e+03
1.624000000000000000e+03
1.626000000000000000e+03
1.628000000000000000e+03
1.630000000000000000e+03
1.633000000000000000e+03
1.635000000000000000e+03
1.636000000000000000e+03
1.637000000000000000e+03
1.637000000000000000e+03
1.637000000000000000e+03
1.637000000000000000e+03
1.637000000000000000e+03
1.637000000000000000e+03
1.637000000000000000e+03
1.637000000000000000e+03
1.637000000000000000e+03
1.637000000000000000e+03
1.637000000000000000e+03
1.637000000000000000e+03
1.637000000000000000e+03
1.637000000000000000e+03
1.637000000000000000e+03
1.637000000000000000e+03
1.637000000000000000e+03
1.637000000000000000e+03
1.637000000000000000e+03
1.637000000000000000e+03
1.637000000000000000e+03
1.637000000000000000e+03
1.637000000000000000e+03
1.637000000000000000e+03
1.637000000000000000e+03
1.637000000000000000e+03
1.637000000000000000e+03
1.637000000000000000e+03
1.637000000000000000e+03
1.637000000000000000e+03
1.637000000000000000e+03
1.637000000000000000e+03
1.637000000000000000e+03
1.637000000000000000e+03
1.637000000000000000e+03
1.637000000000000000e+03
1.637000000000000000e+03
1.637000000000000000e+03
1.637000000000000000e+03
1.637000000000000000e+03
1.637000000000000000e+03
1.637000000000000000e+03
1.637000000000000000e+03
1.637000000000000000e+03
1.637000000000000000e+03
1.637000000000000000e+03
1.637000000000000000e+03
1.637000000000000000e+03
1.637000000000000000e+03
1.637000000000000000e+03
1.637000000000000000e+03
1.637000000000000000e+03
1.637000000000000000e+03
1.637000000000000000e+03
1.637000000000000000e+03
1.637000000000000000e+03
1.637000000000000000e+03
1.637000000000000000e+03
1.637000000000000000e+03
1.637000000000000000e+03
1.637000000000000000e+03
1.637000000000000000e+03
1.637000000000000000e+03
1.637000000000000000e+03
1.637000000000000000e+03
1.637000000000000000e+03
1.637000000000000000e+03
1.637000000000000000e+03
1.637000000000000000e+03
1.637000000000000000e+03
1.637000000000000000e+03
1.637000000000000000e+03
1.637000000000000000e+03
1.637000000000000000e+03
1.637000000000000000e+03
1.637000000000000000e+03
1.637000000000000000e+03
1.637000000000000000e+03
1.637000000000000000e+03
1.637000000000000000e+03
1.637000000000000000e+03
1.637000000000000000e+03
1.637000000000000000e+03
1.637000000000000000e+03
1.637000000000000000e+03
1.637000000000000000e+03
1.637000000000000000e+03
1.637000000000000000e+03
1.637000000000000000e+03
1.637000000000000000e+03
1.637000000000000000e+03
1.637000000000000000e+03
1.637000000000000000e+03
1.637000000000000000e+03
1.637000000000000000e+03
1.637000000000000000e+03
1.637000000000000000e+03
1.637000000000000000e+03
1.637000000000000000e+03
1.637000000000000000e+03
1.637000000000000000e+03
1.637000000000000000e+03
1.637000000000000000e+03
1.637000000000000000e+03
1.637000000000000000e+03
1.637000000000000000e+03
1.637000000000000000e+03
1.637000000000000000e+03
1.637000000000000000e+03
1.637000000000000000e+03
1.637000000000000000e+03
1.637000000000000000e+03
1.637000000000000000e+03
1.637000000000000000e+03
1.637000000000000000e+03
1.637000000000000000e+03
1.637000000000000000e+03
1.637000000000000000e+03
1.637000000000000000e+03
1.637000000000000000e+03
1.637000000000000000e+03
1.637000000000000000e+03
1.637000000000000000e+03
1.637000000000000000e+03
1.637000000000000000e+03
1.637000000000000000e+03
1.637000000000000000e+03
1.637000000000000000e+03
1.637000000000000000e+03
1.637000000000000000e+03
1.637000000000000000e+03
1.637000000000000000e+03
1.637000000000000000e+03
1.637000000000000000e+03
1.637000000000000000e+03
1.637000000000000000e+03
1.637000000000000000e+03
1.637000000000000000e+03
1.637000000000000000e+03
1.637000000000000000e+03
1.637000000000000000e+03
1.637000000000000000e+03
1.637000000000000000e+03
1.637000000000000000e+03
1.637000000000000000e+03
1.637000000000000000e+03
1.637000000000000000e+03
1.637000000000000000e+03
1.637000000000000000e+03
1.637000000000000000e+03
1.637000000000000000e+03
1.637000000000000000e+03
1.637000000000000000e+03
1.637000000000000000e+03
1.637000000000000000e+03
1.637000000000000000e+03
1.637000000000000000e+03
1.637000000000000000e+03
1.637000000000000000e+03
1.637000000000000000e+03
1.637000000000000000e+03
1.637000000000000000e+03
1.637000000000000000e+03
1.637000000000000000e+03
1.637000000000000000e+03
1.637000000000000000e+03
1.637000000000000000e+03
1.637000000000000000e+03
1.637000000000000000e+03
1.637000000000000000e+03
1.637000000000000000e+03
1.637000000000000000e+03
1.637000000000000000e+03
1.637000000000000000e+03
1.637000000000000000e+03
1.637000000000000000e+03
1.637000000000000000e+03
1.637000000000000000e+03
1.637000000000000000e+03
1.637000000000000000e+03
1.637000000000000000e+03
1.637000000000000000e+03
1.637000000000000000e+03
1.637000000000000000e+03
1.637000000000000000e+03
1.637000000000000000e+03
1.637000000000000000e+03
1.637000000000000000e+03
1.637000000000000000e+03
1.637000000000000000e+03
1.637000000000000000e+03
1.637000000000000000e+03
1.637000000000000000e+03
1.637000000000000000e+03
1.637000000000000000e+03
1.637000000000000000e+03
1.637000000000000000e+03
1.637000000000000000e+03
1.637000000000000000e+03
1.637000000000000000e+03
1.637000000000000000e+03
1.637000000000000000e+03
1.637000000000000000e+03
1.637000000000000000e+03
1.637000000000000000e+03
1.637000000000000000e+03
1.637000000000000000e+03
1.637000000000000000e+03
1.637000000000000000e+03
1.637000000000000000e+03
1.637000000000000000e+03
1.637000000000000000e+03
1.637000000000000000e+03
1.637000000000000000e+03
1.637000000000000000e+03
1.637000000000000000e+03
1.637000000000000000e+03
1.637000000000000000e+03
1.637000000000000000e+03
1.637000000000000000e+03
1.637000000000000000e+03
1.637000000000000000e+03
1.637000000000000000e+03
1.637000000000000000e+03
1.637000000000000000e+03
1.637000000000000000e+03
1.637000000000000000e+03
1.637000000000000000e+03
1.637000000000000000e+03
1.637000000000000000e+03
1.637000000000000000e+03
1.637000000000000000e+03
1.637000000000000000e+03
1.637000000000000000e+03
1.637000000000000000e+03
1.637000000000000000e+03
1.637000000000000000e+03
1.637000000000000000e+03
1.637000000000000000e+03
1.637000000000000000e+03
1.637000000000000000e+03
1.637000000000000000e+03
1.637000000000000000e+03
1.637000000000000000e+03
1.637000000000000000e+03
1.637000000000000000e+03
1.637000000000000000e+03
1.637000000000000000e+03
1.637000000000000000e+03
1.637000000000000000e+03
1.637000000000000000e+03
1.637000000000000000e+03
1.637000000000000000e+03
1.637000000000000000e+03
1.637000000000000000e+03
1.637000000000000000e+03
1.637000000000000000e+03
1.637000000000000000e+03
1.637000000000000000e+03
1.637000000000000000e+03
1.637000000000000000e+03
1.637000000000000000e+03
1.637000000000000000e+03
1.637000000000000000e+03
1.637000000000000000e+03
1.637000000000000000e+03
1.637000000000000000e+03
1.637000000000000000e+03
1.637000000000000000e+03
1.637000000000000000e+03
1.637000000000000000e+03
1.637000000000000000e+03
1.637000000000000000e+03
1.637000000000000000e+03
1.637000000000000000e+03
1.637000000000000000e+03
1.637000000000000000e+03
1.637000000000000000e+03
1.637000000000000000e+03
1.637000000000000000e+03
1.637000000000000000e+03
1.637000000000000000e+03
1.637000000000000000e+03
1.637000000000000000e+03
1.637000000000000000e+03
1.637000000000000000e+03
1.637000000000000000e+03
1.637000000000000000e+03
1.637000000000000000e+03
1.637000000000000000e+03
1.637000000000000000e+03
1.637000000000000000e+03
1.637000000000000000e+03
1.637000000000000000e+03
1.637000000000000000e+03
