0.000000000000000000e+00
0.000000000000000000e+00
0.000000000000000000e+00
0.000000000000000000e+00
0.000000000000000000e+00
0.000000000000000000e+00
0.000000000000000000e+00
0.000000000000000000e+00
0.000000000000000000e+00
0.000000000000000000e+00
0.000000000000000000e+00
0.000000000000000000e+00
0.000000000000000000e+00
0.000000000000000000e+00
0.000000000000000000e+00
0.000000000000000000e+00
0.000000000000000000e+00
0.000000000000000000e+00
0.000000000000000000e+00
0.000000000000000000e+00
0.000000000000000000e+00
0.000000000000000000e+00
0.000000000000000000e+00
0.000000000000000000e+00
0.000000000000000000e+00
0.000000000000000000e+00
0.000000000000000000e+00
0.000000000000000000e+00
0.000000000000000000e+00
0.000000000000000000e+00
0.000000000000000000e+00
0.000000000000000000e+00
0.000000000000000000e+00
0.000000000000000000e+00
0.000000000000000000e+00
0.000000000000000000e+00
0.000000000000000000e+00
0.000000000000000000e+00
0.000000000000000000e+00
0.000000000000000000e+00
0.000000000000000000e+00
0.000000000000000000e+00
0.000000000000000000e+00
0.000000000000000000e+00
0.000000000000000000e+00
0.000000000000000000e+00
0.000000000000000000e+00
0.000000000000000000e+00
0.000000000000000000e+00
0.000000000000000000e+00
0.000000000000000000e+00
0.000000000000000000e+00
0.000000000000000000e+00
0.000000000000000000e+00
0.000000000000000000e+00
0.000000000000000000e+00
0.000000000000000000e+00
0.000000000000000000e+00
0.000000000000000000e+00
0.000000000000000000e+00
0.000000000000000000e+00
0.000000000000000000e+00
0.000000000000000000e+00
0.000000000000000000e+00
0.000000000000000000e+00
5.000000000000000000e+00
0.000000000000000000e+00
2.000000000000000000e+00
0.000000000000000000e+00
0.000000000000000000e+00
5.000000000000000000e+00
1.300000000000000000e+01
0.000000000000000000e+00
0.000000000000000000e+00
5.000000000000000000e+00
0.000000000000000000e+00
0.000000000000000000e+00
0.000000000000000000e+00
8.000000000000000000e+00
4.000000000000000000e+00
0.000000000000000000e+00
2.400000000000000000e+01
1.900000000000000000e+01
1.400000000000000000e+01
8.000000000000000000e+00
2.200000000000000000e+01
2.700000000000000000e+01
3.800000000000000000e+01
3.100000000000000000e+01
3.600000000000000000e+01
9.600000000000000000e+01
9.300000000000000000e+01
1.110000000000000000e+02
6.000000000000000000e+01
8.600000000000000000e+01
8.200000000000000000e+01
1.030000000000000000e+02
1.000000000000000000e+02
1.040000000000000000e+02
3.700000000000000000e+01
7.900000000000000000e+01
5.900000000000000000e+01
4.800000000000000000e+01
8.600000000000000000e+01
9.600000000000000000e+01
7.600000000000000000e+01
7.900000000000000000e+01
1.190000000000000000e+02
7.100000000000000000e+01
3.500000000000000000e+01
1.070000000000000000e+02
2.200000000000000000e+01
6.600000000000000000e+01
6.000000000000000000e+01
2.200000000000000000e+01
5.500000000000000000e+01
3.400000000000000000e+01
6.700000000000000000e+01
2.400000000000000000e+01
3.400000000000000000e+01
3.500000000000000000e+01
8.500000000000000000e+01
4.000000000000000000e+01
3.300000000000000000e+01
4.200000000000000000e+01
2.900000000000000000e+01
3.200000000000000000e+01
2.600000000000000000e+01
3.400000000000000000e+01
5.500000000000000000e+01
5.400000000000000000e+01
2.200000000000000000e+01
4.900000000000000000e+01
1.060000000000000000e+02
7.300000000000000000e+01
1.600000000000000000e+02
2.100000000000000000e+01
8.600000000000000000e+01
3.000000000000000000e+00
1.020000000000000000e+02
7.300000000000000000e+01
1.050000000000000000e+02
1.210000000000000000e+02
1.160000000000000000e+02
6.900000000000000000e+01
7.600000000000000000e+01
7.700000000000000000e+01
3.500000000000000000e+01
3.500000000000000000e+01
1.070000000000000000e+02
1.700000000000000000e+01
8.700000000000000000e+01
7.300000000000000000e+01
1.100000000000000000e+02
1.250000000000000000e+02
1.920000000000000000e+02
1.610000000000000000e+02
2.020000000000000000e+02
8.900000000000000000e+01
1.670000000000000000e+02
1.860000000000000000e+02
1.650000000000000000e+02
1.870000000000000000e+02
2.170000000000000000e+02
1.740000000000000000e+02
1.590000000000000000e+02
4.400000000000000000e+01
1.830000000000000000e+02
2.490000000000000000e+02
2.270000000000000000e+02
2.430000000000000000e+02
1.930000000000000000e+02
1.290000000000000000e+02
1.780000000000000000e+02
2.970000000000000000e+02
3.280000000000000000e+02
1.280000000000000000e+02
2.200000000000000000e+02
1.240000000000000000e+02
1.520000000000000000e+02
1.080000000000000000e+02
1.340000000000000000e+02
3.510000000000000000e+02
2.770000000000000000e+02
3.230000000000000000e+02
3.590000000000000000e+02
2.740000000000000000e+02
5.690000000000000000e+02
3.520000000000000000e+02
9.110000000000000000e+02
7.430000000000000000e+02
7.840000000000000000e+02
8.350000000000000000e+02
5.340000000000000000e+02
1.005000000000000000e+03
1.213000000000000000e+03
7.320000000000000000e+02
5.080000000000000000e+02
7.680000000000000000e+02
9.470000000000000000e+02
1.036000000000000000e+03
9.500000000000000000e+02
7.120000000000000000e+02
1.955000000000000000e+03
1.554000000000000000e+03
6.120000000000000000e+02
1.503000000000000000e+03
1.645000000000000000e+03
0.000000000000000000e+00
1.089000000000000000e+03
8.820000000000000000e+02
3.170000000000000000e+02
7.280000000000000000e+02
5.870000000000000000e+02
4.110000000000000000e+02
5.640000000000000000e+02
3.180000000000000000e+02
5.330000000000000000e+02
7.980000000000000000e+02
6.730000000000000000e+02
3.770000000000000000e+02
4.050000000000000000e+02
6.200000000000000000e+02
2.630000000000000000e+02
1.260000000000000000e+02
4.170000000000000000e+02
3.110000000000000000e+02
3.820000000000000000e+02
4.510000000000000000e+02
3.060000000000000000e+02
6.300000000000000000e+01
6.180000000000000000e+02
2.970000000000000000e+02
3.480000000000000000e+02
5.020000000000000000e+02
5.070000000000000000e+02
5.090000000000000000e+02
5.670000000000000000e+02
4.800000000000000000e+02
5.480000000000000000e+02
5.570000000000000000e+02
7.440000000000000000e+02
6.610000000000000000e+02
4.370000000000000000e+02
6.980000000000000000e+02
5.820000000000000000e+02
5.810000000000000000e+02
6.490000000000000000e+02
4.430000000000000000e+02
5.070000000000000000e+02
4.950000000000000000e+02
6.460000000000000000e+02
3.960000000000000000e+02
4.690000000000000000e+02
1.200000000000000000e+02
8.990000000000000000e+02
4.270000000000000000e+02
3.520000000000000000e+02
4.250000000000000000e+02
1.070000000000000000e+02
6.720000000000000000e+02
3.840000000000000000e+02
4.830000000000000000e+02
3.650000000000000000e+02
2.370000000000000000e+02
3.070000000000000000e+02
3.380000000000000000e+02
3.400000000000000000e+02
3.330000000000000000e+02
1.320000000000000000e+02
3.240000000000000000e+02
5.240000000000000000e+02
3.060000000000000000e+02
1.580000000000000000e+02
5.900000000000000000e+02
2.990000000000000000e+02
7.600000000000000000e+01
4.760000000000000000e+02
3.670000000000000000e+02
1.680000000000000000e+02
2.790000000000000000e+02
2.580000000000000000e+02
2.830000000000000000e+02
3.710000000000000000e+02
2.310000000000000000e+02
0.000000000000000000e+00
3.490000000000000000e+02
1.860000000000000000e+02
2.530000000000000000e+02
7.900000000000000000e+01
2.170000000000000000e+02
4.210000000000000000e+02
2.230000000000000000e+02
0.000000000000000000e+00
4.780000000000000000e+02
1.420000000000000000e+02
7.200000000000000000e+01
3.550000000000000000e+02
2.850000000000000000e+02
1.290000000000000000e+02
2.720000000000000000e+02
1.960000000000000000e+02
0.000000000000000000e+00
3.280000000000000000e+02
2.080000000000000000e+02
1.680000000000000000e+02
2.270000000000000000e+02
1.860000000000000000e+02
2.370000000000000000e+02
1.930000000000000000e+02
1.100000000000000000e+02
2.000000000000000000e+02
1.710000000000000000e+02
1.860000000000000000e+02
1.970000000000000000e+02
0.000000000000000000e+00
1.780000000000000000e+02
2.900000000000000000e+02
0.000000000000000000e+00
3.130000000000000000e+02
0.000000000000000000e+00
1.670000000000000000e+02
2.580000000000000000e+02
0.000000000000000000e+00
3.440000000000000000e+02
0.000000000000000000e+00
1.590000000000000000e+02
1.250000000000000000e+02
1.540000000000000000e+02
2.880000000000000000e+02
0.000000000000000000e+00
1.510000000000000000e+02
1.380000000000000000e+02
1.430000000000000000e+02
9.700000000000000000e+01
1.210000000000000000e+02
1.290000000000000000e+02
1.570000000000000000e+02
1.650000000000000000e+02
3.800000000000000000e+02
0.000000000000000000e+00
1.480000000000000000e+02
1.870000000000000000e+02
1.630000000000000000e+02
1.540000000000000000e+02
3.010000000000000000e+02
0.000000000000000000e+00
1.930000000000000000e+02
0.000000000000000000e+00
1.080000000000000000e+02
1.050000000000000000e+02
1.090000000000000000e+02
1.160000000000000000e+02
7.200000000000000000e+01
6.700000000000000000e+01
5.300000000000000000e+01
6.700000000000000000e+01
6.300000000000000000e+01
7.900000000000000000e+01
1.120000000000000000e+02
4.800000000000000000e+01
0.000000000000000000e+00
1.020000000000000000e+02
4.700000000000000000e+01
3.900000000000000000e+01
3.100000000000000000e+01
9.700000000000000000e+01
2.600000000000000000e+01
3.700000000000000000e+01
4.700000000000000000e+01
5.000000000000000000e+01
8.500000000000000000e+01
5.000000000000000000e+01
3.700000000000000000e+01
1.070000000000000000e+02
0.000000000000000000e+00
3.000000000000000000e+01
6.500000000000000000e+01
4.700000000000000000e+01
3.500000000000000000e+01
7.500000000000000000e+01
4.700000000000000000e+01
3.200000000000000000e+01
4.200000000000000000e+01
4.500000000000000000e+01
3.900000000000000000e+01
7.800000000000000000e+01
5.400000000000000000e+01
1.100000000000000000e+02
3.800000000000000000e+01
0.000000000000000000e+00
4.100000000000000000e+01
2.400000000000000000e+01
6.600000000000000000e+01
4.100000000000000000e+01
2.700000000000000000e+01
2.500000000000000000e+01
1.900000000000000000e+01
1.400000000000000000e+01
6.700000000000000000e+01
3.800000000000000000e+01
4.300000000000000000e+01
4.000000000000000000e+01
1.230000000000000000e+02
0.000000000000000000e+00
1.700000000000000000e+01
7.400000000000000000e+01
1.350000000000000000e+02
0.000000000000000000e+00
8.000000000000000000e+01
8.200000000000000000e+01
3.100000000000000000e+01
2.400000000000000000e+01
5.500000000000000000e+01
8.300000000000000000e+01
0.000000000000000000e+00
6.800000000000000000e+01
9.700000000000000000e+01
8.900000000000000000e+01
4.000000000000000000e+01
7.900000000000000000e+01
8.300000000000000000e+01
9.800000000000000000e+01
1.810000000000000000e+02
0.000000000000000000e+00
7.200000000000000000e+01
1.610000000000000000e+02
0.000000000000000000e+00
9.800000000000000000e+01
1.050000000000000000e+02
1.120000000000000000e+02
1.630000000000000000e+02
1.440000000000000000e+02
1.320000000000000000e+02
1.840000000000000000e+02
1.520000000000000000e+02
1.680000000000000000e+02
1.460000000000000000e+02
1.800000000000000000e+02
1.340000000000000000e+02
1.180000000000000000e+02
1.740000000000000000e+02
1.790000000000000000e+02
1.810000000000000000e+02
1.710000000000000000e+02
1.740000000000000000e+02
1.830000000000000000e+02
1.460000000000000000e+02
1.750000000000000000e+02
1.980000000000000000e+02
1.870000000000000000e+02
1.890000000000000000e+02
2.050000000000000000e+02
2.640000000000000000e+02
2.260000000000000000e+02
1.840000000000000000e+02
2.900000000000000000e+02
2.250000000000000000e+02
3.040000000000000000e+02
2.280000000000000000e+02
2.120000000000000000e+02
2.040000000000000000e+02
2.690000000000000000e+02
3.250000000000000000e+02
2.930000000000000000e+02
2.460000000000000000e+02
3.150000000000000000e+02
3.370000000000000000e+02
2.930000000000000000e+02
2.770000000000000000e+02
4.400000000000000000e+02
3.630000000000000000e+02
3.650000000000000000e+02
3.500000000000000000e+02
2.390000000000000000e+02
3.720000000000000000e+02
3.120000000000000000e+02
3.250000000000000000e+02
2.060000000000000000e+02
3.240000000000000000e+02
2.800000000000000000e+02
1.920000000000000000e+02
2.790000000000000000e+02
2.580000000000000000e+02
2.310000000000000000e+02
2.680000000000000000e+02
2.940000000000000000e+02
2.970000000000000000e+02
2.130000000000000000e+02
2.420000000000000000e+02
2.980000000000000000e+02
2.690000000000000000e+02
2.980000000000000000e+02
2.790000000000000000e+02
2.570000000000000000e+02
2.070000000000000000e+02
2.300000000000000000e+02
3.460000000000000000e+02
3.200000000000000000e+02
1.880000000000000000e+02
4.400000000000000000e+02
1.970000000000000000e+02
1.470000000000000000e+02
2.680000000000000000e+02
3.160000000000000000e+02
1.470000000000000000e+02
3.310000000000000000e+02
2.290000000000000000e+02
2.640000000000000000e+02
3.170000000000000000e+02
2.530000000000000000e+02
3.420000000000000000e+02
2.950000000000000000e+02
3.950000000000000000e+02
2.930000000000000000e+02
3.810000000000000000e+02
4.710000000000000000e+02
3.830000000000000000e+02
5.280000000000000000e+02
3.980000000000000000e+02
5.350000000000000000e+02
4.540000000000000000e+02
5.450000000000000000e+02
7.740000000000000000e+02
6.360000000000000000e+02
6.470000000000000000e+02
6.330000000000000000e+02
3.130000000000000000e+02
3.950000000000000000e+02
3.600000000000000000e+02
3.040000000000000000e+02
2.810000000000000000e+02
3.270000000000000000e+02
3.650000000000000000e+02
3.360000000000000000e+02
3.820000000000000000e+02
4.300000000000000000e+02
3.250000000000000000e+02
5.040000000000000000e+02
5.280000000000000000e+02
3.950000000000000000e+02
3.200000000000000000e+02
5.640000000000000000e+02
4.780000000000000000e+02
5.620000000000000000e+02
6.490000000000000000e+02
4.950000000000000000e+02
7.460000000000000000e+02
5.480000000000000000e+02
6.590000000000000000e+02
6.760000000000000000e+02
8.110000000000000000e+02
8.710000000000000000e+02
8.250000000000000000e+02
5.730000000000000000e+02
6.500000000000000000e+02
7.960000000000000000e+02
8.310000000000000000e+02
7.330000000000000000e+02
8.440000000000000000e+02
8.050000000000000000e+02
-1.263770000000000000e+05
0.000000000000000000e+00
0.000000000000000000e+00
0.000000000000000000e+00
0.000000000000000000e+00
0.000000000000000000e+00
0.000000000000000000e+00
0.000000000000000000e+00
0.000000000000000000e+00
0.000000000000000000e+00
0.000000000000000000e+00
0.000000000000000000e+00
0.000000000000000000e+00
0.000000000000000000e+00
0.000000000000000000e+00
0.000000000000000000e+00
0.000000000000000000e+00
0.000000000000000000e+00
0.000000000000000000e+00
0.000000000000000000e+00
0.000000000000000000e+00
0.000000000000000000e+00
0.000000000000000000e+00
0.000000000000000000e+00
0.000000000000000000e+00
0.000000000000000000e+00
0.000000000000000000e+00
0.000000000000000000e+00
0.000000000000000000e+00
0.000000000000000000e+00
0.000000000000000000e+00
0.000000000000000000e+00
0.000000000000000000e+00
0.000000000000000000e+00
0.000000000000000000e+00
0.000000000000000000e+00
0.000000000000000000e+00
0.000000000000000000e+00
0.000000000000000000e+00
0.000000000000000000e+00
0.000000000000000000e+00
0.000000000000000000e+00
0.000000000000000000e+00
0.000000000000000000e+00
0.000000000000000000e+00
0.000000000000000000e+00
0.000000000000000000e+00
0.000000000000000000e+00
0.000000000000000000e+00
0.000000000000000000e+00
0.000000000000000000e+00
0.000000000000000000e+00
0.000000000000000000e+00
0.000000000000000000e+00
0.000000000000000000e+00
0.000000000000000000e+00
0.000000000000000000e+00
0.000000000000000000e+00
0.000000000000000000e+00
0.000000000000000000e+00
0.000000000000000000e+00
0.000000000000000000e+00
0.000000000000000000e+00
0.000000000000000000e+00
0.000000000000000000e+00
0.000000000000000000e+00
0.000000000000000000e+00
0.000000000000000000e+00
0.000000000000000000e+00
0.000000000000000000e+00
0.000000000000000000e+00
0.000000000000000000e+00
0.000000000000000000e+00
0.000000000000000000e+00
0.000000000000000000e+00
0.000000000000000000e+00
0.000000000000000000e+00
0.000000000000000000e+00
0.000000000000000000e+00
0.000000000000000000e+00
0.000000000000000000e+00
0.000000000000000000e+00
0.000000000000000000e+00
0.000000000000000000e+00
0.000000000000000000e+00
0.000000000000000000e+00
0.000000000000000000e+00
0.000000000000000000e+00
0.000000000000000000e+00
0.000000000000000000e+00
0.000000000000000000e+00
0.000000000000000000e+00
0.000000000000000000e+00
0.000000000000000000e+00
0.000000000000000000e+00
0.000000000000000000e+00
0.000000000000000000e+00
0.000000000000000000e+00
0.000000000000000000e+00
0.000000000000000000e+00
0.000000000000000000e+00
0.000000000000000000e+00
0.000000000000000000e+00
0.000000000000000000e+00
0.000000000000000000e+00
0.000000000000000000e+00
0.000000000000000000e+00
0.000000000000000000e+00
0.000000000000000000e+00
0.000000000000000000e+00
0.000000000000000000e+00
0.000000000000000000e+00
0.000000000000000000e+00
0.000000000000000000e+00
0.000000000000000000e+00
0.000000000000000000e+00
0.000000000000000000e+00
0.000000000000000000e+00
0.000000000000000000e+00
0.000000000000000000e+00
0.000000000000000000e+00
0.000000000000000000e+00
0.000000000000000000e+00
0.000000000000000000e+00
0.000000000000000000e+00
0.000000000000000000e+00
0.000000000000000000e+00
0.000000000000000000e+00
0.000000000000000000e+00
0.000000000000000000e+00
0.000000000000000000e+00
0.000000000000000000e+00
0.000000000000000000e+00
0.000000000000000000e+00
0.000000000000000000e+00
0.000000000000000000e+00
0.000000000000000000e+00
0.000000000000000000e+00
0.000000000000000000e+00
0.000000000000000000e+00
0.000000000000000000e+00
0.000000000000000000e+00
0.000000000000000000e+00
0.000000000000000000e+00
0.000000000000000000e+00
0.000000000000000000e+00
0.000000000000000000e+00
0.000000000000000000e+00
0.000000000000000000e+00
0.000000000000000000e+00
0.000000000000000000e+00
0.000000000000000000e+00
0.000000000000000000e+00
0.000000000000000000e+00
0.000000000000000000e+00
0.000000000000000000e+00
0.000000000000000000e+00
0.000000000000000000e+00
0.000000000000000000e+00
0.000000000000000000e+00
0.000000000000000000e+00
0.000000000000000000e+00
0.000000000000000000e+00
0.000000000000000000e+00
0.000000000000000000e+00
0.000000000000000000e+00
0.000000000000000000e+00
0.000000000000000000e+00
0.000000000000000000e+00
0.000000000000000000e+00
0.000000000000000000e+00
0.000000000000000000e+00
0.000000000000000000e+00
0.000000000000000000e+00
0.000000000000000000e+00
0.000000000000000000e+00
0.000000000000000000e+00
0.000000000000000000e+00
0.000000000000000000e+00
0.000000000000000000e+00
0.000000000000000000e+00
0.000000000000000000e+00
0.000000000000000000e+00
0.000000000000000000e+00
0.000000000000000000e+00
0.000000000000000000e+00
0.000000000000000000e+00
0.000000000000000000e+00
0.000000000000000000e+00
0.000000000000000000e+00
0.000000000000000000e+00
0.000000000000000000e+00
0.000000000000000000e+00
0.000000000000000000e+00
0.000000000000000000e+00
0.000000000000000000e+00
0.000000000000000000e+00
0.000000000000000000e+00
0.000000000000000000e+00
0.000000000000000000e+00
0.000000000000000000e+00
0.000000000000000000e+00
0.000000000000000000e+00
0.000000000000000000e+00
0.000000000000000000e+00
0.000000000000000000e+00
0.000000000000000000e+00
0.000000000000000000e+00
0.000000000000000000e+00
0.000000000000000000e+00
0.000000000000000000e+00
0.000000000000000000e+00
0.000000000000000000e+00
0.000000000000000000e+00
0.000000000000000000e+00
0.000000000000000000e+00
0.000000000000000000e+00
0.000000000000000000e+00
0.000000000000000000e+00
0.000000000000000000e+00
0.000000000000000000e+00
0.000000000000000000e+00
0.000000000000000000e+00
0.000000000000000000e+00
0.000000000000000000e+00
0.000000000000000000e+00
0.000000000000000000e+00
0.000000000000000000e+00
0.000000000000000000e+00
0.000000000000000000e+00
0.000000000000000000e+00
0.000000000000000000e+00
0.000000000000000000e+00
0.000000000000000000e+00
0.000000000000000000e+00
0.000000000000000000e+00
0.000000000000000000e+00
0.000000000000000000e+00
0.000000000000000000e+00
0.000000000000000000e+00
0.000000000000000000e+00
0.000000000000000000e+00
0.000000000000000000e+00
0.000000000000000000e+00
0.000000000000000000e+00
0.000000000000000000e+00
0.000000000000000000e+00
0.000000000000000000e+00
0.000000000000000000e+00
0.000000000000000000e+00
0.000000000000000000e+00
0.000000000000000000e+00
0.000000000000000000e+00
0.000000000000000000e+00
0.000000000000000000e+00
0.000000000000000000e+00
0.000000000000000000e+00
0.000000000000000000e+00
0.000000000000000000e+00
0.000000000000000000e+00
0.000000000000000000e+00
0.000000000000000000e+00
0.000000000000000000e+00
0.000000000000000000e+00
0.000000000000000000e+00
0.000000000000000000e+00
0.000000000000000000e+00
0.000000000000000000e+00
0.000000000000000000e+00
0.000000000000000000e+00
0.000000000000000000e+00
0.000000000000000000e+00
0.000000000000000000e+00
0.000000000000000000e+00
0.000000000000000000e+00
0.000000000000000000e+00
0.000000000000000000e+00
0.000000000000000000e+00
0.000000000000000000e+00
0.000000000000000000e+00
0.000000000000000000e+00
0.000000000000000000e+00
0.000000000000000000e+00
0.000000000000000000e+00
0.000000000000000000e+00
0.000000000000000000e+00
0.000000000000000000e+00
0.000000000000000000e+00
0.000000000000000000e+00
0.000000000000000000e+00
