0.000000000000000000e+00
0.000000000000000000e+00
0.000000000000000000e+00
0.000000000000000000e+00
0.000000000000000000e+00
0.000000000000000000e+00
0.000000000000000000e+00
0.000000000000000000e+00
0.000000000000000000e+00
0.000000000000000000e+00
0.000000000000000000e+00
0.000000000000000000e+00
0.000000000000000000e+00
0.000000000000000000e+00
0.000000000000000000e+00
0.000000000000000000e+00
0.000000000000000000e+00
0.000000000000000000e+00
0.000000000000000000e+00
0.000000000000000000e+00
0.000000000000000000e+00
0.000000000000000000e+00
0.000000000000000000e+00
0.000000000000000000e+00
0.000000000000000000e+00
0.000000000000000000e+00
0.000000000000000000e+00
0.000000000000000000e+00
0.000000000000000000e+00
0.000000000000000000e+00
0.000000000000000000e+00
0.000000000000000000e+00
0.000000000000000000e+00
0.000000000000000000e+00
0.000000000000000000e+00
0.000000000000000000e+00
0.000000000000000000e+00
0.000000000000000000e+00
0.000000000000000000e+00
0.000000000000000000e+00
0.000000000000000000e+00
0.000000000000000000e+00
0.000000000000000000e+00
0.000000000000000000e+00
0.000000000000000000e+00
0.000000000000000000e+00
0.000000000000000000e+00
0.000000000000000000e+00
0.000000000000000000e+00
0.000000000000000000e+00
0.000000000000000000e+00
0.000000000000000000e+00
0.000000000000000000e+00
0.000000000000000000e+00
0.000000000000000000e+00
1.000000000000000000e+00
1.000000000000000000e+00
3.000000000000000000e+00
4.000000000000000000e+00
9.000000000000000000e+00
3.000000000000000000e+01
3.700000000000000000e+01
4.400000000000000000e+01
5.900000000000000000e+01
7.500000000000000000e+01
9.200000000000000000e+01
1.080000000000000000e+02
1.310000000000000000e+02
1.680000000000000000e+02
2.140000000000000000e+02
2.770000000000000000e+02
3.560000000000000000e+02
4.250000000000000000e+02
5.010000000000000000e+02
5.740000000000000000e+02
6.490000000000000000e+02
7.250000000000000000e+02
8.120000000000000000e+02
9.080000000000000000e+02
1.006000000000000000e+03
1.101000000000000000e+03
1.198000000000000000e+03
1.296000000000000000e+03
1.403000000000000000e+03
1.518000000000000000e+03
1.643000000000000000e+03
1.769000000000000000e+03
1.890000000000000000e+03
2.017000000000000000e+03
2.140000000000000000e+03
2.259000000000000000e+03
2.376000000000000000e+03
2.491000000000000000e+03
2.600000000000000000e+03
2.706000000000000000e+03
2.805000000000000000e+03
2.900000000000000000e+03
2.992000000000000000e+03
3.081000000000000000e+03
3.174000000000000000e+03
3.258000000000000000e+03
3.336000000000000000e+03
3.397000000000000000e+03
3.461000000000000000e+03
3.520000000000000000e+03
3.584000000000000000e+03
3.641000000000000000e+03
3.689000000000000000e+03
3.739000000000000000e+03
3.786000000000000000e+03
3.841000000000000000e+03
3.894000000000000000e+03
3.952000000000000000e+03
4.007000000000000000e+03
4.055000000000000000e+03
4.096000000000000000e+03
4.140000000000000000e+03
4.171000000000000000e+03
4.199000000000000000e+03
4.222000000000000000e+03
4.249000000000000000e+03
4.276000000000000000e+03
4.308000000000000000e+03
4.340000000000000000e+03
4.369000000000000000e+03
4.397000000000000000e+03
4.431000000000000000e+03
4.461000000000000000e+03
4.489000000000000000e+03
4.515000000000000000e+03
4.540000000000000000e+03
4.563000000000000000e+03
4.585000000000000000e+03
4.609000000000000000e+03
4.630000000000000000e+03
4.648000000000000000e+03
4.669000000000000000e+03
4.692000000000000000e+03
4.711000000000000000e+03
4.729000000000000000e+03
4.746000000000000000e+03
4.763000000000000000e+03
4.778000000000000000e+03
4.792000000000000000e+03
4.807000000000000000e+03
4.825000000000000000e+03
4.842000000000000000e+03
4.861000000000000000e+03
4.882000000000000000e+03
4.905000000000000000e+03
4.927000000000000000e+03
4.950000000000000000e+03
4.974000000000000000e+03
5.001000000000000000e+03
5.025000000000000000e+03
5.046000000000000000e+03
5.065000000000000000e+03
5.082000000000000000e+03
5.097000000000000000e+03
5.115000000000000000e+03
5.131000000000000000e+03
5.150000000000000000e+03
5.167000000000000000e+03
5.186000000000000000e+03
5.206000000000000000e+03
5.225000000000000000e+03
5.241000000000000000e+03
5.260000000000000000e+03
5.282000000000000000e+03
5.300000000000000000e+03
5.323000000000000000e+03
5.344000000000000000e+03
5.363000000000000000e+03
5.382000000000000000e+03
5.402000000000000000e+03
5.419000000000000000e+03
5.440000000000000000e+03
5.458000000000000000e+03
5.475000000000000000e+03
5.491000000000000000e+03
5.508000000000000000e+03
5.526000000000000000e+03
5.545000000000000000e+03
5.563000000000000000e+03
5.580000000000000000e+03
5.596000000000000000e+03
5.613000000000000000e+03
5.630000000000000000e+03
5.645000000000000000e+03
5.659000000000000000e+03
5.674000000000000000e+03
5.691000000000000000e+03
5.710000000000000000e+03
5.728000000000000000e+03
5.747000000000000000e+03
5.765000000000000000e+03
5.784000000000000000e+03
5.798000000000000000e+03
5.813000000000000000e+03
5.829000000000000000e+03
5.844000000000000000e+03
5.858000000000000000e+03
5.873000000000000000e+03
5.891000000000000000e+03
5.912000000000000000e+03
5.934000000000000000e+03
5.955000000000000000e+03
5.974000000000000000e+03
5.996000000000000000e+03
6.016000000000000000e+03
6.039000000000000000e+03
6.058000000000000000e+03
6.080000000000000000e+03
6.102000000000000000e+03
6.121000000000000000e+03
6.139000000000000000e+03
6.163000000000000000e+03
6.183000000000000000e+03
6.209000000000000000e+03
6.245000000000000000e+03
6.284000000000000000e+03
6.326000000000000000e+03
6.370000000000000000e+03
6.417000000000000000e+03
6.462000000000000000e+03
6.511000000000000000e+03
6.564000000000000000e+03
6.620000000000000000e+03
6.673000000000000000e+03
6.730000000000000000e+03
6.782000000000000000e+03
6.837000000000000000e+03
6.895000000000000000e+03
6.951000000000000000e+03
6.999000000000000000e+03
7.056000000000000000e+03
7.119000000000000000e+03
7.186000000000000000e+03
7.249000000000000000e+03
7.315000000000000000e+03
7.377000000000000000e+03
7.445000000000000000e+03
7.506000000000000000e+03
7.574000000000000000e+03
7.639000000000000000e+03
7.711000000000000000e+03
7.785000000000000000e+03
7.858000000000000000e+03
7.929000000000000000e+03
7.997000000000000000e+03
8.062000000000000000e+03
8.130000000000000000e+03
8.195000000000000000e+03
8.262000000000000000e+03
8.325000000000000000e+03
8.384000000000000000e+03
8.441000000000000000e+03
8.498000000000000000e+03
8.553000000000000000e+03
8.609000000000000000e+03
8.667000000000000000e+03
8.722000000000000000e+03
8.778000000000000000e+03
8.837000000000000000e+03
8.895000000000000000e+03
8.957000000000000000e+03
9.014000000000000000e+03
9.080000000000000000e+03
9.153000000000000000e+03
9.224000000000000000e+03
9.296000000000000000e+03
9.371000000000000000e+03
9.445000000000000000e+03
9.513000000000000000e+03
9.584000000000000000e+03
9.658000000000000000e+03
9.727000000000000000e+03
9.799000000000000000e+03
9.874000000000000000e+03
9.950000000000000000e+03
1.002700000000000000e+04
1.009900000000000000e+04
1.017700000000000000e+04
1.025200000000000000e+04
1.032600000000000000e+04
1.040200000000000000e+04
1.048100000000000000e+04
1.055800000000000000e+04
1.063900000000000000e+04
1.072200000000000000e+04
1.080300000000000000e+04
1.088700000000000000e+04
1.097200000000000000e+04
1.105900000000000000e+04
1.114500000000000000e+04
1.123300000000000000e+04
1.132600000000000000e+04
1.141800000000000000e+04
1.150700000000000000e+04
1.160100000000000000e+04
1.170400000000000000e+04
1.182000000000000000e+04
1.194300000000000000e+04
1.208400000000000000e+04
1.221900000000000000e+04
1.235800000000000000e+04
1.251100000000000000e+04
1.267200000000000000e+04
1.284000000000000000e+04
1.301400000000000000e+04
1.319100000000000000e+04
1.337300000000000000e+04
1.355800000000000000e+04
1.374600000000000000e+04
1.393600000000000000e+04
1.412900000000000000e+04
1.431600000000000000e+04
1.450900000000000000e+04
1.470500000000000000e+04
1.490000000000000000e+04
1.510300000000000000e+04
1.531400000000000000e+04
1.553100000000000000e+04
1.575100000000000000e+04
1.597700000000000000e+04
1.619900000000000000e+04
1.641700000000000000e+04
1.664600000000000000e+04
1.688100000000000000e+04
1.712100000000000000e+04
1.736400000000000000e+04
1.761000000000000000e+04
1.785100000000000000e+04
1.809700000000000000e+04
1.835100000000000000e+04
1.860200000000000000e+04
1.886100000000000000e+04
1.911500000000000000e+04
1.937100000000000000e+04
1.962400000000000000e+04
1.987800000000000000e+04
2.013500000000000000e+04
2.038800000000000000e+04
2.064200000000000000e+04
2.088100000000000000e+04
2.109300000000000000e+04
2.129500000000000000e+04
2.148800000000000000e+04
2.168500000000000000e+04
2.187900000000000000e+04
2.207000000000000000e+04
2.226400000000000000e+04
2.245000000000000000e+04
2.263100000000000000e+04
2.280700000000000000e+04
2.298100000000000000e+04
2.315200000000000000e+04
2.332500000000000000e+04
2.349500000000000000e+04
2.366400000000000000e+04
2.383200000000000000e+04
2.399700000000000000e+04
2.416100000000000000e+04
2.432800000000000000e+04
2.448700000000000000e+04
2.464000000000000000e+04
2.478900000000000000e+04
2.493300000000000000e+04
2.507300000000000000e+04
2.521000000000000000e+04
2.534400000000000000e+04
2.547600000000000000e+04
2.560500000000000000e+04
2.573600000000000000e+04
2.586500000000000000e+04
2.599300000000000000e+04
2.611700000000000000e+04
2.623700000000000000e+04
2.635400000000000000e+04
2.646700000000000000e+04
2.657700000000000000e+04
2.668500000000000000e+04
2.679700000000000000e+04
2.690000000000000000e+04
2.699800000000000000e+04
2.709300000000000000e+04
2.718700000000000000e+04
2.728400000000000000e+04
2.737700000000000000e+04
2.747100000000000000e+04
2.756200000000000000e+04
2.765200000000000000e+04
2.773800000000000000e+04
2.782100000000000000e+04
2.790300000000000000e+04
2.798300000000000000e+04
2.806000000000000000e+04
2.813800000000000000e+04
2.821300000000000000e+04
2.828500000000000000e+04
2.835800000000000000e+04
2.843200000000000000e+04
2.850300000000000000e+04
2.856900000000000000e+04
2.863800000000000000e+04
2.870600000000000000e+04
2.877100000000000000e+04
2.883900000000000000e+04
2.890100000000000000e+04
2.896500000000000000e+04
2.903000000000000000e+04
2.909400000000000000e+04
2.916000000000000000e+04
2.922700000000000000e+04
2.929000000000000000e+04
2.935600000000000000e+04
2.942100000000000000e+04
2.948900000000000000e+04
2.955200000000000000e+04
2.962300000000000000e+04
2.969600000000000000e+04
2.977700000000000000e+04
2.986400000000000000e+04
2.995900000000000000e+04
3.006100000000000000e+04
3.017800000000000000e+04
3.031600000000000000e+04
3.046200000000000000e+04
3.061900000000000000e+04
3.077200000000000000e+04
3.092300000000000000e+04
3.107600000000000000e+04
3.123000000000000000e+04
3.138500000000000000e+04
3.153700000000000000e+04
3.171300000000000000e+04
3.189200000000000000e+04
3.207800000000000000e+04
3.226300000000000000e+04
3.245600000000000000e+04
3.266700000000000000e+04
3.294300000000000000e+04
3.320100000000000000e+04
3.345400000000000000e+04
3.370200000000000000e+04
3.393900000000000000e+04
3.418200000000000000e+04
3.445500000000000000e+04
3.473400000000000000e+04
3.503100000000000000e+04
3.532000000000000000e+04
3.560800000000000000e+04
3.592600000000000000e+04
3.626700000000000000e+04
3.661300000000000000e+04
3.697500000000000000e+04
3.732900000000000000e+04
3.767200000000000000e+04
3.801100000000000000e+04
3.835800000000000000e+04
3.871100000000000000e+04
3.905700000000000000e+04
3.939800000000000000e+04
3.973700000000000000e+04
4.013100000000000000e+04
4.050400000000000000e+04
4.084400000000000000e+04
4.119100000000000000e+04
4.152700000000000000e+04
4.188300000000000000e+04
4.218700000000000000e+04
4.246500000000000000e+04
4.274600000000000000e+04
4.302900000000000000e+04
4.331100000000000000e+04
4.358900000000000000e+04
4.382100000000000000e+04
4.405900000000000000e+04
4.430100000000000000e+04
4.453700000000000000e+04
4.476000000000000000e+04
4.498300000000000000e+04
4.518600000000000000e+04
4.541900000000000000e+04
4.562600000000000000e+04
4.584000000000000000e+04
4.607100000000000000e+04
4.626800000000000000e+04
4.644600000000000000e+04
4.662100000000000000e+04
4.678700000000000000e+04
4.697000000000000000e+04
4.713400000000000000e+04
4.727100000000000000e+04
4.740500000000000000e+04
4.752700000000000000e+04
4.765600000000000000e+04
4.776800000000000000e+04
4.788200000000000000e+04
4.797600000000000000e+04
4.806800000000000000e+04
4.816400000000000000e+04
4.825500000000000000e+04
4.834100000000000000e+04
4.842800000000000000e+04
4.852400000000000000e+04
4.859300000000000000e+04
4.866800000000000000e+04
4.872100000000000000e+04
4.879500000000000000e+04
4.887900000000000000e+04
4.895000000000000000e+04
4.901200000000000000e+04
4.907100000000000000e+04
4.912200000000000000e+04
4.918500000000000000e+04
4.923600000000000000e+04
4.929300000000000000e+04
4.935800000000000000e+04
4.941700000000000000e+04
4.947300000000000000e+04
4.952400000000000000e+04
4.957600000000000000e+04
4.963400000000000000e+04
4.968700000000000000e+04
4.973200000000000000e+04
4.977400000000000000e+04
4.982900000000000000e+04
4.987400000000000000e+04
4.992400000000000000e+04
4.995900000000000000e+04
4.999600000000000000e+04
5.004800000000000000e+04
5.009600000000000000e+04
5.015500000000000000e+04
5.019200000000000000e+04
5.022900000000000000e+04
5.027800000000000000e+04
5.032400000000000000e+04
5.036700000000000000e+04
5.041500000000000000e+04
5.045000000000000000e+04
5.048800000000000000e+04
5.048800000000000000e+04
5.060400000000000000e+04
5.065000000000000000e+04
5.070900000000000000e+04
5.076100000000000000e+04
5.082100000000000000e+04
5.087900000000000000e+04
5.093400000000000000e+04
5.099700000000000000e+04
5.104800000000000000e+04
5.112400000000000000e+04
5.118400000000000000e+04
5.125300000000000000e+04
5.133200000000000000e+04
5.142800000000000000e+04
5.151900000000000000e+04
5.164500000000000000e+04
5.176700000000000000e+04
5.187500000000000000e+04
5.197600000000000000e+04
5.208800000000000000e+04
5.208800000000000000e+04
5.231300000000000000e+04
5.243700000000000000e+04
5.256500000000000000e+04
5.270300000000000000e+04
5.286000000000000000e+04
5.300500000000000000e+04
5.315900000000000000e+04
5.332400000000000000e+04
5.350700000000000000e+04
5.367500000000000000e+04
5.389100000000000000e+04
5.409500000000000000e+04
5.432700000000000000e+04
5.453300000000000000e+04
5.476500000000000000e+04
5.499500000000000000e+04
5.521200000000000000e+04
5.546900000000000000e+04
5.571300000000000000e+04
5.595800000000000000e+04
5.621300000000000000e+04
5.645800000000000000e+04
5.671000000000000000e+04
5.700000000000000000e+04
5.728300000000000000e+04
5.755900000000000000e+04
5.783700000000000000e+04
5.810600000000000000e+04
5.837700000000000000e+04
5.865100000000000000e+04
5.891300000000000000e+04
5.917000000000000000e+04
5.938400000000000000e+04
5.964300000000000000e+04
5.988600000000000000e+04
6.011700000000000000e+04
6.039300000000000000e+04
6.064100000000000000e+04
6.090300000000000000e+04
6.114000000000000000e+04
6.136100000000000000e+04
6.157400000000000000e+04
6.180500000000000000e+04
6.206500000000000000e+04
6.230700000000000000e+04
6.252400000000000000e+04
6.274500000000000000e+04
6.293800000000000000e+04
6.316600000000000000e+04
6.337200000000000000e+04
6.361100000000000000e+04
6.383800000000000000e+04
6.405400000000000000e+04
6.426400000000000000e+04
6.446700000000000000e+04
6.466100000000000000e+04
6.490900000000000000e+04
6.513700000000000000e+04
6.537300000000000000e+04
6.559000000000000000e+04
6.577800000000000000e+04
6.598400000000000000e+04
6.618000000000000000e+04
6.636800000000000000e+04
6.660500000000000000e+04
6.684100000000000000e+04
6.704400000000000000e+04
6.722500000000000000e+04
6.743700000000000000e+04
6.762300000000000000e+04
6.783700000000000000e+04
6.806000000000000000e+04
6.827400000000000000e+04
6.847200000000000000e+04
6.870000000000000000e+04
6.891700000000000000e+04
6.911200000000000000e+04
6.934400000000000000e+04
6.955900000000000000e+04
6.976900000000000000e+04
6.999800000000000000e+04
7.020700000000000000e+04
7.041000000000000000e+04
7.061100000000000000e+04
7.082800000000000000e+04
7.105200000000000000e+04
7.129800000000000000e+04
7.152600000000000000e+04
7.172400000000000000e+04
7.192700000000000000e+04
7.212700000000000000e+04
7.231400000000000000e+04
7.251000000000000000e+04
7.271300000000000000e+04
7.291000000000000000e+04
7.312700000000000000e+04
7.334200000000000000e+04
7.353100000000000000e+04
7.374600000000000000e+04
7.397300000000000000e+04
7.420200000000000000e+04
7.442800000000000000e+04
7.464600000000000000e+04
7.484700000000000000e+04
7.504200000000000000e+04
7.523500000000000000e+04
7.544300000000000000e+04
7.561800000000000000e+04
7.584000000000000000e+04
7.604100000000000000e+04
7.623300000000000000e+04
7.644600000000000000e+04
7.663500000000000000e+04
7.684200000000000000e+04
7.703800000000000000e+04
7.723000000000000000e+04
7.741700000000000000e+04
7.764500000000000000e+04
7.783000000000000000e+04
7.801700000000000000e+04
7.821500000000000000e+04
7.840700000000000000e+04
7.860200000000000000e+04
7.877800000000000000e+04
7.896900000000000000e+04
7.915100000000000000e+04
7.932200000000000000e+04
7.950300000000000000e+04
7.969600000000000000e+04
7.986300000000000000e+04
8.005300000000000000e+04
8.024400000000000000e+04
8.041500000000000000e+04
8.059100000000000000e+04
8.077800000000000000e+04
8.095700000000000000e+04
8.112500000000000000e+04
8.125800000000000000e+04
