1.023629620612113627e+02
1.042572711384196396e+02
1.052941136435370879e+02
9.843224347427849352e+01
1.064439267385964598e+02
1.051342548219018482e+02
1.094346683001226097e+02
1.066005620309055502e+02
1.082580535080727060e+02
1.091345091729523347e+02
1.021900041949431426e+02
1.101951132029537916e+02
1.089504354481712056e+02
1.133804083821072624e+02
1.107312687760112624e+02
1.126182306226803149e+02
1.137564604418038243e+02
1.070930106373029389e+02
1.153850931881393791e+02
1.144200820674207932e+02
1.191097838465917675e+02
1.166888220577384345e+02
1.187621923578136176e+02
1.200365586064216217e+02
1.134524419647207480e+02
1.217626789352355416e+02
1.207525327048139303e+02
1.253339956157600739e+02
1.227441291101635414e+02
1.245925012967340848e+02
1.255922975520570333e+02
1.186922635570708593e+02
1.266548657161064426e+02
1.252760637771070407e+02
1.294792450180631249e+02
1.265131785976972481e+02
1.279990627976810202e+02
1.286612530814657305e+02
1.214588424336584183e+02
1.291634901791813093e+02
1.275789042056298257e+02
1.316345346176357509e+02
1.285833443995038010e+02
1.300487349124967409e+02
1.307552172417586576e+02
1.236600018699855354e+02
1.315309018072022980e+02
1.301659510099601107e+02
1.344872911280915844e+02
1.317391854419199433e+02
1.335352296097325393e+02
1.345893408125744486e+02
1.278476874288986664e+02
1.360669434417936543e+02
1.350342582443620927e+02
1.396614838257843303e+02
1.371835075961695054e+02
1.392057506432840341e+02
1.404354042545421919e+02
1.338135594200754213e+02
