1.227847183531433984e+04
1.230302064635179886e+04
1.232727716545157273e+04
1.235263125278905682e+04
1.237358617211057935e+04
1.239810765590736264e+04
1.242512189944237252e+04
1.244687643680639303e+04
1.246971542521304400e+04
1.249202341410166628e+04
1.251524514519732293e+04
1.253393589831499412e+04
1.255610946803748811e+04
1.258073528707303558e+04
1.260009866404146123e+04
1.262057566807922194e+04
1.264057673472463830e+04
1.266156652919999578e+04
1.267811456454115250e+04
1.269824363590537723e+04
1.272092755763815148e+04
1.273845213738028360e+04
1.275719088320193259e+04
1.277554948024286568e+04
1.279498653480846042e+04
1.281006504637060789e+04
1.282880163426151194e+04
1.285016497472237825e+04
1.286643735632414064e+04
1.288399082896632171e+04
1.290123196827401989e+04
1.291962274520640312e+04
1.293373195987677900e+04
1.295158427154453420e+04
1.297215829192493220e+04
1.298774766710629410e+04
1.300473664561744044e+04
1.302154418097118651e+04
1.303964408813367118e+04
1.305361574455318987e+04
1.307149240013446433e+04
1.309225859530869093e+04
1.310821064286442197e+04
1.312573169870735182e+04
1.314323549370564433e+04
1.316218626522508021e+04
1.317714939272952142e+04
1.319613980964233087e+04
1.321811969216563375e+04
1.323535937591261791e+04
1.325421301448324084e+04
1.327306303521648260e+04
1.329334090847704101e+04
1.330957870802917023e+04
1.332975850420372808e+04
1.335281105744869092e+04
1.337097772854195864e+04
1.339058708474667219e+04
1.341000022325733335e+04
1.343063229655528448e+04
