1.053969731085344863e+00
1.053188470065706372e+00
1.062659076073761755e+00
1.061806837270460768e+00
1.060954598467231724e+00
1.060102359664022664e+00
1.059250120860729671e+00
1.058979239548943241e+00
1.058197978529299643e+00
1.067668584537354581e+00
1.066816345734058258e+00
1.065964106930827660e+00
1.065111868127615491e+00
1.064259629324325829e+00
1.063988748012526520e+00
1.063207486992892692e+00
1.072678093000950517e+00
1.071825854197640870e+00
1.070973615394424927e+00
1.070121376591208318e+00
1.069269137787911550e+00
1.068998256476123343e+00
1.068216995456487961e+00
1.077687601464521361e+00
1.076835362661223483e+00
1.075983123858010426e+00
1.075130885054801144e+00
1.074278646251497715e+00
1.074007764939706844e+00
1.073226503920059915e+00
1.082697109928117296e+00
1.081844871124813423e+00
1.080992632321596147e+00
1.080140393518381980e+00
1.079288154715093651e+00
1.079017273403290345e+00
1.078236012383654963e+00
1.087706618391710345e+00
1.086854379588403585e+00
1.086002140785192305e+00
1.085149901981986131e+00
1.084297663178689808e+00
1.084026781866887168e+00
1.083245520847248011e+00
1.092716126855303171e+00
1.091863888052003295e+00
1.091011649248767368e+00
1.090159410445567856e+00
1.089307171642275751e+00
1.089036290330470447e+00
1.088255029310823963e+00
1.097725635318896220e+00
1.096873396515585908e+00
1.096021157712363525e+00
1.095168918909160682e+00
1.094316680105861916e+00
1.094045798794069047e+00
1.093264537774415235e+00
1.102735143782492155e+00
1.101882904979183397e+00
