-1.835539663140702688e-03
3.370894422235239107e-04
2.250809030337523609e-03
3.790137353436476980e-03
-1.121901066029072289e-02
2.206620515141383826e-02
6.200339003079136796e-03
6.096562931238270339e-03
5.561593641054102255e-03
4.571550969279769908e-03
3.095527480303098336e-03
-1.495238088648868924e-02
1.536006608320081290e-02
-3.324402300907309225e-03
-6.008098663083953975e-03
-8.805810429402228037e-03
-1.167116154526295392e-02
-1.457506227807719643e-02
-3.355544082762984548e-02
-3.645557638433792602e-03
-2.218276669692820918e-02
-2.416477058959794200e-02
-2.571737232506091791e-02
-2.682073865015715056e-02
-2.748733292138617543e-02
-4.381072129372969720e-02
-1.089257417856708335e-02
-2.614975882936668161e-02
-2.466861114213197287e-02
-2.267043966788029677e-02
-2.023533395204937801e-02
-1.747749854142079812e-02
-3.059138393197581574e-02
5.223993634674494943e-03
-7.539422882965230062e-03
-4.050518982325865096e-03
-6.022279926731575334e-04
2.666684507587786801e-03
5.597995246131699798e-03
-8.030761105186225157e-03
2.657033556672286009e-02
1.189963675723377211e-02
1.281221643431816604e-02
1.305628371181211979e-02
1.255059098220210126e-02
1.120958018908968686e-02
-7.103020978862444046e-03
2.250045769651037170e-02
2.625402006592609042e-03
-1.759313695528308755e-03
-6.787613742903278458e-03
-1.242162664299996042e-02
-1.862939505504587062e-02
-4.143410632442601216e-02
-1.584216156165297457e-02
-3.915195892698998537e-02
-4.631044323066471624e-02
-5.338142395120487604e-02
-6.027266922882482114e-02
-6.691492055224691760e-02
