-1.123325565884776734e+04
-1.117690971253586758e+04
-1.376412577676860383e+04
-1.411601786277228530e+04
-1.448165474239220930e+04
-1.506337564299879887e+04
-1.577196960439927352e+04
-1.639386003920872463e+04
-1.663471476315119799e+04
-1.954982825943181524e+04
-2.025105577182137495e+04
-2.097707482655625063e+04
-2.191906727635817515e+04
-2.297629200260112702e+04
-2.392367673148417089e+04
-2.445583568809455755e+04
-2.761784628864700062e+04
-2.851255131779219664e+04
-2.937114988303481368e+04
-3.037915916902341996e+04
-3.143220765399336233e+04
-3.230378067522712081e+04
-3.268931965217952529e+04
-3.563700508631672710e+04
-3.625498914346948732e+04
-3.678184293896482995e+04
-3.741230479610024486e+04
-3.805279668012078764e+04
-3.848883832660215558e+04
-3.842877082829021674e+04
-4.093413175163034612e+04
-4.112646066088102816e+04
-4.125731394857288251e+04
-4.153358928943606588e+04
-4.187264078546435485e+04
-4.206932755984023242e+04
-4.183941974770805973e+04
-4.424971468684481079e+04
-4.442465111210375471e+04
-4.461620707503303856e+04
-4.502918639024767617e+04
-4.557637666341048316e+04
-4.604572106398343021e+04
-4.614392461416609876e+04
-4.892684211820818018e+04
-4.950642751501837483e+04
-5.012102024787572009e+04
-5.096106152276081411e+04
-5.192471014041974558e+04
-5.278548566862312873e+04
-5.323634474933607271e+04
-5.632052257852361799e+04
-5.713890462315082550e+04
-5.792069028847463778e+04
-5.884942881286731426e+04
-5.981888617897085351e+04
-6.060086197174991685e+04
-6.088935550379577035e+04
-6.373140936279770540e+04
-6.423439430507559882e+04
