9.690233314914237708e+05
9.703201362453731708e+05
9.723343607954409672e+05
9.747032292589752469e+05
9.767932539868751774e+05
9.788451452816880774e+05
9.809273925711725606e+05
9.825627542381198145e+05
9.839695927044244017e+05
9.861008896586691262e+05
9.885866492092474364e+05
9.907863879656721838e+05
9.929342776698973030e+05
9.950929363891263492e+05
9.967800993966107490e+05
9.982101013621669263e+05
1.000333000985900289e+06
1.002777053404830862e+06
1.004901228266694117e+06
1.006940339327910449e+06
1.008958783123731613e+06
1.010477120594300563e+06
1.011713437150130514e+06
1.013622317129054340e+06
1.015837143575840164e+06
1.017722427429214003e+06
1.019518738544129883e+06
1.021296242833258235e+06
1.022581086095890147e+06
1.023596566440495080e+06
1.025301937215967919e+06
1.027334556706315256e+06
1.029062093200818403e+06
1.030727361470642732e+06
1.032401797516766819e+06
1.033611813653258956e+06
1.034579976214161143e+06
1.036263847074467922e+06
1.038298203450778848e+06
1.040047341814354411e+06
1.041750038282734575e+06
1.043473167935482576e+06
1.044738220096824574e+06
1.045762646419658675e+06
1.047498877255644533e+06
1.049576715005093021e+06
1.051355804626748199e+06
1.053070748319257051e+06
1.054784861931121442e+06
1.056016805868714582e+06
1.056982023808103520e+06
1.058631822014896665e+06
1.060595796208775835e+06
1.062234305364256026e+06
1.063783559654018143e+06
1.065309321251089452e+06
1.066333452836731449e+06
1.067075250038047088e+06
1.068490394256930333e+06
1.070213237098134356e+06
