1.418090742939259030e+01
1.602626849248355612e+01
1.368988697826572398e+01
1.308066935477895676e+01
1.521976407608032389e+01
1.173288100128557154e+01
1.543717388476903274e+01
1.455282953413385982e+01
1.639819059722499262e+01
1.406180908301783106e+01
1.345259145952628721e+01
1.559168618082044588e+01
1.210480310602614651e+01
1.580909598950377060e+01
1.492475163887512934e+01
1.677011270197053605e+01
1.443373118774693609e+01
1.382451356426310163e+01
1.596360828556058209e+01
1.247672521076618857e+01
1.618101809424108595e+01
1.529667374360949417e+01
1.714203480669566915e+01
1.480565329247606066e+01
1.419643566899748421e+01
1.633553039030070408e+01
1.284864731550386807e+01
1.655294019898284930e+01
1.566859584835077435e+01
1.751395691144121614e+01
1.517757539722094862e+01
1.456835777373430751e+01
1.670745249503339380e+01
1.322056942024154580e+01
1.692486230372461620e+01
1.604051795308692263e+01
1.788587901617655973e+01
1.554949750196155733e+01
1.494027987848162908e+01
1.707937459978096228e+01
1.359249152498448687e+01
1.729678440846193865e+01
1.641244005782818505e+01
1.825780112091189267e+01
1.592141960670216783e+01
1.531220198322897019e+01
1.745129670451550297e+01
1.396441362972216638e+01
1.766870651320369490e+01
1.678436216256256586e+01
1.862972322564723981e+01
1.629334171143556276e+01
1.568412408795527568e+01
1.782321880925562141e+01
1.433633573445985121e+01
1.804062861794324490e+01
1.715628426731072764e+01
1.900164533039887971e+01
1.666526381618766806e+01
1.605604619270260613e+01
