2.407456101298953968e+02
2.406287109232730188e+02
2.402780639448752993e+02
2.398001718868024739e+02
2.393303848265502722e+02
2.388737653170941542e+02
2.385761537441997859e+02
2.379954607472789405e+02
2.377410767830467080e+02
2.373073691041355744e+02
2.368007396259493760e+02
2.363553115669414808e+02
2.359738373503699620e+02
2.357988313334336965e+02
2.353839523684499397e+02
2.353335239318200536e+02
2.351361592589397844e+02
2.348919617077145574e+02
2.347283646529220107e+02
2.346411995767330723e+02
2.347659919571933074e+02
2.346495059554391673e+02
2.348894216957451135e+02
2.349681087972318778e+02
2.349799628579297917e+02
2.350473660168488266e+02
2.351618575064397874e+02
2.354555115349191681e+02
2.354725417809386556e+02
2.358090151595935140e+02
2.359466379899996014e+02
2.359800813506120392e+02
2.360329074386654895e+02
2.360986841177068811e+02
2.363122868055787933e+02
2.362214092861769359e+02
2.364261688270825061e+02
2.364127718024932392e+02
2.362807099383728371e+02
2.361585524979504385e+02
2.360449251701277262e+02
2.360796783734356836e+02
2.358152700072615175e+02
2.358562512793271537e+02
2.356928247710677624e+02
2.354279474607748170e+02
2.351930462021571770e+02
2.349889381249651024e+02
2.349569598603523559e+02
2.346503312742488276e+02
2.346736424412857502e+02
2.345164325817094948e+02
2.342803327191064398e+02
2.340948381053094352e+02
2.339583009852916859e+02
2.340091453259824448e+02
2.337973265963707377e+02
2.339239224934285915e+02
2.338748203371079910e+02
2.337479698158104497e+02
