2.061375201686434157e+05
2.061342015052225615e+05
2.061840115655599802e+05
2.062801336811529472e+05
2.061262412004973739e+05
2.059726541765516740e+05
2.062745092423231981e+05
2.063896011018670688e+05
2.064015380969684920e+05
2.064683835502348666e+05
2.065828339561181783e+05
2.064480071359113499e+05
2.063136167624416121e+05
2.066341622125230497e+05
2.067667915427343687e+05
2.067944793562137056e+05
2.068746905289222777e+05
2.069995801179292612e+05
2.068718018257364456e+05
2.067407007153650047e+05
2.070605184776168608e+05
2.071882684658625803e+05
2.072069217824277002e+05
2.072740750153280678e+05
2.073821497063263960e+05
2.072341958212791360e+05
2.070800749592207721e+05
2.073746517899441533e+05
2.074756512677999854e+05
2.074668233748014609e+05
2.075065865860155318e+05
2.075882008417249017e+05
2.074155430907901900e+05
2.072392620023256750e+05
2.075149412381348084e+05
2.076009297512490593e+05
2.075814817681156273e+05
2.076153785103585687e+05
2.076960832343266811e+05
2.075275033511838119e+05
2.073601368036383938e+05
2.076492325305975683e+05
2.077526237667227688e+05
2.077538769461208140e+05
2.078109281999631203e+05
2.079162587795702275e+05
2.077726827430500707e+05
2.076295234869736596e+05
2.079408082029538054e+05
2.080631381161512400e+05
2.080788762690689182e+05
2.081448237454131304e+05
2.082524345112018345e+05
2.081036410299713025e+05
2.079470660592471831e+05
2.082362485753559740e+05
2.083275406262895558e+05
2.083033159269714379e+05
2.083206602811855846e+05
2.083715933624311874e+05
