1.276684257235447512e+04
1.287892743304830037e+04
1.293935137568038590e+04
1.289925433108065226e+04
1.283086682242049937e+04
1.337655941190519297e+04
1.307059715564238650e+04
1.315668776890137269e+04
1.326877262959670043e+04
1.332919657222808564e+04
1.328909952762783360e+04
1.322071201896811363e+04
1.376640460845205234e+04
1.346044235218942413e+04
1.354653296544911609e+04
1.365861782614324329e+04
1.371904176877488680e+04
1.367894472417502766e+04
1.361055721551425268e+04
1.415624980499919366e+04
1.385028754873601429e+04
1.393637816199530971e+04
1.404846302268979525e+04
1.410888696532237191e+04
1.406878992072221263e+04
1.400040241206150131e+04
1.454609500154641864e+04
1.424013274528306465e+04
1.432622335854304220e+04
1.443830821923652002e+04
1.449873216186917125e+04
1.445863511726869183e+04
1.439024760860874449e+04
1.493594019809365818e+04
1.462997794183113729e+04
1.471606855509000525e+04
1.482815341578399421e+04
1.488857735841687099e+04
1.484848031381658438e+04
1.478009280515525461e+04
1.532578539464079222e+04
1.501982313837817856e+04
1.510591375163697921e+04
1.521799861233146657e+04
1.527842255496457256e+04
1.523832551036362202e+04
1.516993800170249779e+04
1.571563059118803176e+04
1.540966833492476690e+04
1.549575894818393499e+04
1.560784380887727093e+04
1.566826775151045695e+04
1.562817070691080698e+04
1.555978319824974824e+04
1.610547578773520581e+04
1.579951353147227201e+04
1.588560414473160381e+04
1.599768900542566735e+04
1.605811294805816578e+04
1.601801590345799195e+04
