9.350806647339543076e+01
-4.941764756676201387e+02
6.702722216024662316e+01
6.411405402147127575e+01
7.066714844647754035e+01
3.399321887652272522e+01
1.086041414358886925e+02
9.336191530077388734e+01
-4.943226268395116563e+02
6.688107098862015221e+01
6.396790284895133283e+01
7.052099727501774851e+01
3.384706770393258779e+01
1.084579902648212197e+02
9.321576412876304119e+01
-4.944687780114030602e+02
6.673491981738305867e+01
6.382175167813159078e+01
7.037484610388332840e+01
3.370091653364416828e+01
1.083118390927761538e+02
9.306961295675219503e+01
-4.946149291831713981e+02
6.658876864536726714e+01
6.367560050566309116e+01
7.022869493165269716e+01
3.355476536105402374e+01
1.081656879216063061e+02
9.292346178474136309e+01
-4.947610803549399634e+02
6.644261747413017360e+01
6.352944933401898453e+01
7.008254375942205172e+01
3.340861418884455958e+01
1.080195367485836471e+02
9.277731061211980546e+01
-4.949072315269543196e+02
6.629646630289306586e+01
6.338329816232344172e+01
6.993639258719144891e+01
3.326246301740528111e+01
1.078733855775161885e+02
9.263115944010893088e+01
-4.950533826987228281e+02
6.615031512959617999e+01
6.323714699067932798e+01
6.979024141605700038e+01
3.311631184596594579e+01
1.077272344064486731e+02
9.248500826979849876e+01
-4.951995338706142888e+02
6.600416395796972324e+01
6.309099581821079994e+01
6.964409024273021487e+01
3.297016067260564398e+01
1.075810832334260141e+02
9.233885709778766682e+01
-4.953456850425057496e+02
6.585801278634330913e+01
6.294484464574229321e+01
