4.312544003765778325e+04
4.313281122840988246e+04
4.314637907071984955e+04
4.316339188201269280e+04
4.318762250082237733e+04
4.321188489982116153e+04
4.322956089895876357e+04
4.324388021115387528e+04
4.325979026631226589e+04
4.328084619405536068e+04
4.330408148784953664e+04
4.333309411938214907e+04
4.336056885877513560e+04
4.337980841324567155e+04
4.339401646662584244e+04
4.340816895603691955e+04
4.342590390084518003e+04
4.344439028794458864e+04
4.346741081125767232e+04
4.348787929744306166e+04
4.349936555247320939e+04
4.350537087616152712e+04
4.351119078387142508e+04
4.352079548631537909e+04
4.353168889360255707e+04
4.354798122260752280e+04
4.356289633197116927e+04
4.357028681456605409e+04
4.357390038404273946e+04
4.357923437022556027e+04
4.359040912772866432e+04
4.360502134785319504e+04
4.362721254044211673e+04
4.365017395556697011e+04
4.366766107379302412e+04
4.368326125057548779e+04
4.370225132659540395e+04
4.372847595304652350e+04
4.375920751518776524e+04
4.379822276513781981e+04
4.383831723299786972e+04
4.387283030429595965e+04
4.390492427491521812e+04
4.393945389455684199e+04
4.397985682873507176e+04
4.402302559397383448e+04
4.407239574790771439e+04
4.412047108251506870e+04
4.416035840492903662e+04
4.419505493919806759e+04
4.422932461583412805e+04
4.426659347540748422e+04
4.430382458344920451e+04
4.434460713188216323e+04
4.438168042286195850e+04
4.440846532303794083e+04
4.442834628128621262e+04
4.444654029126825480e+04
4.446698319160046231e+04
4.448719391522578371e+04
