-2.047048773048993553e+02
-1.006682546506319795e+02
2.315749342506933317e+00
1.085683899218901161e+02
1.896885139311650619e+02
3.131879726550778855e+02
4.228595968656905484e+02
1.607786956386087240e+02
2.401217568251326497e+02
3.097895985230460951e+02
3.752144507138910967e+02
4.093424245345632357e+02
4.812258156334629007e+02
5.363419193920042289e+02
2.185408748689316099e+02
2.428079103949042974e+02
2.598290217189534133e+02
2.767413742710397173e+02
2.680616733995329923e+02
3.042286536119248694e+02
3.318779339693493284e+02
-4.246858381173751695e+00
1.143983386880586295e+01
2.991214332334209303e+01
5.827403935628490217e+01
7.068874067159799779e+01
1.369324008008818510e+02
2.026899652110835177e+02
-8.850355510262909320e+01
-2.249080848096980390e+01
5.009989433661542080e+01
1.346467665410822292e+02
2.035188530305866834e+02
3.246868517660531097e+02
4.420765447091745273e+02
1.975662639244392267e+02
3.038121990369251080e+02
4.088885836761946848e+02
5.171216950059138071e+02
6.001082624897175037e+02
7.253515819281732320e+02
8.366306094671169831e+02
5.760029410189725922e+02
6.566252814356130330e+02
7.273785646186147460e+02
7.936771047751901733e+02
8.284531304645589671e+02
9.007510397941265410e+02
9.560479486743968209e+02
6.382029500375982707e+02
6.622203692531080605e+02
6.788159742994315593e+02
6.951673787257091135e+02
6.858418494251696984e+02
7.213376621047361823e+02
7.483572682922000467e+02
4.117162175817863954e+02
4.270744314148038256e+02
4.454798412559135841e+02
4.741063923906611990e+02
