2.570612082026236145e+00
1.757077641566705761e+00
2.027081184737511865e+00
2.303147405620303623e+00
1.930991175434261908e+00
1.714946487456809887e+00
1.546703663184479716e+00
2.407874525277045485e+00
1.594340084816042946e+00
1.864343627986190688e+00
2.140409848869509801e+00
1.768253618682189776e+00
1.552208930707500656e+00
1.383966106435341015e+00
2.245136968527572385e+00
1.431602528067721147e+00
1.701606071238305207e+00
1.977672292122553799e+00
1.605516061933605299e+00
1.389471373957566147e+00
1.221228549686200093e+00
2.082399411778383946e+00
1.268864971318615087e+00
1.538868514488698658e+00
1.814934735371755758e+00
1.442778505185785098e+00
1.226733817209481936e+00
1.058490992937513475e+00
1.919661855028397035e+00
1.106127414567950495e+00
1.376130957737642824e+00
1.652197178622884177e+00
1.280040948435455572e+00
1.063996260458954568e+00
8.957534361879184726e-01
1.756924298279204155e+00
9.433898578184569672e-01
1.213393400988040716e+00
1.489459621872085915e+00
1.117303391685128489e+00
9.012587037084273112e-01
7.330158794368101249e-01
1.594186741529620033e+00
7.806523010689636610e-01
1.050655844240153236e+00
1.326722065125129912e+00
9.545658349390487851e-01
7.385211469603429890e-01
5.702783226876690925e-01
1.431449184780144712e+00
6.179147443194723532e-01
8.879182874888319477e-01
1.163984508373432813e+00
7.918282781869766529e-01
5.757835902098157321e-01
4.075407659389869153e-01
1.268711628030555927e+00
4.551771875703642944e-01
7.251807307409465775e-01
1.001246951624556791e+00
