2.211809274016273775e+03
2.214761972332444657e+03
2.218230263860808918e+03
2.221637742102807351e+03
2.224735699080957602e+03
2.227522329646375056e+03
2.230179985223217045e+03
2.232836912816037056e+03
2.235789611132207028e+03
2.239257902660571744e+03
2.242665380902569723e+03
2.245763337880719973e+03
2.248549968446138337e+03
2.251207624022978962e+03
2.253864551615798973e+03
2.256817249931968490e+03
2.260285541460334116e+03
2.263693019702332549e+03
2.266790976680483254e+03
2.269577607245900708e+03
2.272235262822741333e+03
2.274892190415561345e+03
2.277844888731731317e+03
2.281313180260095123e+03
2.284720658502094921e+03
2.287818615480244716e+03
2.290605246045662170e+03
2.293262901622503250e+03
2.295919829215323261e+03
2.298872527531493233e+03
2.302340819059857949e+03
2.305748297301857292e+03
2.308846254280006633e+03
2.311632884845424542e+03
2.314290540422266986e+03
2.316947468015085178e+03
2.319900166331255605e+03
2.323368457859620321e+03
2.326775936101620118e+03
2.329873893079769459e+03
2.332660523645186458e+03
2.335318179222028448e+03
2.337975106814848004e+03
2.340927805131018886e+03
2.344396096659382692e+03
2.347803574901381126e+03
2.350901531879531376e+03
2.353688162444948830e+03
2.356345818021790819e+03
2.359002745614610376e+03
2.361955443930779893e+03
2.365423735459145519e+03
2.368831213701143497e+03
2.371929170679293748e+03
2.374715801244710747e+03
2.377373456821553191e+03
2.380030384414372747e+03
2.382983082730542264e+03
2.386451374258908345e+03
2.389858852500906778e+03
