0.000000000000000000e+00
0.000000000000000000e+00
0.000000000000000000e+00
0.000000000000000000e+00
0.000000000000000000e+00
0.000000000000000000e+00
0.000000000000000000e+00
0.000000000000000000e+00
0.000000000000000000e+00
0.000000000000000000e+00
0.000000000000000000e+00
0.000000000000000000e+00
0.000000000000000000e+00
0.000000000000000000e+00
0.000000000000000000e+00
0.000000000000000000e+00
0.000000000000000000e+00
0.000000000000000000e+00
0.000000000000000000e+00
0.000000000000000000e+00
0.000000000000000000e+00
0.000000000000000000e+00
0.000000000000000000e+00
0.000000000000000000e+00
0.000000000000000000e+00
0.000000000000000000e+00
0.000000000000000000e+00
0.000000000000000000e+00
0.000000000000000000e+00
0.000000000000000000e+00
0.000000000000000000e+00
0.000000000000000000e+00
0.000000000000000000e+00
0.000000000000000000e+00
0.000000000000000000e+00
0.000000000000000000e+00
0.000000000000000000e+00
0.000000000000000000e+00
0.000000000000000000e+00
0.000000000000000000e+00
0.000000000000000000e+00
0.000000000000000000e+00
0.000000000000000000e+00
0.000000000000000000e+00
0.000000000000000000e+00
0.000000000000000000e+00
0.000000000000000000e+00
0.000000000000000000e+00
0.000000000000000000e+00
0.000000000000000000e+00
0.000000000000000000e+00
0.000000000000000000e+00
0.000000000000000000e+00
0.000000000000000000e+00
0.000000000000000000e+00
0.000000000000000000e+00
0.000000000000000000e+00
0.000000000000000000e+00
1.000000000000000000e+00
1.000000000000000000e+00
1.000000000000000000e+00
1.000000000000000000e+00
1.000000000000000000e+00
1.000000000000000000e+00
1.000000000000000000e+00
1.000000000000000000e+00
1.000000000000000000e+00
1.000000000000000000e+00
1.000000000000000000e+00
1.000000000000000000e+00
1.000000000000000000e+00
1.000000000000000000e+00
1.000000000000000000e+00
1.000000000000000000e+00
1.000000000000000000e+00
2.000000000000000000e+00
2.000000000000000000e+00
2.000000000000000000e+00
2.000000000000000000e+00
2.000000000000000000e+00
2.000000000000000000e+00
2.000000000000000000e+00
2.000000000000000000e+00
2.000000000000000000e+00
2.000000000000000000e+00
7.000000000000000000e+00
7.000000000000000000e+00
7.000000000000000000e+00
7.000000000000000000e+00
7.000000000000000000e+00
7.000000000000000000e+00
8.000000000000000000e+00
8.000000000000000000e+00
8.000000000000000000e+00
8.000000000000000000e+00
8.000000000000000000e+00
8.000000000000000000e+00
8.000000000000000000e+00
8.000000000000000000e+00
8.000000000000000000e+00
8.000000000000000000e+00
8.000000000000000000e+00
8.000000000000000000e+00
8.000000000000000000e+00
8.000000000000000000e+00
8.000000000000000000e+00
8.000000000000000000e+00
8.000000000000000000e+00
8.000000000000000000e+00
8.000000000000000000e+00
8.000000000000000000e+00
8.000000000000000000e+00
8.000000000000000000e+00
8.000000000000000000e+00
8.000000000000000000e+00
8.000000000000000000e+00
8.000000000000000000e+00
8.000000000000000000e+00
8.000000000000000000e+00
8.000000000000000000e+00
8.000000000000000000e+00
8.000000000000000000e+00
8.000000000000000000e+00
8.000000000000000000e+00
8.000000000000000000e+00
8.000000000000000000e+00
8.000000000000000000e+00
8.000000000000000000e+00
8.000000000000000000e+00
8.000000000000000000e+00
8.000000000000000000e+00
8.000000000000000000e+00
8.000000000000000000e+00
8.000000000000000000e+00
8.000000000000000000e+00
8.000000000000000000e+00
8.000000000000000000e+00
8.000000000000000000e+00
8.000000000000000000e+00
8.000000000000000000e+00
8.000000000000000000e+00
8.000000000000000000e+00
8.000000000000000000e+00
8.000000000000000000e+00
8.000000000000000000e+00
8.000000000000000000e+00
8.000000000000000000e+00
8.000000000000000000e+00
8.000000000000000000e+00
8.000000000000000000e+00
8.000000000000000000e+00
8.000000000000000000e+00
9.000000000000000000e+00
9.000000000000000000e+00
1.000000000000000000e+01
1.000000000000000000e+01
1.100000000000000000e+01
1.100000000000000000e+01
1.100000000000000000e+01
1.100000000000000000e+01
1.100000000000000000e+01
1.100000000000000000e+01
1.100000000000000000e+01
1.100000000000000000e+01
1.100000000000000000e+01
1.100000000000000000e+01
1.100000000000000000e+01
1.100000000000000000e+01
1.100000000000000000e+01
1.100000000000000000e+01
1.100000000000000000e+01
1.100000000000000000e+01
1.100000000000000000e+01
1.100000000000000000e+01
1.100000000000000000e+01
1.100000000000000000e+01
1.100000000000000000e+01
1.500000000000000000e+01
1.600000000000000000e+01
1.600000000000000000e+01
1.900000000000000000e+01
2.700000000000000000e+01
3.000000000000000000e+01
3.100000000000000000e+01
3.200000000000000000e+01
3.900000000000000000e+01
6.200000000000000000e+01
6.200000000000000000e+01
6.300000000000000000e+01
6.300000000000000000e+01
6.300000000000000000e+01
7.200000000000000000e+01
9.100000000000000000e+01
1.100000000000000000e+02
1.110000000000000000e+02
1.140000000000000000e+02
1.530000000000000000e+02
1.630000000000000000e+02
1.880000000000000000e+02
1.880000000000000000e+02
2.140000000000000000e+02
2.140000000000000000e+02
2.140000000000000000e+02
2.870000000000000000e+02
2.710000000000000000e+02
2.710000000000000000e+02
2.710000000000000000e+02
3.230000000000000000e+02
3.330000000000000000e+02
3.470000000000000000e+02
3.470000000000000000e+02
3.610000000000000000e+02
3.610000000000000000e+02
3.610000000000000000e+02
4.010000000000000000e+02
4.010000000000000000e+02
4.190000000000000000e+02
4.190000000000000000e+02
4.240000000000000000e+02
4.530000000000000000e+02
4.530000000000000000e+02
4.590000000000000000e+02
4.590000000000000000e+02
4.600000000000000000e+02
4.710000000000000000e+02
4.710000000000000000e+02
4.790000000000000000e+02
4.880000000000000000e+02
4.970000000000000000e+02
4.970000000000000000e+02
5.030000000000000000e+02
5.040000000000000000e+02
5.070000000000000000e+02
5.080000000000000000e+02
5.080000000000000000e+02
5.100000000000000000e+02
5.110000000000000000e+02
5.110000000000000000e+02
5.160000000000000000e+02
5.160000000000000000e+02
5.160000000000000000e+02
5.160000000000000000e+02
5.170000000000000000e+02
5.170000000000000000e+02
5.270000000000000000e+02
5.270000000000000000e+02
5.310000000000000000e+02
5.320000000000000000e+02
5.320000000000000000e+02
5.320000000000000000e+02
5.320000000000000000e+02
5.340000000000000000e+02
5.340000000000000000e+02
5.390000000000000000e+02
5.390000000000000000e+02
5.400000000000000000e+02
5.400000000000000000e+02
5.400000000000000000e+02
5.410000000000000000e+02
5.410000000000000000e+02
5.490000000000000000e+02
5.490000000000000000e+02
5.490000000000000000e+02
5.540000000000000000e+02
5.650000000000000000e+02
5.650000000000000000e+02
5.780000000000000000e+02
5.780000000000000000e+02
5.780000000000000000e+02
5.810000000000000000e+02
5.810000000000000000e+02
5.810000000000000000e+02
5.810000000000000000e+02
5.810000000000000000e+02
5.830000000000000000e+02
5.830000000000000000e+02
5.830000000000000000e+02
5.830000000000000000e+02
5.880000000000000000e+02
5.880000000000000000e+02
5.880000000000000000e+02
5.890000000000000000e+02
5.890000000000000000e+02
5.890000000000000000e+02
5.890000000000000000e+02
5.900000000000000000e+02
5.970000000000000000e+02
5.970000000000000000e+02
5.970000000000000000e+02
5.970000000000000000e+02
5.970000000000000000e+02
5.990000000000000000e+02
5.990000000000000000e+02
5.990000000000000000e+02
5.990000000000000000e+02
5.990000000000000000e+02
6.000000000000000000e+02
6.000000000000000000e+02
6.020000000000000000e+02
6.020000000000000000e+02
6.020000000000000000e+02
6.040000000000000000e+02
6.040000000000000000e+02
6.040000000000000000e+02
6.040000000000000000e+02
6.040000000000000000e+02
6.300000000000000000e+02
6.300000000000000000e+02
6.450000000000000000e+02
6.450000000000000000e+02
6.450000000000000000e+02
6.450000000000000000e+02
6.450000000000000000e+02
6.560000000000000000e+02
6.690000000000000000e+02
6.690000000000000000e+02
6.710000000000000000e+02
6.710000000000000000e+02
6.710000000000000000e+02
6.710000000000000000e+02
6.710000000000000000e+02
6.840000000000000000e+02
6.840000000000000000e+02
6.840000000000000000e+02
7.200000000000000000e+02
7.200000000000000000e+02
7.250000000000000000e+02
7.250000000000000000e+02
7.290000000000000000e+02
7.290000000000000000e+02
7.600000000000000000e+02
7.600000000000000000e+02
7.600000000000000000e+02
7.600000000000000000e+02
7.610000000000000000e+02
7.610000000000000000e+02
7.610000000000000000e+02
7.800000000000000000e+02
7.800000000000000000e+02
7.800000000000000000e+02
7.800000000000000000e+02
7.800000000000000000e+02
7.800000000000000000e+02
7.800000000000000000e+02
7.800000000000000000e+02
7.800000000000000000e+02
7.800000000000000000e+02
7.990000000000000000e+02
7.990000000000000000e+02
7.990000000000000000e+02
7.990000000000000000e+02
7.990000000000000000e+02
8.110000000000000000e+02
8.110000000000000000e+02
8.110000000000000000e+02
8.190000000000000000e+02
8.230000000000000000e+02
8.330000000000000000e+02
8.340000000000000000e+02
8.340000000000000000e+02
8.340000000000000000e+02
8.340000000000000000e+02
8.340000000000000000e+02
8.340000000000000000e+02
8.350000000000000000e+02
8.350000000000000000e+02
8.350000000000000000e+02
8.350000000000000000e+02
8.350000000000000000e+02
8.350000000000000000e+02
8.500000000000000000e+02
8.510000000000000000e+02
8.510000000000000000e+02
8.510000000000000000e+02
8.510000000000000000e+02
8.510000000000000000e+02
8.670000000000000000e+02
8.670000000000000000e+02
8.670000000000000000e+02
8.670000000000000000e+02
8.910000000000000000e+02
8.910000000000000000e+02
8.950000000000000000e+02
9.000000000000000000e+02
9.000000000000000000e+02
9.000000000000000000e+02
9.140000000000000000e+02
9.140000000000000000e+02
9.140000000000000000e+02
9.140000000000000000e+02
9.140000000000000000e+02
9.550000000000000000e+02
9.550000000000000000e+02
9.550000000000000000e+02
9.550000000000000000e+02
9.700000000000000000e+02
9.700000000000000000e+02
1.056000000000000000e+03
1.111000000000000000e+03
1.139000000000000000e+03
1.228000000000000000e+03
1.228000000000000000e+03
1.275000000000000000e+03
1.275000000000000000e+03
1.365000000000000000e+03
1.365000000000000000e+03
1.365000000000000000e+03
1.365000000000000000e+03
1.492000000000000000e+03
1.492000000000000000e+03
1.583000000000000000e+03
1.670000000000000000e+03
1.741000000000000000e+03
1.741000000000000000e+03
1.819000000000000000e+03
1.819000000000000000e+03
1.819000000000000000e+03
2.173000000000000000e+03
2.269000000000000000e+03
2.351000000000000000e+03
2.351000000000000000e+03
2.479000000000000000e+03
2.658000000000000000e+03
3.085000000000000000e+03
3.085000000000000000e+03
3.359000000000000000e+03
3.758000000000000000e+03
4.109000000000000000e+03
4.109000000000000000e+03
4.660000000000000000e+03
4.660000000000000000e+03
5.184000000000000000e+03
5.349000000000000000e+03
5.620000000000000000e+03
5.991000000000000000e+03
6.112000000000000000e+03
6.475000000000000000e+03
6.619000000000000000e+03
7.038000000000000000e+03
7.406000000000000000e+03
7.406000000000000000e+03
7.634000000000000000e+03
7.839000000000000000e+03
7.839000000000000000e+03
8.342000000000000000e+03
8.442000000000000000e+03
8.602000000000000000e+03
8.821000000000000000e+03
8.984000000000000000e+03
9.188000000000000000e+03
9.343000000000000000e+03
9.343000000000000000e+03
9.738000000000000000e+03
9.952000000000000000e+03
9.952000000000000000e+03
9.952000000000000000e+03
1.033800000000000000e+04
1.033800000000000000e+04
1.060200000000000000e+04
1.067000000000000000e+04
1.083500000000000000e+04
1.083500000000000000e+04
1.091500000000000000e+04
1.099700000000000000e+04
1.099700000000000000e+04
1.111900000000000000e+04
1.120600000000000000e+04
1.126200000000000000e+04
1.127300000000000000e+04
1.127300000000000000e+04
1.163000000000000000e+04
1.163000000000000000e+04
1.163000000000000000e+04
1.163000000000000000e+04
1.208600000000000000e+04
1.249300000000000000e+04
1.299700000000000000e+04
1.324200000000000000e+04
1.370700000000000000e+04
1.370700000000000000e+04
1.370700000000000000e+04
1.370700000000000000e+04
1.420600000000000000e+04
1.463900000000000000e+04
1.491000000000000000e+04
1.491000000000000000e+04
1.491000000000000000e+04
1.491000000000000000e+04
1.518700000000000000e+04
1.522200000000000000e+04
1.536800000000000000e+04
1.541500000000000000e+04
1.577200000000000000e+04
1.577200000000000000e+04
1.584800000000000000e+04
1.591000000000000000e+04
1.591000000000000000e+04
1.591000000000000000e+04
1.618500000000000000e+04
1.618500000000000000e+04
1.625800000000000000e+04
1.632700000000000000e+04
1.637400000000000000e+04
1.639800000000000000e+04
1.658000000000000000e+04
1.662100000000000000e+04
1.662100000000000000e+04
1.666100000000000000e+04
1.668200000000000000e+04
1.668200000000000000e+04
1.668200000000000000e+04
1.679100000000000000e+04
1.679900000000000000e+04
1.679900000000000000e+04
1.693300000000000000e+04
1.693300000000000000e+04
1.701300000000000000e+04
1.701300000000000000e+04
1.707900000000000000e+04
1.707900000000000000e+04
1.707900000000000000e+04
1.709800000000000000e+04
1.709800000000000000e+04
1.709800000000000000e+04
1.709800000000000000e+04
1.709800000000000000e+04
1.709800000000000000e+04
1.709800000000000000e+04
1.709800000000000000e+04
1.709800000000000000e+04
1.709800000000000000e+04
1.709800000000000000e+04
1.729200000000000000e+04
1.729200000000000000e+04
1.729200000000000000e+04
1.729200000000000000e+04
1.734000000000000000e+04
1.734000000000000000e+04
1.734000000000000000e+04
1.734000000000000000e+04
1.734000000000000000e+04
1.734000000000000000e+04
1.734000000000000000e+04
1.734000000000000000e+04
1.746700000000000000e+04
1.751500000000000000e+04
1.752400000000000000e+04
1.758100000000000000e+04
1.758100000000000000e+04
1.763700000000000000e+04
1.763700000000000000e+04
1.763700000000000000e+04
1.765500000000000000e+04
1.767000000000000000e+04
1.767300000000000000e+04
1.767300000000000000e+04
1.771700000000000000e+04
1.771700000000000000e+04
1.777400000000000000e+04
1.777400000000000000e+04
1.777400000000000000e+04
1.777400000000000000e+04
1.777400000000000000e+04
1.777400000000000000e+04
1.777400000000000000e+04
1.777400000000000000e+04
1.777400000000000000e+04
1.778000000000000000e+04
1.780600000000000000e+04
1.780600000000000000e+04
1.780600000000000000e+04
1.780600000000000000e+04
1.781200000000000000e+04
1.781200000000000000e+04
1.783200000000000000e+04
1.783200000000000000e+04
1.783200000000000000e+04
1.783200000000000000e+04
1.783200000000000000e+04
1.783800000000000000e+04
1.783800000000000000e+04
1.783800000000000000e+04
1.783800000000000000e+04
1.783800000000000000e+04
1.783800000000000000e+04
1.783800000000000000e+04
1.783800000000000000e+04
1.783800000000000000e+04
1.792600000000000000e+04
1.792600000000000000e+04
1.792600000000000000e+04
1.792600000000000000e+04
1.792600000000000000e+04
1.792600000000000000e+04
1.801200000000000000e+04
1.801200000000000000e+04
1.833900000000000000e+04
1.833900000000000000e+04
1.838100000000000000e+04
1.838100000000000000e+04
1.841200000000000000e+04
1.854200000000000000e+04
1.854200000000000000e+04
1.854200000000000000e+04
1.854200000000000000e+04
1.854200000000000000e+04
1.854200000000000000e+04
1.896800000000000000e+04
1.906900000000000000e+04
1.918200000000000000e+04
1.918200000000000000e+04
1.927800000000000000e+04
1.927800000000000000e+04
1.952300000000000000e+04
1.952300000000000000e+04
1.952300000000000000e+04
1.990300000000000000e+04
2.022100000000000000e+04
2.045500000000000000e+04
2.067200000000000000e+04
2.067200000000000000e+04
2.103200000000000000e+04
2.136500000000000000e+04
2.164000000000000000e+04
2.189600000000000000e+04
2.241300000000000000e+04
2.241300000000000000e+04
2.302600000000000000e+04
2.302600000000000000e+04
2.336500000000000000e+04
2.362900000000000000e+04
2.404100000000000000e+04
2.404100000000000000e+04
2.404100000000000000e+04
2.404100000000000000e+04
2.485700000000000000e+04
2.535600000000000000e+04
2.576900000000000000e+04
2.615400000000000000e+04
2.673100000000000000e+04
2.673100000000000000e+04
2.762700000000000000e+04
2.789500000000000000e+04
2.820900000000000000e+04
2.848700000000000000e+04
2.882300000000000000e+04
2.910800000000000000e+04
2.910800000000000000e+04
2.971500000000000000e+04
2.981300000000000000e+04
3.003500000000000000e+04
3.101000000000000000e+04
3.101000000000000000e+04
3.128700000000000000e+04
3.128700000000000000e+04
3.147900000000000000e+04
3.179100000000000000e+04
3.189300000000000000e+04
3.227900000000000000e+04
3.237800000000000000e+04
3.262700000000000000e+04
3.283000000000000000e+04
3.295300000000000000e+04
3.298500000000000000e+04
3.305400000000000000e+04
3.333700000000000000e+04
3.333700000000000000e+04
3.402200000000000000e+04
3.402200000000000000e+04
3.444200000000000000e+04
3.447200000000000000e+04
3.460500000000000000e+04
3.470700000000000000e+04
3.484600000000000000e+04
3.490600000000000000e+04
3.490600000000000000e+04
3.502900000000000000e+04
3.509000000000000000e+04
3.517900000000000000e+04
3.523700000000000000e+04
3.535400000000000000e+04
3.539000000000000000e+04
3.539000000000000000e+04
3.553800000000000000e+04
3.553800000000000000e+04
3.566200000000000000e+04
3.570200000000000000e+04
3.583500000000000000e+04
3.583500000000000000e+04
3.583500000000000000e+04
3.592700000000000000e+04
3.593700000000000000e+04
3.596200000000000000e+04
3.596600000000000000e+04
3.596600000000000000e+04
3.600400000000000000e+04
3.600400000000000000e+04
3.600400000000000000e+04
3.600400000000000000e+04
3.600600000000000000e+04
3.604000000000000000e+04
3.605900000000000000e+04
3.611000000000000000e+04
3.611000000000000000e+04
3.611000000000000000e+04
3.613000000000000000e+04
3.613000000000000000e+04
3.613700000000000000e+04
3.615800000000000000e+04
3.615800000000000000e+04
3.615800000000000000e+04
3.619000000000000000e+04
3.619200000000000000e+04
3.619300000000000000e+04
3.619600000000000000e+04
3.628500000000000000e+04
3.632600000000000000e+04
3.632600000000000000e+04
3.635700000000000000e+04
