1.452746767595984601e+01
8.100767165425846628e+00
1.505261740015138727e+01
1.311616151048109913e+01
4.300983661684176340e+00
-7.358851781292417016e-01
4.305277013911106287e+00
1.005704936945918959e+01
3.630348858930759093e+00
1.058219909365880795e+01
8.645743203973424329e+00
-1.694346448221955015e-01
-5.206303484632698542e+00
-1.651412926030995099e-01
5.586631062963844485e+00
-8.400694475643883941e-01
6.111780787172861551e+00
4.175324897488200904e+00
-4.639852951271510761e+00
-9.676721791109278215e+00
-4.635559599094926320e+00
1.116212756474844081e+00
-5.310487754059415089e+00
1.641362480673648427e+00
-2.950934089994392551e-01
-9.110271257791524135e+00
-1.414714009761279456e+01
-9.105977905576175147e+00
-3.354205550020378901e+00
-9.780906060555951242e+00
-2.829055825812297975e+00
-4.765511715495888367e+00
-1.358068956428425267e+01
-1.861755840410278040e+01
-1.357639621207839653e+01
-7.824623856521096599e+00
-1.425132436705030869e+01
-7.299474132298243489e+00
-9.235930021992338368e+00
-1.805110787079056323e+01
-2.308797671060538903e+01
-1.804681451855976704e+01
-1.229504216301094743e+01
-1.872174267354612098e+01
-1.176989243879088320e+01
-1.370634832846868889e+01
-2.252152617728329176e+01
-2.755839501709549921e+01
-2.251723282504101675e+01
-1.676546046951166602e+01
-2.319216098004121207e+01
-1.624031074530708452e+01
-1.817676663497642764e+01
-2.699194448380337263e+01
-3.202881332359888944e+01
-2.698765113157625350e+01
-2.123587877600066776e+01
-2.766257928653629605e+01
-2.071072905179972423e+01
-2.264718494146164929e+01
