1.189943812896696272e+03
1.254419969173221261e+03
1.239973765185208094e+03
1.283995071840057335e+03
1.335964746672172168e+03
1.382638197705318134e+03
1.431542501531177095e+03
1.482751889154203127e+03
1.545801497609207900e+03
1.528346397733727144e+03
1.567915736245666494e+03
1.614153213983985097e+03
1.653992973106714544e+03
1.695148900909982103e+03
1.737882489163687069e+03
1.791909461883936046e+03
1.765052474717843324e+03
1.794989983731622488e+03
1.831492722117859785e+03
1.861597022858674336e+03
1.893093102256261318e+03
1.926293487846217204e+03
1.970941783237099571e+03
1.934868987577654025e+03
1.955747319116444714e+03
1.983332774739330489e+03
2.004645405288982147e+03
2.027465120395271015e+03
2.052107872588022474e+03
2.088342058637960690e+03
2.044051993096056776e+03
2.056998045940549673e+03
2.077064337214424995e+03
2.091442661128178315e+03
2.108130189983058699e+03
2.127705599366107890e+03
2.160243308774961406e+03
2.113972620904829000e+03
2.127031357028221464e+03
2.149704966925938152e+03
2.169599951532185514e+03
2.195129391865501930e+03
2.227275541129789417e+03
2.276489553902491025e+03
2.251335569427891187e+03
2.290229221899127879e+03
2.343662059059211970e+03
2.399361222132582498e+03
2.465762690965920683e+03
2.543763540289715820e+03
2.643613732034179975e+03
2.673555057755554571e+03
2.771557632279359041e+03
2.887545666233233078e+03
3.008562023945000874e+03
3.142249922834867448e+03
3.288617165705939442e+03
3.456943267269514763e+03
3.554436817198237804e+03
3.717993105178380119e+03
