6.463027104918906973e-01
5.168510443784928299e-01
8.697971267884105906e-01
3.599570378324341013e-01
4.598165061406249698e-01
4.331347643068940712e-01
7.055748529107304101e-01
6.288221760121124326e-01
4.993705098984572710e-01
8.523165923081204021e-01
3.424765033522774726e-01
4.423359716611295900e-01
4.156542298252602352e-01
6.880943184305173821e-01
6.113416415323341679e-01
4.818899754192507157e-01
8.348360578286448952e-01
3.249959688732709795e-01
4.248554371804775798e-01
3.981736953457342132e-01
6.706137839503247822e-01
5.938611070525559033e-01
4.644094409383862088e-01
8.173555233484828264e-01
3.075154343932091638e-01
4.073749027009821444e-01
3.806931608652611709e-01
6.531332494701118652e-01
5.763805725720945183e-01
4.469289064591796534e-01
7.998749888685998677e-01
2.900348999129572780e-01
3.898943682209081718e-01
3.632126263866826132e-01
6.356527149910279340e-01
5.589000380934028289e-01
4.294483719799730981e-01
7.823944543887170200e-01
2.725543654328004273e-01
3.724138337407785770e-01
3.457320919062092934e-01
6.181721805096862532e-01
5.414195036125384330e-01
4.119678374999377057e-01
7.649139199089625141e-01
2.550738309525488745e-01
3.549332992607047155e-01
3.282515574257359181e-01
6.006916460306019889e-01
5.239389691327601684e-01
3.944873030193213337e-01
7.474333854286721035e-01
2.375932964724868368e-01
3.374527647812091136e-01
3.107710229459967888e-01
5.832111115504091670e-01
5.064584346529817926e-01
3.770067685392859413e-01
7.299528509491970407e-01
2.201127619922351730e-01
