0.000000000000000000e+00
0.000000000000000000e+00
0.000000000000000000e+00
0.000000000000000000e+00
0.000000000000000000e+00
0.000000000000000000e+00
0.000000000000000000e+00
1.000000000000000000e+00
1.000000000000000000e+00
1.000000000000000000e+00
1.000000000000000000e+00
1.000000000000000000e+00
1.000000000000000000e+00
1.000000000000000000e+00
1.000000000000000000e+00
1.000000000000000000e+00
1.000000000000000000e+00
1.000000000000000000e+00
1.000000000000000000e+00
1.000000000000000000e+00
2.000000000000000000e+00
2.000000000000000000e+00
2.000000000000000000e+00
2.000000000000000000e+00
2.000000000000000000e+00
2.000000000000000000e+00
2.000000000000000000e+00
2.000000000000000000e+00
2.000000000000000000e+00
2.000000000000000000e+00
2.000000000000000000e+00
2.000000000000000000e+00
3.000000000000000000e+00
3.000000000000000000e+00
3.000000000000000000e+00
4.000000000000000000e+00
4.000000000000000000e+00
5.000000000000000000e+00
8.000000000000000000e+00
9.000000000000000000e+00
1.000000000000000000e+01
1.000000000000000000e+01
1.400000000000000000e+01
2.000000000000000000e+01
2.100000000000000000e+01
2.800000000000000000e+01
3.500000000000000000e+01
4.400000000000000000e+01
6.100000000000000000e+01
1.150000000000000000e+02
1.910000000000000000e+02
2.510000000000000000e+02
2.790000000000000000e+02
3.080000000000000000e+02
3.610000000000000000e+02
4.130000000000000000e+02
4.600000000000000000e+02
5.500000000000000000e+02
6.490000000000000000e+02
7.360000000000000000e+02
8.230000000000000000e+02
9.010000000000000000e+02
9.850000000000000000e+02
1.084000000000000000e+03
1.188000000000000000e+03
1.301000000000000000e+03
1.396000000000000000e+03
1.473000000000000000e+03
1.543000000000000000e+03
1.672000000000000000e+03
1.797000000000000000e+03
1.946000000000000000e+03
2.107000000000000000e+03
2.306000000000000000e+03
2.387000000000000000e+03
2.509000000000000000e+03
2.718000000000000000e+03
2.918000000000000000e+03
3.056000000000000000e+03
3.214000000000000000e+03
3.285000000000000000e+03
3.360000000000000000e+03
3.440000000000000000e+03
3.557000000000000000e+03
3.732000000000000000e+03
3.862000000000000000e+03
3.982000000000000000e+03
4.107000000000000000e+03
4.163000000000000000e+03
4.230000000000000000e+03
4.373000000000000000e+03
4.485000000000000000e+03
4.609000000000000000e+03
4.725000000000000000e+03
4.817000000000000000e+03
4.893000000000000000e+03
4.966000000000000000e+03
5.089000000000000000e+03
5.228000000000000000e+03
5.336000000000000000e+03
5.422000000000000000e+03
5.470000000000000000e+03
5.528000000000000000e+03
5.589000000000000000e+03
5.722000000000000000e+03
5.847000000000000000e+03
5.942000000000000000e+03
6.050000000000000000e+03
6.131000000000000000e+03
6.178000000000000000e+03
6.206000000000000000e+03
6.298000000000000000e+03
6.365000000000000000e+03
6.443000000000000000e+03
6.493000000000000000e+03
6.548000000000000000e+03
6.573000000000000000e+03
6.602000000000000000e+03
6.647000000000000000e+03
6.688000000000000000e+03
6.731000000000000000e+03
6.753000000000000000e+03
6.785000000000000000e+03
6.803000000000000000e+03
6.823000000000000000e+03
6.868000000000000000e+03
6.901000000000000000e+03
6.913000000000000000e+03
6.943000000000000000e+03
6.964000000000000000e+03
6.974000000000000000e+03
6.986000000000000000e+03
7.003000000000000000e+03
7.018000000000000000e+03
7.043000000000000000e+03
7.055000000000000000e+03
7.068000000000000000e+03
7.081000000000000000e+03
7.085000000000000000e+03
7.095000000000000000e+03
7.103000000000000000e+03
7.110000000000000000e+03
7.119000000000000000e+03
7.132000000000000000e+03
7.134000000000000000e+03
7.139000000000000000e+03
7.155000000000000000e+03
7.163000000000000000e+03
7.167000000000000000e+03
7.175000000000000000e+03
7.175000000000000000e+03
7.177000000000000000e+03
7.190000000000000000e+03
7.195000000000000000e+03
7.200000000000000000e+03
7.217000000000000000e+03
7.231000000000000000e+03
7.234000000000000000e+03
7.236000000000000000e+03
7.243000000000000000e+03
7.259000000000000000e+03
7.269000000000000000e+03
7.271000000000000000e+03
7.278000000000000000e+03
7.284000000000000000e+03
7.286000000000000000e+03
7.289000000000000000e+03
7.297000000000000000e+03
7.300000000000000000e+03
7.309000000000000000e+03
7.317000000000000000e+03
7.323000000000000000e+03
7.323000000000000000e+03
7.327000000000000000e+03
7.333000000000000000e+03
7.338000000000000000e+03
7.343000000000000000e+03
7.352000000000000000e+03
7.358000000000000000e+03
7.365000000000000000e+03
7.370000000000000000e+03
7.382000000000000000e+03
7.390000000000000000e+03
7.401000000000000000e+03
7.404000000000000000e+03
7.414000000000000000e+03
7.418000000000000000e+03
7.426000000000000000e+03
7.438000000000000000e+03
7.447000000000000000e+03
7.459000000000000000e+03
7.467000000000000000e+03
7.485000000000000000e+03
7.500000000000000000e+03
7.510000000000000000e+03
7.545000000000000000e+03
7.567000000000000000e+03
7.596000000000000000e+03
7.618000000000000000e+03
7.635000000000000000e+03
7.644000000000000000e+03
7.679000000000000000e+03
7.694000000000000000e+03
7.722000000000000000e+03
7.749000000000000000e+03
7.770000000000000000e+03
7.797000000000000000e+03
7.811000000000000000e+03
7.854000000000000000e+03
7.881000000000000000e+03
7.920000000000000000e+03
7.967000000000000000e+03
7.994000000000000000e+03
8.019000000000000000e+03
8.035000000000000000e+03
8.046000000000000000e+03
8.063000000000000000e+03
8.078000000000000000e+03
8.098000000000000000e+03
8.130000000000000000e+03
8.165000000000000000e+03
8.184000000000000000e+03
8.202000000000000000e+03
8.250000000000000000e+03
8.279000000000000000e+03
8.305000000000000000e+03
8.341000000000000000e+03
8.383000000000000000e+03
8.405000000000000000e+03
8.438000000000000000e+03
8.483000000000000000e+03
8.540000000000000000e+03
8.595000000000000000e+03
8.649000000000000000e+03
8.707000000000000000e+03
8.747000000000000000e+03
8.792000000000000000e+03
8.851000000000000000e+03
8.904000000000000000e+03
8.962000000000000000e+03
9.047000000000000000e+03
9.124000000000000000e+03
9.188000000000000000e+03
9.262000000000000000e+03
9.382000000000000000e+03
9.492000000000000000e+03
9.610000000000000000e+03
9.708000000000000000e+03
9.836000000000000000e+03
9.910000000000000000e+03
9.981000000000000000e+03
1.010500000000000000e+04
1.023900000000000000e+04
1.040700000000000000e+04
1.059800000000000000e+04
1.078500000000000000e+04
1.096300000000000000e+04
1.111100000000000000e+04
1.140200000000000000e+04
1.170300000000000000e+04
1.200900000000000000e+04
1.226800000000000000e+04
1.249400000000000000e+04
1.260500000000000000e+04
1.273700000000000000e+04
1.299300000000000000e+04
1.319200000000000000e+04
1.339400000000000000e+04
1.358500000000000000e+04
1.378000000000000000e+04
1.388400000000000000e+04
1.401300000000000000e+04
1.425600000000000000e+04
1.442300000000000000e+04
1.461100000000000000e+04
1.483400000000000000e+04
1.502800000000000000e+04
1.513500000000000000e+04
1.525900000000000000e+04
1.551400000000000000e+04
1.574800000000000000e+04
1.598800000000000000e+04
1.622400000000000000e+04
1.644400000000000000e+04
1.656500000000000000e+04
1.671600000000000000e+04
1.700300000000000000e+04
1.724400000000000000e+04
1.745800000000000000e+04
1.767600000000000000e+04
1.787200000000000000e+04
1.800000000000000000e+04
1.813200000000000000e+04
1.840500000000000000e+04
1.861100000000000000e+04
1.890600000000000000e+04
1.919000000000000000e+04
1.945800000000000000e+04
1.960300000000000000e+04
1.978300000000000000e+04
2.017600000000000000e+04
2.056400000000000000e+04
2.094100000000000000e+04
2.141900000000000000e+04
2.184700000000000000e+04
2.211700000000000000e+04
2.238400000000000000e+04
2.288800000000000000e+04
2.335900000000000000e+04
2.397800000000000000e+04
2.448800000000000000e+04
2.494400000000000000e+04
2.522800000000000000e+04
2.552100000000000000e+04
2.611700000000000000e+04
2.655700000000000000e+04
2.705200000000000000e+04
2.753000000000000000e+04
2.800300000000000000e+04
2.825300000000000000e+04
2.853600000000000000e+04
2.912300000000000000e+04
2.960100000000000000e+04
3.006300000000000000e+04
3.047000000000000000e+04
3.091700000000000000e+04
3.116600000000000000e+04
3.144200000000000000e+04
3.190500000000000000e+04
3.226500000000000000e+04
3.261700000000000000e+04
3.294200000000000000e+04
3.333600000000000000e+04
3.352700000000000000e+04
3.377100000000000000e+04
3.414600000000000000e+04
3.447800000000000000e+04
3.475500000000000000e+04
3.489300000000000000e+04
3.505000000000000000e+04
3.523300000000000000e+04
3.542400000000000000e+04
3.585900000000000000e+04
3.616700000000000000e+04
3.642200000000000000e+04
3.667600000000000000e+04
3.680400000000000000e+04
3.700900000000000000e+04
3.717800000000000000e+04
3.757500000000000000e+04
3.783700000000000000e+04
3.804500000000000000e+04
3.837700000000000000e+04
3.862900000000000000e+04
3.882200000000000000e+04
3.901000000000000000e+04
3.939600000000000000e+04
3.962500000000000000e+04
3.988300000000000000e+04
4.013100000000000000e+04
4.039700000000000000e+04
4.056800000000000000e+04
4.076600000000000000e+04
4.121300000000000000e+04
4.155500000000000000e+04
4.196100000000000000e+04
4.233800000000000000e+04
4.269900000000000000e+04
4.286700000000000000e+04
4.311400000000000000e+04
4.371900000000000000e+04
4.411600000000000000e+04
4.449800000000000000e+04
4.493300000000000000e+04
4.531200000000000000e+04
4.554600000000000000e+04
4.582000000000000000e+04
4.635300000000000000e+04
4.674900000000000000e+04
4.719000000000000000e+04
4.756200000000000000e+04
4.792800000000000000e+04
4.816500000000000000e+04
4.842900000000000000e+04
4.889000000000000000e+04
4.926300000000000000e+04
4.964600000000000000e+04
5.000700000000000000e+04
5.042400000000000000e+04
5.070300000000000000e+04
5.098400000000000000e+04
5.160100000000000000e+04
5.211400000000000000e+04
5.266700000000000000e+04
5.328100000000000000e+04
5.385300000000000000e+04
5.417100000000000000e+04
5.452600000000000000e+04
5.514900000000000000e+04
5.577400000000000000e+04
5.637300000000000000e+04
5.700200000000000000e+04
5.769000000000000000e+04
5.809500000000000000e+04
5.851700000000000000e+04
5.938800000000000000e+04
6.014400000000000000e+04
6.087700000000000000e+04
6.151500000000000000e+04
6.214500000000000000e+04
6.257800000000000000e+04
6.297400000000000000e+04
6.380800000000000000e+04
6.457900000000000000e+04
6.540100000000000000e+04
6.618100000000000000e+04
6.698900000000000000e+04
6.748400000000000000e+04
6.791900000000000000e+04
6.881100000000000000e+04
6.957800000000000000e+04
7.032100000000000000e+04
7.106000000000000000e+04
7.180500000000000000e+04
7.220900000000000000e+04
7.262900000000000000e+04
7.339700000000000000e+04
7.410000000000000000e+04
7.479500000000000000e+04
7.540100000000000000e+04
7.608900000000000000e+04
7.644100000000000000e+04
7.681600000000000000e+04
7.747100000000000000e+04
7.804300000000000000e+04
7.859300000000000000e+04
7.907900000000000000e+04
7.944000000000000000e+04
7.976400000000000000e+04
8.008600000000000000e+04
8.044600000000000000e+04
8.099000000000000000e+04
8.141600000000000000e+04
8.182300000000000000e+04
8.217500000000000000e+04
8.240200000000000000e+04
8.264200000000000000e+04
8.304100000000000000e+04
8.336400000000000000e+04
8.370800000000000000e+04
8.398200000000000000e+04
8.424700000000000000e+04
8.441900000000000000e+04
8.457500000000000000e+04
8.486100000000000000e+04
8.514700000000000000e+04
8.538000000000000000e+04
8.563600000000000000e+04
8.589100000000000000e+04
8.604500000000000000e+04
8.618500000000000000e+04
8.642700000000000000e+04
8.665600000000000000e+04
8.693000000000000000e+04
8.713100000000000000e+04
8.732800000000000000e+04
8.743700000000000000e+04
8.757200000000000000e+04
8.788800000000000000e+04
8.809400000000000000e+04
8.835900000000000000e+04
8.859800000000000000e+04
8.881200000000000000e+04
8.894600000000000000e+04
8.907600000000000000e+04
8.933300000000000000e+04
8.954800000000000000e+04
8.980400000000000000e+04
8.996100000000000000e+04
9.021000000000000000e+04
9.037400000000000000e+04
9.050800000000000000e+04
9.079200000000000000e+04
9.100900000000000000e+04
9.124000000000000000e+04
9.145700000000000000e+04
9.162500000000000000e+04
9.173300000000000000e+04
9.182600000000000000e+04
9.201400000000000000e+04
9.216700000000000000e+04
9.231000000000000000e+04
9.243700000000000000e+04
9.257200000000000000e+04
9.263600000000000000e+04
9.271500000000000000e+04
9.286600000000000000e+04
9.298700000000000000e+04
9.310600000000000000e+04
9.321700000000000000e+04
9.331900000000000000e+04
9.338300000000000000e+04
9.344300000000000000e+04
9.358200000000000000e+04
9.368300000000000000e+04
9.376400000000000000e+04
9.383700000000000000e+04
9.390700000000000000e+04
9.395300000000000000e+04
9.400100000000000000e+04
9.409400000000000000e+04
9.417200000000000000e+04
9.423600000000000000e+04
9.432700000000000000e+04
9.440800000000000000e+04
9.446500000000000000e+04
9.454500000000000000e+04
9.465700000000000000e+04
9.476700000000000000e+04
9.491100000000000000e+04
9.507300000000000000e+04
9.526800000000000000e+04
9.539900000000000000e+04
9.551800000000000000e+04
9.574800000000000000e+04
9.600900000000000000e+04
9.620500000000000000e+04
9.640700000000000000e+04
9.657400000000000000e+04
9.670600000000000000e+04
9.681400000000000000e+04
9.705700000000000000e+04
9.731700000000000000e+04
9.760900000000000000e+04
9.789300000000000000e+04
9.820100000000000000e+04
9.835000000000000000e+04
9.851000000000000000e+04
9.884000000000000000e+04
9.918200000000000000e+04
9.956400000000000000e+04
9.994600000000000000e+04
1.003010000000000000e+05
1.005070000000000000e+05
1.007560000000000000e+05
1.011760000000000000e+05
1.016000000000000000e+05
1.020680000000000000e+05
1.025550000000000000e+05
1.030330000000000000e+05
1.033340000000000000e+05
1.036850000000000000e+05
1.044550000000000000e+05
1.051800000000000000e+05
1.059900000000000000e+05
1.067620000000000000e+05
1.074580000000000000e+05
1.078660000000000000e+05
1.083430000000000000e+05
1.092360000000000000e+05
1.100760000000000000e+05
1.108600000000000000e+05
1.117360000000000000e+05
1.124210000000000000e+05
1.129060000000000000e+05
1.134430000000000000e+05
1.144790000000000000e+05
1.153050000000000000e+05
1.162280000000000000e+05
1.170170000000000000e+05
1.177570000000000000e+05
1.181830000000000000e+05
1.186280000000000000e+05
1.193960000000000000e+05
1.201370000000000000e+05
1.208450000000000000e+05
1.215150000000000000e+05
1.221700000000000000e+05
1.225680000000000000e+05
1.230240000000000000e+05
1.237060000000000000e+05
1.243150000000000000e+05
1.250140000000000000e+05
1.256240000000000000e+05
1.263280000000000000e+05
1.267670000000000000e+05
1.272310000000000000e+05
1.279750000000000000e+05
1.286250000000000000e+05
1.292730000000000000e+05
1.299230000000000000e+05
1.304430000000000000e+05
1.307790000000000000e+05
1.311250000000000000e+05
1.317060000000000000e+05
1.322280000000000000e+05
1.327100000000000000e+05
1.331690000000000000e+05
1.336650000000000000e+05
1.339940000000000000e+05
1.342770000000000000e+05
1.348100000000000000e+05
1.352900000000000000e+05
1.357440000000000000e+05
1.361800000000000000e+05
1.365690000000000000e+05
1.368090000000000000e+05
1.370940000000000000e+05
1.375830000000000000e+05
1.380720000000000000e+05
1.385560000000000000e+05
1.390360000000000000e+05
1.394600000000000000e+05
1.397590000000000000e+05
1.401140000000000000e+05
1.407980000000000000e+05
1.414410000000000000e+05
1.421100000000000000e+05
1.427280000000000000e+05
1.432590000000000000e+05
1.436140000000000000e+05
1.439970000000000000e+05
1.447400000000000000e+05
1.454690000000000000e+05
1.462150000000000000e+05
1.468260000000000000e+05
1.474220000000000000e+05
1.478470000000000000e+05
1.482460000000000000e+05
1.489370000000000000e+05
1.495470000000000000e+05
1.501850000000000000e+05
1.507430000000000000e+05
1.513050000000000000e+05
1.516490000000000000e+05
1.519680000000000000e+05
1.526290000000000000e+05
1.531790000000000000e+05
1.536950000000000000e+05
1.543180000000000000e+05
1.548980000000000000e+05
1.552720000000000000e+05
1.556610000000000000e+05
1.564540000000000000e+05
1.571340000000000000e+05
1.577740000000000000e+05
1.583640000000000000e+05
1.590190000000000000e+05
1.594240000000000000e+05
1.598630000000000000e+05
1.608360000000000000e+05
1.615910000000000000e+05
1.623620000000000000e+05
1.631640000000000000e+05
1.640060000000000000e+05
1.645200000000000000e+05
1.650280000000000000e+05
1.661500000000000000e+05
1.669830000000000000e+05
1.679510000000000000e+05
1.688850000000000000e+05
1.698310000000000000e+05
1.704490000000000000e+05
1.710200000000000000e+05
1.722720000000000000e+05
1.734710000000000000e+05
1.746410000000000000e+05
1.758560000000000000e+05
1.771300000000000000e+05
1.778380000000000000e+05
1.785130000000000000e+05
1.799350000000000000e+05
1.812730000000000000e+05
1.825280000000000000e+05
1.838040000000000000e+05
1.851040000000000000e+05
1.858980000000000000e+05
1.866880000000000000e+05
1.883900000000000000e+05
1.898170000000000000e+05
1.912610000000000000e+05
1.927290000000000000e+05
1.942580000000000000e+05
1.952300000000000000e+05
1.962330000000000000e+05
1.973100000000000000e+05
1.992350000000000000e+05
2.009680000000000000e+05
2.026760000000000000e+05
2.044790000000000000e+05
2.056030000000000000e+05
2.068720000000000000e+05
2.092280000000000000e+05
2.110610000000000000e+05
2.131600000000000000e+05
2.151500000000000000e+05
2.173220000000000000e+05
2.189360000000000000e+05
2.206900000000000000e+05
2.237300000000000000e+05
2.268990000000000000e+05
2.304360000000000000e+05
2.343400000000000000e+05
2.366150000000000000e+05
2.392880000000000000e+05
2.425880000000000000e+05
2.492460000000000000e+05
2.561190000000000000e+05
2.635040000000000000e+05
2.708290000000000000e+05
2.777000000000000000e+05
2.817020000000000000e+05
2.866790000000000000e+05
2.962040000000000000e+05
3.061880000000000000e+05
3.159150000000000000e+05
3.232460000000000000e+05
3.322700000000000000e+05
3.380700000000000000e+05
3.447110000000000000e+05
3.552580000000000000e+05
3.644700000000000000e+05
3.733980000000000000e+05
3.816730000000000000e+05
3.897700000000000000e+05
3.954720000000000000e+05
4.017220000000000000e+05
4.118490000000000000e+05
4.210130000000000000e+05
4.295250000000000000e+05
4.375730000000000000e+05
4.448690000000000000e+05
4.492370000000000000e+05
4.538330000000000000e+05
4.610010000000000000e+05
4.643940000000000000e+05
4.706650000000000000e+05
4.754310000000000000e+05
4.754310000000000000e+05
4.754310000000000000e+05
4.898700000000000000e+05
4.931140000000000000e+05
5.011520000000000000e+05
5.079400000000000000e+05
5.148920000000000000e+05
5.148920000000000000e+05
5.148920000000000000e+05
5.347900000000000000e+05
5.422620000000000000e+05
5.467820000000000000e+05
5.595870000000000000e+05
5.699730000000000000e+05
5.699730000000000000e+05
5.699730000000000000e+05
5.823830000000000000e+05
5.868090000000000000e+05
5.927650000000000000e+05
6.007180000000000000e+05
6.050460000000000000e+05
6.050460000000000000e+05
6.050460000000000000e+05
6.227170000000000000e+05
6.254630000000000000e+05
6.297270000000000000e+05
6.376580000000000000e+05
6.377290000000000000e+05
6.377290000000000000e+05
6.377290000000000000e+05
6.377570000000000000e+05
6.574430000000000000e+05
6.585590000000000000e+05
6.645880000000000000e+05
6.717730000000000000e+05
6.717730000000000000e+05
6.717730000000000000e+05
6.941420000000000000e+05
6.941420000000000000e+05
7.030520000000000000e+05
7.131030000000000000e+05
7.342620000000000000e+05
7.342620000000000000e+05
7.342620000000000000e+05
7.611100000000000000e+05
7.672200000000000000e+05
7.786170000000000000e+05
7.829120000000000000e+05
7.863120000000000000e+05
7.863120000000000000e+05
7.863120000000000000e+05
8.120170000000000000e+05
8.122240000000000000e+05
8.215360000000000000e+05
8.340380000000000000e+05
8.447130000000000000e+05
8.447130000000000000e+05
8.447130000000000000e+05
8.594770000000000000e+05
8.648150000000000000e+05
8.741350000000000000e+05
8.836760000000000000e+05
8.896260000000000000e+05
8.896260000000000000e+05
8.896260000000000000e+05
9.013360000000000000e+05
9.077860000000000000e+05
9.134760000000000000e+05
9.206920000000000000e+05
9.206920000000000000e+05
9.206920000000000000e+05
9.206920000000000000e+05
9.206920000000000000e+05
9.206920000000000000e+05
9.206920000000000000e+05
9.495830000000000000e+05
9.495830000000000000e+05
9.495830000000000000e+05
9.495830000000000000e+05
9.495830000000000000e+05
9.495830000000000000e+05
9.495830000000000000e+05
1.000472000000000000e+06
1.000472000000000000e+06
1.000472000000000000e+06
1.000472000000000000e+06
1.000472000000000000e+06
1.000472000000000000e+06
1.000472000000000000e+06
1.023013000000000000e+06
1.023013000000000000e+06
1.023013000000000000e+06
1.023013000000000000e+06
1.023013000000000000e+06
1.023013000000000000e+06
1.023013000000000000e+06
1.052767000000000000e+06
1.052767000000000000e+06
1.052767000000000000e+06
1.052767000000000000e+06
1.052767000000000000e+06
1.052767000000000000e+06
1.052767000000000000e+06
1.069740000000000000e+06
1.069740000000000000e+06
1.069740000000000000e+06
1.069740000000000000e+06
1.069740000000000000e+06
1.069740000000000000e+06
1.069740000000000000e+06
1.081225000000000000e+06
1.081225000000000000e+06
1.081225000000000000e+06
1.081225000000000000e+06
1.081225000000000000e+06
1.081225000000000000e+06
1.081225000000000000e+06
1.092193000000000000e+06
1.092193000000000000e+06
1.092193000000000000e+06
1.092193000000000000e+06
1.092193000000000000e+06
1.092193000000000000e+06
1.092193000000000000e+06
1.105211000000000000e+06
1.105211000000000000e+06
1.105211000000000000e+06
1.105211000000000000e+06
1.105211000000000000e+06
1.105211000000000000e+06
1.105211000000000000e+06
1.114573000000000000e+06
1.114573000000000000e+06
1.114573000000000000e+06
1.114573000000000000e+06
1.114573000000000000e+06
1.114573000000000000e+06
1.114573000000000000e+06
1.125342000000000000e+06
1.125342000000000000e+06
1.125342000000000000e+06
1.125342000000000000e+06
1.125342000000000000e+06
1.125342000000000000e+06
1.125342000000000000e+06
1.133597000000000000e+06
1.133597000000000000e+06
1.133597000000000000e+06
1.133597000000000000e+06
1.133597000000000000e+06
1.133597000000000000e+06
1.133597000000000000e+06
1.145610000000000000e+06
1.145610000000000000e+06
1.145610000000000000e+06
1.145610000000000000e+06
1.145610000000000000e+06
1.145610000000000000e+06
1.145610000000000000e+06
1.158485000000000000e+06
1.158485000000000000e+06
1.158485000000000000e+06
1.158485000000000000e+06
1.158485000000000000e+06
1.158485000000000000e+06
1.158485000000000000e+06
1.171034000000000000e+06
1.171034000000000000e+06
1.171034000000000000e+06
1.171034000000000000e+06
1.171034000000000000e+06
1.171034000000000000e+06
1.171034000000000000e+06
1.171034000000000000e+06
1.171034000000000000e+06
1.171034000000000000e+06
1.171034000000000000e+06
1.171034000000000000e+06
1.171034000000000000e+06
1.171034000000000000e+06
1.171034000000000000e+06
1.171034000000000000e+06
1.171034000000000000e+06
1.171034000000000000e+06
1.171034000000000000e+06
1.171034000000000000e+06
1.171034000000000000e+06
1.218216000000000000e+06
1.218216000000000000e+06
1.218216000000000000e+06
1.218216000000000000e+06
1.218216000000000000e+06
1.218216000000000000e+06
1.218216000000000000e+06
1.238998000000000000e+06
1.238998000000000000e+06
1.238998000000000000e+06
1.238998000000000000e+06
1.238998000000000000e+06
1.238998000000000000e+06
1.238998000000000000e+06
1.250557000000000000e+06
1.250557000000000000e+06
1.250557000000000000e+06
1.250557000000000000e+06
1.250557000000000000e+06
1.250557000000000000e+06
1.250557000000000000e+06
1.258798000000000000e+06
1.258798000000000000e+06
1.258798000000000000e+06
1.258798000000000000e+06
1.258798000000000000e+06
1.258798000000000000e+06
1.258798000000000000e+06
1.266917000000000000e+06
1.266917000000000000e+06
1.266917000000000000e+06
1.266917000000000000e+06
1.266917000000000000e+06
1.266917000000000000e+06
1.266917000000000000e+06
1.271516000000000000e+06
1.271516000000000000e+06
1.271516000000000000e+06
1.271516000000000000e+06
1.271516000000000000e+06
1.271516000000000000e+06
1.271516000000000000e+06
1.277473000000000000e+06
1.277473000000000000e+06
1.277473000000000000e+06
1.277473000000000000e+06
1.277473000000000000e+06
1.277473000000000000e+06
1.277473000000000000e+06
1.287044000000000000e+06
1.287044000000000000e+06
1.287044000000000000e+06
1.287044000000000000e+06
1.287044000000000000e+06
1.287044000000000000e+06
1.287044000000000000e+06
1.292940000000000000e+06
1.292940000000000000e+06
1.292940000000000000e+06
1.292940000000000000e+06
1.292940000000000000e+06
1.292940000000000000e+06
1.292940000000000000e+06
1.297708000000000000e+06
1.312634000000000000e+06
1.312634000000000000e+06
1.312634000000000000e+06
1.312634000000000000e+06
1.312634000000000000e+06
1.312634000000000000e+06
1.323455000000000000e+06
1.323455000000000000e+06
1.323455000000000000e+06
1.323455000000000000e+06
1.323455000000000000e+06
1.323455000000000000e+06
1.323455000000000000e+06
1.335318000000000000e+06
1.335318000000000000e+06
1.335318000000000000e+06
1.335318000000000000e+06
1.335318000000000000e+06
1.335318000000000000e+06
1.335318000000000000e+06
1.348737000000000000e+06
1.348737000000000000e+06
1.348737000000000000e+06
1.348737000000000000e+06
1.348737000000000000e+06
1.348737000000000000e+06
1.348737000000000000e+06
1.360721000000000000e+06
1.360721000000000000e+06
1.360721000000000000e+06
1.360721000000000000e+06
1.360721000000000000e+06
1.360721000000000000e+06
1.360721000000000000e+06
1.372651000000000000e+06
1.372651000000000000e+06
1.372651000000000000e+06
1.372651000000000000e+06
1.372651000000000000e+06
1.372651000000000000e+06
1.372651000000000000e+06
1.384654000000000000e+06
1.384654000000000000e+06
1.384654000000000000e+06
1.384654000000000000e+06
1.384654000000000000e+06
1.384654000000000000e+06
1.384654000000000000e+06
1.394254000000000000e+06
1.394254000000000000e+06
1.394254000000000000e+06
1.394254000000000000e+06
1.394254000000000000e+06
1.394254000000000000e+06
1.394254000000000000e+06
1.405255000000000000e+06
1.405255000000000000e+06
1.405255000000000000e+06
1.405255000000000000e+06
1.405255000000000000e+06
1.405255000000000000e+06
1.405255000000000000e+06
1.417909000000000000e+06
1.417909000000000000e+06
1.417909000000000000e+06
1.417909000000000000e+06
1.417909000000000000e+06
1.417909000000000000e+06
1.417909000000000000e+06
1.428446000000000000e+06
1.428446000000000000e+06
1.428446000000000000e+06
1.428446000000000000e+06
1.428446000000000000e+06
1.428446000000000000e+06
1.428446000000000000e+06
1.438205000000000000e+06
1.438205000000000000e+06
1.438205000000000000e+06
1.438205000000000000e+06
1.438205000000000000e+06
1.438205000000000000e+06
1.438205000000000000e+06
1.438205000000000000e+06
1.438205000000000000e+06
1.438205000000000000e+06
1.438205000000000000e+06
1.438205000000000000e+06
1.438205000000000000e+06
1.438205000000000000e+06
1.446397000000000000e+06
1.446397000000000000e+06
1.446397000000000000e+06
1.446397000000000000e+06
1.446397000000000000e+06
1.446397000000000000e+06
1.446397000000000000e+06
1.448656000000000000e+06
1.448656000000000000e+06
1.448656000000000000e+06
1.448656000000000000e+06
1.448656000000000000e+06
1.448656000000000000e+06
1.448656000000000000e+06
1.449829000000000000e+06
1.449829000000000000e+06
1.449829000000000000e+06
1.449829000000000000e+06
1.449829000000000000e+06
1.449829000000000000e+06
1.449829000000000000e+06
1.458619000000000000e+06
1.458619000000000000e+06
1.458619000000000000e+06
1.458619000000000000e+06
1.458619000000000000e+06
1.458619000000000000e+06
