0.000000000000000000e+00
0.000000000000000000e+00
0.000000000000000000e+00
0.000000000000000000e+00
0.000000000000000000e+00
0.000000000000000000e+00
0.000000000000000000e+00
1.000000000000000000e+00
0.000000000000000000e+00
0.000000000000000000e+00
0.000000000000000000e+00
0.000000000000000000e+00
0.000000000000000000e+00
0.000000000000000000e+00
0.000000000000000000e+00
0.000000000000000000e+00
0.000000000000000000e+00
0.000000000000000000e+00
0.000000000000000000e+00
0.000000000000000000e+00
1.000000000000000000e+00
0.000000000000000000e+00
0.000000000000000000e+00
0.000000000000000000e+00
0.000000000000000000e+00
0.000000000000000000e+00
0.000000000000000000e+00
0.000000000000000000e+00
0.000000000000000000e+00
0.000000000000000000e+00
0.000000000000000000e+00
0.000000000000000000e+00
1.000000000000000000e+00
0.000000000000000000e+00
0.000000000000000000e+00
1.000000000000000000e+00
0.000000000000000000e+00
1.000000000000000000e+00
3.000000000000000000e+00
1.000000000000000000e+00
1.000000000000000000e+00
0.000000000000000000e+00
4.000000000000000000e+00
6.000000000000000000e+00
1.000000000000000000e+00
7.000000000000000000e+00
7.000000000000000000e+00
9.000000000000000000e+00
1.700000000000000000e+01
5.400000000000000000e+01
7.600000000000000000e+01
6.000000000000000000e+01
2.800000000000000000e+01
2.900000000000000000e+01
5.300000000000000000e+01
5.200000000000000000e+01
4.700000000000000000e+01
9.000000000000000000e+01
9.900000000000000000e+01
8.700000000000000000e+01
8.700000000000000000e+01
7.800000000000000000e+01
8.400000000000000000e+01
9.900000000000000000e+01
1.040000000000000000e+02
1.130000000000000000e+02
9.500000000000000000e+01
7.700000000000000000e+01
7.000000000000000000e+01
1.290000000000000000e+02
1.250000000000000000e+02
1.490000000000000000e+02
1.610000000000000000e+02
1.990000000000000000e+02
8.100000000000000000e+01
1.220000000000000000e+02
2.090000000000000000e+02
2.000000000000000000e+02
1.380000000000000000e+02
1.580000000000000000e+02
7.100000000000000000e+01
7.500000000000000000e+01
8.000000000000000000e+01
1.170000000000000000e+02
1.750000000000000000e+02
1.300000000000000000e+02
1.200000000000000000e+02
1.250000000000000000e+02
5.600000000000000000e+01
6.700000000000000000e+01
1.430000000000000000e+02
1.120000000000000000e+02
1.240000000000000000e+02
1.160000000000000000e+02
9.200000000000000000e+01
7.600000000000000000e+01
7.300000000000000000e+01
1.230000000000000000e+02
1.390000000000000000e+02
1.080000000000000000e+02
8.600000000000000000e+01
4.800000000000000000e+01
5.800000000000000000e+01
6.100000000000000000e+01
1.330000000000000000e+02
1.250000000000000000e+02
9.500000000000000000e+01
1.080000000000000000e+02
8.100000000000000000e+01
4.700000000000000000e+01
2.800000000000000000e+01
9.200000000000000000e+01
6.700000000000000000e+01
7.800000000000000000e+01
5.000000000000000000e+01
5.500000000000000000e+01
2.500000000000000000e+01
2.900000000000000000e+01
4.500000000000000000e+01
4.100000000000000000e+01
4.300000000000000000e+01
2.200000000000000000e+01
3.200000000000000000e+01
1.800000000000000000e+01
2.000000000000000000e+01
4.500000000000000000e+01
3.300000000000000000e+01
1.200000000000000000e+01
3.000000000000000000e+01
2.100000000000000000e+01
1.000000000000000000e+01
1.200000000000000000e+01
1.700000000000000000e+01
1.500000000000000000e+01
2.500000000000000000e+01
1.200000000000000000e+01
1.300000000000000000e+01
1.300000000000000000e+01
4.000000000000000000e+00
1.000000000000000000e+01
8.000000000000000000e+00
7.000000000000000000e+00
9.000000000000000000e+00
1.300000000000000000e+01
2.000000000000000000e+00
5.000000000000000000e+00
1.600000000000000000e+01
8.000000000000000000e+00
4.000000000000000000e+00
8.000000000000000000e+00
0.000000000000000000e+00
2.000000000000000000e+00
1.300000000000000000e+01
5.000000000000000000e+00
5.000000000000000000e+00
1.700000000000000000e+01
1.400000000000000000e+01
3.000000000000000000e+00
2.000000000000000000e+00
7.000000000000000000e+00
1.600000000000000000e+01
1.000000000000000000e+01
2.000000000000000000e+00
7.000000000000000000e+00
6.000000000000000000e+00
2.000000000000000000e+00
3.000000000000000000e+00
8.000000000000000000e+00
3.000000000000000000e+00
9.000000000000000000e+00
8.000000000000000000e+00
6.000000000000000000e+00
0.000000000000000000e+00
4.000000000000000000e+00
6.000000000000000000e+00
5.000000000000000000e+00
5.000000000000000000e+00
9.000000000000000000e+00
6.000000000000000000e+00
7.000000000000000000e+00
5.000000000000000000e+00
1.200000000000000000e+01
8.000000000000000000e+00
1.100000000000000000e+01
3.000000000000000000e+00
1.000000000000000000e+01
4.000000000000000000e+00
8.000000000000000000e+00
1.200000000000000000e+01
9.000000000000000000e+00
1.200000000000000000e+01
8.000000000000000000e+00
1.800000000000000000e+01
1.500000000000000000e+01
1.000000000000000000e+01
3.500000000000000000e+01
2.200000000000000000e+01
2.900000000000000000e+01
2.200000000000000000e+01
1.700000000000000000e+01
9.000000000000000000e+00
3.500000000000000000e+01
1.500000000000000000e+01
2.800000000000000000e+01
2.700000000000000000e+01
2.100000000000000000e+01
2.700000000000000000e+01
1.400000000000000000e+01
4.300000000000000000e+01
2.700000000000000000e+01
3.900000000000000000e+01
4.700000000000000000e+01
2.700000000000000000e+01
2.500000000000000000e+01
1.600000000000000000e+01
1.100000000000000000e+01
1.700000000000000000e+01
1.500000000000000000e+01
2.000000000000000000e+01
3.200000000000000000e+01
3.500000000000000000e+01
1.900000000000000000e+01
1.800000000000000000e+01
4.800000000000000000e+01
2.900000000000000000e+01
2.600000000000000000e+01
3.600000000000000000e+01
4.200000000000000000e+01
2.200000000000000000e+01
3.300000000000000000e+01
4.500000000000000000e+01
5.700000000000000000e+01
5.500000000000000000e+01
5.400000000000000000e+01
5.800000000000000000e+01
4.000000000000000000e+01
4.500000000000000000e+01
5.900000000000000000e+01
5.300000000000000000e+01
5.800000000000000000e+01
8.500000000000000000e+01
7.700000000000000000e+01
6.400000000000000000e+01
7.400000000000000000e+01
1.200000000000000000e+02
1.100000000000000000e+02
1.180000000000000000e+02
9.800000000000000000e+01
1.280000000000000000e+02
7.400000000000000000e+01
7.100000000000000000e+01
1.240000000000000000e+02
1.340000000000000000e+02
1.680000000000000000e+02
1.910000000000000000e+02
1.870000000000000000e+02
1.780000000000000000e+02
1.480000000000000000e+02
2.910000000000000000e+02
3.010000000000000000e+02
3.060000000000000000e+02
2.590000000000000000e+02
2.260000000000000000e+02
1.110000000000000000e+02
1.320000000000000000e+02
2.560000000000000000e+02
1.990000000000000000e+02
2.020000000000000000e+02
1.910000000000000000e+02
1.950000000000000000e+02
1.040000000000000000e+02
1.290000000000000000e+02
2.430000000000000000e+02
1.670000000000000000e+02
1.880000000000000000e+02
2.230000000000000000e+02
1.940000000000000000e+02
1.070000000000000000e+02
1.240000000000000000e+02
2.550000000000000000e+02
2.340000000000000000e+02
2.400000000000000000e+02
2.360000000000000000e+02
2.200000000000000000e+02
1.210000000000000000e+02
1.510000000000000000e+02
2.870000000000000000e+02
2.410000000000000000e+02
2.140000000000000000e+02
2.180000000000000000e+02
1.960000000000000000e+02
1.280000000000000000e+02
1.320000000000000000e+02
2.730000000000000000e+02
2.060000000000000000e+02
2.950000000000000000e+02
2.840000000000000000e+02
2.680000000000000000e+02
1.450000000000000000e+02
1.800000000000000000e+02
3.930000000000000000e+02
3.880000000000000000e+02
3.770000000000000000e+02
4.780000000000000000e+02
4.280000000000000000e+02
2.700000000000000000e+02
2.670000000000000000e+02
5.040000000000000000e+02
4.710000000000000000e+02
6.190000000000000000e+02
5.100000000000000000e+02
4.560000000000000000e+02
2.840000000000000000e+02
2.930000000000000000e+02
5.960000000000000000e+02
4.400000000000000000e+02
4.950000000000000000e+02
4.780000000000000000e+02
4.730000000000000000e+02
2.500000000000000000e+02
2.830000000000000000e+02
5.870000000000000000e+02
4.780000000000000000e+02
4.620000000000000000e+02
4.070000000000000000e+02
4.470000000000000000e+02
2.490000000000000000e+02
2.760000000000000000e+02
4.630000000000000000e+02
3.600000000000000000e+02
3.520000000000000000e+02
3.250000000000000000e+02
3.940000000000000000e+02
1.910000000000000000e+02
2.440000000000000000e+02
3.750000000000000000e+02
3.320000000000000000e+02
2.770000000000000000e+02
1.380000000000000000e+02
1.570000000000000000e+02
1.830000000000000000e+02
1.910000000000000000e+02
4.350000000000000000e+02
3.080000000000000000e+02
2.550000000000000000e+02
2.540000000000000000e+02
1.280000000000000000e+02
2.050000000000000000e+02
1.690000000000000000e+02
3.970000000000000000e+02
2.620000000000000000e+02
2.080000000000000000e+02
3.320000000000000000e+02
2.520000000000000000e+02
1.930000000000000000e+02
1.880000000000000000e+02
3.860000000000000000e+02
2.290000000000000000e+02
2.580000000000000000e+02
2.480000000000000000e+02
2.660000000000000000e+02
1.710000000000000000e+02
1.980000000000000000e+02
4.470000000000000000e+02
3.420000000000000000e+02
4.060000000000000000e+02
3.770000000000000000e+02
3.610000000000000000e+02
1.680000000000000000e+02
2.470000000000000000e+02
6.050000000000000000e+02
3.970000000000000000e+02
3.820000000000000000e+02
4.350000000000000000e+02
3.790000000000000000e+02
2.340000000000000000e+02
2.740000000000000000e+02
5.330000000000000000e+02
3.960000000000000000e+02
4.410000000000000000e+02
3.720000000000000000e+02
3.660000000000000000e+02
2.370000000000000000e+02
2.640000000000000000e+02
4.610000000000000000e+02
3.730000000000000000e+02
3.830000000000000000e+02
3.610000000000000000e+02
4.170000000000000000e+02
2.790000000000000000e+02
2.810000000000000000e+02
6.170000000000000000e+02
5.130000000000000000e+02
5.530000000000000000e+02
6.140000000000000000e+02
5.720000000000000000e+02
3.180000000000000000e+02
3.550000000000000000e+02
6.230000000000000000e+02
6.250000000000000000e+02
5.990000000000000000e+02
6.290000000000000000e+02
6.880000000000000000e+02
4.050000000000000000e+02
4.220000000000000000e+02
8.710000000000000000e+02
7.560000000000000000e+02
7.330000000000000000e+02
6.380000000000000000e+02
6.300000000000000000e+02
4.330000000000000000e+02
3.960000000000000000e+02
8.340000000000000000e+02
7.710000000000000000e+02
8.220000000000000000e+02
7.800000000000000000e+02
8.080000000000000000e+02
4.950000000000000000e+02
4.350000000000000000e+02
8.920000000000000000e+02
7.670000000000000000e+02
7.430000000000000000e+02
7.390000000000000000e+02
7.450000000000000000e+02
4.040000000000000000e+02
4.200000000000000000e+02
7.680000000000000000e+02
7.030000000000000000e+02
6.950000000000000000e+02
6.060000000000000000e+02
6.880000000000000000e+02
3.520000000000000000e+02
3.750000000000000000e+02
6.550000000000000000e+02
5.720000000000000000e+02
5.500000000000000000e+02
4.860000000000000000e+02
3.610000000000000000e+02
3.240000000000000000e+02
3.220000000000000000e+02
3.600000000000000000e+02
5.440000000000000000e+02
4.260000000000000000e+02
4.070000000000000000e+02
3.520000000000000000e+02
2.270000000000000000e+02
2.400000000000000000e+02
3.990000000000000000e+02
3.230000000000000000e+02
3.440000000000000000e+02
2.740000000000000000e+02
2.650000000000000000e+02
1.720000000000000000e+02
1.560000000000000000e+02
2.860000000000000000e+02
2.860000000000000000e+02
2.330000000000000000e+02
2.560000000000000000e+02
2.550000000000000000e+02
1.540000000000000000e+02
1.400000000000000000e+02
2.420000000000000000e+02
2.290000000000000000e+02
2.740000000000000000e+02
2.010000000000000000e+02
1.970000000000000000e+02
1.090000000000000000e+02
1.350000000000000000e+02
3.160000000000000000e+02
2.060000000000000000e+02
2.650000000000000000e+02
2.390000000000000000e+02
2.140000000000000000e+02
1.340000000000000000e+02
1.300000000000000000e+02
2.570000000000000000e+02
2.150000000000000000e+02
2.560000000000000000e+02
1.570000000000000000e+02
2.490000000000000000e+02
1.640000000000000000e+02
1.340000000000000000e+02
2.840000000000000000e+02
2.170000000000000000e+02
2.310000000000000000e+02
2.170000000000000000e+02
1.680000000000000000e+02
1.080000000000000000e+02
9.300000000000000000e+01
1.880000000000000000e+02
1.530000000000000000e+02
1.430000000000000000e+02
1.270000000000000000e+02
1.350000000000000000e+02
6.400000000000000000e+01
7.900000000000000000e+01
1.510000000000000000e+02
1.210000000000000000e+02
1.190000000000000000e+02
1.110000000000000000e+02
1.020000000000000000e+02
6.400000000000000000e+01
6.000000000000000000e+01
1.390000000000000000e+02
1.010000000000000000e+02
8.100000000000000000e+01
7.300000000000000000e+01
7.000000000000000000e+01
4.600000000000000000e+01
4.800000000000000000e+01
9.300000000000000000e+01
7.800000000000000000e+01
6.400000000000000000e+01
9.100000000000000000e+01
8.100000000000000000e+01
5.700000000000000000e+01
8.000000000000000000e+01
1.120000000000000000e+02
1.100000000000000000e+02
1.440000000000000000e+02
1.620000000000000000e+02
1.950000000000000000e+02
1.310000000000000000e+02
1.190000000000000000e+02
2.300000000000000000e+02
2.610000000000000000e+02
1.960000000000000000e+02
2.020000000000000000e+02
1.670000000000000000e+02
1.320000000000000000e+02
1.080000000000000000e+02
2.430000000000000000e+02
2.600000000000000000e+02
2.920000000000000000e+02
2.840000000000000000e+02
3.080000000000000000e+02
1.490000000000000000e+02
1.600000000000000000e+02
3.300000000000000000e+02
3.420000000000000000e+02
3.820000000000000000e+02
3.820000000000000000e+02
3.550000000000000000e+02
2.060000000000000000e+02
2.490000000000000000e+02
4.200000000000000000e+02
4.240000000000000000e+02
4.680000000000000000e+02
4.870000000000000000e+02
4.780000000000000000e+02
3.010000000000000000e+02
3.510000000000000000e+02
7.700000000000000000e+02
7.250000000000000000e+02
8.100000000000000000e+02
7.720000000000000000e+02
6.960000000000000000e+02
4.080000000000000000e+02
4.770000000000000000e+02
8.930000000000000000e+02
8.400000000000000000e+02
7.840000000000000000e+02
8.760000000000000000e+02
6.850000000000000000e+02
4.850000000000000000e+02
5.370000000000000000e+02
1.036000000000000000e+03
8.260000000000000000e+02
9.230000000000000000e+02
7.890000000000000000e+02
7.400000000000000000e+02
4.260000000000000000e+02
4.450000000000000000e+02
7.680000000000000000e+02
7.410000000000000000e+02
7.080000000000000000e+02
6.700000000000000000e+02
6.550000000000000000e+02
3.980000000000000000e+02
4.560000000000000000e+02
6.820000000000000000e+02
6.090000000000000000e+02
6.990000000000000000e+02
6.100000000000000000e+02
7.040000000000000000e+02
4.390000000000000000e+02
4.640000000000000000e+02
7.440000000000000000e+02
6.500000000000000000e+02
6.480000000000000000e+02
6.500000000000000000e+02
5.200000000000000000e+02
3.360000000000000000e+02
3.460000000000000000e+02
5.810000000000000000e+02
5.220000000000000000e+02
4.820000000000000000e+02
4.590000000000000000e+02
4.960000000000000000e+02
3.290000000000000000e+02
2.830000000000000000e+02
5.330000000000000000e+02
4.800000000000000000e+02
4.540000000000000000e+02
4.360000000000000000e+02
3.890000000000000000e+02
2.400000000000000000e+02
2.850000000000000000e+02
4.890000000000000000e+02
4.890000000000000000e+02
4.840000000000000000e+02
4.800000000000000000e+02
4.240000000000000000e+02
2.990000000000000000e+02
3.550000000000000000e+02
6.840000000000000000e+02
6.430000000000000000e+02
6.690000000000000000e+02
6.180000000000000000e+02
5.310000000000000000e+02
3.550000000000000000e+02
3.830000000000000000e+02
7.430000000000000000e+02
7.290000000000000000e+02
7.460000000000000000e+02
6.110000000000000000e+02
5.960000000000000000e+02
4.250000000000000000e+02
3.990000000000000000e+02
6.910000000000000000e+02
6.100000000000000000e+02
6.380000000000000000e+02
5.580000000000000000e+02
5.620000000000000000e+02
3.440000000000000000e+02
3.190000000000000000e+02
6.610000000000000000e+02
5.500000000000000000e+02
5.160000000000000000e+02
6.230000000000000000e+02
5.800000000000000000e+02
3.740000000000000000e+02
3.890000000000000000e+02
7.930000000000000000e+02
6.800000000000000000e+02
6.400000000000000000e+02
5.900000000000000000e+02
6.550000000000000000e+02
4.050000000000000000e+02
4.390000000000000000e+02
9.730000000000000000e+02
7.550000000000000000e+02
7.710000000000000000e+02
8.020000000000000000e+02
8.420000000000000000e+02
5.140000000000000000e+02
5.080000000000000000e+02
1.122000000000000000e+03
8.330000000000000000e+02
9.680000000000000000e+02
9.340000000000000000e+02
9.460000000000000000e+02
6.180000000000000000e+02
5.710000000000000000e+02
1.252000000000000000e+03
1.199000000000000000e+03
1.170000000000000000e+03
1.215000000000000000e+03
1.274000000000000000e+03
7.080000000000000000e+02
6.750000000000000000e+02
1.422000000000000000e+03
1.338000000000000000e+03
1.255000000000000000e+03
1.276000000000000000e+03
1.300000000000000000e+03
7.940000000000000000e+02
7.900000000000000000e+02
1.702000000000000000e+03
1.427000000000000000e+03
1.444000000000000000e+03
1.468000000000000000e+03
1.529000000000000000e+03
9.720000000000000000e+02
1.003000000000000000e+03
1.077000000000000000e+03
1.925000000000000000e+03
1.733000000000000000e+03
1.708000000000000000e+03
1.803000000000000000e+03
1.124000000000000000e+03
1.269000000000000000e+03
2.356000000000000000e+03
1.833000000000000000e+03
2.099000000000000000e+03
1.990000000000000000e+03
2.172000000000000000e+03
1.614000000000000000e+03
1.754000000000000000e+03
3.040000000000000000e+03
3.169000000000000000e+03
3.537000000000000000e+03
3.904000000000000000e+03
2.275000000000000000e+03
2.673000000000000000e+03
3.300000000000000000e+03
6.658000000000000000e+03
6.873000000000000000e+03
7.385000000000000000e+03
7.325000000000000000e+03
6.871000000000000000e+03
4.002000000000000000e+03
4.977000000000000000e+03
9.525000000000000000e+03
9.984000000000000000e+03
9.727000000000000000e+03
7.331000000000000000e+03
9.024000000000000000e+03
5.800000000000000000e+03
6.641000000000000000e+03
1.054700000000000000e+04
9.212000000000000000e+03
8.928000000000000000e+03
8.275000000000000000e+03
8.097000000000000000e+03
5.702000000000000000e+03
6.250000000000000000e+03
1.012700000000000000e+04
9.164000000000000000e+03
8.512000000000000000e+03
8.048000000000000000e+03
7.296000000000000000e+03
4.368000000000000000e+03
4.596000000000000000e+03
7.168000000000000000e+03
3.393000000000000000e+03
6.271000000000000000e+03
4.766000000000000000e+03
0.000000000000000000e+00
0.000000000000000000e+00
1.443900000000000000e+04
3.244000000000000000e+03
8.038000000000000000e+03
6.788000000000000000e+03
6.952000000000000000e+03
0.000000000000000000e+00
0.000000000000000000e+00
1.989800000000000000e+04
7.472000000000000000e+03
4.520000000000000000e+03
1.280500000000000000e+04
1.038600000000000000e+04
0.000000000000000000e+00
0.000000000000000000e+00
1.241000000000000000e+04
4.426000000000000000e+03
5.956000000000000000e+03
7.953000000000000000e+03
4.328000000000000000e+03
0.000000000000000000e+00
0.000000000000000000e+00
1.767100000000000000e+04
2.746000000000000000e+03
4.264000000000000000e+03
7.931000000000000000e+03
7.100000000000000000e+01
0.000000000000000000e+00
0.000000000000000000e+00
2.800000000000000000e+01
1.968600000000000000e+04
1.116000000000000000e+03
6.029000000000000000e+03
7.185000000000000000e+03
0.000000000000000000e+00
0.000000000000000000e+00
2.236900000000000000e+04
0.000000000000000000e+00
8.910000000000000000e+03
1.005100000000000000e+04
2.115900000000000000e+04
0.000000000000000000e+00
0.000000000000000000e+00
2.684800000000000000e+04
6.110000000000000000e+03
1.139700000000000000e+04
4.295000000000000000e+03
3.400000000000000000e+03
0.000000000000000000e+00
0.000000000000000000e+00
2.570500000000000000e+04
2.070000000000000000e+02
9.312000000000000000e+03
1.250200000000000000e+04
1.067500000000000000e+04
0.000000000000000000e+00
0.000000000000000000e+00
1.476400000000000000e+04
5.338000000000000000e+03
9.320000000000000000e+03
9.541000000000000000e+03
5.950000000000000000e+03
0.000000000000000000e+00
0.000000000000000000e+00
1.171000000000000000e+04
6.450000000000000000e+03
5.690000000000000000e+03
7.216000000000000000e+03
0.000000000000000000e+00
0.000000000000000000e+00
0.000000000000000000e+00
0.000000000000000000e+00
0.000000000000000000e+00
0.000000000000000000e+00
2.889100000000000000e+04
0.000000000000000000e+00
0.000000000000000000e+00
0.000000000000000000e+00
0.000000000000000000e+00
0.000000000000000000e+00
0.000000000000000000e+00
5.088900000000000000e+04
0.000000000000000000e+00
0.000000000000000000e+00
0.000000000000000000e+00
0.000000000000000000e+00
0.000000000000000000e+00
0.000000000000000000e+00
2.254100000000000000e+04
0.000000000000000000e+00
0.000000000000000000e+00
0.000000000000000000e+00
0.000000000000000000e+00
0.000000000000000000e+00
0.000000000000000000e+00
2.975400000000000000e+04
0.000000000000000000e+00
0.000000000000000000e+00
0.000000000000000000e+00
0.000000000000000000e+00
0.000000000000000000e+00
0.000000000000000000e+00
1.697300000000000000e+04
0.000000000000000000e+00
0.000000000000000000e+00
0.000000000000000000e+00
