4.382187490177015206e+03
4.400833428789012942e+03
4.418783075851182730e+03
4.442216410660216752e+03
4.461481425352882070e+03
4.481946215920288523e+03
4.510383047928652559e+03
4.529812148603337846e+03
4.547681180835691521e+03
4.564928663616806261e+03
4.587716766000591633e+03
4.606375815085656541e+03
4.626256945908169655e+03
4.654116678742188924e+03
4.672961161674853429e+03
4.690226022423255017e+03
4.706840084798217504e+03
4.728958370526787803e+03
4.746906723373625937e+03
4.766034482788297282e+03
4.793098994752494946e+03
4.811109702587055835e+03
4.827507769087325869e+03
4.843229495024729658e+03
4.864438966249710575e+03
4.881472279359230015e+03
4.899689787247286404e+03
4.925860166919235780e+03
4.943004067183429470e+03
4.958573302129013427e+03
4.973513869207065909e+03
4.993998236755867765e+03
5.010369261991365420e+03
5.027992189974544999e+03
5.053638543007401495e+03
5.070329662833582915e+03
5.085515873894577453e+03
5.100139546341874848e+03
5.120367501114075822e+03
5.136535113265102154e+03
5.153998557104980137e+03
5.179518993785765815e+03
5.196106453325630355e+03
5.211199367722018906e+03
5.225728021421791709e+03
5.245847348593028983e+03
5.261881420503853406e+03
5.279176054078592642e+03
5.304483330555301109e+03
5.320805765674325812e+03
5.335576078953616161e+03
5.349720820966466817e+03
5.369393282673513568e+03
5.384918026833868680e+03
5.401643471484284419e+03
5.426326315542679367e+03
5.441975551259558415e+03
5.456032016406395996e+03
5.469431752306242743e+03
5.488338600564227818e+03
