1.410850656052887686e+01
1.255828051555838343e+01
1.218873285398586148e+01
1.717405129856462764e+01
1.374573776802621694e+01
1.511842236686947594e+01
3.287700916213508151e+01
1.453687266323943028e+01
1.297321541627695041e+01
1.260013112674599967e+01
1.759122268902233444e+01
1.417699737682287875e+01
1.557073281626836803e+01
3.335568711802358877e+01
1.504536973392812982e+01
1.351298078015292248e+01
1.317056033391986780e+01
1.818969403924117145e+01
1.479899419002535943e+01
1.621004688892940848e+01
3.400469579247776863e+01
1.569537639493253067e+01
1.415460631776960732e+01
1.379417124971397079e+01
1.878585148580186370e+01
1.535890736833480830e+01
1.672601391533822479e+01
3.447051539981690382e+01
1.610671464445659140e+01
1.450930384984451926e+01
1.409247844768509239e+01
1.903058121696686200e+01
1.555549762357785681e+01
1.688249561657219999e+01
3.459738378418667537e+01
1.621670587238639172e+01
1.461708171088946351e+01
1.421423915634502855e+01
1.918358719352931274e+01
1.575755375118287205e+01
1.715138366448034901e+01
3.495027241862699441e+01
1.666955487404963421e+01
1.518405964123914131e+01
1.490717373383434818e+01
2.001146704751950622e+01
1.672609902512466817e+01
1.826270117168229135e+01
3.620260875721634619e+01
1.805715815152993287e+01
1.669715731692834737e+01
1.653207065523349684e+01
2.173076413493345527e+01
1.851902935497800939e+01
2.010557653857263105e+01
3.806936626842472293e+01
1.991999313667160365e+01
1.852722592286520609e+01
1.830024303821289777e+01
2.340840723438338244e+01
