-2.906732081790976849e+02
-2.463929255362733386e+02
-3.103059676270004843e+02
-2.976511475698136451e+02
-2.848923502609538900e+02
-1.000456650598479200e+02
-6.483501706016713797e+02
-3.005578471723540588e+02
-2.562775645282084724e+02
-3.201906066195708718e+02
-3.075357865607712711e+02
-2.947769892525528803e+02
-1.099303040508916638e+02
-6.582348095941633801e+02
-3.104424861644964153e+02
-2.661622035201434073e+02
-3.300752456121410887e+02
-3.174204255535879042e+02
-3.046616282459946206e+02
-1.198149430434384328e+02
-6.681194485863923092e+02
-3.203271251566389424e+02
-2.760468425132438597e+02
-3.399598846039328350e+02
-3.273050645464042532e+02
-3.145462672375935540e+02
-1.296995820357823277e+02
-6.780040875786216930e+02
-3.302117641481052601e+02
-2.859314815042233704e+02
-3.498445235954567920e+02
-3.371897035373620497e+02
-3.244309062298209483e+02
-1.395842210281260805e+02
-6.878887265703101548e+02
-3.400964031409235417e+02
-2.958161204971142411e+02
-3.597291625880271795e+02
-3.470743425301786260e+02
-3.343155452220057100e+02
-1.494688600204696058e+02
-6.977733655628017004e+02
-3.499810421323900300e+02
-3.057007594890495739e+02
-3.696138015805973964e+02
-3.569589815225729126e+02
-3.442001842148617357e+02
-1.593534990130163465e+02
-7.076580045547684676e+02
-3.598656811238562909e+02
-3.155853984811942610e+02
-3.794984405731677839e+02
-3.668436205144598716e+02
-3.540848232064607259e+02
-1.692381380053602129e+02
-7.175426435472603544e+02
-3.697503201171126648e+02
-3.254700374731291959e+02
-3.893830795646919114e+02
-3.767282595063471717e+02
