0.000000000000000000e+00
0.000000000000000000e+00
0.000000000000000000e+00
0.000000000000000000e+00
0.000000000000000000e+00
0.000000000000000000e+00
0.000000000000000000e+00
0.000000000000000000e+00
0.000000000000000000e+00
0.000000000000000000e+00
0.000000000000000000e+00
0.000000000000000000e+00
0.000000000000000000e+00
0.000000000000000000e+00
0.000000000000000000e+00
0.000000000000000000e+00
0.000000000000000000e+00
0.000000000000000000e+00
0.000000000000000000e+00
0.000000000000000000e+00
0.000000000000000000e+00
0.000000000000000000e+00
0.000000000000000000e+00
0.000000000000000000e+00
0.000000000000000000e+00
0.000000000000000000e+00
0.000000000000000000e+00
0.000000000000000000e+00
0.000000000000000000e+00
0.000000000000000000e+00
0.000000000000000000e+00
0.000000000000000000e+00
0.000000000000000000e+00
0.000000000000000000e+00
0.000000000000000000e+00
0.000000000000000000e+00
0.000000000000000000e+00
0.000000000000000000e+00
0.000000000000000000e+00
0.000000000000000000e+00
0.000000000000000000e+00
0.000000000000000000e+00
0.000000000000000000e+00
0.000000000000000000e+00
0.000000000000000000e+00
0.000000000000000000e+00
0.000000000000000000e+00
0.000000000000000000e+00
0.000000000000000000e+00
0.000000000000000000e+00
0.000000000000000000e+00
0.000000000000000000e+00
0.000000000000000000e+00
0.000000000000000000e+00
0.000000000000000000e+00
0.000000000000000000e+00
0.000000000000000000e+00
0.000000000000000000e+00
0.000000000000000000e+00
0.000000000000000000e+00
0.000000000000000000e+00
0.000000000000000000e+00
0.000000000000000000e+00
0.000000000000000000e+00
0.000000000000000000e+00
0.000000000000000000e+00
0.000000000000000000e+00
0.000000000000000000e+00
0.000000000000000000e+00
0.000000000000000000e+00
0.000000000000000000e+00
0.000000000000000000e+00
0.000000000000000000e+00
0.000000000000000000e+00
1.000000000000000000e+00
2.000000000000000000e+00
3.000000000000000000e+00
3.000000000000000000e+00
3.000000000000000000e+00
4.000000000000000000e+00
4.000000000000000000e+00
4.000000000000000000e+00
4.000000000000000000e+00
4.000000000000000000e+00
5.000000000000000000e+00
5.000000000000000000e+00
5.000000000000000000e+00
5.000000000000000000e+00
5.000000000000000000e+00
5.000000000000000000e+00
5.000000000000000000e+00
5.000000000000000000e+00
6.000000000000000000e+00
6.000000000000000000e+00
6.000000000000000000e+00
6.000000000000000000e+00
6.000000000000000000e+00
6.000000000000000000e+00
7.000000000000000000e+00
7.000000000000000000e+00
7.000000000000000000e+00
7.000000000000000000e+00
7.000000000000000000e+00
7.000000000000000000e+00
7.000000000000000000e+00
7.000000000000000000e+00
7.000000000000000000e+00
7.000000000000000000e+00
7.000000000000000000e+00
7.000000000000000000e+00
7.000000000000000000e+00
7.000000000000000000e+00
7.000000000000000000e+00
7.000000000000000000e+00
7.000000000000000000e+00
7.000000000000000000e+00
7.000000000000000000e+00
7.000000000000000000e+00
7.000000000000000000e+00
7.000000000000000000e+00
7.000000000000000000e+00
7.000000000000000000e+00
7.000000000000000000e+00
7.000000000000000000e+00
7.000000000000000000e+00
7.000000000000000000e+00
7.000000000000000000e+00
7.000000000000000000e+00
7.000000000000000000e+00
7.000000000000000000e+00
7.000000000000000000e+00
7.000000000000000000e+00
7.000000000000000000e+00
7.000000000000000000e+00
7.000000000000000000e+00
7.000000000000000000e+00
7.000000000000000000e+00
7.000000000000000000e+00
7.000000000000000000e+00
7.000000000000000000e+00
7.000000000000000000e+00
7.000000000000000000e+00
7.000000000000000000e+00
7.000000000000000000e+00
7.000000000000000000e+00
7.000000000000000000e+00
7.000000000000000000e+00
7.000000000000000000e+00
7.000000000000000000e+00
7.000000000000000000e+00
7.000000000000000000e+00
7.000000000000000000e+00
7.000000000000000000e+00
7.000000000000000000e+00
7.000000000000000000e+00
7.000000000000000000e+00
7.000000000000000000e+00
7.000000000000000000e+00
7.000000000000000000e+00
7.000000000000000000e+00
7.000000000000000000e+00
7.000000000000000000e+00
7.000000000000000000e+00
7.000000000000000000e+00
7.000000000000000000e+00
7.000000000000000000e+00
7.000000000000000000e+00
7.000000000000000000e+00
7.000000000000000000e+00
7.000000000000000000e+00
7.000000000000000000e+00
7.000000000000000000e+00
7.000000000000000000e+00
7.000000000000000000e+00
7.000000000000000000e+00
7.000000000000000000e+00
7.000000000000000000e+00
7.000000000000000000e+00
7.000000000000000000e+00
7.000000000000000000e+00
7.000000000000000000e+00
7.000000000000000000e+00
7.000000000000000000e+00
7.000000000000000000e+00
7.000000000000000000e+00
7.000000000000000000e+00
7.000000000000000000e+00
7.000000000000000000e+00
7.000000000000000000e+00
7.000000000000000000e+00
7.000000000000000000e+00
7.000000000000000000e+00
7.000000000000000000e+00
7.000000000000000000e+00
7.000000000000000000e+00
7.000000000000000000e+00
7.000000000000000000e+00
7.000000000000000000e+00
7.000000000000000000e+00
7.000000000000000000e+00
7.000000000000000000e+00
7.000000000000000000e+00
7.000000000000000000e+00
7.000000000000000000e+00
7.000000000000000000e+00
7.000000000000000000e+00
7.000000000000000000e+00
7.000000000000000000e+00
7.000000000000000000e+00
7.000000000000000000e+00
7.000000000000000000e+00
7.000000000000000000e+00
7.000000000000000000e+00
7.000000000000000000e+00
7.000000000000000000e+00
7.000000000000000000e+00
7.000000000000000000e+00
7.000000000000000000e+00
7.000000000000000000e+00
7.000000000000000000e+00
7.000000000000000000e+00
7.000000000000000000e+00
7.000000000000000000e+00
7.000000000000000000e+00
7.000000000000000000e+00
7.000000000000000000e+00
7.000000000000000000e+00
7.000000000000000000e+00
7.000000000000000000e+00
7.000000000000000000e+00
7.000000000000000000e+00
7.000000000000000000e+00
7.000000000000000000e+00
7.000000000000000000e+00
7.000000000000000000e+00
7.000000000000000000e+00
7.000000000000000000e+00
7.000000000000000000e+00
7.000000000000000000e+00
7.000000000000000000e+00
7.000000000000000000e+00
7.000000000000000000e+00
7.000000000000000000e+00
7.000000000000000000e+00
7.000000000000000000e+00
7.000000000000000000e+00
7.000000000000000000e+00
7.000000000000000000e+00
7.000000000000000000e+00
7.000000000000000000e+00
7.000000000000000000e+00
7.000000000000000000e+00
7.000000000000000000e+00
7.000000000000000000e+00
7.000000000000000000e+00
7.000000000000000000e+00
7.000000000000000000e+00
7.000000000000000000e+00
7.000000000000000000e+00
7.000000000000000000e+00
7.000000000000000000e+00
7.000000000000000000e+00
7.000000000000000000e+00
7.000000000000000000e+00
7.000000000000000000e+00
7.000000000000000000e+00
7.000000000000000000e+00
7.000000000000000000e+00
7.000000000000000000e+00
7.000000000000000000e+00
7.000000000000000000e+00
7.000000000000000000e+00
7.000000000000000000e+00
7.000000000000000000e+00
7.000000000000000000e+00
7.000000000000000000e+00
7.000000000000000000e+00
7.000000000000000000e+00
7.000000000000000000e+00
7.000000000000000000e+00
7.000000000000000000e+00
7.000000000000000000e+00
7.000000000000000000e+00
7.000000000000000000e+00
7.000000000000000000e+00
7.000000000000000000e+00
7.000000000000000000e+00
7.000000000000000000e+00
7.000000000000000000e+00
7.000000000000000000e+00
7.000000000000000000e+00
7.000000000000000000e+00
7.000000000000000000e+00
7.000000000000000000e+00
7.000000000000000000e+00
7.000000000000000000e+00
7.000000000000000000e+00
7.000000000000000000e+00
7.000000000000000000e+00
7.000000000000000000e+00
7.000000000000000000e+00
7.000000000000000000e+00
7.000000000000000000e+00
7.000000000000000000e+00
7.000000000000000000e+00
7.000000000000000000e+00
7.000000000000000000e+00
7.000000000000000000e+00
7.000000000000000000e+00
7.000000000000000000e+00
7.000000000000000000e+00
7.000000000000000000e+00
7.000000000000000000e+00
7.000000000000000000e+00
7.000000000000000000e+00
7.000000000000000000e+00
7.000000000000000000e+00
7.000000000000000000e+00
7.000000000000000000e+00
7.000000000000000000e+00
7.000000000000000000e+00
7.000000000000000000e+00
7.000000000000000000e+00
7.000000000000000000e+00
7.000000000000000000e+00
7.000000000000000000e+00
7.000000000000000000e+00
7.000000000000000000e+00
7.000000000000000000e+00
7.000000000000000000e+00
7.000000000000000000e+00
7.000000000000000000e+00
7.000000000000000000e+00
7.000000000000000000e+00
7.000000000000000000e+00
7.000000000000000000e+00
7.000000000000000000e+00
7.000000000000000000e+00
7.000000000000000000e+00
7.000000000000000000e+00
7.000000000000000000e+00
7.000000000000000000e+00
7.000000000000000000e+00
7.000000000000000000e+00
7.000000000000000000e+00
7.000000000000000000e+00
7.000000000000000000e+00
7.000000000000000000e+00
7.000000000000000000e+00
7.000000000000000000e+00
7.000000000000000000e+00
7.000000000000000000e+00
7.000000000000000000e+00
7.000000000000000000e+00
7.000000000000000000e+00
7.000000000000000000e+00
7.000000000000000000e+00
7.000000000000000000e+00
7.000000000000000000e+00
7.000000000000000000e+00
7.000000000000000000e+00
7.000000000000000000e+00
7.000000000000000000e+00
7.000000000000000000e+00
9.000000000000000000e+00
9.000000000000000000e+00
9.000000000000000000e+00
9.000000000000000000e+00
9.000000000000000000e+00
1.000000000000000000e+01
1.000000000000000000e+01
1.100000000000000000e+01
1.100000000000000000e+01
1.200000000000000000e+01
1.200000000000000000e+01
1.400000000000000000e+01
1.400000000000000000e+01
1.400000000000000000e+01
1.400000000000000000e+01
1.500000000000000000e+01
1.700000000000000000e+01
1.800000000000000000e+01
1.800000000000000000e+01
1.800000000000000000e+01
2.000000000000000000e+01
2.000000000000000000e+01
2.000000000000000000e+01
2.100000000000000000e+01
2.300000000000000000e+01
2.300000000000000000e+01
2.400000000000000000e+01
2.500000000000000000e+01
2.800000000000000000e+01
2.900000000000000000e+01
3.000000000000000000e+01
3.100000000000000000e+01
3.100000000000000000e+01
3.100000000000000000e+01
3.100000000000000000e+01
3.200000000000000000e+01
3.200000000000000000e+01
3.300000000000000000e+01
3.300000000000000000e+01
3.300000000000000000e+01
3.600000000000000000e+01
3.600000000000000000e+01
3.700000000000000000e+01
3.700000000000000000e+01
3.700000000000000000e+01
3.700000000000000000e+01
3.700000000000000000e+01
3.700000000000000000e+01
3.700000000000000000e+01
3.700000000000000000e+01
3.700000000000000000e+01
3.700000000000000000e+01
3.700000000000000000e+01
3.700000000000000000e+01
3.800000000000000000e+01
3.900000000000000000e+01
3.900000000000000000e+01
3.900000000000000000e+01
3.900000000000000000e+01
3.900000000000000000e+01
3.900000000000000000e+01
4.000000000000000000e+01
4.000000000000000000e+01
4.000000000000000000e+01
4.000000000000000000e+01
4.100000000000000000e+01
4.100000000000000000e+01
4.100000000000000000e+01
4.100000000000000000e+01
4.200000000000000000e+01
4.200000000000000000e+01
4.200000000000000000e+01
4.200000000000000000e+01
4.300000000000000000e+01
4.300000000000000000e+01
4.300000000000000000e+01
4.300000000000000000e+01
4.300000000000000000e+01
4.400000000000000000e+01
4.400000000000000000e+01
4.400000000000000000e+01
4.400000000000000000e+01
4.400000000000000000e+01
4.400000000000000000e+01
4.400000000000000000e+01
4.400000000000000000e+01
4.400000000000000000e+01
4.400000000000000000e+01
4.400000000000000000e+01
4.400000000000000000e+01
4.400000000000000000e+01
4.400000000000000000e+01
4.400000000000000000e+01
4.400000000000000000e+01
4.400000000000000000e+01
4.400000000000000000e+01
4.400000000000000000e+01
4.400000000000000000e+01
4.400000000000000000e+01
4.400000000000000000e+01
4.400000000000000000e+01
4.400000000000000000e+01
4.400000000000000000e+01
4.400000000000000000e+01
4.500000000000000000e+01
4.500000000000000000e+01
4.500000000000000000e+01
4.500000000000000000e+01
4.500000000000000000e+01
4.500000000000000000e+01
4.500000000000000000e+01
4.500000000000000000e+01
4.600000000000000000e+01
4.600000000000000000e+01
4.600000000000000000e+01
4.600000000000000000e+01
4.600000000000000000e+01
4.600000000000000000e+01
4.700000000000000000e+01
4.700000000000000000e+01
4.700000000000000000e+01
4.700000000000000000e+01
4.700000000000000000e+01
4.700000000000000000e+01
4.700000000000000000e+01
4.700000000000000000e+01
4.700000000000000000e+01
4.700000000000000000e+01
4.700000000000000000e+01
4.700000000000000000e+01
4.700000000000000000e+01
4.700000000000000000e+01
4.700000000000000000e+01
4.700000000000000000e+01
4.700000000000000000e+01
4.700000000000000000e+01
4.700000000000000000e+01
4.700000000000000000e+01
4.700000000000000000e+01
4.700000000000000000e+01
4.700000000000000000e+01
4.700000000000000000e+01
4.700000000000000000e+01
4.700000000000000000e+01
4.700000000000000000e+01
4.700000000000000000e+01
4.700000000000000000e+01
4.700000000000000000e+01
4.700000000000000000e+01
4.700000000000000000e+01
4.700000000000000000e+01
4.700000000000000000e+01
4.700000000000000000e+01
4.700000000000000000e+01
4.700000000000000000e+01
4.700000000000000000e+01
4.700000000000000000e+01
4.700000000000000000e+01
4.700000000000000000e+01
4.700000000000000000e+01
4.700000000000000000e+01
4.700000000000000000e+01
4.700000000000000000e+01
4.700000000000000000e+01
4.700000000000000000e+01
4.700000000000000000e+01
4.700000000000000000e+01
4.700000000000000000e+01
4.700000000000000000e+01
4.700000000000000000e+01
4.800000000000000000e+01
4.800000000000000000e+01
4.800000000000000000e+01
4.800000000000000000e+01
4.800000000000000000e+01
4.800000000000000000e+01
4.800000000000000000e+01
4.800000000000000000e+01
4.800000000000000000e+01
4.800000000000000000e+01
4.800000000000000000e+01
4.800000000000000000e+01
4.800000000000000000e+01
4.800000000000000000e+01
4.800000000000000000e+01
4.800000000000000000e+01
4.800000000000000000e+01
4.800000000000000000e+01
4.800000000000000000e+01
4.800000000000000000e+01
4.800000000000000000e+01
4.800000000000000000e+01
4.800000000000000000e+01
4.800000000000000000e+01
4.800000000000000000e+01
4.800000000000000000e+01
4.800000000000000000e+01
4.800000000000000000e+01
4.800000000000000000e+01
4.800000000000000000e+01
4.800000000000000000e+01
4.800000000000000000e+01
4.800000000000000000e+01
4.800000000000000000e+01
4.800000000000000000e+01
4.800000000000000000e+01
4.800000000000000000e+01
4.800000000000000000e+01
4.800000000000000000e+01
4.800000000000000000e+01
4.800000000000000000e+01
4.800000000000000000e+01
4.800000000000000000e+01
4.800000000000000000e+01
4.800000000000000000e+01
4.800000000000000000e+01
4.800000000000000000e+01
4.800000000000000000e+01
4.800000000000000000e+01
4.800000000000000000e+01
4.800000000000000000e+01
4.900000000000000000e+01
4.900000000000000000e+01
5.000000000000000000e+01
5.100000000000000000e+01
5.100000000000000000e+01
5.100000000000000000e+01
5.100000000000000000e+01
5.100000000000000000e+01
5.100000000000000000e+01
5.100000000000000000e+01
5.100000000000000000e+01
5.100000000000000000e+01
5.100000000000000000e+01
5.200000000000000000e+01
5.200000000000000000e+01
5.200000000000000000e+01
5.200000000000000000e+01
5.300000000000000000e+01
5.400000000000000000e+01
5.700000000000000000e+01
5.700000000000000000e+01
5.800000000000000000e+01
5.900000000000000000e+01
5.900000000000000000e+01
6.200000000000000000e+01
6.300000000000000000e+01
6.400000000000000000e+01
6.400000000000000000e+01
6.700000000000000000e+01
6.800000000000000000e+01
6.900000000000000000e+01
6.900000000000000000e+01
7.400000000000000000e+01
7.800000000000000000e+01
7.900000000000000000e+01
7.900000000000000000e+01
8.100000000000000000e+01
8.400000000000000000e+01
8.500000000000000000e+01
8.600000000000000000e+01
8.800000000000000000e+01
9.000000000000000000e+01
9.400000000000000000e+01
9.800000000000000000e+01
1.010000000000000000e+02
1.030000000000000000e+02
1.080000000000000000e+02
1.090000000000000000e+02
1.140000000000000000e+02
1.190000000000000000e+02
1.190000000000000000e+02
1.200000000000000000e+02
1.230000000000000000e+02
1.240000000000000000e+02
1.260000000000000000e+02
1.280000000000000000e+02
1.300000000000000000e+02
1.390000000000000000e+02
1.430000000000000000e+02
1.490000000000000000e+02
1.510000000000000000e+02
1.510000000000000000e+02
1.520000000000000000e+02
1.530000000000000000e+02
1.560000000000000000e+02
1.580000000000000000e+02
1.640000000000000000e+02
1.670000000000000000e+02
1.700000000000000000e+02
1.720000000000000000e+02
1.800000000000000000e+02
1.810000000000000000e+02
1.830000000000000000e+02
1.870000000000000000e+02
1.890000000000000000e+02
1.910000000000000000e+02
1.910000000000000000e+02
1.930000000000000000e+02
1.940000000000000000e+02
1.990000000000000000e+02
2.040000000000000000e+02
2.050000000000000000e+02
2.060000000000000000e+02
2.060000000000000000e+02
2.100000000000000000e+02
2.110000000000000000e+02
2.130000000000000000e+02
2.150000000000000000e+02
2.180000000000000000e+02
2.230000000000000000e+02
2.230000000000000000e+02
2.230000000000000000e+02
2.280000000000000000e+02
2.290000000000000000e+02
2.310000000000000000e+02
2.330000000000000000e+02
2.340000000000000000e+02
2.340000000000000000e+02
2.380000000000000000e+02
2.400000000000000000e+02
2.400000000000000000e+02
2.440000000000000000e+02
2.460000000000000000e+02
2.490000000000000000e+02
2.510000000000000000e+02
2.510000000000000000e+02
2.530000000000000000e+02
2.530000000000000000e+02
2.540000000000000000e+02
2.550000000000000000e+02
2.560000000000000000e+02
2.560000000000000000e+02
2.560000000000000000e+02
2.560000000000000000e+02
2.560000000000000000e+02
2.560000000000000000e+02
2.590000000000000000e+02
2.600000000000000000e+02
2.600000000000000000e+02
2.600000000000000000e+02
2.600000000000000000e+02
2.600000000000000000e+02
2.600000000000000000e+02
2.600000000000000000e+02
2.600000000000000000e+02
2.620000000000000000e+02
2.620000000000000000e+02
2.620000000000000000e+02
2.630000000000000000e+02
2.630000000000000000e+02
2.640000000000000000e+02
2.650000000000000000e+02
2.660000000000000000e+02
2.660000000000000000e+02
2.660000000000000000e+02
2.660000000000000000e+02
2.670000000000000000e+02
2.690000000000000000e+02
2.690000000000000000e+02
2.690000000000000000e+02
2.690000000000000000e+02
2.690000000000000000e+02
2.710000000000000000e+02
2.710000000000000000e+02
2.730000000000000000e+02
2.740000000000000000e+02
2.740000000000000000e+02
2.750000000000000000e+02
2.760000000000000000e+02
2.770000000000000000e+02
2.770000000000000000e+02
2.770000000000000000e+02
2.770000000000000000e+02
2.780000000000000000e+02
2.790000000000000000e+02
2.800000000000000000e+02
2.810000000000000000e+02
2.820000000000000000e+02
2.830000000000000000e+02
2.860000000000000000e+02
2.860000000000000000e+02
2.860000000000000000e+02
2.860000000000000000e+02
2.880000000000000000e+02
2.890000000000000000e+02
2.910000000000000000e+02
2.910000000000000000e+02
2.950000000000000000e+02
2.990000000000000000e+02
2.990000000000000000e+02
3.020000000000000000e+02
3.050000000000000000e+02
3.070000000000000000e+02
3.070000000000000000e+02
3.080000000000000000e+02
3.100000000000000000e+02
3.110000000000000000e+02
3.110000000000000000e+02
3.110000000000000000e+02
3.120000000000000000e+02
3.120000000000000000e+02
3.130000000000000000e+02
3.150000000000000000e+02
3.160000000000000000e+02
3.160000000000000000e+02
3.160000000000000000e+02
3.160000000000000000e+02
3.160000000000000000e+02
3.190000000000000000e+02
3.190000000000000000e+02
3.220000000000000000e+02
3.230000000000000000e+02
3.230000000000000000e+02
3.230000000000000000e+02
3.230000000000000000e+02
3.240000000000000000e+02
3.250000000000000000e+02
3.260000000000000000e+02
3.260000000000000000e+02
3.260000000000000000e+02
3.260000000000000000e+02
3.260000000000000000e+02
3.270000000000000000e+02
3.290000000000000000e+02
3.290000000000000000e+02
3.290000000000000000e+02
3.290000000000000000e+02
3.290000000000000000e+02
3.300000000000000000e+02
3.300000000000000000e+02
3.300000000000000000e+02
3.310000000000000000e+02
3.310000000000000000e+02
3.310000000000000000e+02
3.740000000000000000e+02
3.750000000000000000e+02
3.750000000000000000e+02
3.750000000000000000e+02
3.750000000000000000e+02
3.750000000000000000e+02
3.760000000000000000e+02
3.770000000000000000e+02
3.770000000000000000e+02
3.790000000000000000e+02
3.790000000000000000e+02
3.790000000000000000e+02
3.790000000000000000e+02
3.790000000000000000e+02
3.810000000000000000e+02
3.810000000000000000e+02
3.830000000000000000e+02
3.830000000000000000e+02
3.860000000000000000e+02
3.860000000000000000e+02
3.860000000000000000e+02
3.860000000000000000e+02
3.880000000000000000e+02
3.890000000000000000e+02
3.890000000000000000e+02
3.900000000000000000e+02
3.900000000000000000e+02
3.900000000000000000e+02
3.900000000000000000e+02
3.920000000000000000e+02
3.940000000000000000e+02
3.950000000000000000e+02
3.980000000000000000e+02
3.990000000000000000e+02
3.990000000000000000e+02
4.020000000000000000e+02
4.030000000000000000e+02
4.050000000000000000e+02
4.060000000000000000e+02
4.300000000000000000e+02
4.300000000000000000e+02
4.300000000000000000e+02
4.320000000000000000e+02
4.320000000000000000e+02
4.330000000000000000e+02
4.330000000000000000e+02
4.340000000000000000e+02
4.340000000000000000e+02
4.350000000000000000e+02
4.350000000000000000e+02
4.360000000000000000e+02
4.360000000000000000e+02
4.400000000000000000e+02
4.400000000000000000e+02
4.430000000000000000e+02
4.440000000000000000e+02
4.440000000000000000e+02
4.440000000000000000e+02
4.440000000000000000e+02
4.460000000000000000e+02
4.460000000000000000e+02
4.500000000000000000e+02
4.610000000000000000e+02
4.620000000000000000e+02
4.620000000000000000e+02
4.620000000000000000e+02
4.620000000000000000e+02
4.630000000000000000e+02
4.630000000000000000e+02
4.660000000000000000e+02
4.670000000000000000e+02
4.670000000000000000e+02
4.670000000000000000e+02
4.670000000000000000e+02
4.680000000000000000e+02
4.680000000000000000e+02
4.710000000000000000e+02
4.710000000000000000e+02
4.710000000000000000e+02
4.710000000000000000e+02
4.720000000000000000e+02
4.720000000000000000e+02
4.720000000000000000e+02
4.720000000000000000e+02
4.720000000000000000e+02
4.730000000000000000e+02
4.730000000000000000e+02
4.730000000000000000e+02
4.730000000000000000e+02
4.730000000000000000e+02
4.760000000000000000e+02
4.770000000000000000e+02
4.770000000000000000e+02
4.770000000000000000e+02
4.770000000000000000e+02
4.770000000000000000e+02
4.770000000000000000e+02
4.770000000000000000e+02
4.780000000000000000e+02
4.780000000000000000e+02
4.780000000000000000e+02
4.780000000000000000e+02
4.780000000000000000e+02
4.780000000000000000e+02
4.790000000000000000e+02
4.790000000000000000e+02
4.790000000000000000e+02
4.790000000000000000e+02
4.790000000000000000e+02
4.790000000000000000e+02
4.800000000000000000e+02
4.800000000000000000e+02
4.800000000000000000e+02
4.820000000000000000e+02
4.820000000000000000e+02
4.840000000000000000e+02
4.840000000000000000e+02
4.840000000000000000e+02
4.890000000000000000e+02
4.910000000000000000e+02
4.920000000000000000e+02
4.930000000000000000e+02
4.930000000000000000e+02
4.950000000000000000e+02
4.950000000000000000e+02
4.950000000000000000e+02
4.960000000000000000e+02
4.980000000000000000e+02
4.990000000000000000e+02
5.010000000000000000e+02
5.010000000000000000e+02
5.050000000000000000e+02
5.140000000000000000e+02
5.140000000000000000e+02
5.150000000000000000e+02
5.160000000000000000e+02
5.160000000000000000e+02
5.190000000000000000e+02
5.250000000000000000e+02
5.250000000000000000e+02
5.290000000000000000e+02
5.290000000000000000e+02
5.300000000000000000e+02
5.300000000000000000e+02
5.320000000000000000e+02
5.320000000000000000e+02
5.370000000000000000e+02
5.370000000000000000e+02
5.370000000000000000e+02
5.390000000000000000e+02
5.390000000000000000e+02
5.390000000000000000e+02
5.410000000000000000e+02
5.420000000000000000e+02
5.440000000000000000e+02
5.440000000000000000e+02
5.440000000000000000e+02
5.440000000000000000e+02
5.440000000000000000e+02
5.460000000000000000e+02
5.530000000000000000e+02
5.560000000000000000e+02
5.560000000000000000e+02
5.560000000000000000e+02
5.560000000000000000e+02
5.560000000000000000e+02
5.580000000000000000e+02
5.590000000000000000e+02
5.590000000000000000e+02
5.590000000000000000e+02
5.590000000000000000e+02
5.590000000000000000e+02
5.590000000000000000e+02
5.590000000000000000e+02
5.590000000000000000e+02
5.590000000000000000e+02
5.590000000000000000e+02
5.590000000000000000e+02
5.590000000000000000e+02
5.590000000000000000e+02
5.590000000000000000e+02
5.590000000000000000e+02
5.590000000000000000e+02
5.600000000000000000e+02
5.600000000000000000e+02
5.600000000000000000e+02
5.600000000000000000e+02
5.600000000000000000e+02
5.600000000000000000e+02
5.600000000000000000e+02
5.600000000000000000e+02
5.600000000000000000e+02
5.600000000000000000e+02
5.600000000000000000e+02
5.600000000000000000e+02
5.600000000000000000e+02
5.600000000000000000e+02
5.600000000000000000e+02
5.600000000000000000e+02
5.600000000000000000e+02
5.600000000000000000e+02
5.600000000000000000e+02
5.600000000000000000e+02
5.600000000000000000e+02
5.600000000000000000e+02
5.600000000000000000e+02
5.600000000000000000e+02
5.600000000000000000e+02
5.600000000000000000e+02
5.600000000000000000e+02
5.600000000000000000e+02
5.600000000000000000e+02
5.600000000000000000e+02
5.600000000000000000e+02
5.600000000000000000e+02
5.600000000000000000e+02
5.600000000000000000e+02
5.600000000000000000e+02
5.600000000000000000e+02
5.600000000000000000e+02
5.600000000000000000e+02
5.600000000000000000e+02
5.600000000000000000e+02
5.600000000000000000e+02
5.600000000000000000e+02
5.600000000000000000e+02
5.600000000000000000e+02
5.600000000000000000e+02
5.600000000000000000e+02
5.640000000000000000e+02
5.640000000000000000e+02
5.640000000000000000e+02
5.640000000000000000e+02
5.640000000000000000e+02
5.640000000000000000e+02
5.640000000000000000e+02
5.640000000000000000e+02
5.640000000000000000e+02
5.640000000000000000e+02
5.640000000000000000e+02
5.640000000000000000e+02
5.640000000000000000e+02
5.640000000000000000e+02
5.640000000000000000e+02
5.670000000000000000e+02
5.670000000000000000e+02
5.670000000000000000e+02
5.670000000000000000e+02
5.670000000000000000e+02
5.670000000000000000e+02
5.670000000000000000e+02
5.670000000000000000e+02
5.670000000000000000e+02
5.670000000000000000e+02
5.670000000000000000e+02
5.670000000000000000e+02
5.670000000000000000e+02
5.680000000000000000e+02
5.680000000000000000e+02
5.680000000000000000e+02
5.680000000000000000e+02
5.680000000000000000e+02
5.680000000000000000e+02
5.680000000000000000e+02
5.680000000000000000e+02
5.680000000000000000e+02
5.680000000000000000e+02
5.680000000000000000e+02
5.680000000000000000e+02
5.680000000000000000e+02
5.680000000000000000e+02
5.680000000000000000e+02
5.680000000000000000e+02
5.680000000000000000e+02
5.680000000000000000e+02
5.680000000000000000e+02
5.680000000000000000e+02
5.680000000000000000e+02
5.680000000000000000e+02
5.680000000000000000e+02
5.680000000000000000e+02
5.680000000000000000e+02
5.680000000000000000e+02
5.680000000000000000e+02
5.690000000000000000e+02
5.690000000000000000e+02
5.690000000000000000e+02
5.690000000000000000e+02
5.690000000000000000e+02
5.690000000000000000e+02
5.690000000000000000e+02
5.690000000000000000e+02
5.690000000000000000e+02
5.690000000000000000e+02
5.690000000000000000e+02
5.690000000000000000e+02
5.690000000000000000e+02
5.690000000000000000e+02
5.690000000000000000e+02
5.710000000000000000e+02
5.710000000000000000e+02
5.710000000000000000e+02
5.710000000000000000e+02
5.710000000000000000e+02
5.710000000000000000e+02
5.710000000000000000e+02
5.710000000000000000e+02
5.710000000000000000e+02
5.710000000000000000e+02
5.710000000000000000e+02
5.710000000000000000e+02
5.710000000000000000e+02
5.710000000000000000e+02
5.730000000000000000e+02
5.730000000000000000e+02
5.730000000000000000e+02
5.730000000000000000e+02
5.730000000000000000e+02
5.730000000000000000e+02
5.730000000000000000e+02
5.730000000000000000e+02
5.730000000000000000e+02
5.730000000000000000e+02
5.730000000000000000e+02
5.730000000000000000e+02
5.730000000000000000e+02
5.730000000000000000e+02
5.750000000000000000e+02
