6.492707528608865175e+01
4.658591569065012550e+01
3.527068376515188675e+01
1.842079509936101545e+01
5.766608036953861927e+00
5.144782259793655754e+01
3.536613405509996255e+01
2.913442710711172623e+01
9.267448608901460716e+00
-3.558646550227074101e+00
-2.190014894547088176e+01
-3.601897220139130695e+01
8.235549245884683955e+00
-9.220991494463085303e+00
-1.675928233352848196e+01
-3.784610609370231771e+01
-5.178534931329436830e+01
-7.111246097778879971e+01
-8.606826722351347314e+01
-4.248141884116687095e+01
-6.041668598618059605e+01
-6.822678435995557322e+01
-8.936276353651253146e+01
-1.031155308273986009e+02
-1.220107514792209429e+02
-1.362830193671551342e+02
-9.175856577102533151e+01
-1.085037142496494198e+02
-1.148767624711252182e+02
-1.343383212821367749e+02
-1.461926869988811006e+02
-1.629824931411559135e+02
-1.749625438350665831e+02
-1.279821068800044941e+02
-1.421328869131687043e+02
-1.458003735520691180e+02
-1.624736100045729756e+02
-1.714859740498242218e+02
-1.854092337849243108e+02
-1.945267963174930514e+02
-1.447154426943311307e+02
-1.560927836982919530e+02
-1.570681441349242675e+02
-1.711519320383653167e+02
-1.776960935756431468e+02
-1.892879226535215196e+02
-1.962231476159026045e+02
-1.443875900676764559e+02
-1.539046297597934085e+02
-1.531861800938108900e+02
-1.657422254032737783e+02
-1.709215135217248758e+02
-1.813056636341271997e+02
-1.871826013741907673e+02
-1.344286046909753338e+02
-1.431561821956312031e+02
-1.417654759782309384e+02
-1.537542275254394326e+02
-1.584588881152722024e+02
-1.684491223020521886e+02
