5.674121794219038293e+02
5.678853577445152041e+02
5.685069825466385964e+02
5.689549924372222449e+02
5.696423186164893195e+02
5.703565879101520295e+02
5.706588250620955023e+02
5.709011305444947766e+02
5.711432261468024763e+02
5.715113240340086804e+02
5.716906096673781121e+02
5.721016096592300073e+02
5.725396850874479924e+02
5.725735208084528267e+02
5.725625930001710913e+02
5.725735130865867859e+02
5.727387093736082306e+02
5.727487420176256592e+02
5.730285270659812795e+02
5.733767140698546427e+02
5.733640909772138912e+02
5.733510008112100422e+02
5.734036696005368867e+02
5.736529072117980377e+02
5.737864760235005406e+02
5.742254015190563905e+02
5.747634667069156649e+02
5.749657606297262191e+02
5.751862612696571659e+02
5.754843474887327375e+02
5.759836963378423889e+02
5.763648550236941901e+02
5.770417557907529726e+02
5.778014098046811569e+02
5.782026446444159546e+02
5.785938603853006725e+02
5.790296940702710344e+02
5.796300446824882329e+02
5.800727444299935769e+02
5.807701419604278499e+02
5.815088318663738391e+02
5.818483943219173398e+02
5.821391200439177283e+02
5.824386115531259520e+02
5.828707149548746429e+02
5.831180710183563178e+02
5.835985549119219513e+02
5.841048433514703220e+02
5.842029779236459035e+02
5.842499050749250955e+02
5.843098892575191030e+02
5.845132590209474301e+02
5.845487802852569530e+02
5.848399313359717553e+02
5.851843230530839719e+02
5.851521373230374365e+02
5.851035676214272598e+02
5.851051609610373134e+02
5.852885228269000208e+02
5.853426802444076884e+02
