0.000000000000000000e+00
0.000000000000000000e+00
0.000000000000000000e+00
0.000000000000000000e+00
0.000000000000000000e+00
0.000000000000000000e+00
0.000000000000000000e+00
0.000000000000000000e+00
0.000000000000000000e+00
0.000000000000000000e+00
0.000000000000000000e+00
0.000000000000000000e+00
0.000000000000000000e+00
0.000000000000000000e+00
0.000000000000000000e+00
0.000000000000000000e+00
0.000000000000000000e+00
0.000000000000000000e+00
0.000000000000000000e+00
0.000000000000000000e+00
0.000000000000000000e+00
2.000000000000000000e+00
2.000000000000000000e+00
2.000000000000000000e+00
4.000000000000000000e+00
4.000000000000000000e+00
4.000000000000000000e+00
4.000000000000000000e+00
4.000000000000000000e+00
4.000000000000000000e+00
4.000000000000000000e+00
4.000000000000000000e+00
4.000000000000000000e+00
4.000000000000000000e+00
1.100000000000000000e+01
1.100000000000000000e+01
1.100000000000000000e+01
1.100000000000000000e+01
1.200000000000000000e+01
1.200000000000000000e+01
1.200000000000000000e+01
1.200000000000000000e+01
1.200000000000000000e+01
1.200000000000000000e+01
1.200000000000000000e+01
1.200000000000000000e+01
1.200000000000000000e+01
1.200000000000000000e+01
1.200000000000000000e+01
1.200000000000000000e+01
1.200000000000000000e+01
1.200000000000000000e+01
1.200000000000000000e+01
1.200000000000000000e+01
1.200000000000000000e+01
1.200000000000000000e+01
1.200000000000000000e+01
1.200000000000000000e+01
1.200000000000000000e+01
1.200000000000000000e+01
2.206000000000000000e+03
2.206000000000000000e+03
3.250000000000000000e+03
3.907000000000000000e+03
4.955000000000000000e+03
5.707000000000000000e+03
5.724000000000000000e+03
7.226000000000000000e+03
7.964000000000000000e+03
9.513000000000000000e+03
1.105300000000000000e+04
1.254800000000000000e+04
1.413500000000000000e+04
1.557200000000000000e+04
1.634900000000000000e+04
1.742800000000000000e+04
1.952300000000000000e+04
2.145200000000000000e+04
2.341300000000000000e+04
2.519500000000000000e+04
2.666300000000000000e+04
2.746900000000000000e+04
2.800100000000000000e+04
2.880500000000000000e+04
3.095500000000000000e+04
3.281200000000000000e+04
3.442000000000000000e+04
3.598300000000000000e+04
3.657800000000000000e+04
3.740900000000000000e+04
3.918100000000000000e+04
4.065700000000000000e+04
4.208800000000000000e+04
4.349300000000000000e+04
4.459400000000000000e+04
4.490300000000000000e+04
4.551300000000000000e+04
4.688600000000000000e+04
4.822800000000000000e+04
4.947600000000000000e+04
5.021200000000000000e+04
5.066300000000000000e+04
5.088500000000000000e+04
5.147600000000000000e+04
5.284200000000000000e+04
5.407900000000000000e+04
5.519100000000000000e+04
5.589200000000000000e+04
5.614800000000000000e+04
5.632700000000000000e+04
5.683500000000000000e+04
5.789800000000000000e+04
5.878600000000000000e+04
5.971900000000000000e+04
6.056200000000000000e+04
6.056200000000000000e+04
6.132700000000000000e+04
6.184300000000000000e+04
6.267800000000000000e+04
6.347200000000000000e+04
6.397600000000000000e+04
6.432700000000000000e+04
6.466500000000000000e+04
6.473500000000000000e+04
6.531700000000000000e+04
6.599700000000000000e+04
6.670200000000000000e+04
6.730900000000000000e+04
6.792100000000000000e+04
6.838600000000000000e+04
6.847300000000000000e+04
6.855800000000000000e+04
6.893000000000000000e+04
6.957300000000000000e+04
7.009400000000000000e+04
7.062200000000000000e+04
7.092400000000000000e+04
7.096100000000000000e+04
7.118200000000000000e+04
7.162600000000000000e+04
7.195200000000000000e+04
7.226900000000000000e+04
7.269500000000000000e+04
7.293100000000000000e+04
7.298200000000000000e+04
7.316800000000000000e+04
7.345900000000000000e+04
7.379100000000000000e+04
7.401100000000000000e+04
7.424100000000000000e+04
7.443600000000000000e+04
7.449600000000000000e+04
7.473600000000000000e+04
7.499500000000000000e+04
7.525100000000000000e+04
7.547500000000000000e+04
7.577300000000000000e+04
7.577300000000000000e+04
7.577400000000000000e+04
7.612400000000000000e+04
7.639900000000000000e+04
7.667400000000000000e+04
7.692700000000000000e+04
7.718500000000000000e+04
7.718500000000000000e+04
7.718500000000000000e+04
7.744400000000000000e+04
7.778000000000000000e+04
7.778000000000000000e+04
7.829500000000000000e+04
7.851300000000000000e+04
7.851300000000000000e+04
7.851300000000000000e+04
7.872200000000000000e+04
7.872200000000000000e+04
7.894500000000000000e+04
7.916100000000000000e+04
7.937100000000000000e+04
7.937100000000000000e+04
7.937100000000000000e+04
7.966800000000000000e+04
7.986100000000000000e+04
8.008400000000000000e+04
8.060000000000000000e+04
8.094300000000000000e+04
8.094500000000000000e+04
8.094500000000000000e+04
8.121200000000000000e+04
8.144100000000000000e+04
8.144300000000000000e+04
8.163200000000000000e+04
8.176400000000000000e+04
8.176400000000000000e+04
8.176400000000000000e+04
8.176400000000000000e+04
8.176400000000000000e+04
8.229800000000000000e+04
8.259200000000000000e+04
8.296800000000000000e+04
8.296800000000000000e+04
8.297100000000000000e+04
8.297100000000000000e+04
8.297100000000000000e+04
8.360900000000000000e+04
8.361200000000000000e+04
8.399300000000000000e+04
8.399300000000000000e+04
8.399300000000000000e+04
8.421400000000000000e+04
8.421400000000000000e+04
8.421400000000000000e+04
8.421400000000000000e+04
8.498100000000000000e+04
8.510200000000000000e+04
8.512500000000000000e+04
8.535200000000000000e+04
8.575700000000000000e+04
8.581100000000000000e+04
8.627100000000000000e+04
8.649500000000000000e+04
8.649500000000000000e+04
8.649500000000000000e+04
8.679000000000000000e+04
8.703600000000000000e+04
8.741800000000000000e+04
8.766100000000000000e+04
8.792700000000000000e+04
8.792700000000000000e+04
8.792700000000000000e+04
8.848400000000000000e+04
8.887600000000000000e+04
8.924200000000000000e+04
8.946800000000000000e+04
8.989000000000000000e+04
9.044500000000000000e+04
9.044500000000000000e+04
9.043200000000000000e+04
9.081600000000000000e+04
9.129300000000000000e+04
9.176500000000000000e+04
9.270000000000000000e+04
9.358600000000000000e+04
9.358600000000000000e+04
9.428900000000000000e+04
9.496100000000000000e+04
9.649800000000000000e+04
9.598000000000000000e+04
9.690900000000000000e+04
9.693700000000000000e+04
9.693700000000000000e+04
9.712700000000000000e+04
9.808800000000000000e+04
9.863200000000000000e+04
9.915400000000000000e+04
1.002530000000000000e+05
1.002810000000000000e+05
1.002810000000000000e+05
1.008730000000000000e+05
1.014430000000000000e+05
1.020610000000000000e+05
1.025420000000000000e+05
1.032320000000000000e+05
1.032320000000000000e+05
1.032320000000000000e+05
1.040350000000000000e+05
1.052030000000000000e+05
1.063740000000000000e+05
1.070430000000000000e+05
1.080140000000000000e+05
1.080140000000000000e+05
1.080140000000000000e+05
1.096110000000000000e+05
1.105150000000000000e+05
1.117150000000000000e+05
1.126620000000000000e+05
1.136360000000000000e+05
1.136360000000000000e+05
1.136980000000000000e+05
1.159640000000000000e+05
1.174000000000000000e+05
1.194130000000000000e+05
1.207230000000000000e+05
1.222240000000000000e+05
1.230950000000000000e+05
1.236640000000000000e+05
1.236640000000000000e+05
1.236640000000000000e+05
1.261950000000000000e+05
1.297590000000000000e+05
1.318100000000000000e+05
1.334190000000000000e+05
1.340950000000000000e+05
1.352160000000000000e+05
1.374010000000000000e+05
1.391770000000000000e+05
1.404700000000000000e+05
1.426710000000000000e+05
1.446560000000000000e+05
1.453260000000000000e+05
1.463960000000000000e+05
1.486690000000000000e+05
1.509660000000000000e+05
1.531450000000000000e+05
1.558290000000000000e+05
1.567550000000000000e+05
1.572590000000000000e+05
1.581700000000000000e+05
1.602570000000000000e+05
1.621300000000000000e+05
1.638140000000000000e+05
1.654930000000000000e+05
1.667150000000000000e+05
1.670050000000000000e+05
1.679130000000000000e+05
1.696630000000000000e+05
1.711970000000000000e+05
1.725740000000000000e+05
1.739860000000000000e+05
1.749920000000000000e+05
1.752200000000000000e+05
1.759190000000000000e+05
1.775580000000000000e+05
1.789370000000000000e+05
1.803480000000000000e+05
1.815810000000000000e+05
1.815810000000000000e+05
1.826850000000000000e+05
1.833400000000000000e+05
1.847800000000000000e+05
1.860040000000000000e+05
1.871990000000000000e+05
1.884880000000000000e+05
1.894030000000000000e+05
1.896380000000000000e+05
1.902960000000000000e+05
1.918920000000000000e+05
1.931920000000000000e+05
1.945590000000000000e+05
1.953650000000000000e+05
1.956380000000000000e+05
1.958610000000000000e+05
1.966420000000000000e+05
1.977260000000000000e+05
1.989660000000000000e+05
2.001420000000000000e+05
2.008220000000000000e+05
2.010950000000000000e+05
2.013080000000000000e+05
2.019590000000000000e+05
2.034250000000000000e+05
2.046790000000000000e+05
2.046800000000000000e+05
2.072110000000000000e+05
2.080900000000000000e+05
2.083540000000000000e+05
2.089970000000000000e+05
2.103150000000000000e+05
2.115980000000000000e+05
2.127280000000000000e+05
2.139970000000000000e+05
2.139970000000000000e+05
2.152690000000000000e+05
2.161290000000000000e+05
2.177450000000000000e+05
2.193540000000000000e+05
2.206500000000000000e+05
2.219370000000000000e+05
2.228400000000000000e+05
2.230800000000000000e+05
2.238230000000000000e+05
2.252670000000000000e+05
2.266850000000000000e+05
2.267720000000000000e+05
2.296340000000000000e+05
2.303260000000000000e+05
2.306120000000000000e+05
2.315250000000000000e+05
2.331020000000000000e+05
2.346780000000000000e+05
2.346780000000000000e+05
2.377550000000000000e+05
2.388990000000000000e+05
2.391830000000000000e+05
2.402000000000000000e+05
2.419240000000000000e+05
2.433200000000000000e+05
2.449610000000000000e+05
2.449620000000000000e+05
2.449620000000000000e+05
2.449620000000000000e+05
2.487370000000000000e+05
2.504470000000000000e+05
2.519470000000000000e+05
2.533370000000000000e+05
2.533370000000000000e+05
2.533370000000000000e+05
2.533370000000000000e+05
2.567480000000000000e+05
2.588630000000000000e+05
2.602300000000000000e+05
2.616480000000000000e+05
2.616490000000000000e+05
2.616490000000000000e+05
2.616490000000000000e+05
2.651650000000000000e+05
2.666740000000000000e+05
2.680730000000000000e+05
2.694740000000000000e+05
2.707030000000000000e+05
2.716930000000000000e+05
2.720790000000000000e+05
2.728870000000000000e+05
2.743310000000000000e+05
2.758110000000000000e+05
2.772250000000000000e+05
2.784700000000000000e+05
2.794070000000000000e+05
2.797520000000000000e+05
2.805630000000000000e+05
2.821520000000000000e+05
2.821520000000000000e+05
2.850550000000000000e+05
2.850550000000000000e+05
2.864420000000000000e+05
2.864420000000000000e+05
2.886830000000000000e+05
2.903100000000000000e+05
2.903100000000000000e+05
2.934100000000000000e+05
2.948650000000000000e+05
2.961790000000000000e+05
2.965810000000000000e+05
2.976390000000000000e+05
2.996250000000000000e+05
3.014670000000000000e+05
3.029950000000000000e+05
3.045630000000000000e+05
3.045630000000000000e+05
3.064530000000000000e+05
3.068930000000000000e+05
3.081280000000000000e+05
3.081280000000000000e+05
3.125400000000000000e+05
3.125400000000000000e+05
3.125400000000000000e+05
3.166160000000000000e+05
3.177630000000000000e+05
3.198800000000000000e+05
3.219810000000000000e+05
3.238650000000000000e+05
3.257520000000000000e+05
3.271040000000000000e+05
3.275860000000000000e+05
3.287180000000000000e+05
3.307900000000000000e+05
3.326400000000000000e+05
3.344970000000000000e+05
3.362340000000000000e+05
3.376670000000000000e+05
3.381910000000000000e+05
3.393920000000000000e+05
3.414060000000000000e+05
3.431110000000000000e+05
3.448300000000000000e+05
3.464800000000000000e+05
3.478270000000000000e+05
3.620430000000000000e+05
3.630410000000000000e+05
3.648590000000000000e+05
3.667820000000000000e+05
3.683730000000000000e+05
3.698980000000000000e+05
3.710760000000000000e+05
3.714780000000000000e+05
3.724000000000000000e+05
3.739750000000000000e+05
3.754650000000000000e+05
3.765320000000000000e+05
3.773380000000000000e+05
3.786430000000000000e+05
3.789580000000000000e+05
3.798120000000000000e+05
3.812510000000000000e+05
3.825010000000000000e+05
3.825010000000000000e+05
3.825170000000000000e+05
3.825170000000000000e+05
3.825190000000000000e+05
3.859610000000000000e+05
3.867980000000000000e+05
3.881280000000000000e+05
3.891050000000000000e+05
3.901960000000000000e+05
3.908780000000000000e+05
3.911030000000000000e+05
3.916700000000000000e+05
3.925930000000000000e+05
3.925960000000000000e+05
3.941320000000000000e+05
3.949210000000000000e+05
3.953840000000000000e+05
3.955190000000000000e+05
3.960190000000000000e+05
3.966870000000000000e+05
3.974600000000000000e+05
3.980920000000000000e+05
3.987270000000000000e+05
3.990920000000000000e+05
3.991940000000000000e+05
3.995600000000000000e+05
4.002600000000000000e+05
4.007960000000000000e+05
4.013640000000000000e+05
4.018360000000000000e+05
4.020990000000000000e+05
4.021480000000000000e+05
4.024650000000000000e+05
4.029220000000000000e+05
4.033260000000000000e+05
4.037970000000000000e+05
4.041070000000000000e+05
4.043320000000000000e+05
4.043950000000000000e+05
4.046660000000000000e+05
4.049870000000000000e+05
4.052850000000000000e+05
4.055720000000000000e+05
4.058540000000000000e+05
4.060190000000000000e+05
4.060500000000000000e+05
4.062570000000000000e+05
4.065390000000000000e+05
4.067400000000000000e+05
4.069700000000000000e+05
4.072000000000000000e+05
4.073720000000000000e+05
4.073910000000000000e+05
4.076850000000000000e+05
4.079650000000000000e+05
4.079650000000000000e+05
4.082830000000000000e+05
4.085670000000000000e+05
4.087090000000000000e+05
4.087390000000000000e+05
4.089730000000000000e+05
4.094030000000000000e+05
4.096870000000000000e+05
4.100350000000000000e+05
4.103490000000000000e+05
4.105250000000000000e+05
4.105540000000000000e+05
4.109030000000000000e+05
4.132260000000000000e+05
4.117970000000000000e+05
4.123730000000000000e+05
4.128050000000000000e+05
4.131700000000000000e+05
4.132780000000000000e+05
4.133570000000000000e+05
4.144330000000000000e+05
4.151110000000000000e+05
0.000000000000000000e+00
0.000000000000000000e+00
0.000000000000000000e+00
0.000000000000000000e+00
0.000000000000000000e+00
0.000000000000000000e+00
0.000000000000000000e+00
0.000000000000000000e+00
0.000000000000000000e+00
0.000000000000000000e+00
0.000000000000000000e+00
0.000000000000000000e+00
0.000000000000000000e+00
0.000000000000000000e+00
0.000000000000000000e+00
0.000000000000000000e+00
0.000000000000000000e+00
0.000000000000000000e+00
0.000000000000000000e+00
0.000000000000000000e+00
0.000000000000000000e+00
0.000000000000000000e+00
0.000000000000000000e+00
0.000000000000000000e+00
0.000000000000000000e+00
0.000000000000000000e+00
0.000000000000000000e+00
0.000000000000000000e+00
0.000000000000000000e+00
0.000000000000000000e+00
0.000000000000000000e+00
0.000000000000000000e+00
0.000000000000000000e+00
0.000000000000000000e+00
0.000000000000000000e+00
0.000000000000000000e+00
0.000000000000000000e+00
0.000000000000000000e+00
0.000000000000000000e+00
0.000000000000000000e+00
0.000000000000000000e+00
0.000000000000000000e+00
0.000000000000000000e+00
0.000000000000000000e+00
0.000000000000000000e+00
0.000000000000000000e+00
0.000000000000000000e+00
0.000000000000000000e+00
0.000000000000000000e+00
0.000000000000000000e+00
0.000000000000000000e+00
0.000000000000000000e+00
0.000000000000000000e+00
0.000000000000000000e+00
0.000000000000000000e+00
0.000000000000000000e+00
0.000000000000000000e+00
0.000000000000000000e+00
0.000000000000000000e+00
0.000000000000000000e+00
0.000000000000000000e+00
0.000000000000000000e+00
0.000000000000000000e+00
0.000000000000000000e+00
0.000000000000000000e+00
0.000000000000000000e+00
0.000000000000000000e+00
0.000000000000000000e+00
0.000000000000000000e+00
0.000000000000000000e+00
0.000000000000000000e+00
0.000000000000000000e+00
0.000000000000000000e+00
0.000000000000000000e+00
0.000000000000000000e+00
0.000000000000000000e+00
0.000000000000000000e+00
0.000000000000000000e+00
0.000000000000000000e+00
0.000000000000000000e+00
0.000000000000000000e+00
0.000000000000000000e+00
0.000000000000000000e+00
0.000000000000000000e+00
0.000000000000000000e+00
0.000000000000000000e+00
0.000000000000000000e+00
0.000000000000000000e+00
0.000000000000000000e+00
0.000000000000000000e+00
0.000000000000000000e+00
0.000000000000000000e+00
0.000000000000000000e+00
0.000000000000000000e+00
0.000000000000000000e+00
0.000000000000000000e+00
0.000000000000000000e+00
0.000000000000000000e+00
0.000000000000000000e+00
0.000000000000000000e+00
0.000000000000000000e+00
0.000000000000000000e+00
0.000000000000000000e+00
0.000000000000000000e+00
0.000000000000000000e+00
0.000000000000000000e+00
0.000000000000000000e+00
0.000000000000000000e+00
0.000000000000000000e+00
0.000000000000000000e+00
0.000000000000000000e+00
0.000000000000000000e+00
0.000000000000000000e+00
0.000000000000000000e+00
0.000000000000000000e+00
0.000000000000000000e+00
0.000000000000000000e+00
0.000000000000000000e+00
0.000000000000000000e+00
0.000000000000000000e+00
0.000000000000000000e+00
0.000000000000000000e+00
0.000000000000000000e+00
0.000000000000000000e+00
0.000000000000000000e+00
0.000000000000000000e+00
0.000000000000000000e+00
0.000000000000000000e+00
0.000000000000000000e+00
0.000000000000000000e+00
0.000000000000000000e+00
0.000000000000000000e+00
0.000000000000000000e+00
0.000000000000000000e+00
0.000000000000000000e+00
0.000000000000000000e+00
0.000000000000000000e+00
0.000000000000000000e+00
0.000000000000000000e+00
0.000000000000000000e+00
0.000000000000000000e+00
0.000000000000000000e+00
0.000000000000000000e+00
0.000000000000000000e+00
0.000000000000000000e+00
0.000000000000000000e+00
0.000000000000000000e+00
0.000000000000000000e+00
0.000000000000000000e+00
0.000000000000000000e+00
0.000000000000000000e+00
0.000000000000000000e+00
0.000000000000000000e+00
0.000000000000000000e+00
0.000000000000000000e+00
0.000000000000000000e+00
0.000000000000000000e+00
0.000000000000000000e+00
0.000000000000000000e+00
0.000000000000000000e+00
0.000000000000000000e+00
0.000000000000000000e+00
0.000000000000000000e+00
0.000000000000000000e+00
0.000000000000000000e+00
0.000000000000000000e+00
0.000000000000000000e+00
0.000000000000000000e+00
0.000000000000000000e+00
0.000000000000000000e+00
0.000000000000000000e+00
0.000000000000000000e+00
0.000000000000000000e+00
0.000000000000000000e+00
0.000000000000000000e+00
0.000000000000000000e+00
0.000000000000000000e+00
0.000000000000000000e+00
0.000000000000000000e+00
0.000000000000000000e+00
0.000000000000000000e+00
0.000000000000000000e+00
0.000000000000000000e+00
0.000000000000000000e+00
0.000000000000000000e+00
0.000000000000000000e+00
0.000000000000000000e+00
0.000000000000000000e+00
0.000000000000000000e+00
0.000000000000000000e+00
0.000000000000000000e+00
0.000000000000000000e+00
0.000000000000000000e+00
0.000000000000000000e+00
0.000000000000000000e+00
0.000000000000000000e+00
0.000000000000000000e+00
0.000000000000000000e+00
0.000000000000000000e+00
0.000000000000000000e+00
0.000000000000000000e+00
0.000000000000000000e+00
0.000000000000000000e+00
0.000000000000000000e+00
0.000000000000000000e+00
0.000000000000000000e+00
0.000000000000000000e+00
0.000000000000000000e+00
0.000000000000000000e+00
0.000000000000000000e+00
0.000000000000000000e+00
0.000000000000000000e+00
0.000000000000000000e+00
0.000000000000000000e+00
0.000000000000000000e+00
0.000000000000000000e+00
0.000000000000000000e+00
0.000000000000000000e+00
0.000000000000000000e+00
0.000000000000000000e+00
0.000000000000000000e+00
0.000000000000000000e+00
0.000000000000000000e+00
0.000000000000000000e+00
0.000000000000000000e+00
0.000000000000000000e+00
0.000000000000000000e+00
0.000000000000000000e+00
0.000000000000000000e+00
0.000000000000000000e+00
0.000000000000000000e+00
0.000000000000000000e+00
0.000000000000000000e+00
0.000000000000000000e+00
0.000000000000000000e+00
0.000000000000000000e+00
0.000000000000000000e+00
0.000000000000000000e+00
0.000000000000000000e+00
0.000000000000000000e+00
0.000000000000000000e+00
0.000000000000000000e+00
0.000000000000000000e+00
0.000000000000000000e+00
0.000000000000000000e+00
0.000000000000000000e+00
0.000000000000000000e+00
0.000000000000000000e+00
0.000000000000000000e+00
0.000000000000000000e+00
0.000000000000000000e+00
0.000000000000000000e+00
0.000000000000000000e+00
0.000000000000000000e+00
0.000000000000000000e+00
0.000000000000000000e+00
0.000000000000000000e+00
0.000000000000000000e+00
0.000000000000000000e+00
0.000000000000000000e+00
0.000000000000000000e+00
0.000000000000000000e+00
0.000000000000000000e+00
0.000000000000000000e+00
0.000000000000000000e+00
0.000000000000000000e+00
0.000000000000000000e+00
0.000000000000000000e+00
0.000000000000000000e+00
0.000000000000000000e+00
0.000000000000000000e+00
0.000000000000000000e+00
0.000000000000000000e+00
0.000000000000000000e+00
0.000000000000000000e+00
0.000000000000000000e+00
0.000000000000000000e+00
0.000000000000000000e+00
0.000000000000000000e+00
0.000000000000000000e+00
0.000000000000000000e+00
0.000000000000000000e+00
0.000000000000000000e+00
0.000000000000000000e+00
0.000000000000000000e+00
0.000000000000000000e+00
0.000000000000000000e+00
0.000000000000000000e+00
0.000000000000000000e+00
0.000000000000000000e+00
0.000000000000000000e+00
0.000000000000000000e+00
0.000000000000000000e+00
0.000000000000000000e+00
0.000000000000000000e+00
0.000000000000000000e+00
0.000000000000000000e+00
0.000000000000000000e+00
0.000000000000000000e+00
0.000000000000000000e+00
0.000000000000000000e+00
0.000000000000000000e+00
0.000000000000000000e+00
0.000000000000000000e+00
0.000000000000000000e+00
0.000000000000000000e+00
0.000000000000000000e+00
0.000000000000000000e+00
0.000000000000000000e+00
0.000000000000000000e+00
0.000000000000000000e+00
0.000000000000000000e+00
0.000000000000000000e+00
0.000000000000000000e+00
0.000000000000000000e+00
0.000000000000000000e+00
0.000000000000000000e+00
0.000000000000000000e+00
0.000000000000000000e+00
0.000000000000000000e+00
0.000000000000000000e+00
0.000000000000000000e+00
0.000000000000000000e+00
0.000000000000000000e+00
0.000000000000000000e+00
0.000000000000000000e+00
0.000000000000000000e+00
0.000000000000000000e+00
0.000000000000000000e+00
0.000000000000000000e+00
0.000000000000000000e+00
0.000000000000000000e+00
0.000000000000000000e+00
0.000000000000000000e+00
0.000000000000000000e+00
0.000000000000000000e+00
0.000000000000000000e+00
0.000000000000000000e+00
0.000000000000000000e+00
0.000000000000000000e+00
0.000000000000000000e+00
0.000000000000000000e+00
0.000000000000000000e+00
0.000000000000000000e+00
0.000000000000000000e+00
0.000000000000000000e+00
0.000000000000000000e+00
0.000000000000000000e+00
0.000000000000000000e+00
0.000000000000000000e+00
0.000000000000000000e+00
0.000000000000000000e+00
0.000000000000000000e+00
0.000000000000000000e+00
0.000000000000000000e+00
0.000000000000000000e+00
0.000000000000000000e+00
0.000000000000000000e+00
0.000000000000000000e+00
0.000000000000000000e+00
0.000000000000000000e+00
0.000000000000000000e+00
0.000000000000000000e+00
0.000000000000000000e+00
0.000000000000000000e+00
0.000000000000000000e+00
0.000000000000000000e+00
0.000000000000000000e+00
0.000000000000000000e+00
0.000000000000000000e+00
0.000000000000000000e+00
0.000000000000000000e+00
0.000000000000000000e+00
0.000000000000000000e+00
0.000000000000000000e+00
0.000000000000000000e+00
0.000000000000000000e+00
0.000000000000000000e+00
0.000000000000000000e+00
0.000000000000000000e+00
0.000000000000000000e+00
0.000000000000000000e+00
0.000000000000000000e+00
0.000000000000000000e+00
0.000000000000000000e+00
0.000000000000000000e+00
0.000000000000000000e+00
0.000000000000000000e+00
0.000000000000000000e+00
0.000000000000000000e+00
0.000000000000000000e+00
0.000000000000000000e+00
0.000000000000000000e+00
0.000000000000000000e+00
0.000000000000000000e+00
0.000000000000000000e+00
0.000000000000000000e+00
0.000000000000000000e+00
0.000000000000000000e+00
0.000000000000000000e+00
0.000000000000000000e+00
0.000000000000000000e+00
0.000000000000000000e+00
0.000000000000000000e+00
0.000000000000000000e+00
0.000000000000000000e+00
0.000000000000000000e+00
0.000000000000000000e+00
0.000000000000000000e+00
0.000000000000000000e+00
0.000000000000000000e+00
0.000000000000000000e+00
0.000000000000000000e+00
0.000000000000000000e+00
0.000000000000000000e+00
0.000000000000000000e+00
0.000000000000000000e+00
0.000000000000000000e+00
0.000000000000000000e+00
0.000000000000000000e+00
0.000000000000000000e+00
0.000000000000000000e+00
0.000000000000000000e+00
0.000000000000000000e+00
0.000000000000000000e+00
0.000000000000000000e+00
0.000000000000000000e+00
0.000000000000000000e+00
0.000000000000000000e+00
0.000000000000000000e+00
0.000000000000000000e+00
0.000000000000000000e+00
0.000000000000000000e+00
0.000000000000000000e+00
0.000000000000000000e+00
0.000000000000000000e+00
0.000000000000000000e+00
0.000000000000000000e+00
0.000000000000000000e+00
0.000000000000000000e+00
0.000000000000000000e+00
0.000000000000000000e+00
0.000000000000000000e+00
0.000000000000000000e+00
0.000000000000000000e+00
0.000000000000000000e+00
0.000000000000000000e+00
0.000000000000000000e+00
0.000000000000000000e+00
