0.000000000000000000e+00
0.000000000000000000e+00
0.000000000000000000e+00
0.000000000000000000e+00
0.000000000000000000e+00
0.000000000000000000e+00
0.000000000000000000e+00
0.000000000000000000e+00
0.000000000000000000e+00
0.000000000000000000e+00
0.000000000000000000e+00
0.000000000000000000e+00
0.000000000000000000e+00
0.000000000000000000e+00
0.000000000000000000e+00
0.000000000000000000e+00
0.000000000000000000e+00
0.000000000000000000e+00
0.000000000000000000e+00
0.000000000000000000e+00
0.000000000000000000e+00
2.000000000000000000e+00
0.000000000000000000e+00
0.000000000000000000e+00
2.000000000000000000e+00
0.000000000000000000e+00
0.000000000000000000e+00
0.000000000000000000e+00
0.000000000000000000e+00
0.000000000000000000e+00
0.000000000000000000e+00
0.000000000000000000e+00
0.000000000000000000e+00
0.000000000000000000e+00
7.000000000000000000e+00
0.000000000000000000e+00
0.000000000000000000e+00
0.000000000000000000e+00
1.000000000000000000e+00
0.000000000000000000e+00
0.000000000000000000e+00
0.000000000000000000e+00
0.000000000000000000e+00
0.000000000000000000e+00
0.000000000000000000e+00
0.000000000000000000e+00
0.000000000000000000e+00
0.000000000000000000e+00
0.000000000000000000e+00
0.000000000000000000e+00
0.000000000000000000e+00
0.000000000000000000e+00
0.000000000000000000e+00
0.000000000000000000e+00
0.000000000000000000e+00
0.000000000000000000e+00
0.000000000000000000e+00
0.000000000000000000e+00
0.000000000000000000e+00
0.000000000000000000e+00
2.194000000000000000e+03
0.000000000000000000e+00
1.044000000000000000e+03
6.570000000000000000e+02
1.048000000000000000e+03
7.520000000000000000e+02
1.700000000000000000e+01
1.502000000000000000e+03
7.380000000000000000e+02
1.549000000000000000e+03
1.540000000000000000e+03
1.495000000000000000e+03
1.587000000000000000e+03
1.437000000000000000e+03
7.770000000000000000e+02
1.079000000000000000e+03
2.095000000000000000e+03
1.929000000000000000e+03
1.961000000000000000e+03
1.782000000000000000e+03
1.468000000000000000e+03
8.060000000000000000e+02
5.320000000000000000e+02
8.040000000000000000e+02
2.150000000000000000e+03
1.857000000000000000e+03
1.608000000000000000e+03
1.563000000000000000e+03
5.950000000000000000e+02
8.310000000000000000e+02
1.772000000000000000e+03
1.476000000000000000e+03
1.431000000000000000e+03
1.405000000000000000e+03
1.101000000000000000e+03
3.090000000000000000e+02
6.100000000000000000e+02
1.373000000000000000e+03
1.342000000000000000e+03
1.248000000000000000e+03
7.360000000000000000e+02
4.510000000000000000e+02
2.220000000000000000e+02
5.910000000000000000e+02
1.366000000000000000e+03
1.237000000000000000e+03
1.112000000000000000e+03
7.010000000000000000e+02
2.560000000000000000e+02
1.790000000000000000e+02
5.080000000000000000e+02
1.063000000000000000e+03
8.880000000000000000e+02
9.330000000000000000e+02
8.430000000000000000e+02
0.000000000000000000e+00
7.650000000000000000e+02
5.160000000000000000e+02
8.350000000000000000e+02
7.940000000000000000e+02
5.040000000000000000e+02
3.510000000000000000e+02
3.380000000000000000e+02
7.000000000000000000e+01
5.820000000000000000e+02
6.800000000000000000e+02
7.050000000000000000e+02
6.070000000000000000e+02
6.120000000000000000e+02
4.650000000000000000e+02
8.700000000000000000e+01
8.500000000000000000e+01
3.720000000000000000e+02
6.430000000000000000e+02
5.210000000000000000e+02
5.280000000000000000e+02
3.020000000000000000e+02
3.700000000000000000e+01
2.210000000000000000e+02
4.440000000000000000e+02
3.260000000000000000e+02
3.170000000000000000e+02
4.260000000000000000e+02
2.360000000000000000e+02
5.100000000000000000e+01
1.860000000000000000e+02
2.910000000000000000e+02
3.320000000000000000e+02
2.200000000000000000e+02
2.300000000000000000e+02
1.950000000000000000e+02
6.000000000000000000e+01
2.400000000000000000e+02
2.590000000000000000e+02
2.560000000000000000e+02
2.240000000000000000e+02
2.980000000000000000e+02
0.000000000000000000e+00
1.000000000000000000e+00
3.500000000000000000e+02
2.750000000000000000e+02
2.750000000000000000e+02
2.530000000000000000e+02
2.580000000000000000e+02
0.000000000000000000e+00
0.000000000000000000e+00
2.590000000000000000e+02
3.360000000000000000e+02
0.000000000000000000e+00
5.150000000000000000e+02
2.180000000000000000e+02
0.000000000000000000e+00
0.000000000000000000e+00
2.090000000000000000e+02
0.000000000000000000e+00
2.230000000000000000e+02
2.160000000000000000e+02
2.100000000000000000e+02
0.000000000000000000e+00
0.000000000000000000e+00
2.970000000000000000e+02
1.930000000000000000e+02
2.230000000000000000e+02
5.160000000000000000e+02
3.430000000000000000e+02
2.000000000000000000e+00
0.000000000000000000e+00
2.670000000000000000e+02
2.290000000000000000e+02
2.000000000000000000e+00
1.890000000000000000e+02
1.320000000000000000e+02
0.000000000000000000e+00
0.000000000000000000e+00
0.000000000000000000e+00
0.000000000000000000e+00
5.340000000000000000e+02
2.940000000000000000e+02
3.760000000000000000e+02
0.000000000000000000e+00
3.000000000000000000e+00
0.000000000000000000e+00
0.000000000000000000e+00
6.380000000000000000e+02
3.000000000000000000e+00
3.810000000000000000e+02
0.000000000000000000e+00
0.000000000000000000e+00
2.210000000000000000e+02
0.000000000000000000e+00
0.000000000000000000e+00
0.000000000000000000e+00
7.670000000000000000e+02
1.210000000000000000e+02
2.300000000000000000e+01
2.270000000000000000e+02
4.050000000000000000e+02
5.400000000000000000e+01
4.600000000000000000e+02
2.240000000000000000e+02
0.000000000000000000e+00
0.000000000000000000e+00
2.950000000000000000e+02
2.460000000000000000e+02
3.820000000000000000e+02
2.430000000000000000e+02
2.660000000000000000e+02
0.000000000000000000e+00
0.000000000000000000e+00
5.570000000000000000e+02
3.920000000000000000e+02
3.660000000000000000e+02
2.260000000000000000e+02
4.220000000000000000e+02
5.550000000000000000e+02
0.000000000000000000e+00
-1.300000000000000000e+01
3.840000000000000000e+02
4.770000000000000000e+02
4.720000000000000000e+02
9.350000000000000000e+02
8.860000000000000000e+02
0.000000000000000000e+00
7.030000000000000000e+02
6.720000000000000000e+02
1.537000000000000000e+03
-5.180000000000000000e+02
9.290000000000000000e+02
2.800000000000000000e+01
0.000000000000000000e+00
1.900000000000000000e+02
9.610000000000000000e+02
5.440000000000000000e+02
5.220000000000000000e+02
1.099000000000000000e+03
2.800000000000000000e+01
0.000000000000000000e+00
5.920000000000000000e+02
5.700000000000000000e+02
6.180000000000000000e+02
4.810000000000000000e+02
6.900000000000000000e+02
0.000000000000000000e+00
0.000000000000000000e+00
8.030000000000000000e+02
1.168000000000000000e+03
1.171000000000000000e+03
6.690000000000000000e+02
9.710000000000000000e+02
0.000000000000000000e+00
0.000000000000000000e+00
1.597000000000000000e+03
9.040000000000000000e+02
1.200000000000000000e+03
9.470000000000000000e+02
9.740000000000000000e+02
0.000000000000000000e+00
6.200000000000000000e+01
2.266000000000000000e+03
1.436000000000000000e+03
2.013000000000000000e+03
1.310000000000000000e+03
1.501000000000000000e+03
8.710000000000000000e+02
5.690000000000000000e+02
0.000000000000000000e+00
0.000000000000000000e+00
2.531000000000000000e+03
3.564000000000000000e+03
2.051000000000000000e+03
1.609000000000000000e+03
6.760000000000000000e+02
1.121000000000000000e+03
2.185000000000000000e+03
1.776000000000000000e+03
1.293000000000000000e+03
2.201000000000000000e+03
1.985000000000000000e+03
6.700000000000000000e+02
1.070000000000000000e+03
2.273000000000000000e+03
2.297000000000000000e+03
2.179000000000000000e+03
2.684000000000000000e+03
9.260000000000000000e+02
5.040000000000000000e+02
9.110000000000000000e+02
2.087000000000000000e+03
1.873000000000000000e+03
1.684000000000000000e+03
1.679000000000000000e+03
1.222000000000000000e+03
2.900000000000000000e+02
9.080000000000000000e+02
1.750000000000000000e+03
1.534000000000000000e+03
1.377000000000000000e+03
1.412000000000000000e+03
1.006000000000000000e+03
2.280000000000000000e+02
6.990000000000000000e+02
1.639000000000000000e+03
1.379000000000000000e+03
1.411000000000000000e+03
1.233000000000000000e+03
0.000000000000000000e+00
1.104000000000000000e+03
6.550000000000000000e+02
1.440000000000000000e+03
1.224000000000000000e+03
1.195000000000000000e+03
1.289000000000000000e+03
9.150000000000000000e+02
2.350000000000000000e+02
6.580000000000000000e+02
1.596000000000000000e+03
1.300000000000000000e+03
1.367000000000000000e+03
8.060000000000000000e+02
2.730000000000000000e+02
2.230000000000000000e+02
7.810000000000000000e+02
1.084000000000000000e+03
1.240000000000000000e+03
1.176000000000000000e+03
6.800000000000000000e+02
2.730000000000000000e+02
2.130000000000000000e+02
6.510000000000000000e+02
1.466000000000000000e+03
1.254000000000000000e+03
1.000000000000000000e+00
2.531000000000000000e+03
8.790000000000000000e+02
2.640000000000000000e+02
6.430000000000000000e+02
1.318000000000000000e+03
1.283000000000000000e+03
1.130000000000000000e+03
1.269000000000000000e+03
0.000000000000000000e+00
1.272000000000000000e+03
8.600000000000000000e+02
1.616000000000000000e+03
1.609000000000000000e+03
1.296000000000000000e+03
1.287000000000000000e+03
9.030000000000000000e+02
2.400000000000000000e+02
7.430000000000000000e+02
1.444000000000000000e+03
1.418000000000000000e+03
8.700000000000000000e+01
2.862000000000000000e+03
6.920000000000000000e+02
2.860000000000000000e+02
9.130000000000000000e+02
1.577000000000000000e+03
1.576000000000000000e+03
0.000000000000000000e+00
3.077000000000000000e+03
1.144000000000000000e+03
2.840000000000000000e+02
1.017000000000000000e+03
1.724000000000000000e+03
1.396000000000000000e+03
1.641000000000000000e+03
1.000000000000000000e+00
0.000000000000000000e+00
0.000000000000000000e+00
3.775000000000000000e+03
1.710000000000000000e+03
1.500000000000000000e+03
1.390000000000000000e+03
0.000000000000000000e+00
0.000000000000000000e+00
0.000000000000000000e+00
3.411000000000000000e+03
2.115000000000000000e+03
1.367000000000000000e+03
1.418000000000000000e+03
1.000000000000000000e+00
0.000000000000000000e+00
0.000000000000000000e+00
3.516000000000000000e+03
1.509000000000000000e+03
1.399000000000000000e+03
1.401000000000000000e+03
1.229000000000000000e+03
9.900000000000000000e+02
3.860000000000000000e+02
8.080000000000000000e+02
1.444000000000000000e+03
1.480000000000000000e+03
1.414000000000000000e+03
1.245000000000000000e+03
9.370000000000000000e+02
3.450000000000000000e+02
8.110000000000000000e+02
1.589000000000000000e+03
0.000000000000000000e+00
2.903000000000000000e+03
0.000000000000000000e+00
1.387000000000000000e+03
0.000000000000000000e+00
2.241000000000000000e+03
1.627000000000000000e+03
0.000000000000000000e+00
3.100000000000000000e+03
1.455000000000000000e+03
1.314000000000000000e+03
4.020000000000000000e+02
1.058000000000000000e+03
1.986000000000000000e+03
1.842000000000000000e+03
1.528000000000000000e+03
1.568000000000000000e+03
0.000000000000000000e+00
1.890000000000000000e+03
4.400000000000000000e+02
1.235000000000000000e+03
0.000000000000000000e+00
4.412000000000000000e+03
0.000000000000000000e+00
0.000000000000000000e+00
4.076000000000000000e+03
1.147000000000000000e+03
2.117000000000000000e+03
2.101000000000000000e+03
1.884000000000000000e+03
1.887000000000000000e+03
1.352000000000000000e+03
4.820000000000000000e+02
1.132000000000000000e+03
2.072000000000000000e+03
1.850000000000000000e+03
1.857000000000000000e+03
1.737000000000000000e+03
1.433000000000000000e+03
5.240000000000000000e+02
1.201000000000000000e+03
2.014000000000000000e+03
1.705000000000000000e+03
1.719000000000000000e+03
1.650000000000000000e+03
1.347000000000000000e+03
1.421600000000000000e+04
9.980000000000000000e+02
1.818000000000000000e+03
1.923000000000000000e+03
1.591000000000000000e+03
1.525000000000000000e+03
1.178000000000000000e+03
4.020000000000000000e+02
9.220000000000000000e+02
1.575000000000000000e+03
1.490000000000000000e+03
1.067000000000000000e+03
8.060000000000000000e+02
1.305000000000000000e+03
3.150000000000000000e+02
8.540000000000000000e+02
1.439000000000000000e+03
1.250000000000000000e+03
0.000000000000000000e+00
1.600000000000000000e+01
0.000000000000000000e+00
2.000000000000000000e+00
3.442000000000000000e+03
8.370000000000000000e+02
1.330000000000000000e+03
9.770000000000000000e+02
1.091000000000000000e+03
6.820000000000000000e+02
2.250000000000000000e+02
5.670000000000000000e+02
9.230000000000000000e+02
3.000000000000000000e+00
1.536000000000000000e+03
7.890000000000000000e+02
4.630000000000000000e+02
1.350000000000000000e+02
5.000000000000000000e+02
6.680000000000000000e+02
7.730000000000000000e+02
6.320000000000000000e+02
6.350000000000000000e+02
3.650000000000000000e+02
1.020000000000000000e+02
3.660000000000000000e+02
7.000000000000000000e+02
5.360000000000000000e+02
5.680000000000000000e+02
4.720000000000000000e+02
2.630000000000000000e+02
4.900000000000000000e+01
3.170000000000000000e+02
4.570000000000000000e+02
4.040000000000000000e+02
4.710000000000000000e+02
3.100000000000000000e+02
2.250000000000000000e+02
6.300000000000000000e+01
2.710000000000000000e+02
3.210000000000000000e+02
2.980000000000000000e+02
2.870000000000000000e+02
2.820000000000000000e+02
1.650000000000000000e+02
3.100000000000000000e+01
2.070000000000000000e+02
2.820000000000000000e+02
2.010000000000000000e+02
2.300000000000000000e+02
2.300000000000000000e+02
1.720000000000000000e+02
1.900000000000000000e+01
2.940000000000000000e+02
2.800000000000000000e+02
0.000000000000000000e+00
3.180000000000000000e+02
2.840000000000000000e+02
1.420000000000000000e+02
3.000000000000000000e+01
2.340000000000000000e+02
4.300000000000000000e+02
2.840000000000000000e+02
3.480000000000000000e+02
3.140000000000000000e+02
1.760000000000000000e+02
2.900000000000000000e+01
3.490000000000000000e+02
2.323000000000000000e+03
-1.429000000000000000e+03
5.760000000000000000e+02
4.320000000000000000e+02
3.650000000000000000e+02
1.080000000000000000e+02
7.900000000000000000e+01
1.076000000000000000e+03
6.780000000000000000e+02
-4.151110000000000000e+05
0.000000000000000000e+00
0.000000000000000000e+00
0.000000000000000000e+00
0.000000000000000000e+00
0.000000000000000000e+00
0.000000000000000000e+00
0.000000000000000000e+00
0.000000000000000000e+00
0.000000000000000000e+00
0.000000000000000000e+00
0.000000000000000000e+00
0.000000000000000000e+00
0.000000000000000000e+00
0.000000000000000000e+00
0.000000000000000000e+00
0.000000000000000000e+00
0.000000000000000000e+00
0.000000000000000000e+00
0.000000000000000000e+00
0.000000000000000000e+00
0.000000000000000000e+00
0.000000000000000000e+00
0.000000000000000000e+00
0.000000000000000000e+00
0.000000000000000000e+00
0.000000000000000000e+00
0.000000000000000000e+00
0.000000000000000000e+00
0.000000000000000000e+00
0.000000000000000000e+00
0.000000000000000000e+00
0.000000000000000000e+00
0.000000000000000000e+00
0.000000000000000000e+00
0.000000000000000000e+00
0.000000000000000000e+00
0.000000000000000000e+00
0.000000000000000000e+00
0.000000000000000000e+00
0.000000000000000000e+00
0.000000000000000000e+00
0.000000000000000000e+00
0.000000000000000000e+00
0.000000000000000000e+00
0.000000000000000000e+00
0.000000000000000000e+00
0.000000000000000000e+00
0.000000000000000000e+00
0.000000000000000000e+00
0.000000000000000000e+00
0.000000000000000000e+00
0.000000000000000000e+00
0.000000000000000000e+00
0.000000000000000000e+00
0.000000000000000000e+00
0.000000000000000000e+00
0.000000000000000000e+00
0.000000000000000000e+00
0.000000000000000000e+00
0.000000000000000000e+00
0.000000000000000000e+00
0.000000000000000000e+00
0.000000000000000000e+00
0.000000000000000000e+00
0.000000000000000000e+00
0.000000000000000000e+00
0.000000000000000000e+00
0.000000000000000000e+00
0.000000000000000000e+00
0.000000000000000000e+00
0.000000000000000000e+00
0.000000000000000000e+00
0.000000000000000000e+00
0.000000000000000000e+00
0.000000000000000000e+00
0.000000000000000000e+00
0.000000000000000000e+00
0.000000000000000000e+00
0.000000000000000000e+00
0.000000000000000000e+00
0.000000000000000000e+00
0.000000000000000000e+00
0.000000000000000000e+00
0.000000000000000000e+00
0.000000000000000000e+00
0.000000000000000000e+00
0.000000000000000000e+00
0.000000000000000000e+00
0.000000000000000000e+00
0.000000000000000000e+00
0.000000000000000000e+00
0.000000000000000000e+00
0.000000000000000000e+00
0.000000000000000000e+00
0.000000000000000000e+00
0.000000000000000000e+00
0.000000000000000000e+00
0.000000000000000000e+00
0.000000000000000000e+00
0.000000000000000000e+00
0.000000000000000000e+00
0.000000000000000000e+00
0.000000000000000000e+00
0.000000000000000000e+00
0.000000000000000000e+00
0.000000000000000000e+00
0.000000000000000000e+00
0.000000000000000000e+00
0.000000000000000000e+00
0.000000000000000000e+00
0.000000000000000000e+00
0.000000000000000000e+00
0.000000000000000000e+00
0.000000000000000000e+00
0.000000000000000000e+00
0.000000000000000000e+00
0.000000000000000000e+00
0.000000000000000000e+00
0.000000000000000000e+00
0.000000000000000000e+00
0.000000000000000000e+00
0.000000000000000000e+00
0.000000000000000000e+00
0.000000000000000000e+00
0.000000000000000000e+00
0.000000000000000000e+00
0.000000000000000000e+00
0.000000000000000000e+00
0.000000000000000000e+00
0.000000000000000000e+00
0.000000000000000000e+00
0.000000000000000000e+00
0.000000000000000000e+00
0.000000000000000000e+00
0.000000000000000000e+00
0.000000000000000000e+00
0.000000000000000000e+00
0.000000000000000000e+00
0.000000000000000000e+00
0.000000000000000000e+00
0.000000000000000000e+00
0.000000000000000000e+00
0.000000000000000000e+00
0.000000000000000000e+00
0.000000000000000000e+00
0.000000000000000000e+00
0.000000000000000000e+00
0.000000000000000000e+00
0.000000000000000000e+00
0.000000000000000000e+00
0.000000000000000000e+00
0.000000000000000000e+00
0.000000000000000000e+00
0.000000000000000000e+00
0.000000000000000000e+00
0.000000000000000000e+00
0.000000000000000000e+00
0.000000000000000000e+00
0.000000000000000000e+00
0.000000000000000000e+00
0.000000000000000000e+00
0.000000000000000000e+00
0.000000000000000000e+00
0.000000000000000000e+00
0.000000000000000000e+00
0.000000000000000000e+00
0.000000000000000000e+00
0.000000000000000000e+00
0.000000000000000000e+00
0.000000000000000000e+00
0.000000000000000000e+00
0.000000000000000000e+00
0.000000000000000000e+00
0.000000000000000000e+00
0.000000000000000000e+00
0.000000000000000000e+00
0.000000000000000000e+00
0.000000000000000000e+00
0.000000000000000000e+00
0.000000000000000000e+00
0.000000000000000000e+00
0.000000000000000000e+00
0.000000000000000000e+00
0.000000000000000000e+00
0.000000000000000000e+00
0.000000000000000000e+00
0.000000000000000000e+00
0.000000000000000000e+00
0.000000000000000000e+00
0.000000000000000000e+00
0.000000000000000000e+00
0.000000000000000000e+00
0.000000000000000000e+00
0.000000000000000000e+00
0.000000000000000000e+00
0.000000000000000000e+00
0.000000000000000000e+00
0.000000000000000000e+00
0.000000000000000000e+00
0.000000000000000000e+00
0.000000000000000000e+00
0.000000000000000000e+00
0.000000000000000000e+00
0.000000000000000000e+00
0.000000000000000000e+00
0.000000000000000000e+00
0.000000000000000000e+00
0.000000000000000000e+00
0.000000000000000000e+00
0.000000000000000000e+00
0.000000000000000000e+00
0.000000000000000000e+00
0.000000000000000000e+00
0.000000000000000000e+00
0.000000000000000000e+00
0.000000000000000000e+00
0.000000000000000000e+00
0.000000000000000000e+00
0.000000000000000000e+00
0.000000000000000000e+00
0.000000000000000000e+00
0.000000000000000000e+00
0.000000000000000000e+00
0.000000000000000000e+00
0.000000000000000000e+00
0.000000000000000000e+00
0.000000000000000000e+00
0.000000000000000000e+00
0.000000000000000000e+00
0.000000000000000000e+00
0.000000000000000000e+00
0.000000000000000000e+00
0.000000000000000000e+00
0.000000000000000000e+00
0.000000000000000000e+00
0.000000000000000000e+00
0.000000000000000000e+00
0.000000000000000000e+00
0.000000000000000000e+00
0.000000000000000000e+00
0.000000000000000000e+00
0.000000000000000000e+00
0.000000000000000000e+00
0.000000000000000000e+00
0.000000000000000000e+00
0.000000000000000000e+00
0.000000000000000000e+00
0.000000000000000000e+00
0.000000000000000000e+00
0.000000000000000000e+00
0.000000000000000000e+00
0.000000000000000000e+00
0.000000000000000000e+00
0.000000000000000000e+00
0.000000000000000000e+00
0.000000000000000000e+00
0.000000000000000000e+00
0.000000000000000000e+00
0.000000000000000000e+00
0.000000000000000000e+00
0.000000000000000000e+00
0.000000000000000000e+00
0.000000000000000000e+00
0.000000000000000000e+00
0.000000000000000000e+00
0.000000000000000000e+00
0.000000000000000000e+00
0.000000000000000000e+00
0.000000000000000000e+00
0.000000000000000000e+00
0.000000000000000000e+00
0.000000000000000000e+00
0.000000000000000000e+00
0.000000000000000000e+00
0.000000000000000000e+00
0.000000000000000000e+00
0.000000000000000000e+00
0.000000000000000000e+00
0.000000000000000000e+00
0.000000000000000000e+00
0.000000000000000000e+00
0.000000000000000000e+00
0.000000000000000000e+00
0.000000000000000000e+00
0.000000000000000000e+00
0.000000000000000000e+00
0.000000000000000000e+00
0.000000000000000000e+00
0.000000000000000000e+00
0.000000000000000000e+00
0.000000000000000000e+00
0.000000000000000000e+00
0.000000000000000000e+00
0.000000000000000000e+00
0.000000000000000000e+00
0.000000000000000000e+00
0.000000000000000000e+00
0.000000000000000000e+00
0.000000000000000000e+00
0.000000000000000000e+00
0.000000000000000000e+00
0.000000000000000000e+00
0.000000000000000000e+00
0.000000000000000000e+00
0.000000000000000000e+00
0.000000000000000000e+00
0.000000000000000000e+00
0.000000000000000000e+00
0.000000000000000000e+00
0.000000000000000000e+00
0.000000000000000000e+00
0.000000000000000000e+00
0.000000000000000000e+00
0.000000000000000000e+00
0.000000000000000000e+00
0.000000000000000000e+00
0.000000000000000000e+00
0.000000000000000000e+00
0.000000000000000000e+00
0.000000000000000000e+00
0.000000000000000000e+00
0.000000000000000000e+00
0.000000000000000000e+00
0.000000000000000000e+00
0.000000000000000000e+00
0.000000000000000000e+00
0.000000000000000000e+00
0.000000000000000000e+00
0.000000000000000000e+00
0.000000000000000000e+00
0.000000000000000000e+00
0.000000000000000000e+00
0.000000000000000000e+00
0.000000000000000000e+00
0.000000000000000000e+00
0.000000000000000000e+00
0.000000000000000000e+00
0.000000000000000000e+00
0.000000000000000000e+00
0.000000000000000000e+00
0.000000000000000000e+00
0.000000000000000000e+00
0.000000000000000000e+00
0.000000000000000000e+00
0.000000000000000000e+00
0.000000000000000000e+00
0.000000000000000000e+00
0.000000000000000000e+00
0.000000000000000000e+00
0.000000000000000000e+00
0.000000000000000000e+00
0.000000000000000000e+00
0.000000000000000000e+00
0.000000000000000000e+00
0.000000000000000000e+00
0.000000000000000000e+00
0.000000000000000000e+00
0.000000000000000000e+00
0.000000000000000000e+00
0.000000000000000000e+00
0.000000000000000000e+00
0.000000000000000000e+00
0.000000000000000000e+00
0.000000000000000000e+00
0.000000000000000000e+00
0.000000000000000000e+00
0.000000000000000000e+00
0.000000000000000000e+00
0.000000000000000000e+00
0.000000000000000000e+00
0.000000000000000000e+00
0.000000000000000000e+00
0.000000000000000000e+00
0.000000000000000000e+00
0.000000000000000000e+00
0.000000000000000000e+00
0.000000000000000000e+00
0.000000000000000000e+00
0.000000000000000000e+00
0.000000000000000000e+00
0.000000000000000000e+00
0.000000000000000000e+00
0.000000000000000000e+00
0.000000000000000000e+00
0.000000000000000000e+00
0.000000000000000000e+00
0.000000000000000000e+00
0.000000000000000000e+00
0.000000000000000000e+00
0.000000000000000000e+00
0.000000000000000000e+00
0.000000000000000000e+00
0.000000000000000000e+00
0.000000000000000000e+00
0.000000000000000000e+00
0.000000000000000000e+00
0.000000000000000000e+00
0.000000000000000000e+00
0.000000000000000000e+00
0.000000000000000000e+00
0.000000000000000000e+00
0.000000000000000000e+00
0.000000000000000000e+00
0.000000000000000000e+00
0.000000000000000000e+00
0.000000000000000000e+00
0.000000000000000000e+00
0.000000000000000000e+00
0.000000000000000000e+00
0.000000000000000000e+00
0.000000000000000000e+00
0.000000000000000000e+00
0.000000000000000000e+00
0.000000000000000000e+00
0.000000000000000000e+00
0.000000000000000000e+00
0.000000000000000000e+00
0.000000000000000000e+00
0.000000000000000000e+00
0.000000000000000000e+00
0.000000000000000000e+00
0.000000000000000000e+00
0.000000000000000000e+00
0.000000000000000000e+00
0.000000000000000000e+00
0.000000000000000000e+00
0.000000000000000000e+00
0.000000000000000000e+00
0.000000000000000000e+00
0.000000000000000000e+00
0.000000000000000000e+00
0.000000000000000000e+00
0.000000000000000000e+00
0.000000000000000000e+00
0.000000000000000000e+00
0.000000000000000000e+00
0.000000000000000000e+00
0.000000000000000000e+00
0.000000000000000000e+00
0.000000000000000000e+00
0.000000000000000000e+00
0.000000000000000000e+00
0.000000000000000000e+00
0.000000000000000000e+00
0.000000000000000000e+00
0.000000000000000000e+00
0.000000000000000000e+00
0.000000000000000000e+00
0.000000000000000000e+00
0.000000000000000000e+00
0.000000000000000000e+00
0.000000000000000000e+00
0.000000000000000000e+00
0.000000000000000000e+00
0.000000000000000000e+00
0.000000000000000000e+00
0.000000000000000000e+00
0.000000000000000000e+00
0.000000000000000000e+00
0.000000000000000000e+00
0.000000000000000000e+00
0.000000000000000000e+00
0.000000000000000000e+00
0.000000000000000000e+00
0.000000000000000000e+00
0.000000000000000000e+00
0.000000000000000000e+00
0.000000000000000000e+00
0.000000000000000000e+00
0.000000000000000000e+00
0.000000000000000000e+00
0.000000000000000000e+00
0.000000000000000000e+00
0.000000000000000000e+00
0.000000000000000000e+00
0.000000000000000000e+00
0.000000000000000000e+00
0.000000000000000000e+00
0.000000000000000000e+00
0.000000000000000000e+00
0.000000000000000000e+00
0.000000000000000000e+00
0.000000000000000000e+00
0.000000000000000000e+00
0.000000000000000000e+00
0.000000000000000000e+00
0.000000000000000000e+00
0.000000000000000000e+00
0.000000000000000000e+00
0.000000000000000000e+00
0.000000000000000000e+00
0.000000000000000000e+00
0.000000000000000000e+00
0.000000000000000000e+00
0.000000000000000000e+00
0.000000000000000000e+00
0.000000000000000000e+00
0.000000000000000000e+00
0.000000000000000000e+00
0.000000000000000000e+00
0.000000000000000000e+00
0.000000000000000000e+00
0.000000000000000000e+00
0.000000000000000000e+00
0.000000000000000000e+00
0.000000000000000000e+00
0.000000000000000000e+00
0.000000000000000000e+00
0.000000000000000000e+00
0.000000000000000000e+00
0.000000000000000000e+00
0.000000000000000000e+00
