-7.265662471778928477e+01
-1.006786318643698337e+02
2.424806057629588452e+00
9.533683329843658782e+01
-2.258518840158922814e+01
-3.135721342058959493e+01
5.636224822386290612e+01
-8.125478889875451216e+01
-1.092767960451569138e+02
-6.173358123165822775e+00
8.673866911751888154e+01
-3.118335258209286565e+01
-3.995537760126759963e+01
4.776408404313247047e+01
-8.985295307967969336e+01
-1.178749602262150802e+02
-1.477152230454471926e+01
7.814050493660084840e+01
-3.978151676297433426e+01
-4.855354178222761163e+01
3.916591986220103649e+01
-9.845111726064494917e+01
-1.264731244070022882e+02
-2.336968648533994752e+01
6.954234075568317053e+01
-4.837968094400918062e+01
-5.715170596290592187e+01
3.056775568140336219e+01
-1.070492814416103613e+02
-1.350712885878173779e+02
-3.196785066595427338e+01
6.094417657490093632e+01
-5.697784512435941906e+01
-6.574987014358393367e+01
2.196959150057242027e+01
-1.156474456225757592e+02
-1.436694527686323113e+02
-4.056601484674951763e+01
5.234601239406343609e+01
-6.557600930539445017e+01
-7.434803432440310189e+01
1.337142731974149257e+01
-1.242456098029037435e+02
-1.522676169496625960e+02
-4.916417902754474767e+01
4.374784821328115925e+01
-7.417417348627574825e+01
-8.294619850522227011e+01
4.773263138809895167e+00
-1.328437739839094149e+02
-1.608657811304497898e+02
-5.776234320815908063e+01
3.514968403236314032e+01
-8.277233766715723107e+01
-9.154436268637596186e+01
-3.824901041920199418e+00
-1.414419381648343972e+02
-1.694639453112646947e+02
-6.636050738895431778e+01
2.655151985179682583e+01
