3.011688788665287942e+07
3.015335980645198748e+07
3.018354187359292060e+07
3.019388566877577826e+07
3.023843233511567116e+07
3.028696345414207503e+07
3.032519010082218051e+07
3.036346012205070630e+07
3.039833917775705457e+07
3.042618083511843532e+07
3.043353902257129177e+07
3.047457250460506603e+07
3.051919230248111859e+07
3.055324707608855516e+07
3.058722661372639984e+07
3.061783907238519937e+07
3.064157736063471064e+07
3.064512806779352203e+07
3.068277269011565298e+07
3.072453215927243233e+07
3.075634975680841878e+07
3.078879261647564545e+07
3.081862749750752375e+07
3.084238624596988410e+07
3.084677435706175491e+07
3.088607238256369531e+07
3.093028116696642339e+07
3.096530595999156684e+07
3.100165955855991319e+07
3.103604010127077252e+07
3.106489886335140839e+07
3.107485138883682713e+07
3.112008162349117175e+07
3.117048994921875000e+07
3.121188008525403589e+07
3.125466492953962460e+07
3.129544688875738531e+07
3.133058797748980671e+07
3.134662296473281458e+07
3.139766518316651136e+07
3.145355586544972658e+07
3.150005194872382283e+07
3.154753240943938121e+07
3.159257867845259979e+07
3.163154443076599389e+07
3.165096805366973206e+07
3.170497744478235394e+07
3.176343804949776828e+07
3.181213913177644461e+07
3.186149839881144091e+07
3.190814059162217006e+07
3.194846539969919249e+07
3.196905806678888947e+07
3.202409240024233982e+07
3.208347715006813034e+07
3.213304080227403715e+07
3.218323495020123199e+07
3.223071189040650427e+07
3.227189182612963021e+07
3.229337306018742546e+07
