-1.050432615027982320e+04
-1.692879557747491344e+04
-2.088113301478140784e+04
-2.312820223581707251e+04
-3.300323712431600143e+04
-3.842453209658506967e+04
-3.488328108775169676e+04
-1.253868718767060636e+04
-1.803576359251362737e+04
-2.102926280155572022e+04
-2.229134073610651103e+04
-3.116283122863782046e+04
-3.557178117337651929e+04
-3.102106131634104531e+04
-7.683182225427963203e+03
-1.221774542020051558e+04
-1.429497747526026797e+04
-1.470296588627339042e+04
-2.279848511974284338e+04
-2.652507658380465728e+04
-2.140021101725383778e+04
2.390323964814506326e+03
-1.824631307572148216e+03
-3.724790623152111948e+03
-4.105359687207454044e+03
-1.232762648119653386e+04
-1.633687444526341278e+04
-1.164945146053089229e+04
1.155286030707781538e+04
6.605731093844598945e+03
3.838969549514848040e+03
2.469383352312815987e+03
-6.850076324606125127e+03
-1.204854894253984639e+04
-8.624700987685197106e+03
1.325850083150908176e+04
6.956248375947947352e+03
2.818137598325010913e+03
8.058821718985200278e+01
-1.058444122918112771e+04
-1.708809392046405264e+04
-1.491242390228755175e+04
5.794501132511253672e+03
-1.599219635745419509e+03
-6.733295047319155856e+03
-1.036298006835156593e+04
-2.181045296939450782e+04
-2.898348156135933823e+04
-2.736319244155742854e+04
-7.099071064396237489e+03
-1.482662023719654644e+04
-2.019112187283548701e+04
-2.395511728045653581e+04
-3.544949046544416342e+04
-4.259181388009744114e+04
-4.087378058589708235e+04
-2.045586089388440450e+04
-2.798462126955131316e+04
-3.311616014955547871e+04
-3.662328511005250766e+04
