0.000000000000000000e+00
0.000000000000000000e+00
0.000000000000000000e+00
0.000000000000000000e+00
0.000000000000000000e+00
0.000000000000000000e+00
0.000000000000000000e+00
0.000000000000000000e+00
0.000000000000000000e+00
0.000000000000000000e+00
0.000000000000000000e+00
0.000000000000000000e+00
0.000000000000000000e+00
0.000000000000000000e+00
0.000000000000000000e+00
0.000000000000000000e+00
0.000000000000000000e+00
0.000000000000000000e+00
0.000000000000000000e+00
0.000000000000000000e+00
0.000000000000000000e+00
0.000000000000000000e+00
0.000000000000000000e+00
0.000000000000000000e+00
0.000000000000000000e+00
0.000000000000000000e+00
0.000000000000000000e+00
0.000000000000000000e+00
0.000000000000000000e+00
0.000000000000000000e+00
0.000000000000000000e+00
0.000000000000000000e+00
0.000000000000000000e+00
0.000000000000000000e+00
0.000000000000000000e+00
0.000000000000000000e+00
0.000000000000000000e+00
0.000000000000000000e+00
0.000000000000000000e+00
0.000000000000000000e+00
0.000000000000000000e+00
0.000000000000000000e+00
0.000000000000000000e+00
0.000000000000000000e+00
0.000000000000000000e+00
0.000000000000000000e+00
0.000000000000000000e+00
0.000000000000000000e+00
0.000000000000000000e+00
0.000000000000000000e+00
0.000000000000000000e+00
0.000000000000000000e+00
0.000000000000000000e+00
0.000000000000000000e+00
0.000000000000000000e+00
0.000000000000000000e+00
0.000000000000000000e+00
0.000000000000000000e+00
0.000000000000000000e+00
0.000000000000000000e+00
0.000000000000000000e+00
0.000000000000000000e+00
0.000000000000000000e+00
0.000000000000000000e+00
0.000000000000000000e+00
0.000000000000000000e+00
0.000000000000000000e+00
0.000000000000000000e+00
0.000000000000000000e+00
0.000000000000000000e+00
0.000000000000000000e+00
0.000000000000000000e+00
0.000000000000000000e+00
2.000000000000000000e+00
2.000000000000000000e+00
5.000000000000000000e+00
5.000000000000000000e+00
9.000000000000000000e+00
1.400000000000000000e+01
1.500000000000000000e+01
1.900000000000000000e+01
2.100000000000000000e+01
2.200000000000000000e+01
2.500000000000000000e+01
3.000000000000000000e+01
3.300000000000000000e+01
3.800000000000000000e+01
4.300000000000000000e+01
4.400000000000000000e+01
4.600000000000000000e+01
4.800000000000000000e+01
6.300000000000000000e+01
6.700000000000000000e+01
7.500000000000000000e+01
7.500000000000000000e+01
8.300000000000000000e+01
8.900000000000000000e+01
9.700000000000000000e+01
1.060000000000000000e+02
1.190000000000000000e+02
1.240000000000000000e+02
1.410000000000000000e+02
1.540000000000000000e+02
1.800000000000000000e+02
2.050000000000000000e+02
2.190000000000000000e+02
2.520000000000000000e+02
2.570000000000000000e+02
2.760000000000000000e+02
2.930000000000000000e+02
3.250000000000000000e+02
3.490000000000000000e+02
3.740000000000000000e+02
4.050000000000000000e+02
4.170000000000000000e+02
4.410000000000000000e+02
4.640000000000000000e+02
4.740000000000000000e+02
5.020000000000000000e+02
5.370000000000000000e+02
5.440000000000000000e+02
5.700000000000000000e+02
5.700000000000000000e+02
6.330000000000000000e+02
7.720000000000000000e+02
7.870000000000000000e+02
8.910000000000000000e+02
1.002000000000000000e+03
1.015000000000000000e+03
1.031000000000000000e+03
1.040000000000000000e+03
1.063000000000000000e+03
1.160000000000000000e+03
1.186000000000000000e+03
1.214000000000000000e+03
1.249000000000000000e+03
1.281000000000000000e+03
1.305000000000000000e+03
1.379000000000000000e+03
1.419000000000000000e+03
1.438000000000000000e+03
1.504000000000000000e+03
1.587000000000000000e+03
1.738000000000000000e+03
1.846000000000000000e+03
1.926000000000000000e+03
2.041000000000000000e+03
2.137000000000000000e+03
2.235000000000000000e+03
2.310000000000000000e+03
2.449000000000000000e+03
2.535000000000000000e+03
2.655000000000000000e+03
2.814000000000000000e+03
2.924000000000000000e+03
3.116000000000000000e+03
3.291000000000000000e+03
3.447000000000000000e+03
3.557000000000000000e+03
3.648000000000000000e+03
3.770000000000000000e+03
3.964000000000000000e+03
4.115000000000000000e+03
4.268000000000000000e+03
4.434000000000000000e+03
4.573000000000000000e+03
4.730000000000000000e+03
4.929000000000000000e+03
5.133000000000000000e+03
5.289000000000000000e+03
5.428000000000000000e+03
5.516000000000000000e+03
5.634000000000000000e+03
5.732000000000000000e+03
5.919000000000000000e+03
6.120000000000000000e+03
6.257000000000000000e+03
6.422000000000000000e+03
6.560000000000000000e+03
6.705000000000000000e+03
6.831000000000000000e+03
6.965000000000000000e+03
7.119000000000000000e+03
7.276000000000000000e+03
7.415000000000000000e+03
7.549000000000000000e+03
7.648000000000000000e+03
7.778000000000000000e+03
7.903000000000000000e+03
8.071000000000000000e+03
8.206000000000000000e+03
8.362000000000000000e+03
8.495000000000000000e+03
8.634000000000000000e+03
8.809000000000000000e+03
8.954000000000000000e+03
9.111000000000000000e+03
9.236000000000000000e+03
9.379000000000000000e+03
9.515000000000000000e+03
9.626000000000000000e+03
9.720000000000000000e+03
9.875000000000000000e+03
1.005600000000000000e+04
1.025400000000000000e+04
1.045500000000000000e+04
1.061800000000000000e+04
1.080700000000000000e+04
1.097700000000000000e+04
1.117900000000000000e+04
1.138800000000000000e+04
1.155800000000000000e+04
1.178100000000000000e+04
1.202100000000000000e+04
1.224600000000000000e+04
1.249200000000000000e+04
1.271700000000000000e+04
1.304600000000000000e+04
1.329100000000000000e+04
1.357000000000000000e+04
1.379900000000000000e+04
1.401300000000000000e+04
1.429200000000000000e+04
1.457000000000000000e+04
1.487900000000000000e+04
1.511900000000000000e+04
1.534700000000000000e+04
1.558700000000000000e+04
1.581500000000000000e+04
1.613700000000000000e+04
1.646200000000000000e+04
1.678600000000000000e+04
1.710600000000000000e+04
1.743300000000000000e+04
1.787400000000000000e+04
1.839700000000000000e+04
1.892400000000000000e+04
1.945000000000000000e+04
1.996000000000000000e+04
2.039200000000000000e+04
2.082500000000000000e+04
2.124700000000000000e+04
2.156100000000000000e+04
2.178200000000000000e+04
2.211300000000000000e+04
2.211300000000000000e+04
2.232600000000000000e+04
2.264300000000000000e+04
2.264300000000000000e+04
2.287900000000000000e+04
2.331700000000000000e+04
2.368500000000000000e+04
2.381300000000000000e+04
2.393000000000000000e+04
2.393000000000000000e+04
2.417500000000000000e+04
2.429600000000000000e+04
2.440600000000000000e+04
2.452500000000000000e+04
2.464300000000000000e+04
2.477000000000000000e+04
2.499500000000000000e+04
2.499500000000000000e+04
2.543800000000000000e+04
2.543800000000000000e+04
2.585700000000000000e+04
2.608700000000000000e+04
2.631100000000000000e+04
2.654200000000000000e+04
2.676900000000000000e+04
2.700000000000000000e+04
2.700000000000000000e+04
2.745300000000000000e+04
2.767000000000000000e+04
2.790400000000000000e+04
2.812700000000000000e+04
2.825800000000000000e+04
2.825800000000000000e+04
2.858200000000000000e+04
2.858200000000000000e+04
2.858200000000000000e+04
2.918600000000000000e+04
2.918600000000000000e+04
2.918600000000000000e+04
2.978800000000000000e+04
2.978800000000000000e+04
2.978800000000000000e+04
2.978800000000000000e+04
3.070700000000000000e+04
3.094100000000000000e+04
3.117200000000000000e+04
3.117200000000000000e+04
3.117200000000000000e+04
3.117200000000000000e+04
3.117200000000000000e+04
3.224600000000000000e+04
3.248700000000000000e+04
3.272100000000000000e+04
3.272100000000000000e+04
3.306400000000000000e+04
3.306400000000000000e+04
3.351700000000000000e+04
3.375700000000000000e+04
3.398400000000000000e+04
3.398400000000000000e+04
3.429700000000000000e+04
3.429700000000000000e+04
3.459500000000000000e+04
3.459500000000000000e+04
3.459500000000000000e+04
3.507800000000000000e+04
3.507800000000000000e+04
3.507800000000000000e+04
3.507800000000000000e+04
3.583900000000000000e+04
3.583900000000000000e+04
3.583900000000000000e+04
3.628600000000000000e+04
3.628600000000000000e+04
3.652500000000000000e+04
3.673500000000000000e+04
3.695100000000000000e+04
3.717200000000000000e+04
3.717200000000000000e+04
3.717200000000000000e+04
3.766700000000000000e+04
3.766700000000000000e+04
3.808700000000000000e+04
3.826000000000000000e+04
3.848100000000000000e+04
3.848100000000000000e+04
3.848100000000000000e+04
3.901600000000000000e+04
3.914200000000000000e+04
3.936200000000000000e+04
3.936200000000000000e+04
3.936200000000000000e+04
3.998900000000000000e+04
3.998900000000000000e+04
3.998900000000000000e+04
3.998900000000000000e+04
4.066200000000000000e+04
4.066200000000000000e+04
4.596000000000000000e+04
4.596000000000000000e+04
4.596000000000000000e+04
4.596000000000000000e+04
4.178700000000000000e+04
4.200400000000000000e+04
4.222500000000000000e+04
4.222500000000000000e+04
4.266800000000000000e+04
4.290200000000000000e+04
4.313400000000000000e+04
4.335600000000000000e+04
4.335600000000000000e+04
4.381000000000000000e+04
4.381000000000000000e+04
4.430400000000000000e+04
4.430400000000000000e+04
4.477700000000000000e+04
4.477700000000000000e+04
4.522300000000000000e+04
4.522300000000000000e+04
4.522300000000000000e+04
4.601300000000000000e+04
4.637000000000000000e+04
4.637000000000000000e+04
4.684500000000000000e+04
4.707300000000000000e+04
4.707300000000000000e+04
4.764300000000000000e+04
4.764300000000000000e+04
4.764300000000000000e+04
4.764300000000000000e+04
4.871100000000000000e+04
4.903700000000000000e+04
4.903700000000000000e+04
4.959800000000000000e+04
4.994400000000000000e+04
5.018900000000000000e+04
5.043100000000000000e+04
5.043100000000000000e+04
5.099900000000000000e+04
5.099900000000000000e+04
5.099900000000000000e+04
5.099900000000000000e+04
5.198300000000000000e+04
5.198300000000000000e+04
5.198300000000000000e+04
5.268800000000000000e+04
5.268800000000000000e+04
5.268800000000000000e+04
5.338500000000000000e+04
5.338500000000000000e+04
5.338500000000000000e+04
5.338500000000000000e+04
5.432400000000000000e+04
5.432400000000000000e+04
5.432400000000000000e+04
5.432400000000000000e+04
5.531200000000000000e+04
5.531200000000000000e+04
5.531200000000000000e+04
5.531200000000000000e+04
5.633900000000000000e+04
5.633900000000000000e+04
5.680700000000000000e+04
5.680700000000000000e+04
5.680700000000000000e+04
5.680700000000000000e+04
5.680700000000000000e+04
5.795800000000000000e+04
5.820800000000000000e+04
5.844000000000000000e+04
5.866600000000000000e+04
5.889500000000000000e+04
5.889500000000000000e+04
5.933900000000000000e+04
5.957600000000000000e+04
5.957600000000000000e+04
5.957600000000000000e+04
5.957600000000000000e+04
5.957600000000000000e+04
6.068100000000000000e+04
6.068100000000000000e+04
6.068100000000000000e+04
6.100900000000000000e+04
6.100900000000000000e+04
6.100900000000000000e+04
6.100900000000000000e+04
6.100900000000000000e+04
6.164000000000000000e+04
6.164000000000000000e+04
6.164000000000000000e+04
6.164000000000000000e+04
6.164000000000000000e+04
6.164000000000000000e+04
6.164000000000000000e+04
6.234000000000000000e+04
6.234000000000000000e+04
6.234000000000000000e+04
6.234000000000000000e+04
6.234000000000000000e+04
6.234000000000000000e+04
6.295800000000000000e+04
6.295800000000000000e+04
6.319600000000000000e+04
6.334500000000000000e+04
6.347100000000000000e+04
6.356000000000000000e+04
6.368500000000000000e+04
6.378700000000000000e+04
6.378700000000000000e+04
6.398200000000000000e+04
6.407400000000000000e+04
6.420800000000000000e+04
6.434000000000000000e+04
6.440500000000000000e+04
6.440500000000000000e+04
6.440500000000000000e+04
6.466700000000000000e+04
6.466700000000000000e+04
6.487600000000000000e+04
6.487600000000000000e+04
6.487600000000000000e+04
6.487600000000000000e+04
6.526400000000000000e+04
6.526400000000000000e+04
6.553100000000000000e+04
6.553100000000000000e+04
6.577800000000000000e+04
6.577800000000000000e+04
6.592100000000000000e+04
6.592100000000000000e+04
6.592100000000000000e+04
6.641800000000000000e+04
6.641800000000000000e+04
6.641800000000000000e+04
6.677600000000000000e+04
6.690300000000000000e+04
6.690300000000000000e+04
6.690300000000000000e+04
6.690300000000000000e+04
6.690300000000000000e+04
6.751000000000000000e+04
6.751000000000000000e+04
6.751000000000000000e+04
6.751000000000000000e+04
6.801800000000000000e+04
6.801800000000000000e+04
6.801800000000000000e+04
6.840800000000000000e+04
6.840800000000000000e+04
6.840800000000000000e+04
6.880300000000000000e+04
6.880300000000000000e+04
6.880300000000000000e+04
6.921500000000000000e+04
6.921500000000000000e+04
6.921500000000000000e+04
6.921500000000000000e+04
6.921500000000000000e+04
6.986700000000000000e+04
6.986700000000000000e+04
7.015000000000000000e+04
7.015000000000000000e+04
7.015000000000000000e+04
7.015000000000000000e+04
7.015000000000000000e+04
7.079100000000000000e+04
7.093100000000000000e+04
7.093100000000000000e+04
7.106200000000000000e+04
7.106200000000000000e+04
7.134700000000000000e+04
7.160300000000000000e+04
7.160300000000000000e+04
7.160300000000000000e+04
7.160300000000000000e+04
7.160300000000000000e+04
7.160300000000000000e+04
7.243800000000000000e+04
7.257200000000000000e+04
7.257200000000000000e+04
7.257200000000000000e+04
7.257200000000000000e+04
7.257200000000000000e+04
7.329300000000000000e+04
7.329300000000000000e+04
7.359000000000000000e+04
7.359000000000000000e+04
7.359000000000000000e+04
7.396100000000000000e+04
7.396100000000000000e+04
7.396100000000000000e+04
7.438800000000000000e+04
7.438800000000000000e+04
7.470800000000000000e+04
7.485100000000000000e+04
7.499500000000000000e+04
7.513600000000000000e+04
7.513600000000000000e+04
7.513600000000000000e+04
7.513600000000000000e+04
7.513600000000000000e+04
7.560800000000000000e+04
7.560800000000000000e+04
7.572400000000000000e+04
7.572400000000000000e+04
7.572400000000000000e+04
7.572400000000000000e+04
7.595700000000000000e+04
7.605600000000000000e+04
7.605600000000000000e+04
7.626500000000000000e+04
7.626500000000000000e+04
7.626500000000000000e+04
7.667000000000000000e+04
7.667000000000000000e+04
7.667000000000000000e+04
0.000000000000000000e+00
0.000000000000000000e+00
0.000000000000000000e+00
0.000000000000000000e+00
0.000000000000000000e+00
0.000000000000000000e+00
0.000000000000000000e+00
0.000000000000000000e+00
0.000000000000000000e+00
0.000000000000000000e+00
0.000000000000000000e+00
0.000000000000000000e+00
0.000000000000000000e+00
0.000000000000000000e+00
0.000000000000000000e+00
0.000000000000000000e+00
0.000000000000000000e+00
0.000000000000000000e+00
0.000000000000000000e+00
0.000000000000000000e+00
0.000000000000000000e+00
0.000000000000000000e+00
0.000000000000000000e+00
0.000000000000000000e+00
0.000000000000000000e+00
0.000000000000000000e+00
0.000000000000000000e+00
0.000000000000000000e+00
0.000000000000000000e+00
0.000000000000000000e+00
0.000000000000000000e+00
0.000000000000000000e+00
0.000000000000000000e+00
0.000000000000000000e+00
0.000000000000000000e+00
0.000000000000000000e+00
0.000000000000000000e+00
0.000000000000000000e+00
0.000000000000000000e+00
0.000000000000000000e+00
0.000000000000000000e+00
0.000000000000000000e+00
0.000000000000000000e+00
0.000000000000000000e+00
0.000000000000000000e+00
0.000000000000000000e+00
0.000000000000000000e+00
0.000000000000000000e+00
0.000000000000000000e+00
0.000000000000000000e+00
0.000000000000000000e+00
0.000000000000000000e+00
0.000000000000000000e+00
0.000000000000000000e+00
0.000000000000000000e+00
0.000000000000000000e+00
0.000000000000000000e+00
0.000000000000000000e+00
0.000000000000000000e+00
0.000000000000000000e+00
0.000000000000000000e+00
0.000000000000000000e+00
0.000000000000000000e+00
0.000000000000000000e+00
0.000000000000000000e+00
0.000000000000000000e+00
0.000000000000000000e+00
0.000000000000000000e+00
0.000000000000000000e+00
0.000000000000000000e+00
0.000000000000000000e+00
0.000000000000000000e+00
0.000000000000000000e+00
0.000000000000000000e+00
0.000000000000000000e+00
0.000000000000000000e+00
0.000000000000000000e+00
0.000000000000000000e+00
0.000000000000000000e+00
0.000000000000000000e+00
0.000000000000000000e+00
0.000000000000000000e+00
0.000000000000000000e+00
0.000000000000000000e+00
0.000000000000000000e+00
0.000000000000000000e+00
0.000000000000000000e+00
0.000000000000000000e+00
0.000000000000000000e+00
0.000000000000000000e+00
0.000000000000000000e+00
0.000000000000000000e+00
0.000000000000000000e+00
0.000000000000000000e+00
0.000000000000000000e+00
0.000000000000000000e+00
0.000000000000000000e+00
0.000000000000000000e+00
0.000000000000000000e+00
0.000000000000000000e+00
0.000000000000000000e+00
0.000000000000000000e+00
0.000000000000000000e+00
0.000000000000000000e+00
0.000000000000000000e+00
0.000000000000000000e+00
0.000000000000000000e+00
0.000000000000000000e+00
0.000000000000000000e+00
0.000000000000000000e+00
0.000000000000000000e+00
0.000000000000000000e+00
0.000000000000000000e+00
0.000000000000000000e+00
0.000000000000000000e+00
0.000000000000000000e+00
0.000000000000000000e+00
0.000000000000000000e+00
0.000000000000000000e+00
0.000000000000000000e+00
0.000000000000000000e+00
0.000000000000000000e+00
0.000000000000000000e+00
0.000000000000000000e+00
0.000000000000000000e+00
0.000000000000000000e+00
0.000000000000000000e+00
0.000000000000000000e+00
0.000000000000000000e+00
0.000000000000000000e+00
0.000000000000000000e+00
0.000000000000000000e+00
0.000000000000000000e+00
0.000000000000000000e+00
0.000000000000000000e+00
0.000000000000000000e+00
0.000000000000000000e+00
0.000000000000000000e+00
0.000000000000000000e+00
0.000000000000000000e+00
0.000000000000000000e+00
0.000000000000000000e+00
0.000000000000000000e+00
0.000000000000000000e+00
0.000000000000000000e+00
0.000000000000000000e+00
0.000000000000000000e+00
0.000000000000000000e+00
0.000000000000000000e+00
0.000000000000000000e+00
0.000000000000000000e+00
0.000000000000000000e+00
0.000000000000000000e+00
0.000000000000000000e+00
0.000000000000000000e+00
0.000000000000000000e+00
0.000000000000000000e+00
0.000000000000000000e+00
0.000000000000000000e+00
0.000000000000000000e+00
0.000000000000000000e+00
0.000000000000000000e+00
0.000000000000000000e+00
0.000000000000000000e+00
0.000000000000000000e+00
0.000000000000000000e+00
0.000000000000000000e+00
0.000000000000000000e+00
0.000000000000000000e+00
0.000000000000000000e+00
0.000000000000000000e+00
0.000000000000000000e+00
0.000000000000000000e+00
0.000000000000000000e+00
0.000000000000000000e+00
0.000000000000000000e+00
0.000000000000000000e+00
0.000000000000000000e+00
0.000000000000000000e+00
0.000000000000000000e+00
0.000000000000000000e+00
0.000000000000000000e+00
0.000000000000000000e+00
0.000000000000000000e+00
0.000000000000000000e+00
0.000000000000000000e+00
0.000000000000000000e+00
0.000000000000000000e+00
0.000000000000000000e+00
0.000000000000000000e+00
0.000000000000000000e+00
0.000000000000000000e+00
0.000000000000000000e+00
0.000000000000000000e+00
0.000000000000000000e+00
0.000000000000000000e+00
0.000000000000000000e+00
0.000000000000000000e+00
0.000000000000000000e+00
0.000000000000000000e+00
0.000000000000000000e+00
0.000000000000000000e+00
0.000000000000000000e+00
0.000000000000000000e+00
0.000000000000000000e+00
0.000000000000000000e+00
0.000000000000000000e+00
0.000000000000000000e+00
0.000000000000000000e+00
0.000000000000000000e+00
0.000000000000000000e+00
0.000000000000000000e+00
0.000000000000000000e+00
0.000000000000000000e+00
0.000000000000000000e+00
0.000000000000000000e+00
0.000000000000000000e+00
0.000000000000000000e+00
0.000000000000000000e+00
0.000000000000000000e+00
0.000000000000000000e+00
0.000000000000000000e+00
0.000000000000000000e+00
0.000000000000000000e+00
0.000000000000000000e+00
0.000000000000000000e+00
0.000000000000000000e+00
0.000000000000000000e+00
0.000000000000000000e+00
0.000000000000000000e+00
0.000000000000000000e+00
0.000000000000000000e+00
0.000000000000000000e+00
0.000000000000000000e+00
0.000000000000000000e+00
0.000000000000000000e+00
0.000000000000000000e+00
0.000000000000000000e+00
0.000000000000000000e+00
0.000000000000000000e+00
0.000000000000000000e+00
0.000000000000000000e+00
0.000000000000000000e+00
0.000000000000000000e+00
0.000000000000000000e+00
0.000000000000000000e+00
0.000000000000000000e+00
0.000000000000000000e+00
0.000000000000000000e+00
0.000000000000000000e+00
0.000000000000000000e+00
0.000000000000000000e+00
0.000000000000000000e+00
0.000000000000000000e+00
0.000000000000000000e+00
0.000000000000000000e+00
0.000000000000000000e+00
0.000000000000000000e+00
0.000000000000000000e+00
0.000000000000000000e+00
0.000000000000000000e+00
0.000000000000000000e+00
0.000000000000000000e+00
0.000000000000000000e+00
0.000000000000000000e+00
0.000000000000000000e+00
0.000000000000000000e+00
0.000000000000000000e+00
0.000000000000000000e+00
0.000000000000000000e+00
0.000000000000000000e+00
0.000000000000000000e+00
0.000000000000000000e+00
0.000000000000000000e+00
0.000000000000000000e+00
0.000000000000000000e+00
0.000000000000000000e+00
0.000000000000000000e+00
0.000000000000000000e+00
0.000000000000000000e+00
0.000000000000000000e+00
0.000000000000000000e+00
0.000000000000000000e+00
0.000000000000000000e+00
0.000000000000000000e+00
0.000000000000000000e+00
0.000000000000000000e+00
0.000000000000000000e+00
0.000000000000000000e+00
0.000000000000000000e+00
0.000000000000000000e+00
