2.008606206439956736e+02
2.393138064794248692e+02
2.057812578879137959e+02
2.853966854272844103e+02
2.273131747155087794e+02
2.056344108577220027e+02
1.962692354737586697e+02
2.013713405272216903e+02
2.398245263626982080e+02
2.062919777712016298e+02
2.859074053105328517e+02
2.278238945986238093e+02
2.061451307410458469e+02
1.967799553570674220e+02
2.018820604106041685e+02
2.403352462459715753e+02
2.068026976544894353e+02
2.864181251937184811e+02
2.283346144818727623e+02
2.066558506242322153e+02
1.972906752401910921e+02
2.023927802936738090e+02
2.408459661291500993e+02
2.073134175377411452e+02
2.869288450769668657e+02
2.288453343651216869e+02
2.071665705074186690e+02
1.978013951233147907e+02
2.029035001770012627e+02
2.413566860124234665e+02
2.078241374210289507e+02
2.874395649602796539e+02
2.293560542483706683e+02
2.076772903909195236e+02
1.983121150068085683e+02
2.034142200602273363e+02
2.418674058956968054e+02
2.083348573042987368e+02
2.879502848434637485e+02
2.298667741316685920e+02
2.081880102739289669e+02
1.988228348899322668e+02
2.039249399434533814e+02
2.423781257789701442e+02
2.088455771874462528e+02
2.884610047267765367e+02
2.303774940149175166e+02
2.086987301572923741e+02
1.993335547732409623e+02
2.044356598266793981e+02
2.428888456621466787e+02
2.093562970707159820e+02
2.889717246100892680e+02
2.308882138981664696e+02
2.092094500404788278e+02
1.998442746564674621e+02
2.049463797100069087e+02
2.433995655455168503e+02
2.098670169540038160e+02
2.894824444932734195e+02
