1.037479358092613158e+00
1.271337671670951686e+00
9.700035752446497517e-01
1.020332127294974356e+00
1.042172458827829384e+00
9.621888553753603635e-01
7.310996732441681356e-01
7.714554965061134473e-01
9.528713967642915561e-01
6.048078221930247578e-01
6.141187580553943981e-01
6.004796499823330524e-01
4.902216442557114640e-01
2.335884977347847391e-01
2.525369603250621209e-01
4.159947594566497653e-01
5.266987400047551393e-02
4.862882009162372565e-02
2.275546801804839703e-02
-9.938405017962692600e-02
-3.682549761904377883e-01
-3.625262488544961359e-01
-2.137882659030362342e-01
-5.937231811066880915e-01
-6.165106791985019985e-01
-6.633582336590332362e-01
-8.086306548153380236e-01
-1.102563760148938199e+00
-1.123442334131164122e+00
-1.002328973440683946e+00
-1.410250587277862788e+00
-1.460625004340889266e+00
-1.533816051772264988e+00
-1.703291143959992482e+00
-2.018365336791452247e+00
-2.056411058336590436e+00
-1.947619104453461869e+00
-2.362216641600397349e+00
-2.412923652473376812e+00
-2.479535216858579361e+00
-2.635102765933197588e+00
-2.928697467584755021e+00
-2.937634282581118139e+00
-2.792241757523516998e+00
-3.163082940079824379e+00
-3.163408673429367379e+00
-3.173730668682447575e+00
-3.267987686326550456e+00
-3.496288359272478719e+00
-3.437109744678446432e+00
-3.222037375035452733e+00
-3.522953035791511311e+00
-3.454452481108289064e+00
-3.398381526148845921e+00
-3.429964940904493442e+00
-3.600512793762517205e+00
-3.489584435846380561e+00
-3.229696955335330077e+00
-3.493485310188034543e+00
-3.396097224349218457e+00
