4.237121308466325900e+03
4.236814849169330046e+03
4.236145111381573770e+03
4.235376836775572883e+03
4.234651698041963755e+03
4.233531257844630090e+03
4.232334668691068146e+03
4.231041774722926675e+03
4.229498168333645481e+03
4.227550126524758525e+03
4.225470093806878140e+03
4.223408216249124962e+03
4.220935221915947295e+03
4.218380019892188102e+03
4.215732679964964518e+03
4.212849347638181825e+03
4.209587021840122361e+03
4.206228865211853190e+03
4.202935555226460565e+03
4.199287975501114488e+03
4.195624623997769959e+03
4.191944404928820404e+03
4.188111363913552850e+03
4.183989298600746224e+03
4.179866919343868176e+03
4.175909072581232977e+03
4.171699330254073175e+03
4.167577325371867119e+03
4.163541503284453029e+03
4.159453850183648683e+03
4.155174532183616066e+03
4.150987119803928181e+03
4.147049909819024833e+03
4.142938646188969869e+03
4.138984017656089236e+03
4.135174598184771639e+03
4.131361787601433207e+03
4.127394680932971823e+03
4.123545535850203123e+03
4.119961344332806220e+03
4.116206804146011564e+03
4.112602061472239257e+03
4.109125884685106030e+03
4.105620820653212832e+03
4.101928256487555700e+03
4.098314051096995172e+03
4.094920238312365200e+03
4.091308093626508708e+03
4.087795933269620946e+03
4.084362303984151822e+03
4.080851114319371391e+03
4.077106630874335679e+03
4.073399005447592117e+03
4.069875837493940708e+03
4.066105067558845803e+03
4.062412574926408979e+03
4.058785143139369666e+03
4.055075350144780259e+03
4.051136312909958178e+03
4.047246959193479597e+03
