4.084244438637161068e+01
4.101038749044789711e+01
4.112549684898579017e+01
4.118826889729454166e+01
2.114187333938289441e+02
4.445540757715502878e+01
4.709621270936513326e+01
4.219963932239657822e+01
4.236758242624593152e+01
4.248269178496656195e+01
4.254546383341700988e+01
2.127759283297418165e+02
4.581260251286811069e+01
4.845340764521088062e+01
4.355683425842153156e+01
4.372477736258854009e+01
4.383988672092614536e+01
4.390265876953947810e+01
2.141331232656518750e+02
4.716979744872995184e+01
4.981060258105660665e+01
4.491402919410175798e+01
4.508197229803925410e+01
4.519708165662579802e+01
4.525985370534350238e+01
2.154903182015677316e+02
4.852699238459187825e+01
5.116779751692897094e+01
4.627122413047150928e+01
4.643916723418465864e+01
4.655427659260655560e+01
4.661704864146598482e+01
2.168475131374690363e+02
4.988418732045371939e+01
5.252499245304862541e+01
4.762841906615170018e+01
4.779636216998270015e+01
4.791147152858729896e+01
4.797424357695246044e+01
2.182047080733906057e+02
5.124138225616677289e+01
5.388218738862043722e+01
4.898561400183189107e+01
4.915355710597791017e+01
4.926866646456807075e+01
4.933143851291571025e+01
2.195619030093006359e+02
5.259857719202865667e+01
5.523938232474009169e+01
5.034280893767200382e+01
5.051075204177595879e+01
5.062586140026770920e+01
5.068863344887893163e+01
2.209190979452106944e+02
5.395577212835824810e+01
5.659657726058583194e+01
5.170000387369698558e+01
5.186794697792134912e+01
5.198305633652961433e+01
5.204582838452466831e+01
