1.510931585734791224e+04
1.512023665832736515e+04
1.511669865338927593e+04
1.511266810986628298e+04
1.510869896516379958e+04
1.510544940224411584e+04
1.510195288483897639e+04
1.518925670248973074e+04
1.520185131276382890e+04
1.519998129792679356e+04
1.519759102962274847e+04
1.519520908304874865e+04
1.519346523059029096e+04
1.519136200554195057e+04
1.527991387755825599e+04
1.529357731547144977e+04
1.529256253995960469e+04
1.529078004204092395e+04
1.528872588887419988e+04
1.528699962488624988e+04
1.528457673549403444e+04
1.537244869090299653e+04
1.538505382129890495e+04
1.538258980212526330e+04
1.537896080282804542e+04
1.537466329984619915e+04
1.537030434368958413e+04
1.536487423231247158e+04
1.544938659684493905e+04
1.545830914365788885e+04
1.545187582851525258e+04
1.544403351788273540e+04
1.543532714457430848e+04
1.542641715865637525e+04
1.541635124140662083e+04
1.549620330817824106e+04
1.550050306771890428e+04
1.548954694050224498e+04
1.547734342053894943e+04
1.546449691910066576e+04
1.545172392359062178e+04
1.543812347187259547e+04
1.551481499977265048e+04
1.551636685962217416e+04
1.550310634035510702e+04
1.548906429839463635e+04
1.547485845864515431e+04
1.546120923517700794e+04
1.544721008322894158e+04
1.552396544613537299e+04
1.552601959527007057e+04
1.551366718799069349e+04
1.550089864159863464e+04
1.548828436594795130e+04
1.547649168251743140e+04
1.546455641523569102e+04
1.554352218641363834e+04
1.554787068248442483e+04
1.553783367886015367e+04
1.552733988490139927e+04
