2.451170810389737653e+02
2.448823185312963062e+02
2.446270695849403296e+02
2.443861128238740719e+02
2.441553935649505149e+02
2.449295250233411423e+02
2.452507992852064547e+02
2.450019862665899950e+02
2.447492044596643552e+02
2.444771022661021220e+02
2.442210476175459348e+02
2.439775242295695250e+02
2.447416129647778291e+02
2.450559850565679199e+02
2.448036860403998389e+02
2.445509947385478711e+02
2.442825965412873757e+02
2.440337690104054218e+02
2.438007783482671300e+02
2.445783652680225657e+02
2.449087469360583782e+02
2.446744136139235195e+02
2.444410039922589704e+02
2.441924979825419939e+02
2.439634244055468741e+02
2.437492814405988497e+02
2.445440476207430720e+02
2.448892092463578081e+02
2.446665820228880079e+02
2.444412100967426227e+02
2.441965804660052015e+02
2.439668494706195361e+02
2.437472785709985033e+02
2.445317566459504803e+02
2.448618342482616299e+02
2.446195473246307870e+02
2.443703134216210913e+02
2.440981383552762054e+02
2.438378302053981201e+02
2.435854181522998942e+02
2.443356538406690959e+02
2.446310212951777601e+02
2.443545335966861387e+02
2.440726001385397410e+02
2.437702033100358108e+02
2.434830823833270017e+02
2.432081230544089578e+02
2.439408312446210516e+02
2.442243180690380200e+02
2.439420749945460898e+02
2.436608237268803236e+02
2.433656802759041113e+02
2.430923314396987962e+02
2.428374224683505247e+02
2.435960346584016634e+02
2.439106797565152931e+02
2.436640899935058542e+02
2.434220879164686835e+02
2.431687749360632722e+02
2.429387361507656919e+02
