7.143815232960513094e+05
7.167479931010225555e+05
7.192720324531873921e+05
7.218982203432348324e+05
7.246423486123875482e+05
7.275041608898588456e+05
7.303489655734261032e+05
7.333306435654894449e+05
7.362264495068835095e+05
7.391783657829350559e+05
7.421271613075401401e+05
7.450863865980716655e+05
7.480551611329510342e+05
7.508998038764679804e+05
7.537768270121639362e+05
7.564676916454620659e+05
7.591200854657473974e+05
7.616818757770415395e+05
7.641749714757075999e+05
7.666079526527373819e+05
7.688575219540665857e+05
7.710913014810532331e+05
7.731023781410570955e+05
7.750503619021654595e+05
7.768951150373857236e+05
7.786703907176106004e+05
7.803962444051500643e+05
7.819602768378695473e+05
7.835402368155793520e+05
7.849383907973958412e+05
7.863224274354617810e+05
7.876590582882668823e+05
7.889875556430852739e+05
7.903320928220724454e+05
7.915829469929947518e+05
7.929190932079013437e+05
7.941425964610384544e+05
7.954195689525208436e+05
7.967138521664900472e+05
7.980606624053013511e+05
7.994790622715780046e+05
8.008533147144813556e+05
8.023556445226494689e+05
8.037808098740614951e+05
8.052872467124187388e+05
8.068309410155243240e+05
8.084392630399132613e+05
8.101236215744373621e+05
8.117609905671430752e+05
8.135168290664507076e+05
8.151797935508012306e+05
8.169030023698613513e+05
8.186380048770444700e+05
8.204086874692698475e+05
8.222239733562528854e+05
8.239593678946987493e+05
8.257798705867866520e+05
8.274746536512327148e+05
8.291982683709465200e+05
8.309045338793662377e+05
