1.618833452383901658e+03
1.624554847277431236e+03
1.630452476295978840e+03
1.635956216897604008e+03
1.641711918587228638e+03
1.647632635514956974e+03
1.653366409476912850e+03
1.661948010644098758e+03
1.667669405537633111e+03
1.673567034556179124e+03
1.679070775157802927e+03
1.684826476847425738e+03
1.690747193775156802e+03
1.696480967737114952e+03
1.705062568904301088e+03
1.710783963797832712e+03
1.716681592816379862e+03
1.722185333418001619e+03
1.727941035107631706e+03
1.733861752035358450e+03
1.739595525997317509e+03
1.748177127164503645e+03
1.753898522058036178e+03
1.759796151076586284e+03
1.765299891678207132e+03
1.771055593367831989e+03
1.776976310295561916e+03
1.782710084257519611e+03
1.791291685424705520e+03
1.797013080318237826e+03
1.802910709336783611e+03
1.808414449938406506e+03
1.814170151628035228e+03
1.820090868555763564e+03
1.825824642517717621e+03
1.834406243684908986e+03
1.840127638578439246e+03
1.846025267596986623e+03
1.851529008198608608e+03
1.857284709888233238e+03
1.863205426815962937e+03
1.868939200777918813e+03
1.877520801945111771e+03
1.883242196838640666e+03
1.889139825857186679e+03
1.894643566458811165e+03
1.900399268148436477e+03
1.906319985076166631e+03
1.912053759038122053e+03
1.920635360205314100e+03
1.926356755098845042e+03
1.932254384117389691e+03
1.937758124719013267e+03
1.943513826408639943e+03
1.949434543336366460e+03
1.955168317298324155e+03
1.963749918465510973e+03
1.969471313359044643e+03
1.975368942377587700e+03
1.980872682979211959e+03
