-7.814216746514029976e-01
-5.487093528347017912e-01
-7.010437015944468442e-01
1.197084840824564900e+00
-7.163137028494115377e-01
-6.727900031198139619e-01
-5.571811520083168601e-01
-5.235557144244182837e-01
-3.382336941957604926e-01
-5.501874445294546723e-01
1.277816411043622091e+00
-7.141077308967102022e-01
-7.550859691302032051e-01
-7.272817625327236968e-01
-7.819208161413107039e-01
-6.823972154811319690e-01
-9.747642560610645379e-01
7.810326900521241678e-01
-1.272257723772089344e+00
-1.361399006605061635e+00
-1.366541201143179896e+00
-1.437313651286479477e+00
-1.335987201485034470e+00
-1.608007419939782912e+00
1.867452706034926913e-01
-1.809469426114961754e+00
-1.824452312038836510e+00
-1.739916800812861819e+00
-1.707543185445072886e+00
-1.492087075415818198e+00
-1.641845041824636642e+00
2.801647645602741710e-01
-1.587133222559894197e+00
-1.474976345894720486e+00
-1.268515297693991739e+00
-1.122766580422899230e+00
-8.056209232735056514e-01
-8.682137352377610195e-01
1.123981708732213480e+00
-6.921046284877576671e-01
-5.491799075579062439e-01
-3.332910133821614385e-01
-1.997447295718084992e-01
8.389826806525493841e-02
-3.255113492278363663e-02
1.886973607917864948e+00
-1.850507305698037563e-02
2.089273378063363773e-02
1.221281533609414327e-01
1.332360792489298285e-01
2.902327648326463727e-01
4.663454047598969421e-02
1.842229966559573384e+00
-1.803337913574157292e-01
-2.477617038156745832e-01
-2.399945625734362653e-01
-3.063156082793716539e-01
-2.085307747730909544e-01
-4.915236407007382846e-01
1.285459659000515398e+00
