3.582418340677538799e+04
3.597014978517591953e+04
3.618756221646275662e+04
3.633733172097407078e+04
3.649614437619779346e+04
3.664973457236322429e+04
3.679458546072211902e+04
3.696074390681947989e+04
3.710789709768129251e+04
3.732284671534540394e+04
3.746665471294277086e+04
3.761615992636224109e+04
3.775724927427645162e+04
3.788655697943648556e+04
3.803427909268518124e+04
3.816025040561122296e+04
3.835141957258850016e+04
3.846899636237999221e+04
3.858997013712687476e+04
3.870038316277995909e+04
3.879703202772809891e+04
3.891028429370637605e+04
3.900015731249612145e+04
3.915379488759888773e+04
3.923261557579603686e+04
3.931383162222160900e+04
3.938372205388166185e+04
3.943933315738001693e+04
3.951129344408934412e+04
3.955989004653783923e+04
3.967254226636647218e+04
3.971094613958869741e+04
3.975258911089509638e+04
3.978401846405395190e+04
3.980253687610392080e+04
3.983901235546023963e+04
3.985394967408637604e+04
3.993495918418672227e+04
3.994389705297244655e+04
3.995837616687072295e+04
3.996503149793030025e+04
3.996121342662584357e+04
3.997779638378314121e+04
3.997524999657744047e+04
4.004110867297978257e+04
4.003711366925838229e+04
4.004072686908945616e+04
4.003840001051678701e+04
4.002727276599875040e+04
4.003798691919708654e+04
4.003076367762418522e+04
4.009287988719526038e+04
4.008581700748231378e+04
4.008678187860141770e+04
4.008198281262753153e+04
4.006833421204736078e+04
4.007627676319377497e+04
4.006586006131690374e+04
4.012422327000858058e+04
4.011274753491114825e+04
