4.781729841105658352e+00
2.038214047823878161e+00
1.016071728642621963e+00
9.931938693795153483e+00
7.005527580633952311e+00
1.723663347250163014e+00
-5.231343271317728494e+01
-5.745257197727230647e+00
-1.224222293290551988e+01
-1.677619583536374392e+01
-1.101369951875504682e+01
-1.662462648585515268e+01
-2.402163965422661462e+01
-7.951714895807269556e+01
-3.367941174405900995e+01
-4.012635022492356995e+01
-4.379825598449291846e+01
-3.635263711172799361e+01
-3.947398624722927707e+01
-4.361360780776850987e+01
-9.514636032098412954e+01
-4.472585159935707111e+01
-4.607668752316791938e+01
-4.426497057341444474e+01
-3.109034813440937839e+01
-2.839245068320023790e+01
-2.678693598789900676e+01
-7.281808725741159094e+01
-1.730960685620704353e+01
-1.415231946443159927e+01
-8.570100209659393897e+00
7.492549719834734390e+00
1.206831756547006762e+01
1.443494872624228620e+01
-3.203388812712559996e+01
2.178351593781804851e+01
2.197147613333917704e+01
2.331254005596154144e+01
3.390069572305098689e+01
3.183916303591610131e+01
2.650741850438675229e+01
-2.858960038760479350e+01
1.582817317997544748e+01
6.027313946254544419e+00
-3.007326336629667196e+00
-2.963849640400592733e+00
-1.551043645476767097e+01
-3.103359662471837765e+01
-9.579447075319578175e+01
-6.028476108973838166e+01
-7.802090486379097456e+01
-9.381766854591285210e+01
-9.918441544662466924e+01
-1.156368099232619784e+02
-1.334390696889588241e+02
-1.987635839839861660e+02
-1.620493863985628025e+02
-1.767980243058004817e+02
-1.878479534957085093e+02
-1.867706831037821473e+02
