1.398625384717313977e+02
1.548058831565667788e+02
1.681052644853807578e+02
1.820416473683987419e+02
2.081993139282320726e+02
2.337937516738468844e+02
2.594033630461134976e+02
2.287980717458254389e+02
2.520012581872742317e+02
2.727846863122845207e+02
2.933944414538809156e+02
3.254166560209174577e+02
3.561036282111078890e+02
3.861023812463041622e+02
3.592788543364881662e+02
3.857743193442508982e+02
4.094938876180817715e+02
4.328253628848196968e+02
4.674974793265814696e+02
5.008984097585720292e+02
5.337968790368331611e+02
5.101593596453517989e+02
5.402002174188430672e+02
5.678649245296883237e+02
5.955448179626291676e+02
6.349326265230936315e+02
6.733397898784839981e+02
7.114179924927302636e+02
6.929784223768903075e+02
7.280455986849817691e+02
7.603458041556366425e+02
7.920284638753754507e+02
8.345295045163984469e+02
8.748974817062068041e+02
9.135246224945416316e+02
8.939759851759390585e+02
9.260532505775038317e+02
9.532928390355498323e+02
9.776963519214589269e+02
1.010602039643152693e+03
1.039017773108959773e+03
1.063357387164704278e+03
1.027273361912525161e+03
1.040722170485933020e+03
1.047461860100129115e+03
1.049779801546811314e+03
1.059359312793762456e+03
1.063605706479989976e+03
1.063373771191117157e+03
1.002789859703441721e+03
9.923051811610255299e+02
9.761801866909271439e+02
9.571983519352855865e+02
9.475184658271448370e+02
9.349864027899369603e+02
9.208488267666430147e+02
8.495624366550448485e+02
8.318357708992875814e+02
8.121038525971325726e+02
7.932343288056623578e+02
