1.452592614215313915e+02
5.232195040343326298e+01
6.093658908701381449e+01
6.415099602315446248e+01
5.289107081401183308e+01
6.919686743135382301e+01
5.865810212362978149e+01
1.460961255088602684e+02
5.315881449073111753e+01
6.177345317428486737e+01
6.498786011073914892e+01
5.372793490145777895e+01
7.003373151881383762e+01
5.949496621102966287e+01
1.469329895961586203e+02
5.399567857802894366e+01
6.261031726155592736e+01
6.582472419790167351e+01
5.456479898860482081e+01
7.087059560601932162e+01
6.033183029836632727e+01
1.477698536834569438e+02
5.483254266542864741e+01
6.344718134881694027e+01
6.666158828506419809e+01
5.540166307605075247e+01
7.170745969336944370e+01
6.116869438570299877e+01
1.486067177707860196e+02
5.566940675284509155e+01
6.428404543627094370e+01
6.749845237264889874e+01
5.623852716329928114e+01
7.254432378071955156e+01
6.200555847281839306e+01
1.494435818580536193e+02
5.650627084002435652e+01
6.512090952354201079e+01
6.833531645981142333e+01
5.707539125084115028e+01
7.338118786806965943e+01
6.284242256021826734e+01
1.502804459453826667e+02
5.734313492732219686e+01
6.595777361081304946e+01
6.917218054710419040e+01
5.791225533789226176e+01
7.421805195527512922e+01
6.367928664749172896e+01
1.511173100327117140e+02
5.817999901484049730e+01
6.679463769808411655e+01
7.000904463447778880e+01
5.874911942533819342e+01
7.505491604262523708e+01
6.451615073489161034e+01
1.519541741200406477e+02
5.901686310213834474e+01
6.763150178553813419e+01
7.084590872185141563e+01
