0.000000000000000000e+00
0.000000000000000000e+00
0.000000000000000000e+00
0.000000000000000000e+00
0.000000000000000000e+00
0.000000000000000000e+00
0.000000000000000000e+00
0.000000000000000000e+00
0.000000000000000000e+00
0.000000000000000000e+00
0.000000000000000000e+00
0.000000000000000000e+00
0.000000000000000000e+00
0.000000000000000000e+00
0.000000000000000000e+00
0.000000000000000000e+00
0.000000000000000000e+00
0.000000000000000000e+00
0.000000000000000000e+00
0.000000000000000000e+00
0.000000000000000000e+00
0.000000000000000000e+00
0.000000000000000000e+00
0.000000000000000000e+00
0.000000000000000000e+00
0.000000000000000000e+00
0.000000000000000000e+00
0.000000000000000000e+00
0.000000000000000000e+00
0.000000000000000000e+00
0.000000000000000000e+00
0.000000000000000000e+00
0.000000000000000000e+00
0.000000000000000000e+00
0.000000000000000000e+00
0.000000000000000000e+00
0.000000000000000000e+00
0.000000000000000000e+00
0.000000000000000000e+00
0.000000000000000000e+00
0.000000000000000000e+00
0.000000000000000000e+00
0.000000000000000000e+00
0.000000000000000000e+00
0.000000000000000000e+00
0.000000000000000000e+00
0.000000000000000000e+00
0.000000000000000000e+00
0.000000000000000000e+00
0.000000000000000000e+00
0.000000000000000000e+00
0.000000000000000000e+00
0.000000000000000000e+00
0.000000000000000000e+00
0.000000000000000000e+00
0.000000000000000000e+00
0.000000000000000000e+00
0.000000000000000000e+00
0.000000000000000000e+00
0.000000000000000000e+00
0.000000000000000000e+00
0.000000000000000000e+00
0.000000000000000000e+00
0.000000000000000000e+00
0.000000000000000000e+00
0.000000000000000000e+00
0.000000000000000000e+00
0.000000000000000000e+00
0.000000000000000000e+00
0.000000000000000000e+00
0.000000000000000000e+00
0.000000000000000000e+00
0.000000000000000000e+00
0.000000000000000000e+00
4.000000000000000000e+00
4.000000000000000000e+00
7.000000000000000000e+00
7.000000000000000000e+00
7.000000000000000000e+00
7.000000000000000000e+00
1.800000000000000000e+01
2.500000000000000000e+01
4.200000000000000000e+01
4.900000000000000000e+01
5.400000000000000000e+01
6.000000000000000000e+01
6.500000000000000000e+01
6.900000000000000000e+01
7.600000000000000000e+01
7.600000000000000000e+01
8.400000000000000000e+01
8.400000000000000000e+01
8.700000000000000000e+01
8.700000000000000000e+01
8.800000000000000000e+01
9.200000000000000000e+01
9.300000000000000000e+01
9.500000000000000000e+01
9.800000000000000000e+01
1.040000000000000000e+02
1.090000000000000000e+02
1.200000000000000000e+02
1.240000000000000000e+02
1.280000000000000000e+02
1.290000000000000000e+02
1.300000000000000000e+02
1.330000000000000000e+02
1.360000000000000000e+02
1.400000000000000000e+02
1.400000000000000000e+02
1.500000000000000000e+02
1.530000000000000000e+02
1.640000000000000000e+02
1.680000000000000000e+02
1.770000000000000000e+02
1.780000000000000000e+02
1.970000000000000000e+02
2.030000000000000000e+02
2.090000000000000000e+02
2.160000000000000000e+02
2.170000000000000000e+02
2.220000000000000000e+02
2.270000000000000000e+02
2.370000000000000000e+02
2.380000000000000000e+02
2.440000000000000000e+02
2.450000000000000000e+02
2.450000000000000000e+02
2.470000000000000000e+02
2.500000000000000000e+02
2.560000000000000000e+02
2.620000000000000000e+02
2.690000000000000000e+02
2.710000000000000000e+02
2.800000000000000000e+02
2.820000000000000000e+02
2.830000000000000000e+02
2.900000000000000000e+02
2.970000000000000000e+02
3.000000000000000000e+02
3.070000000000000000e+02
3.130000000000000000e+02
3.210000000000000000e+02
3.320000000000000000e+02
3.320000000000000000e+02
3.380000000000000000e+02
3.380000000000000000e+02
3.470000000000000000e+02
3.500000000000000000e+02
3.510000000000000000e+02
3.570000000000000000e+02
3.590000000000000000e+02
3.700000000000000000e+02
3.710000000000000000e+02
3.760000000000000000e+02
3.850000000000000000e+02
3.980000000000000000e+02
4.130000000000000000e+02
4.430000000000000000e+02
4.430000000000000000e+02
4.470000000000000000e+02
4.800000000000000000e+02
4.930000000000000000e+02
5.120000000000000000e+02
5.230000000000000000e+02
5.670000000000000000e+02
5.750000000000000000e+02
5.950000000000000000e+02
6.100000000000000000e+02
6.230000000000000000e+02
6.350000000000000000e+02
6.630000000000000000e+02
6.840000000000000000e+02
7.100000000000000000e+02
7.370000000000000000e+02
7.520000000000000000e+02
7.700000000000000000e+02
8.110000000000000000e+02
8.190000000000000000e+02
8.340000000000000000e+02
8.380000000000000000e+02
8.480000000000000000e+02
8.670000000000000000e+02
8.890000000000000000e+02
9.000000000000000000e+02
9.070000000000000000e+02
9.180000000000000000e+02
9.750000000000000000e+02
1.005000000000000000e+03
1.036000000000000000e+03
1.085000000000000000e+03
1.106000000000000000e+03
1.119000000000000000e+03
1.144000000000000000e+03
1.169000000000000000e+03
1.222000000000000000e+03
1.237000000000000000e+03
1.258000000000000000e+03
1.297000000000000000e+03
1.300000000000000000e+03
1.346000000000000000e+03
1.392000000000000000e+03
1.478000000000000000e+03
1.524000000000000000e+03
1.558000000000000000e+03
1.604000000000000000e+03
1.631000000000000000e+03
1.648000000000000000e+03
1.661000000000000000e+03
1.683000000000000000e+03
1.698000000000000000e+03
1.705000000000000000e+03
1.712000000000000000e+03
1.754000000000000000e+03
1.755000000000000000e+03
1.785000000000000000e+03
1.806000000000000000e+03
1.810000000000000000e+03
1.863000000000000000e+03
1.866000000000000000e+03
1.904000000000000000e+03
1.918000000000000000e+03
2.013000000000000000e+03
2.044000000000000000e+03
2.071000000000000000e+03
2.163000000000000000e+03
2.191000000000000000e+03
2.199000000000000000e+03
2.235000000000000000e+03
2.271000000000000000e+03
2.307000000000000000e+03
2.325000000000000000e+03
2.352000000000000000e+03
2.450000000000000000e+03
2.544000000000000000e+03
2.556000000000000000e+03
2.736000000000000000e+03
2.767000000000000000e+03
2.789000000000000000e+03
2.817000000000000000e+03
2.845000000000000000e+03
2.910000000000000000e+03
2.961000000000000000e+03
2.973000000000000000e+03
2.991000000000000000e+03
2.995000000000000000e+03
3.050000000000000000e+03
3.080000000000000000e+03
3.091000000000000000e+03
3.099000000000000000e+03
3.117000000000000000e+03
3.125000000000000000e+03
3.154000000000000000e+03
3.181000000000000000e+03
3.197000000000000000e+03
3.211000000000000000e+03
3.216000000000000000e+03
3.226000000000000000e+03
3.246000000000000000e+03
3.408000000000000000e+03
3.542000000000000000e+03
3.555000000000000000e+03
3.566000000000000000e+03
3.606000000000000000e+03
3.877000000000000000e+03
4.130000000000000000e+03
4.398000000000000000e+03
4.601000000000000000e+03
4.664000000000000000e+03
4.768000000000000000e+03
4.783000000000000000e+03
4.797000000000000000e+03
4.797000000000000000e+03
4.798000000000000000e+03
4.803000000000000000e+03
4.806000000000000000e+03
4.806000000000000000e+03
4.830000000000000000e+03
4.848000000000000000e+03
4.851000000000000000e+03
4.851000000000000000e+03
4.851000000000000000e+03
4.878000000000000000e+03
4.879000000000000000e+03
4.921000000000000000e+03
4.922000000000000000e+03
4.930000000000000000e+03
4.930000000000000000e+03
4.940000000000000000e+03
4.953000000000000000e+03
4.953000000000000000e+03
4.960000000000000000e+03
4.967000000000000000e+03
4.967000000000000000e+03
4.974000000000000000e+03
4.974000000000000000e+03
4.993000000000000000e+03
4.994000000000000000e+03
4.995000000000000000e+03
5.004000000000000000e+03
5.008000000000000000e+03
5.087000000000000000e+03
5.137000000000000000e+03
5.159000000000000000e+03
5.163000000000000000e+03
5.164000000000000000e+03
5.197000000000000000e+03
5.241000000000000000e+03
5.317000000000000000e+03
5.345000000000000000e+03
5.397000000000000000e+03
5.480000000000000000e+03
5.480000000000000000e+03
5.516000000000000000e+03
5.544000000000000000e+03
5.575000000000000000e+03
5.596000000000000000e+03
5.672000000000000000e+03
5.696000000000000000e+03
5.696000000000000000e+03
5.696000000000000000e+03
5.715000000000000000e+03
5.715000000000000000e+03
5.789000000000000000e+03
5.826000000000000000e+03
5.892000000000000000e+03
5.955000000000000000e+03
5.996000000000000000e+03
6.036000000000000000e+03
6.057000000000000000e+03
6.089000000000000000e+03
6.089000000000000000e+03
6.089000000000000000e+03
6.091000000000000000e+03
6.100000000000000000e+03
6.163000000000000000e+03
6.163000000000000000e+03
6.203000000000000000e+03
6.203000000000000000e+03
6.227000000000000000e+03
6.289000000000000000e+03
6.339000000000000000e+03
6.339000000000000000e+03
6.369000000000000000e+03
6.542000000000000000e+03
6.598000000000000000e+03
6.685000000000000000e+03
6.752000000000000000e+03
6.816000000000000000e+03
6.878000000000000000e+03
6.940000000000000000e+03
6.940000000000000000e+03
6.940000000000000000e+03
6.956000000000000000e+03
6.974000000000000000e+03
6.974000000000000000e+03
6.974000000000000000e+03
6.974000000000000000e+03
6.974000000000000000e+03
7.028000000000000000e+03
7.193000000000000000e+03
7.363000000000000000e+03
7.412000000000000000e+03
7.580000000000000000e+03
7.812000000000000000e+03
7.973000000000000000e+03
8.184000000000000000e+03
8.319000000000000000e+03
8.420000000000000000e+03
8.681000000000000000e+03
8.861000000000000000e+03
9.042000000000000000e+03
9.234000000000000000e+03
9.519000000000000000e+03
9.804000000000000000e+03
1.008700000000000000e+04
1.027200000000000000e+04
1.074500000000000000e+04
1.096300000000000000e+04
1.135200000000000000e+04
1.161700000000000000e+04
1.204700000000000000e+04
1.234200000000000000e+04
1.262900000000000000e+04
1.298800000000000000e+04
1.338900000000000000e+04
1.367800000000000000e+04
1.393700000000000000e+04
1.447700000000000000e+04
1.479200000000000000e+04
1.512500000000000000e+04
1.547500000000000000e+04
1.591800000000000000e+04
1.616300000000000000e+04
1.638700000000000000e+04
1.659700000000000000e+04
1.680300000000000000e+04
1.699200000000000000e+04
1.725100000000000000e+04
1.726400000000000000e+04
1.727900000000000000e+04
1.730200000000000000e+04
1.730700000000000000e+04
1.731300000000000000e+04
1.732200000000000000e+04
1.747200000000000000e+04
1.756900000000000000e+04
1.768200000000000000e+04
1.775100000000000000e+04
1.781000000000000000e+04
1.784000000000000000e+04
1.791100000000000000e+04
1.803300000000000000e+04
1.811800000000000000e+04
1.823600000000000000e+04
1.836100000000000000e+04
1.850000000000000000e+04
1.856600000000000000e+04
1.863500000000000000e+04
1.880400000000000000e+04
1.890600000000000000e+04
1.900700000000000000e+04
1.914300000000000000e+04
1.916300000000000000e+04
1.918000000000000000e+04
1.921400000000000000e+04
1.931000000000000000e+04
1.944100000000000000e+04
1.954000000000000000e+04
1.965700000000000000e+04
1.974100000000000000e+04
1.978500000000000000e+04
1.986000000000000000e+04
2.000100000000000000e+04
2.018200000000000000e+04
2.030800000000000000e+04
2.039800000000000000e+04
2.047200000000000000e+04
2.051900000000000000e+04
2.059400000000000000e+04
2.070500000000000000e+04
2.083500000000000000e+04
2.087000000000000000e+04
2.099100000000000000e+04
2.107200000000000000e+04
2.124300000000000000e+04
2.127200000000000000e+04
2.139500000000000000e+04
2.159400000000000000e+04
2.180500000000000000e+04
2.201500000000000000e+04
2.208200000000000000e+04
2.224100000000000000e+04
2.240800000000000000e+04
2.256000000000000000e+04
2.257900000000000000e+04
2.264900000000000000e+04
2.269600000000000000e+04
2.286600000000000000e+04
2.294100000000000000e+04
2.300500000000000000e+04
2.308900000000000000e+04
2.317500000000000000e+04
2.320600000000000000e+04
2.323400000000000000e+04
2.334500000000000000e+04
2.344200000000000000e+04
2.351300000000000000e+04
2.352300000000000000e+04
2.371000000000000000e+04
2.387600000000000000e+04
2.405000000000000000e+04
2.411900000000000000e+04
2.415300000000000000e+04
2.415500000000000000e+04
2.433300000000000000e+04
2.441100000000000000e+04
2.448600000000000000e+04
2.459200000000000000e+04
2.469400000000000000e+04
2.476400000000000000e+04
2.476400000000000000e+04
2.480800000000000000e+04
2.480800000000000000e+04
2.488400000000000000e+04
2.496700000000000000e+04
2.496700000000000000e+04
2.509700000000000000e+04
2.514400000000000000e+04
2.528300000000000000e+04
2.536900000000000000e+04
2.545300000000000000e+04
2.554200000000000000e+04
2.560200000000000000e+04
2.560900000000000000e+04
2.568300000000000000e+04
2.585000000000000000e+04
2.594800000000000000e+04
2.602800000000000000e+04
2.612900000000000000e+04
2.617100000000000000e+04
2.622500000000000000e+04
2.625400000000000000e+04
2.627700000000000000e+04
2.634100000000000000e+04
2.634100000000000000e+04
2.634100000000000000e+04
2.634100000000000000e+04
2.634100000000000000e+04
2.638300000000000000e+04
2.638300000000000000e+04
2.638300000000000000e+04
2.639200000000000000e+04
2.639300000000000000e+04
2.657800000000000000e+04
2.670400000000000000e+04
2.670400000000000000e+04
2.671200000000000000e+04
2.673400000000000000e+04
2.686500000000000000e+04
2.697700000000000000e+04
2.697700000000000000e+04
2.709000000000000000e+04
2.727200000000000000e+04
2.727200000000000000e+04
2.727200000000000000e+04
2.727200000000000000e+04
2.727200000000000000e+04
2.760600000000000000e+04
2.760600000000000000e+04
2.783700000000000000e+04
2.839100000000000000e+04
2.920700000000000000e+04
3.019100000000000000e+04
3.113700000000000000e+04
3.200600000000000000e+04
3.252300000000000000e+04
3.335600000000000000e+04
3.456700000000000000e+04
3.558200000000000000e+04
3.647800000000000000e+04
3.721000000000000000e+04
3.818600000000000000e+04
4.004100000000000000e+04
4.104600000000000000e+04
4.195100000000000000e+04
4.305500000000000000e+04
4.392400000000000000e+04
4.473900000000000000e+04
4.473900000000000000e+04
4.473900000000000000e+04
4.475400000000000000e+04
4.476900000000000000e+04
4.479100000000000000e+04
4.481400000000000000e+04
4.482300000000000000e+04
4.483700000000000000e+04
4.485600000000000000e+04
4.487500000000000000e+04
4.488700000000000000e+04
4.491100000000000000e+04
0.000000000000000000e+00
0.000000000000000000e+00
0.000000000000000000e+00
0.000000000000000000e+00
0.000000000000000000e+00
0.000000000000000000e+00
0.000000000000000000e+00
0.000000000000000000e+00
0.000000000000000000e+00
0.000000000000000000e+00
0.000000000000000000e+00
0.000000000000000000e+00
0.000000000000000000e+00
0.000000000000000000e+00
0.000000000000000000e+00
0.000000000000000000e+00
0.000000000000000000e+00
0.000000000000000000e+00
0.000000000000000000e+00
0.000000000000000000e+00
0.000000000000000000e+00
0.000000000000000000e+00
0.000000000000000000e+00
0.000000000000000000e+00
0.000000000000000000e+00
0.000000000000000000e+00
0.000000000000000000e+00
0.000000000000000000e+00
0.000000000000000000e+00
0.000000000000000000e+00
0.000000000000000000e+00
0.000000000000000000e+00
0.000000000000000000e+00
0.000000000000000000e+00
0.000000000000000000e+00
0.000000000000000000e+00
0.000000000000000000e+00
0.000000000000000000e+00
0.000000000000000000e+00
0.000000000000000000e+00
0.000000000000000000e+00
0.000000000000000000e+00
0.000000000000000000e+00
0.000000000000000000e+00
0.000000000000000000e+00
0.000000000000000000e+00
0.000000000000000000e+00
0.000000000000000000e+00
0.000000000000000000e+00
0.000000000000000000e+00
0.000000000000000000e+00
0.000000000000000000e+00
0.000000000000000000e+00
0.000000000000000000e+00
0.000000000000000000e+00
0.000000000000000000e+00
0.000000000000000000e+00
0.000000000000000000e+00
0.000000000000000000e+00
0.000000000000000000e+00
0.000000000000000000e+00
0.000000000000000000e+00
0.000000000000000000e+00
0.000000000000000000e+00
0.000000000000000000e+00
0.000000000000000000e+00
0.000000000000000000e+00
0.000000000000000000e+00
0.000000000000000000e+00
0.000000000000000000e+00
0.000000000000000000e+00
0.000000000000000000e+00
0.000000000000000000e+00
0.000000000000000000e+00
0.000000000000000000e+00
0.000000000000000000e+00
0.000000000000000000e+00
0.000000000000000000e+00
0.000000000000000000e+00
0.000000000000000000e+00
0.000000000000000000e+00
0.000000000000000000e+00
0.000000000000000000e+00
0.000000000000000000e+00
0.000000000000000000e+00
0.000000000000000000e+00
0.000000000000000000e+00
0.000000000000000000e+00
0.000000000000000000e+00
0.000000000000000000e+00
0.000000000000000000e+00
0.000000000000000000e+00
0.000000000000000000e+00
0.000000000000000000e+00
0.000000000000000000e+00
0.000000000000000000e+00
0.000000000000000000e+00
0.000000000000000000e+00
0.000000000000000000e+00
0.000000000000000000e+00
0.000000000000000000e+00
0.000000000000000000e+00
0.000000000000000000e+00
0.000000000000000000e+00
0.000000000000000000e+00
0.000000000000000000e+00
0.000000000000000000e+00
0.000000000000000000e+00
0.000000000000000000e+00
0.000000000000000000e+00
0.000000000000000000e+00
0.000000000000000000e+00
0.000000000000000000e+00
0.000000000000000000e+00
0.000000000000000000e+00
0.000000000000000000e+00
0.000000000000000000e+00
0.000000000000000000e+00
0.000000000000000000e+00
0.000000000000000000e+00
0.000000000000000000e+00
0.000000000000000000e+00
0.000000000000000000e+00
0.000000000000000000e+00
0.000000000000000000e+00
0.000000000000000000e+00
0.000000000000000000e+00
0.000000000000000000e+00
0.000000000000000000e+00
0.000000000000000000e+00
0.000000000000000000e+00
0.000000000000000000e+00
0.000000000000000000e+00
0.000000000000000000e+00
0.000000000000000000e+00
0.000000000000000000e+00
0.000000000000000000e+00
0.000000000000000000e+00
0.000000000000000000e+00
0.000000000000000000e+00
0.000000000000000000e+00
0.000000000000000000e+00
0.000000000000000000e+00
0.000000000000000000e+00
0.000000000000000000e+00
0.000000000000000000e+00
0.000000000000000000e+00
0.000000000000000000e+00
0.000000000000000000e+00
0.000000000000000000e+00
0.000000000000000000e+00
0.000000000000000000e+00
0.000000000000000000e+00
0.000000000000000000e+00
0.000000000000000000e+00
0.000000000000000000e+00
0.000000000000000000e+00
0.000000000000000000e+00
0.000000000000000000e+00
0.000000000000000000e+00
0.000000000000000000e+00
0.000000000000000000e+00
0.000000000000000000e+00
0.000000000000000000e+00
0.000000000000000000e+00
0.000000000000000000e+00
0.000000000000000000e+00
0.000000000000000000e+00
0.000000000000000000e+00
0.000000000000000000e+00
0.000000000000000000e+00
0.000000000000000000e+00
0.000000000000000000e+00
0.000000000000000000e+00
0.000000000000000000e+00
0.000000000000000000e+00
0.000000000000000000e+00
0.000000000000000000e+00
0.000000000000000000e+00
0.000000000000000000e+00
0.000000000000000000e+00
0.000000000000000000e+00
0.000000000000000000e+00
0.000000000000000000e+00
0.000000000000000000e+00
0.000000000000000000e+00
0.000000000000000000e+00
0.000000000000000000e+00
0.000000000000000000e+00
0.000000000000000000e+00
0.000000000000000000e+00
0.000000000000000000e+00
0.000000000000000000e+00
0.000000000000000000e+00
0.000000000000000000e+00
0.000000000000000000e+00
0.000000000000000000e+00
0.000000000000000000e+00
0.000000000000000000e+00
0.000000000000000000e+00
0.000000000000000000e+00
0.000000000000000000e+00
0.000000000000000000e+00
0.000000000000000000e+00
0.000000000000000000e+00
0.000000000000000000e+00
0.000000000000000000e+00
0.000000000000000000e+00
0.000000000000000000e+00
0.000000000000000000e+00
0.000000000000000000e+00
0.000000000000000000e+00
0.000000000000000000e+00
0.000000000000000000e+00
0.000000000000000000e+00
0.000000000000000000e+00
0.000000000000000000e+00
0.000000000000000000e+00
0.000000000000000000e+00
0.000000000000000000e+00
0.000000000000000000e+00
0.000000000000000000e+00
0.000000000000000000e+00
0.000000000000000000e+00
0.000000000000000000e+00
0.000000000000000000e+00
0.000000000000000000e+00
0.000000000000000000e+00
0.000000000000000000e+00
0.000000000000000000e+00
0.000000000000000000e+00
0.000000000000000000e+00
0.000000000000000000e+00
0.000000000000000000e+00
0.000000000000000000e+00
0.000000000000000000e+00
0.000000000000000000e+00
0.000000000000000000e+00
0.000000000000000000e+00
0.000000000000000000e+00
0.000000000000000000e+00
0.000000000000000000e+00
0.000000000000000000e+00
0.000000000000000000e+00
0.000000000000000000e+00
0.000000000000000000e+00
0.000000000000000000e+00
0.000000000000000000e+00
0.000000000000000000e+00
0.000000000000000000e+00
0.000000000000000000e+00
0.000000000000000000e+00
0.000000000000000000e+00
0.000000000000000000e+00
0.000000000000000000e+00
0.000000000000000000e+00
0.000000000000000000e+00
0.000000000000000000e+00
0.000000000000000000e+00
0.000000000000000000e+00
0.000000000000000000e+00
0.000000000000000000e+00
0.000000000000000000e+00
0.000000000000000000e+00
0.000000000000000000e+00
0.000000000000000000e+00
0.000000000000000000e+00
0.000000000000000000e+00
0.000000000000000000e+00
0.000000000000000000e+00
0.000000000000000000e+00
0.000000000000000000e+00
0.000000000000000000e+00
0.000000000000000000e+00
0.000000000000000000e+00
0.000000000000000000e+00
0.000000000000000000e+00
0.000000000000000000e+00
0.000000000000000000e+00
0.000000000000000000e+00
0.000000000000000000e+00
0.000000000000000000e+00
0.000000000000000000e+00
0.000000000000000000e+00
0.000000000000000000e+00
0.000000000000000000e+00
0.000000000000000000e+00
0.000000000000000000e+00
