0.000000000000000000e+00
0.000000000000000000e+00
0.000000000000000000e+00
0.000000000000000000e+00
0.000000000000000000e+00
0.000000000000000000e+00
0.000000000000000000e+00
0.000000000000000000e+00
0.000000000000000000e+00
0.000000000000000000e+00
0.000000000000000000e+00
0.000000000000000000e+00
0.000000000000000000e+00
0.000000000000000000e+00
0.000000000000000000e+00
0.000000000000000000e+00
0.000000000000000000e+00
0.000000000000000000e+00
0.000000000000000000e+00
0.000000000000000000e+00
0.000000000000000000e+00
0.000000000000000000e+00
0.000000000000000000e+00
0.000000000000000000e+00
0.000000000000000000e+00
0.000000000000000000e+00
0.000000000000000000e+00
0.000000000000000000e+00
0.000000000000000000e+00
0.000000000000000000e+00
0.000000000000000000e+00
0.000000000000000000e+00
0.000000000000000000e+00
0.000000000000000000e+00
0.000000000000000000e+00
0.000000000000000000e+00
0.000000000000000000e+00
0.000000000000000000e+00
0.000000000000000000e+00
0.000000000000000000e+00
0.000000000000000000e+00
0.000000000000000000e+00
0.000000000000000000e+00
0.000000000000000000e+00
0.000000000000000000e+00
0.000000000000000000e+00
0.000000000000000000e+00
0.000000000000000000e+00
0.000000000000000000e+00
0.000000000000000000e+00
0.000000000000000000e+00
0.000000000000000000e+00
0.000000000000000000e+00
0.000000000000000000e+00
0.000000000000000000e+00
0.000000000000000000e+00
0.000000000000000000e+00
0.000000000000000000e+00
0.000000000000000000e+00
0.000000000000000000e+00
0.000000000000000000e+00
0.000000000000000000e+00
0.000000000000000000e+00
0.000000000000000000e+00
0.000000000000000000e+00
0.000000000000000000e+00
0.000000000000000000e+00
0.000000000000000000e+00
0.000000000000000000e+00
0.000000000000000000e+00
0.000000000000000000e+00
0.000000000000000000e+00
0.000000000000000000e+00
0.000000000000000000e+00
0.000000000000000000e+00
0.000000000000000000e+00
0.000000000000000000e+00
0.000000000000000000e+00
0.000000000000000000e+00
0.000000000000000000e+00
0.000000000000000000e+00
0.000000000000000000e+00
0.000000000000000000e+00
0.000000000000000000e+00
0.000000000000000000e+00
0.000000000000000000e+00
0.000000000000000000e+00
0.000000000000000000e+00
0.000000000000000000e+00
0.000000000000000000e+00
0.000000000000000000e+00
0.000000000000000000e+00
0.000000000000000000e+00
0.000000000000000000e+00
0.000000000000000000e+00
0.000000000000000000e+00
0.000000000000000000e+00
0.000000000000000000e+00
0.000000000000000000e+00
0.000000000000000000e+00
0.000000000000000000e+00
0.000000000000000000e+00
0.000000000000000000e+00
0.000000000000000000e+00
0.000000000000000000e+00
0.000000000000000000e+00
0.000000000000000000e+00
0.000000000000000000e+00
0.000000000000000000e+00
0.000000000000000000e+00
0.000000000000000000e+00
0.000000000000000000e+00
0.000000000000000000e+00
0.000000000000000000e+00
0.000000000000000000e+00
0.000000000000000000e+00
0.000000000000000000e+00
0.000000000000000000e+00
0.000000000000000000e+00
0.000000000000000000e+00
0.000000000000000000e+00
0.000000000000000000e+00
0.000000000000000000e+00
0.000000000000000000e+00
0.000000000000000000e+00
0.000000000000000000e+00
0.000000000000000000e+00
0.000000000000000000e+00
0.000000000000000000e+00
1.000000000000000000e+00
1.000000000000000000e+00
1.000000000000000000e+00
2.000000000000000000e+00
2.000000000000000000e+00
2.000000000000000000e+00
2.000000000000000000e+00
2.000000000000000000e+00
2.000000000000000000e+00
2.000000000000000000e+00
2.000000000000000000e+00
2.000000000000000000e+00
2.000000000000000000e+00
2.000000000000000000e+00
2.000000000000000000e+00
2.000000000000000000e+00
2.000000000000000000e+00
2.000000000000000000e+00
2.000000000000000000e+00
2.000000000000000000e+00
2.000000000000000000e+00
2.000000000000000000e+00
2.000000000000000000e+00
2.000000000000000000e+00
2.000000000000000000e+00
2.000000000000000000e+00
2.000000000000000000e+00
2.000000000000000000e+00
2.000000000000000000e+00
2.000000000000000000e+00
2.000000000000000000e+00
2.000000000000000000e+00
3.000000000000000000e+00
3.000000000000000000e+00
3.000000000000000000e+00
3.000000000000000000e+00
3.000000000000000000e+00
3.000000000000000000e+00
3.000000000000000000e+00
3.000000000000000000e+00
3.000000000000000000e+00
3.000000000000000000e+00
4.000000000000000000e+00
4.000000000000000000e+00
4.000000000000000000e+00
4.000000000000000000e+00
4.000000000000000000e+00
4.000000000000000000e+00
4.000000000000000000e+00
5.000000000000000000e+00
5.000000000000000000e+00
5.000000000000000000e+00
5.000000000000000000e+00
5.000000000000000000e+00
5.000000000000000000e+00
5.000000000000000000e+00
5.000000000000000000e+00
5.000000000000000000e+00
5.000000000000000000e+00
5.000000000000000000e+00
5.000000000000000000e+00
5.000000000000000000e+00
5.000000000000000000e+00
5.000000000000000000e+00
5.000000000000000000e+00
5.000000000000000000e+00
5.000000000000000000e+00
5.000000000000000000e+00
5.000000000000000000e+00
5.000000000000000000e+00
6.000000000000000000e+00
7.000000000000000000e+00
7.000000000000000000e+00
7.000000000000000000e+00
8.000000000000000000e+00
8.000000000000000000e+00
8.000000000000000000e+00
8.000000000000000000e+00
8.000000000000000000e+00
8.000000000000000000e+00
1.000000000000000000e+01
1.000000000000000000e+01
1.100000000000000000e+01
1.100000000000000000e+01
1.100000000000000000e+01
1.200000000000000000e+01
1.400000000000000000e+01
1.500000000000000000e+01
1.500000000000000000e+01
1.500000000000000000e+01
1.600000000000000000e+01
1.600000000000000000e+01
1.600000000000000000e+01
1.600000000000000000e+01
1.600000000000000000e+01
1.700000000000000000e+01
1.800000000000000000e+01
1.800000000000000000e+01
1.800000000000000000e+01
1.900000000000000000e+01
1.900000000000000000e+01
2.000000000000000000e+01
2.100000000000000000e+01
2.200000000000000000e+01
2.200000000000000000e+01
2.200000000000000000e+01
2.200000000000000000e+01
2.200000000000000000e+01
2.200000000000000000e+01
2.200000000000000000e+01
2.300000000000000000e+01
2.500000000000000000e+01
2.600000000000000000e+01
2.600000000000000000e+01
2.700000000000000000e+01
2.700000000000000000e+01
2.700000000000000000e+01
2.700000000000000000e+01
2.900000000000000000e+01
2.900000000000000000e+01
2.900000000000000000e+01
2.900000000000000000e+01
2.900000000000000000e+01
2.900000000000000000e+01
2.900000000000000000e+01
2.900000000000000000e+01
2.900000000000000000e+01
2.900000000000000000e+01
2.900000000000000000e+01
2.900000000000000000e+01
2.900000000000000000e+01
2.900000000000000000e+01
3.000000000000000000e+01
3.000000000000000000e+01
3.100000000000000000e+01
3.200000000000000000e+01
3.200000000000000000e+01
3.300000000000000000e+01
3.300000000000000000e+01
3.400000000000000000e+01
3.400000000000000000e+01
3.400000000000000000e+01
3.400000000000000000e+01
3.400000000000000000e+01
3.400000000000000000e+01
3.400000000000000000e+01
3.400000000000000000e+01
3.400000000000000000e+01
3.400000000000000000e+01
3.400000000000000000e+01
3.500000000000000000e+01
3.500000000000000000e+01
3.500000000000000000e+01
3.500000000000000000e+01
3.500000000000000000e+01
3.500000000000000000e+01
3.500000000000000000e+01
3.500000000000000000e+01
3.500000000000000000e+01
3.600000000000000000e+01
3.600000000000000000e+01
3.600000000000000000e+01
3.600000000000000000e+01
3.800000000000000000e+01
4.000000000000000000e+01
4.100000000000000000e+01
4.100000000000000000e+01
4.200000000000000000e+01
4.200000000000000000e+01
4.500000000000000000e+01
4.500000000000000000e+01
4.600000000000000000e+01
4.600000000000000000e+01
4.600000000000000000e+01
4.600000000000000000e+01
4.600000000000000000e+01
4.700000000000000000e+01
4.700000000000000000e+01
4.700000000000000000e+01
4.700000000000000000e+01
4.700000000000000000e+01
4.700000000000000000e+01
4.700000000000000000e+01
4.800000000000000000e+01
4.900000000000000000e+01
4.900000000000000000e+01
5.000000000000000000e+01
5.000000000000000000e+01
5.100000000000000000e+01
5.100000000000000000e+01
5.100000000000000000e+01
5.100000000000000000e+01
5.100000000000000000e+01
5.300000000000000000e+01
5.300000000000000000e+01
5.400000000000000000e+01
5.600000000000000000e+01
5.600000000000000000e+01
5.600000000000000000e+01
5.700000000000000000e+01
5.700000000000000000e+01
5.700000000000000000e+01
5.700000000000000000e+01
5.900000000000000000e+01
6.300000000000000000e+01
6.500000000000000000e+01
6.600000000000000000e+01
6.600000000000000000e+01
6.900000000000000000e+01
6.900000000000000000e+01
7.200000000000000000e+01
7.400000000000000000e+01
7.500000000000000000e+01
7.900000000000000000e+01
8.600000000000000000e+01
9.200000000000000000e+01
9.400000000000000000e+01
9.800000000000000000e+01
1.010000000000000000e+02
1.050000000000000000e+02
1.100000000000000000e+02
1.120000000000000000e+02
1.130000000000000000e+02
1.150000000000000000e+02
1.180000000000000000e+02
1.200000000000000000e+02
1.240000000000000000e+02
1.250000000000000000e+02
1.280000000000000000e+02
1.330000000000000000e+02
1.380000000000000000e+02
1.400000000000000000e+02
1.420000000000000000e+02
1.460000000000000000e+02
1.480000000000000000e+02
1.530000000000000000e+02
1.620000000000000000e+02
1.650000000000000000e+02
1.720000000000000000e+02
1.740000000000000000e+02
1.770000000000000000e+02
1.810000000000000000e+02
1.830000000000000000e+02
1.860000000000000000e+02
1.880000000000000000e+02
1.930000000000000000e+02
1.960000000000000000e+02
1.980000000000000000e+02
2.050000000000000000e+02
2.080000000000000000e+02
2.100000000000000000e+02
2.130000000000000000e+02
2.170000000000000000e+02
2.200000000000000000e+02
2.230000000000000000e+02
2.260000000000000000e+02
2.290000000000000000e+02
2.310000000000000000e+02
2.360000000000000000e+02
2.360000000000000000e+02
2.390000000000000000e+02
2.390000000000000000e+02
2.400000000000000000e+02
2.430000000000000000e+02
2.430000000000000000e+02
2.450000000000000000e+02
2.470000000000000000e+02
2.490000000000000000e+02
2.520000000000000000e+02
2.530000000000000000e+02
2.540000000000000000e+02
2.580000000000000000e+02
2.580000000000000000e+02
2.610000000000000000e+02
2.610000000000000000e+02
2.640000000000000000e+02
2.650000000000000000e+02
2.650000000000000000e+02
2.660000000000000000e+02
2.670000000000000000e+02
2.670000000000000000e+02
2.680000000000000000e+02
2.680000000000000000e+02
2.700000000000000000e+02
2.710000000000000000e+02
2.730000000000000000e+02
2.750000000000000000e+02
2.760000000000000000e+02
2.800000000000000000e+02
2.820000000000000000e+02
2.820000000000000000e+02
2.830000000000000000e+02
2.840000000000000000e+02
2.870000000000000000e+02
2.870000000000000000e+02
2.900000000000000000e+02
2.920000000000000000e+02
2.950000000000000000e+02
2.970000000000000000e+02
2.980000000000000000e+02
3.000000000000000000e+02
3.010000000000000000e+02
3.010000000000000000e+02
3.050000000000000000e+02
3.060000000000000000e+02
3.070000000000000000e+02
3.080000000000000000e+02
3.100000000000000000e+02
3.110000000000000000e+02
3.110000000000000000e+02
3.110000000000000000e+02
3.140000000000000000e+02
3.140000000000000000e+02
3.140000000000000000e+02
3.140000000000000000e+02
3.140000000000000000e+02
3.150000000000000000e+02
3.160000000000000000e+02
3.160000000000000000e+02
3.170000000000000000e+02
3.210000000000000000e+02
3.220000000000000000e+02
3.220000000000000000e+02
3.250000000000000000e+02
3.260000000000000000e+02
3.270000000000000000e+02
3.270000000000000000e+02
3.280000000000000000e+02
3.280000000000000000e+02
3.280000000000000000e+02
3.300000000000000000e+02
3.300000000000000000e+02
3.310000000000000000e+02
3.320000000000000000e+02
3.330000000000000000e+02
3.350000000000000000e+02
3.350000000000000000e+02
3.370000000000000000e+02
3.370000000000000000e+02
3.370000000000000000e+02
3.380000000000000000e+02
3.380000000000000000e+02
3.380000000000000000e+02
3.380000000000000000e+02
3.380000000000000000e+02
3.380000000000000000e+02
3.400000000000000000e+02
3.400000000000000000e+02
3.420000000000000000e+02
3.430000000000000000e+02
3.430000000000000000e+02
3.440000000000000000e+02
3.450000000000000000e+02
3.460000000000000000e+02
3.480000000000000000e+02
3.490000000000000000e+02
3.490000000000000000e+02
3.490000000000000000e+02
3.490000000000000000e+02
3.490000000000000000e+02
3.490000000000000000e+02
3.500000000000000000e+02
3.510000000000000000e+02
3.520000000000000000e+02
3.520000000000000000e+02
3.520000000000000000e+02
3.530000000000000000e+02
3.570000000000000000e+02
3.580000000000000000e+02
3.580000000000000000e+02
3.590000000000000000e+02
3.590000000000000000e+02
3.600000000000000000e+02
3.600000000000000000e+02
3.640000000000000000e+02
3.650000000000000000e+02
3.660000000000000000e+02
3.680000000000000000e+02
3.700000000000000000e+02
3.700000000000000000e+02
3.720000000000000000e+02
3.720000000000000000e+02
3.760000000000000000e+02
3.770000000000000000e+02
3.780000000000000000e+02
3.790000000000000000e+02
3.820000000000000000e+02
3.880000000000000000e+02
3.920000000000000000e+02
3.970000000000000000e+02
4.020000000000000000e+02
4.040000000000000000e+02
4.110000000000000000e+02
4.200000000000000000e+02
4.270000000000000000e+02
4.310000000000000000e+02
4.380000000000000000e+02
4.480000000000000000e+02
4.530000000000000000e+02
4.650000000000000000e+02
4.700000000000000000e+02
4.790000000000000000e+02
4.910000000000000000e+02
5.070000000000000000e+02
5.210000000000000000e+02
5.340000000000000000e+02
5.510000000000000000e+02
5.600000000000000000e+02
5.820000000000000000e+02
5.980000000000000000e+02
6.070000000000000000e+02
6.160000000000000000e+02
6.260000000000000000e+02
6.380000000000000000e+02
6.490000000000000000e+02
6.660000000000000000e+02
6.770000000000000000e+02
6.930000000000000000e+02
7.040000000000000000e+02
7.180000000000000000e+02
7.270000000000000000e+02
7.420000000000000000e+02
7.570000000000000000e+02
7.710000000000000000e+02
7.760000000000000000e+02
7.870000000000000000e+02
7.980000000000000000e+02
8.080000000000000000e+02
8.210000000000000000e+02
8.310000000000000000e+02
8.440000000000000000e+02
8.500000000000000000e+02
8.600000000000000000e+02
8.740000000000000000e+02
8.810000000000000000e+02
8.900000000000000000e+02
8.980000000000000000e+02
9.110000000000000000e+02
9.200000000000000000e+02
9.300000000000000000e+02
9.380000000000000000e+02
9.490000000000000000e+02
9.590000000000000000e+02
9.690000000000000000e+02
9.770000000000000000e+02
9.800000000000000000e+02
9.960000000000000000e+02
1.005000000000000000e+03
1.010000000000000000e+03
1.021000000000000000e+03
1.027000000000000000e+03
1.038000000000000000e+03
1.048000000000000000e+03
1.056000000000000000e+03
1.065000000000000000e+03
1.074000000000000000e+03
1.079000000000000000e+03
1.083000000000000000e+03
1.089000000000000000e+03
1.097000000000000000e+03
1.105000000000000000e+03
1.112000000000000000e+03
1.117000000000000000e+03
1.124000000000000000e+03
1.134000000000000000e+03
1.141000000000000000e+03
1.147000000000000000e+03
1.153000000000000000e+03
1.158000000000000000e+03
1.158000000000000000e+03
1.172000000000000000e+03
1.175000000000000000e+03
1.180000000000000000e+03
1.184000000000000000e+03
1.193000000000000000e+03
1.199000000000000000e+03
1.206000000000000000e+03
1.210000000000000000e+03
1.215000000000000000e+03
1.221000000000000000e+03
1.226000000000000000e+03
1.233000000000000000e+03
1.242000000000000000e+03
1.248000000000000000e+03
1.252000000000000000e+03
1.258000000000000000e+03
1.259000000000000000e+03
1.264000000000000000e+03
1.273000000000000000e+03
1.276000000000000000e+03
1.281000000000000000e+03
1.283000000000000000e+03
1.288000000000000000e+03
1.290000000000000000e+03
1.296000000000000000e+03
1.297000000000000000e+03
1.300000000000000000e+03
1.304000000000000000e+03
1.308000000000000000e+03
1.308000000000000000e+03
1.311000000000000000e+03
1.312000000000000000e+03
1.313000000000000000e+03
1.313000000000000000e+03
1.313000000000000000e+03
1.313000000000000000e+03
1.313000000000000000e+03
1.314000000000000000e+03
1.314000000000000000e+03
1.316000000000000000e+03
1.318000000000000000e+03
1.320000000000000000e+03
1.320000000000000000e+03
1.320000000000000000e+03
1.321000000000000000e+03
1.322000000000000000e+03
1.327000000000000000e+03
1.328000000000000000e+03
1.328000000000000000e+03
1.331000000000000000e+03
1.332000000000000000e+03
1.332000000000000000e+03
1.332000000000000000e+03
1.332000000000000000e+03
1.332000000000000000e+03
1.332000000000000000e+03
1.334000000000000000e+03
1.334000000000000000e+03
1.335000000000000000e+03
1.335000000000000000e+03
1.336000000000000000e+03
1.336000000000000000e+03
1.338000000000000000e+03
1.338000000000000000e+03
1.338000000000000000e+03
1.338000000000000000e+03
1.338000000000000000e+03
1.339000000000000000e+03
1.339000000000000000e+03
1.340000000000000000e+03
1.340000000000000000e+03
1.341000000000000000e+03
1.341000000000000000e+03
1.341000000000000000e+03
1.341000000000000000e+03
1.341000000000000000e+03
1.342000000000000000e+03
1.342000000000000000e+03
1.342000000000000000e+03
1.342000000000000000e+03
1.343000000000000000e+03
1.343000000000000000e+03
1.343000000000000000e+03
1.343000000000000000e+03
1.343000000000000000e+03
1.343000000000000000e+03
1.343000000000000000e+03
1.344000000000000000e+03
1.344000000000000000e+03
1.344000000000000000e+03
1.344000000000000000e+03
1.344000000000000000e+03
1.344000000000000000e+03
1.344000000000000000e+03
1.344000000000000000e+03
1.344000000000000000e+03
1.344000000000000000e+03
1.344000000000000000e+03
1.344000000000000000e+03
1.345000000000000000e+03
1.345000000000000000e+03
1.345000000000000000e+03
1.345000000000000000e+03
1.345000000000000000e+03
1.346000000000000000e+03
1.347000000000000000e+03
1.348000000000000000e+03
1.348000000000000000e+03
1.349000000000000000e+03
1.349000000000000000e+03
1.350000000000000000e+03
1.351000000000000000e+03
1.355000000000000000e+03
1.357000000000000000e+03
1.357000000000000000e+03
1.362000000000000000e+03
1.367000000000000000e+03
1.367000000000000000e+03
1.373000000000000000e+03
1.375000000000000000e+03
1.384000000000000000e+03
1.387000000000000000e+03
1.391000000000000000e+03
1.395000000000000000e+03
1.399000000000000000e+03
1.403000000000000000e+03
1.408000000000000000e+03
1.411000000000000000e+03
1.413000000000000000e+03
1.417000000000000000e+03
1.422000000000000000e+03
1.428000000000000000e+03
1.432000000000000000e+03
1.432000000000000000e+03
1.433000000000000000e+03
1.433000000000000000e+03
1.434000000000000000e+03
1.436000000000000000e+03
1.438000000000000000e+03
1.438000000000000000e+03
1.438000000000000000e+03
1.440000000000000000e+03
1.444000000000000000e+03
1.444000000000000000e+03
1.444000000000000000e+03
1.445000000000000000e+03
1.446000000000000000e+03
1.446000000000000000e+03
1.447000000000000000e+03
1.447000000000000000e+03
1.449000000000000000e+03
1.449000000000000000e+03
1.449000000000000000e+03
1.450000000000000000e+03
1.450000000000000000e+03
1.452000000000000000e+03
1.452000000000000000e+03
1.452000000000000000e+03
1.454000000000000000e+03
1.454000000000000000e+03
1.455000000000000000e+03
1.456000000000000000e+03
1.456000000000000000e+03
1.457000000000000000e+03
1.457000000000000000e+03
1.457000000000000000e+03
1.457000000000000000e+03
1.457000000000000000e+03
1.457000000000000000e+03
1.457000000000000000e+03
1.457000000000000000e+03
1.457000000000000000e+03
1.458000000000000000e+03
