-3.773347282928713753e+01
-1.816074329975526211e+02
-3.294562563419974026e+02
-4.787155397516386302e+02
-6.106417665156816383e+02
-7.293466631216795122e+02
-1.357422434292700700e+03
-1.497816156754465510e+03
-1.641690116922869038e+03
-1.789538940268169426e+03
-1.938798223677414626e+03
-2.070724450441490262e+03
-2.189429347047447663e+03
-2.817505118218361076e+03
-2.957898840679955356e+03
-3.101772800848655606e+03
-3.249621624193274329e+03
-3.398880907602248044e+03
-3.530807134366651553e+03
-3.649512030973075980e+03
-4.277587802143051704e+03
-4.417981524605113918e+03
-4.561855484773971511e+03
-4.709704308118399240e+03
-4.858963591528024153e+03
-4.990889818292126620e+03
-5.109594714897818449e+03
-5.737670486068829632e+03
-5.878064208530955511e+03
-6.021938168699748530e+03
-6.169786992044448198e+03
-6.319046275453817543e+03
-6.450972502217621695e+03
-6.569677398823467229e+03
-7.197753169994352902e+03
-7.338146892456114074e+03
-7.482020852625064435e+03
-7.629869675969574018e+03
-7.779128959379612752e+03
-7.911055186143096762e+03
-8.029760082749216053e+03
-8.657835853920130830e+03
-8.798229576382065716e+03
-8.942103536550363060e+03
-9.089952359895212794e+03
-9.239211643304426616e+03
-9.371137870068278062e+03
-9.489842766673858932e+03
-1.011791853784588966e+04
-1.025831226030755533e+04
-1.040218622047565805e+04
-1.055003504382089159e+04
-1.069929432723022364e+04
-1.083122055399459350e+04
-1.094992545059960503e+04
-1.157800122177153025e+04
-1.171839494423308679e+04
-1.186226890440194438e+04
-1.201011772774638666e+04
-1.215937701115599884e+04
