0.000000000000000000e+00
0.000000000000000000e+00
0.000000000000000000e+00
0.000000000000000000e+00
0.000000000000000000e+00
0.000000000000000000e+00
0.000000000000000000e+00
0.000000000000000000e+00
0.000000000000000000e+00
0.000000000000000000e+00
0.000000000000000000e+00
0.000000000000000000e+00
0.000000000000000000e+00
0.000000000000000000e+00
0.000000000000000000e+00
0.000000000000000000e+00
0.000000000000000000e+00
0.000000000000000000e+00
0.000000000000000000e+00
0.000000000000000000e+00
0.000000000000000000e+00
0.000000000000000000e+00
0.000000000000000000e+00
0.000000000000000000e+00
0.000000000000000000e+00
0.000000000000000000e+00
0.000000000000000000e+00
0.000000000000000000e+00
0.000000000000000000e+00
0.000000000000000000e+00
0.000000000000000000e+00
0.000000000000000000e+00
0.000000000000000000e+00
0.000000000000000000e+00
2.000000000000000000e+00
1.000000000000000000e+00
1.000000000000000000e+00
1.000000000000000000e+00
3.000000000000000000e+00
7.000000000000000000e+00
8.000000000000000000e+00
1.200000000000000000e+01
1.700000000000000000e+01
2.300000000000000000e+01
3.700000000000000000e+01
4.600000000000000000e+01
7.500000000000000000e+01
9.800000000000000000e+01
1.260000000000000000e+02
1.480000000000000000e+02
2.030000000000000000e+02
3.120000000000000000e+02
4.090000000000000000e+02
5.910000000000000000e+02
8.010000000000000000e+02
9.990000000000000000e+02
1.225000000000000000e+03
1.571000000000000000e+03
1.943000000000000000e+03
2.398000000000000000e+03
2.909000000000000000e+03
3.455000000000000000e+03
4.073000000000000000e+03
4.760000000000000000e+03
5.483000000000000000e+03
6.237000000000000000e+03
7.293000000000000000e+03
8.100000000000000000e+03
8.717000000000000000e+03
9.264000000000000000e+03
9.937000000000000000e+03
1.048600000000000000e+04
1.103500000000000000e+04
1.147300000000000000e+04
1.188400000000000000e+04
1.213700000000000000e+04
1.232000000000000000e+04
1.262600000000000000e+04
1.291500000000000000e+04
1.320500000000000000e+04
1.348100000000000000e+04
1.383800000000000000e+04
1.404100000000000000e+04
1.415200000000000000e+04
1.423900000000000000e+04
1.438900000000000000e+04
1.451800000000000000e+04
1.462900000000000000e+04
1.472900000000000000e+04
1.478900000000000000e+04
1.483600000000000000e+04
1.490400000000000000e+04
1.497400000000000000e+04
1.504700000000000000e+04
1.510700000000000000e+04
1.518600000000000000e+04
1.524800000000000000e+04
1.528300000000000000e+04
1.535300000000000000e+04
1.540200000000000000e+04
1.546300000000000000e+04
1.551700000000000000e+04
1.555400000000000000e+04
1.558200000000000000e+04
1.559400000000000000e+04
1.562400000000000000e+04
1.567800000000000000e+04
1.572400000000000000e+04
1.576300000000000000e+04
1.581200000000000000e+04
1.584200000000000000e+04
1.585700000000000000e+04
1.592300000000000000e+04
1.596100000000000000e+04
1.601300000000000000e+04
1.606700000000000000e+04
1.614800000000000000e+04
1.616300000000000000e+04
1.618900000000000000e+04
1.624700000000000000e+04
1.630800000000000000e+04
1.633800000000000000e+04
1.636900000000000000e+04
1.639700000000000000e+04
1.642100000000000000e+04
1.645200000000000000e+04
1.647700000000000000e+04
1.649900000000000000e+04
1.654900000000000000e+04
1.656800000000000000e+04
1.661000000000000000e+04
1.664200000000000000e+04
1.664700000000000000e+04
1.666600000000000000e+04
1.668200000000000000e+04
1.673500000000000000e+04
1.675200000000000000e+04
1.681900000000000000e+04
1.685000000000000000e+04
1.687500000000000000e+04
1.689900000000000000e+04
1.691400000000000000e+04
1.694800000000000000e+04
1.697000000000000000e+04
1.700700000000000000e+04
1.702900000000000000e+04
1.704700000000000000e+04
1.710000000000000000e+04
1.711900000000000000e+04
1.715000000000000000e+04
1.718200000000000000e+04
1.723400000000000000e+04
1.726600000000000000e+04
1.729500000000000000e+04
1.732600000000000000e+04
1.736900000000000000e+04
1.740400000000000000e+04
1.744800000000000000e+04
1.752200000000000000e+04
1.756700000000000000e+04
1.762900000000000000e+04
1.767800000000000000e+04
1.777900000000000000e+04
1.787400000000000000e+04
1.795400000000000000e+04
1.808800000000000000e+04
1.819400000000000000e+04
1.827000000000000000e+04
1.833800000000000000e+04
1.842900000000000000e+04
1.854700000000000000e+04
1.861900000000000000e+04
1.872400000000000000e+04
1.881400000000000000e+04
1.886600000000000000e+04
1.896500000000000000e+04
1.908700000000000000e+04
1.921700000000000000e+04
1.935800000000000000e+04
1.948200000000000000e+04
1.956300000000000000e+04
1.965000000000000000e+04
1.974000000000000000e+04
1.987700000000000000e+04
2.003900000000000000e+04
2.015600000000000000e+04
2.030900000000000000e+04
2.042100000000000000e+04
2.052200000000000000e+04
2.061800000000000000e+04
2.077100000000000000e+04
2.087300000000000000e+04
2.106300000000000000e+04
2.118600000000000000e+04
2.124800000000000000e+04
2.131800000000000000e+04
2.141100000000000000e+04
2.149400000000000000e+04
2.165300000000000000e+04
2.177200000000000000e+04
2.186200000000000000e+04
2.196600000000000000e+04
2.203800000000000000e+04
2.219600000000000000e+04
2.238300000000000000e+04
2.257300000000000000e+04
2.282400000000000000e+04
2.317300000000000000e+04
2.332900000000000000e+04
2.349800000000000000e+04
2.375700000000000000e+04
2.400900000000000000e+04
2.435600000000000000e+04
2.468700000000000000e+04
2.498900000000000000e+04
2.521800000000000000e+04
2.541100000000000000e+04
2.565400000000000000e+04
2.595500000000000000e+04
2.627400000000000000e+04
2.650000000000000000e+04
2.689400000000000000e+04
2.713100000000000000e+04
2.735400000000000000e+04
2.757500000000000000e+04
2.786100000000000000e+04
2.829000000000000000e+04
2.865600000000000000e+04
2.903600000000000000e+04
2.925300000000000000e+04
2.962000000000000000e+04
3.001600000000000000e+04
3.056800000000000000e+04
3.125900000000000000e+04
3.185700000000000000e+04
3.278700000000000000e+04
3.320200000000000000e+04
3.361600000000000000e+04
3.443600000000000000e+04
3.515900000000000000e+04
3.601300000000000000e+04
3.681900000000000000e+04
3.769300000000000000e+04
3.836000000000000000e+04
3.883100000000000000e+04
3.941300000000000000e+04
4.013200000000000000e+04
4.093600000000000000e+04
4.159300000000000000e+04
4.235600000000000000e+04
4.294700000000000000e+04
4.349200000000000000e+04
4.423100000000000000e+04
4.499000000000000000e+04
4.584400000000000000e+04
4.663400000000000000e+04
4.764800000000000000e+04
4.836600000000000000e+04
4.910300000000000000e+04
5.003000000000000000e+04
5.110800000000000000e+04
5.238200000000000000e+04
5.349200000000000000e+04
5.475200000000000000e+04
5.576600000000000000e+04
5.659600000000000000e+04
5.773900000000000000e+04
5.906000000000000000e+04
6.049500000000000000e+04
6.201700000000000000e+04
6.381200000000000000e+04
6.529700000000000000e+04
6.649600000000000000e+04
6.814200000000000000e+04
7.012000000000000000e+04
7.277400000000000000e+04
7.600500000000000000e+04
7.935200000000000000e+04
8.232200000000000000e+04
8.479600000000000000e+04
8.757800000000000000e+04
9.195100000000000000e+04
9.642000000000000000e+04
1.014670000000000000e+05
1.071820000000000000e+05
1.119720000000000000e+05
1.164510000000000000e+05
1.216430000000000000e+05
1.280050000000000000e+05
1.351160000000000000e+05
1.420690000000000000e+05
1.501590000000000000e+05
1.554840000000000000e+05
1.612280000000000000e+05
1.674750000000000000e+05
1.749100000000000000e+05
1.840870000000000000e+05
1.923440000000000000e+05
1.993620000000000000e+05
2.044600000000000000e+05
2.090720000000000000e+05
2.151470000000000000e+05
2.226690000000000000e+05
2.291030000000000000e+05
2.357100000000000000e+05
2.421750000000000000e+05
2.473290000000000000e+05
2.497650000000000000e+05
2.543730000000000000e+05
2.601160000000000000e+05
2.655070000000000000e+05
2.705250000000000000e+05
2.747630000000000000e+05
2.785000000000000000e+05
2.808910000000000000e+05
2.842660000000000000e+05
2.882030000000000000e+05
2.917710000000000000e+05
2.954270000000000000e+05
2.990180000000000000e+05
3.018830000000000000e+05
3.039500000000000000e+05
3.064620000000000000e+05
3.090940000000000000e+05
3.115740000000000000e+05
3.146640000000000000e+05
3.174990000000000000e+05
3.201350000000000000e+05
3.226410000000000000e+05
3.253840000000000000e+05
3.281420000000000000e+05
3.305310000000000000e+05
3.324810000000000000e+05
3.346320000000000000e+05
3.361370000000000000e+05
3.374900000000000000e+05
3.395970000000000000e+05
3.421550000000000000e+05
3.450100000000000000e+05
3.468160000000000000e+05
3.481030000000000000e+05
3.492660000000000000e+05
3.509630000000000000e+05
3.530880000000000000e+05
3.560630000000000000e+05
3.587740000000000000e+05
3.607770000000000000e+05
3.623680000000000000e+05
3.640030000000000000e+05
3.658980000000000000e+05
3.681900000000000000e+05
3.711510000000000000e+05
3.732370000000000000e+05
3.752390000000000000e+05
3.775370000000000000e+05
3.790830000000000000e+05
3.804700000000000000e+05
3.821760000000000000e+05
3.843370000000000000e+05
3.859930000000000000e+05
3.875290000000000000e+05
3.890860000000000000e+05
3.904060000000000000e+05
3.914160000000000000e+05
3.930470000000000000e+05
3.947040000000000000e+05
3.964460000000000000e+05
3.982340000000000000e+05
3.996870000000000000e+05
4.009490000000000000e+05
4.018960000000000000e+05
4.033210000000000000e+05
4.049060000000000000e+05
4.063780000000000000e+05
4.077990000000000000e+05
4.092860000000000000e+05
4.103850000000000000e+05
4.115190000000000000e+05
4.127370000000000000e+05
4.143800000000000000e+05
4.159000000000000000e+05
4.171700000000000000e+05
4.185350000000000000e+05
4.196810000000000000e+05
4.206800000000000000e+05
4.219120000000000000e+05
4.233820000000000000e+05
4.250500000000000000e+05
4.266130000000000000e+05
4.278810000000000000e+05
4.290520000000000000e+05
4.302200000000000000e+05
4.317200000000000000e+05
4.333770000000000000e+05
4.352770000000000000e+05
4.369850000000000000e+05
4.390780000000000000e+05
4.407340000000000000e+05
4.419590000000000000e+05
4.438490000000000000e+05
4.458160000000000000e+05
4.482610000000000000e+05
4.501500000000000000e+05
4.526460000000000000e+05
4.548700000000000000e+05
4.562710000000000000e+05
4.584630000000000000e+05
4.609150000000000000e+05
4.633140000000000000e+05
4.656640000000000000e+05
4.684270000000000000e+05
4.706720000000000000e+05
4.726200000000000000e+05
4.751420000000000000e+05
4.775530000000000000e+05
4.804240000000000000e+05
4.834790000000000000e+05
4.865130000000000000e+05
4.890380000000000000e+05
4.909460000000000000e+05
4.937050000000000000e+05
4.965770000000000000e+05
5.000980000000000000e+05
5.033190000000000000e+05
5.069690000000000000e+05
5.096590000000000000e+05
5.120980000000000000e+05
5.151210000000000000e+05
5.186600000000000000e+05
5.221070000000000000e+05
5.253230000000000000e+05
5.286270000000000000e+05
5.312730000000000000e+05
5.345050000000000000e+05
5.373020000000000000e+05
5.404380000000000000e+05
5.438310000000000000e+05
5.469260000000000000e+05
5.502340000000000000e+05
5.530530000000000000e+05
5.553860000000000000e+05
5.573950000000000000e+05
5.602450000000000000e+05
5.631160000000000000e+05
5.656250000000000000e+05
5.690840000000000000e+05
5.710510000000000000e+05
5.731080000000000000e+05
5.753500000000000000e+05
5.785290000000000000e+05
5.812660000000000000e+05
5.836220000000000000e+05
5.859880000000000000e+05
5.880210000000000000e+05
5.900360000000000000e+05
5.921280000000000000e+05
5.946590000000000000e+05
5.972770000000000000e+05
5.997610000000000000e+05
6.017330000000000000e+05
6.036310000000000000e+05
6.052230000000000000e+05
6.071400000000000000e+05
6.094120000000000000e+05
6.115690000000000000e+05
6.136880000000000000e+05
6.153550000000000000e+05
6.168950000000000000e+05
6.180040000000000000e+05
6.194520000000000000e+05
6.211780000000000000e+05
6.225730000000000000e+05
6.239580000000000000e+05
6.251140000000000000e+05
6.261740000000000000e+05
6.269190000000000000e+05
6.278470000000000000e+05
6.290050000000000000e+05
6.300020000000000000e+05
6.308540000000000000e+05
6.314910000000000000e+05
6.321740000000000000e+05
6.326950000000000000e+05
6.333340000000000000e+05
6.341790000000000000e+05
6.347890000000000000e+05
6.354500000000000000e+05
6.360190000000000000e+05
6.365280000000000000e+05
6.368770000000000000e+05
6.372840000000000000e+05
6.377690000000000000e+05
6.383760000000000000e+05
6.389130000000000000e+05
6.393370000000000000e+05
6.397220000000000000e+05
6.400500000000000000e+05
6.404100000000000000e+05
6.408990000000000000e+05
6.412040000000000000e+05
6.415550000000000000e+05
6.418390000000000000e+05
6.421650000000000000e+05
6.424760000000000000e+05
6.427830000000000000e+05
6.431390000000000000e+05
6.434260000000000000e+05
6.436530000000000000e+05
6.438510000000000000e+05
6.440580000000000000e+05
6.441610000000000000e+05
6.443080000000000000e+05
6.444880000000000000e+05
6.446590000000000000e+05
6.447900000000000000e+05
6.449390000000000000e+05
6.450470000000000000e+05
6.451620000000000000e+05
6.452640000000000000e+05
6.453800000000000000e+05
6.454790000000000000e+05
6.455870000000000000e+05
6.457040000000000000e+05
6.457700000000000000e+05
6.458430000000000000e+05
6.459360000000000000e+05
6.460420000000000000e+05
6.461220000000000000e+05
6.462300000000000000e+05
6.463340000000000000e+05
6.464020000000000000e+05
6.464750000000000000e+05
6.465780000000000000e+05
6.467050000000000000e+05
6.468530000000000000e+05
6.470520000000000000e+05
6.472300000000000000e+05
6.473840000000000000e+05
6.475680000000000000e+05
6.478130000000000000e+05
6.480860000000000000e+05
6.483880000000000000e+05
6.487400000000000000e+05
6.491710000000000000e+05
6.495070000000000000e+05
6.497720000000000000e+05
6.501080000000000000e+05
6.504710000000000000e+05
6.508900000000000000e+05
6.513110000000000000e+05
6.516530000000000000e+05
6.519780000000000000e+05
6.522940000000000000e+05
6.526590000000000000e+05
6.532060000000000000e+05
6.537120000000000000e+05
6.542430000000000000e+05
6.547870000000000000e+05
6.552070000000000000e+05
6.555530000000000000e+05
6.559550000000000000e+05
6.565500000000000000e+05
6.570470000000000000e+05
6.576480000000000000e+05
6.582190000000000000e+05
6.587820000000000000e+05
6.592180000000000000e+05
6.598360000000000000e+05
6.607100000000000000e+05
6.615690000000000000e+05
6.625370000000000000e+05
6.634880000000000000e+05
6.643210000000000000e+05
6.651180000000000000e+05
6.659930000000000000e+05
6.672070000000000000e+05
6.684980000000000000e+05
6.698110000000000000e+05
6.710970000000000000e+05
6.722030000000000000e+05
6.731860000000000000e+05
6.743410000000000000e+05
6.759590000000000000e+05
6.774120000000000000e+05
6.788160000000000000e+05
6.801910000000000000e+05
6.815370000000000000e+05
6.826200000000000000e+05
6.839000000000000000e+05
6.857520000000000000e+05
6.873090000000000000e+05
6.890010000000000000e+05
6.909330000000000000e+05
6.925090000000000000e+05
6.939000000000000000e+05
6.957010000000000000e+05
6.980010000000000000e+05
7.001700000000000000e+05
7.025090000000000000e+05
7.047550000000000000e+05
7.065920000000000000e+05
7.079820000000000000e+05
7.098300000000000000e+05
7.124300000000000000e+05
7.147480000000000000e+05
7.169600000000000000e+05
7.189880000000000000e+05
7.204170000000000000e+05
7.217560000000000000e+05
7.231340000000000000e+05
7.252430000000000000e+05
7.270820000000000000e+05
7.288990000000000000e+05
7.307280000000000000e+05
7.321140000000000000e+05
7.334990000000000000e+05
7.350880000000000000e+05
7.377020000000000000e+05
7.396270000000000000e+05
7.413660000000000000e+05
7.431740000000000000e+05
7.447320000000000000e+05
7.461040000000000000e+05
7.475620000000000000e+05
7.502420000000000000e+05
7.522800000000000000e+05
7.541340000000000000e+05
7.560110000000000000e+05
7.575950000000000000e+05
7.588940000000000000e+05
7.604900000000000000e+05
7.632110000000000000e+05
7.653260000000000000e+05
7.677200000000000000e+05
7.701020000000000000e+05
7.722510000000000000e+05
7.742470000000000000e+05
7.769740000000000000e+05
7.809560000000000000e+05
7.845740000000000000e+05
7.880600000000000000e+05
7.917690000000000000e+05
7.953020000000000000e+05
7.980990000000000000e+05
8.015450000000000000e+05
8.060320000000000000e+05
8.103420000000000000e+05
8.162800000000000000e+05
8.222600000000000000e+05
8.278940000000000000e+05
8.326920000000000000e+05
8.379800000000000000e+05
8.445610000000000000e+05
8.535320000000000000e+05
8.633180000000000000e+05
8.730260000000000000e+05
8.811450000000000000e+05
8.891690000000000000e+05
8.969280000000000000e+05
9.089030000000000000e+05
9.221280000000000000e+05
9.327190000000000000e+05
9.453730000000000000e+05
9.568130000000000000e+05
9.680120000000000000e+05
9.789970000000000000e+05
9.954680000000000000e+05
1.010492000000000000e+06
1.025373000000000000e+06
1.039442000000000000e+06
1.053541000000000000e+06
1.065176000000000000e+06
1.077153000000000000e+06
1.091668000000000000e+06
1.106126000000000000e+06
1.118256000000000000e+06
1.130304000000000000e+06
1.139925000000000000e+06
1.147912000000000000e+06
1.156022000000000000e+06
1.166983000000000000e+06
1.175757000000000000e+06
1.183006000000000000e+06
1.189268000000000000e+06
1.194582000000000000e+06
1.198852000000000000e+06
1.203266000000000000e+06
1.209334000000000000e+06
1.213648000000000000e+06
1.216765000000000000e+06
1.221586000000000000e+06
1.224847000000000000e+06
1.228109000000000000e+06
1.231043000000000000e+06
1.235171000000000000e+06
1.238100000000000000e+06
1.240798000000000000e+06
1.243144000000000000e+06
1.245128000000000000e+06
1.247014000000000000e+06
1.248965000000000000e+06
1.251779000000000000e+06
1.253941000000000000e+06
1.256207000000000000e+06
1.258323000000000000e+06
1.259951000000000000e+06
1.261687000000000000e+06
1.264288000000000000e+06
1.267630000000000000e+06
1.270811000000000000e+06
1.274628000000000000e+06
1.278327000000000000e+06
1.281328000000000000e+06
1.284811000000000000e+06
1.290817000000000000e+06
1.300899000000000000e+06
1.309691000000000000e+06
1.318582000000000000e+06
1.325632000000000000e+06
1.336348000000000000e+06
1.347274000000000000e+06
1.359957000000000000e+06
1.376504000000000000e+06
1.393335000000000000e+06
1.410269000000000000e+06
1.427326000000000000e+06
1.442182000000000000e+06
1.458292000000000000e+06
1.476626000000000000e+06
1.504720000000000000e+06
1.529850000000000000e+06
1.559478000000000000e+06
1.586146000000000000e+06
1.609498000000000000e+06
1.634631000000000000e+06
1.661328000000000000e+06
1.699469000000000000e+06
1.735230000000000000e+06
1.773059000000000000e+06
1.806650000000000000e+06
1.835602000000000000e+06
1.861707000000000000e+06
1.889437000000000000e+06
1.933415000000000000e+06
1.967057000000000000e+06
2.003905000000000000e+06
2.037105000000000000e+06
2.067085000000000000e+06
2.093012000000000000e+06
2.122068000000000000e+06
2.162487000000000000e+06
2.197838000000000000e+06
2.231218000000000000e+06
2.261101000000000000e+06
2.286139000000000000e+06
2.310227000000000000e+06
2.336753000000000000e+06
2.375594000000000000e+06
2.406524000000000000e+06
2.437153000000000000e+06
2.462981000000000000e+06
2.484817000000000000e+06
2.506243000000000000e+06
2.530015000000000000e+06
2.565399000000000000e+06
2.594032000000000000e+06
2.623952000000000000e+06
2.649152000000000000e+06
2.671323000000000000e+06
2.692641000000000000e+06
2.720094000000000000e+06
2.761187000000000000e+06
2.793028000000000000e+06
2.825103000000000000e+06
2.856781000000000000e+06
2.884518000000000000e+06
2.911180000000000000e+06
2.945417000000000000e+06
2.996765000000000000e+06
3.047014000000000000e+06
3.096646000000000000e+06
3.140407000000000000e+06
3.178040000000000000e+06
3.212569000000000000e+06
3.252815000000000000e+06
3.316853000000000000e+06
3.368804000000000000e+06
3.419788000000000000e+06
3.462110000000000000e+06
3.499819000000000000e+06
3.531163000000000000e+06
3.568258000000000000e+06
3.623157000000000000e+06
3.664438000000000000e+06
3.701790000000000000e+06
3.734990000000000000e+06
3.760649000000000000e+06
3.781719000000000000e+06
3.807856000000000000e+06
3.842048000000000000e+06
3.868236000000000000e+06
3.890531000000000000e+06
3.909523000000000000e+06
3.923533000000000000e+06
3.935083000000000000e+06
3.950434000000000000e+06
3.971481000000000000e+06
3.987872000000000000e+06
4.001802000000000000e+06
4.014829000000000000e+06
4.025499000000000000e+06
4.032839000000000000e+06
4.042363000000000000e+06
4.054989000000000000e+06
4.065438000000000000e+06
4.075415000000000000e+06
4.084222000000000000e+06
4.091716000000000000e+06
4.097345000000000000e+06
4.103119000000000000e+06
4.111720000000000000e+06
4.122722000000000000e+06
4.130862000000000000e+06
4.137436000000000000e+06
4.142983000000000000e+06
4.147453000000000000e+06
4.153702000000000000e+06
4.162015000000000000e+06
4.168617000000000000e+06
4.174744000000000000e+06
4.180075000000000000e+06
4.184588000000000000e+06
4.188558000000000000e+06
4.194237000000000000e+06
4.201452000000000000e+06
4.207472000000000000e+06
4.213621000000000000e+06
4.218785000000000000e+06
4.222306000000000000e+06
4.226263000000000000e+06
4.231050000000000000e+06
4.236215000000000000e+06
4.241469000000000000e+06
4.246432000000000000e+06
4.250291000000000000e+06
4.253741000000000000e+06
4.255897000000000000e+06
4.258734000000000000e+06
4.263160000000000000e+06
4.266462000000000000e+06
4.266462000000000000e+06
4.266462000000000000e+06
4.273888000000000000e+06
4.274095000000000000e+06
4.276334000000000000e+06
4.278954000000000000e+06
4.281585000000000000e+06
4.281585000000000000e+06
4.281585000000000000e+06
4.286885000000000000e+06
4.288153000000000000e+06
4.289988000000000000e+06
4.293027000000000000e+06
4.295818000000000000e+06
4.295818000000000000e+06
4.295818000000000000e+06
4.304326000000000000e+06
4.306509000000000000e+06
4.308082000000000000e+06
4.311116000000000000e+06
4.316435000000000000e+06
4.316435000000000000e+06
4.316435000000000000e+06
4.327840000000000000e+06
4.330667000000000000e+06
4.335007000000000000e+06
4.342311000000000000e+06
4.349916000000000000e+06
4.349916000000000000e+06
4.349916000000000000e+06
4.367190000000000000e+06
4.372423000000000000e+06
4.379778000000000000e+06
4.391150000000000000e+06
4.400566000000000000e+06
4.400566000000000000e+06
4.400566000000000000e+06
4.425837000000000000e+06
4.432922000000000000e+06
4.447278000000000000e+06
4.459767000000000000e+06
4.471152000000000000e+06
4.471152000000000000e+06
4.471152000000000000e+06
