2.041702387549536070e+04
2.042641172441950039e+04
2.043768865724023271e+04
2.044844985581091532e+04
2.045908375664571940e+04
2.047007730243662081e+04
2.048051395737411804e+04
2.049191449226919212e+04
2.050192949572702128e+04
2.051403120665407187e+04
2.052579764086189971e+04
2.053759399388627935e+04
2.054987872449833958e+04
2.056170257382423006e+04
2.057455049429458813e+04
2.058603540831097052e+04
2.059959135208193038e+04
2.061275893530983376e+04
2.062586805582852321e+04
2.063934523103866377e+04
2.065221376015819988e+04
2.066593665362536922e+04
2.067811121587834714e+04
2.069216280860199186e+04
2.070563070298948878e+04
2.071885094495274097e+04
2.073226358746457845e+04
2.074491250419271091e+04
2.075828772878431118e+04
2.077001922175166328e+04
2.078356961507742380e+04
2.079651887278023423e+04
2.080924582689434465e+04
2.082223398336443279e+04
2.083456985595527658e+04
2.084778381879202425e+04
2.085954242667897779e+04
2.087333980002439785e+04
2.088678105741768741e+04
2.090026279683143730e+04
2.091427805689451270e+04
2.092791404753702227e+04
2.094269266507375141e+04
2.095626275776087641e+04
2.097209174737377180e+04
2.098774959004844277e+04
2.100359006891202444e+04
2.102005683300226883e+04
2.103618244671616412e+04
2.105343043231824777e+04
2.106938923237909694e+04
2.108746565296391418e+04
2.110517072174028726e+04
2.112280290148429049e+04
2.114075601991342046e+04
2.115802012651624682e+04
2.117602520685362106e+04
2.119233663216269997e+04
2.121034986046710765e+04
2.122757728447156114e+04
