1.011073327639180519e+01
1.004589824820725141e+01
9.668464827780645976e+00
1.085953008195377834e+01
9.252489418321914627e+00
1.096367579066917131e+01
1.107790247414894225e+01
1.079685413799916205e+01
1.084952744969417182e+01
1.059040681210735357e+01
1.189923758286416700e+01
1.040810471856862307e+01
1.223208993676178125e+01
1.245483075901922376e+01
1.227692596193780972e+01
1.242638851413953560e+01
1.225683149201275413e+01
1.364724926114371684e+01
1.222910185085162738e+01
1.411697564456237686e+01
1.439414382306523521e+01
1.426097120225915660e+01
1.444536469643598764e+01
1.430095508740371102e+01
1.570687260433564347e+01
1.429482448546613682e+01
1.617974790880864333e+01
1.644536200852643049e+01
1.629256390729695170e+01
1.644987028749563862e+01
1.627159046963087974e+01
1.763759378054674798e+01
1.618037964307483279e+01
1.801572401049090999e+01
1.822822606753485530e+01
1.801970029597637080e+01
1.811961555122804057e+01
1.788326719261128162e+01
1.919154506978241415e+01
1.767800575821737752e+01
1.945952256734617336e+01
1.962183708022999440e+01
1.936795709668052368e+01
1.942860233868411157e+01
1.916038361421800573e+01
2.044557784180037530e+01
1.891920688143722629e+01
2.069969320986636774e+01
2.087441568513671797e+01
2.064810974248821296e+01
2.075331284808500243e+01
2.054854038657135362e+01
2.191805389292593986e+01
2.049892912736867245e+01
2.241169664568476350e+01
2.274587780304171858e+01
2.270836032077627920e+01
2.303381413972173064e+01
2.308283275615309549e+01
2.474166210555051748e+01
