0.000000000000000000e+00
0.000000000000000000e+00
0.000000000000000000e+00
0.000000000000000000e+00
0.000000000000000000e+00
0.000000000000000000e+00
0.000000000000000000e+00
0.000000000000000000e+00
0.000000000000000000e+00
0.000000000000000000e+00
0.000000000000000000e+00
0.000000000000000000e+00
0.000000000000000000e+00
0.000000000000000000e+00
0.000000000000000000e+00
0.000000000000000000e+00
0.000000000000000000e+00
0.000000000000000000e+00
0.000000000000000000e+00
0.000000000000000000e+00
0.000000000000000000e+00
0.000000000000000000e+00
0.000000000000000000e+00
0.000000000000000000e+00
0.000000000000000000e+00
0.000000000000000000e+00
0.000000000000000000e+00
0.000000000000000000e+00
0.000000000000000000e+00
0.000000000000000000e+00
0.000000000000000000e+00
0.000000000000000000e+00
0.000000000000000000e+00
0.000000000000000000e+00
0.000000000000000000e+00
0.000000000000000000e+00
0.000000000000000000e+00
0.000000000000000000e+00
0.000000000000000000e+00
0.000000000000000000e+00
0.000000000000000000e+00
0.000000000000000000e+00
0.000000000000000000e+00
0.000000000000000000e+00
0.000000000000000000e+00
0.000000000000000000e+00
0.000000000000000000e+00
0.000000000000000000e+00
0.000000000000000000e+00
0.000000000000000000e+00
0.000000000000000000e+00
0.000000000000000000e+00
1.000000000000000000e+00
1.000000000000000000e+00
1.000000000000000000e+00
1.000000000000000000e+00
1.000000000000000000e+00
1.000000000000000000e+00
1.000000000000000000e+00
1.000000000000000000e+00
1.000000000000000000e+00
1.000000000000000000e+00
1.000000000000000000e+00
1.000000000000000000e+00
1.000000000000000000e+00
1.000000000000000000e+00
1.000000000000000000e+00
1.000000000000000000e+00
1.000000000000000000e+00
1.000000000000000000e+00
1.000000000000000000e+00
2.000000000000000000e+00
3.000000000000000000e+00
7.000000000000000000e+00
7.000000000000000000e+00
7.000000000000000000e+00
8.000000000000000000e+00
8.000000000000000000e+00
1.200000000000000000e+01
1.200000000000000000e+01
1.200000000000000000e+01
1.200000000000000000e+01
1.200000000000000000e+01
1.200000000000000000e+01
1.200000000000000000e+01
1.200000000000000000e+01
1.200000000000000000e+01
1.200000000000000000e+01
1.200000000000000000e+01
1.200000000000000000e+01
1.200000000000000000e+01
1.300000000000000000e+01
1.300000000000000000e+01
1.400000000000000000e+01
1.400000000000000000e+01
1.400000000000000000e+01
1.500000000000000000e+01
1.500000000000000000e+01
1.600000000000000000e+01
1.600000000000000000e+01
1.600000000000000000e+01
1.600000000000000000e+01
1.600000000000000000e+01
1.700000000000000000e+01
1.700000000000000000e+01
1.700000000000000000e+01
1.700000000000000000e+01
1.700000000000000000e+01
1.700000000000000000e+01
1.700000000000000000e+01
1.700000000000000000e+01
1.700000000000000000e+01
1.700000000000000000e+01
1.700000000000000000e+01
1.700000000000000000e+01
1.700000000000000000e+01
1.700000000000000000e+01
1.700000000000000000e+01
1.700000000000000000e+01
1.800000000000000000e+01
1.800000000000000000e+01
1.800000000000000000e+01
1.800000000000000000e+01
1.800000000000000000e+01
1.800000000000000000e+01
1.800000000000000000e+01
1.800000000000000000e+01
2.500000000000000000e+01
2.600000000000000000e+01
2.600000000000000000e+01
2.600000000000000000e+01
2.600000000000000000e+01
2.600000000000000000e+01
2.600000000000000000e+01
2.600000000000000000e+01
2.600000000000000000e+01
2.600000000000000000e+01
2.700000000000000000e+01
2.700000000000000000e+01
2.700000000000000000e+01
2.700000000000000000e+01
2.700000000000000000e+01
2.700000000000000000e+01
2.700000000000000000e+01
2.700000000000000000e+01
2.700000000000000000e+01
2.900000000000000000e+01
2.900000000000000000e+01
2.900000000000000000e+01
2.900000000000000000e+01
2.900000000000000000e+01
2.900000000000000000e+01
2.900000000000000000e+01
2.900000000000000000e+01
2.900000000000000000e+01
2.900000000000000000e+01
2.900000000000000000e+01
2.900000000000000000e+01
2.900000000000000000e+01
2.900000000000000000e+01
2.900000000000000000e+01
2.900000000000000000e+01
2.900000000000000000e+01
2.900000000000000000e+01
2.900000000000000000e+01
2.900000000000000000e+01
2.900000000000000000e+01
2.900000000000000000e+01
2.900000000000000000e+01
2.900000000000000000e+01
2.900000000000000000e+01
2.900000000000000000e+01
3.500000000000000000e+01
3.500000000000000000e+01
3.500000000000000000e+01
3.500000000000000000e+01
3.500000000000000000e+01
3.500000000000000000e+01
3.800000000000000000e+01
4.400000000000000000e+01
5.000000000000000000e+01
5.000000000000000000e+01
5.200000000000000000e+01
5.200000000000000000e+01
5.200000000000000000e+01
5.200000000000000000e+01
5.200000000000000000e+01
5.200000000000000000e+01
5.200000000000000000e+01
5.200000000000000000e+01
5.200000000000000000e+01
5.400000000000000000e+01
5.400000000000000000e+01
5.500000000000000000e+01
5.500000000000000000e+01
5.500000000000000000e+01
5.600000000000000000e+01
5.600000000000000000e+01
5.600000000000000000e+01
5.600000000000000000e+01
5.700000000000000000e+01
5.700000000000000000e+01
5.700000000000000000e+01
5.700000000000000000e+01
5.700000000000000000e+01
5.700000000000000000e+01
5.700000000000000000e+01
5.700000000000000000e+01
5.800000000000000000e+01
5.800000000000000000e+01
5.800000000000000000e+01
5.800000000000000000e+01
5.800000000000000000e+01
5.800000000000000000e+01
5.800000000000000000e+01
5.800000000000000000e+01
5.800000000000000000e+01
5.800000000000000000e+01
6.000000000000000000e+01
6.000000000000000000e+01
6.000000000000000000e+01
6.000000000000000000e+01
6.000000000000000000e+01
6.100000000000000000e+01
6.100000000000000000e+01
6.100000000000000000e+01
6.100000000000000000e+01
6.100000000000000000e+01
6.100000000000000000e+01
6.200000000000000000e+01
6.200000000000000000e+01
6.200000000000000000e+01
6.200000000000000000e+01
6.400000000000000000e+01
6.400000000000000000e+01
6.400000000000000000e+01
6.400000000000000000e+01
6.400000000000000000e+01
6.400000000000000000e+01
6.400000000000000000e+01
6.400000000000000000e+01
6.400000000000000000e+01
6.400000000000000000e+01
6.400000000000000000e+01
6.400000000000000000e+01
6.400000000000000000e+01
6.400000000000000000e+01
6.400000000000000000e+01
6.400000000000000000e+01
6.400000000000000000e+01
6.400000000000000000e+01
6.400000000000000000e+01
6.400000000000000000e+01
6.400000000000000000e+01
6.400000000000000000e+01
6.400000000000000000e+01
6.400000000000000000e+01
6.400000000000000000e+01
6.400000000000000000e+01
6.400000000000000000e+01
6.400000000000000000e+01
6.400000000000000000e+01
6.400000000000000000e+01
6.400000000000000000e+01
6.400000000000000000e+01
6.400000000000000000e+01
6.400000000000000000e+01
6.400000000000000000e+01
6.500000000000000000e+01
6.700000000000000000e+01
6.700000000000000000e+01
6.700000000000000000e+01
6.800000000000000000e+01
6.800000000000000000e+01
6.800000000000000000e+01
7.300000000000000000e+01
7.300000000000000000e+01
7.300000000000000000e+01
7.300000000000000000e+01
7.400000000000000000e+01
7.400000000000000000e+01
7.400000000000000000e+01
7.400000000000000000e+01
7.400000000000000000e+01
7.500000000000000000e+01
7.500000000000000000e+01
7.500000000000000000e+01
7.500000000000000000e+01
7.600000000000000000e+01
7.600000000000000000e+01
7.600000000000000000e+01
7.600000000000000000e+01
7.600000000000000000e+01
7.600000000000000000e+01
7.700000000000000000e+01
7.700000000000000000e+01
7.800000000000000000e+01
7.800000000000000000e+01
7.800000000000000000e+01
7.800000000000000000e+01
8.300000000000000000e+01
8.300000000000000000e+01
8.400000000000000000e+01
8.400000000000000000e+01
8.400000000000000000e+01
8.400000000000000000e+01
8.400000000000000000e+01
8.400000000000000000e+01
8.400000000000000000e+01
8.400000000000000000e+01
8.500000000000000000e+01
8.500000000000000000e+01
8.500000000000000000e+01
8.500000000000000000e+01
8.500000000000000000e+01
8.500000000000000000e+01
8.700000000000000000e+01
8.700000000000000000e+01
8.700000000000000000e+01
8.700000000000000000e+01
8.700000000000000000e+01
8.700000000000000000e+01
9.000000000000000000e+01
9.100000000000000000e+01
9.400000000000000000e+01
9.400000000000000000e+01
9.800000000000000000e+01
9.800000000000000000e+01
9.800000000000000000e+01
1.000000000000000000e+02
1.000000000000000000e+02
1.000000000000000000e+02
1.000000000000000000e+02
1.040000000000000000e+02
1.040000000000000000e+02
1.070000000000000000e+02
1.080000000000000000e+02
1.080000000000000000e+02
1.080000000000000000e+02
1.090000000000000000e+02
1.090000000000000000e+02
1.090000000000000000e+02
1.130000000000000000e+02
1.150000000000000000e+02
1.210000000000000000e+02
1.210000000000000000e+02
1.220000000000000000e+02
1.240000000000000000e+02
1.240000000000000000e+02
1.330000000000000000e+02
1.490000000000000000e+02
1.490000000000000000e+02
1.490000000000000000e+02
2.250000000000000000e+02
2.490000000000000000e+02
2.490000000000000000e+02
2.840000000000000000e+02
2.840000000000000000e+02
3.400000000000000000e+02
4.500000000000000000e+02
4.500000000000000000e+02
4.780000000000000000e+02
4.940000000000000000e+02
6.020000000000000000e+02
6.020000000000000000e+02
6.900000000000000000e+02
6.900000000000000000e+02
7.200000000000000000e+02
7.380000000000000000e+02
7.460000000000000000e+02
7.460000000000000000e+02
8.270000000000000000e+02
8.270000000000000000e+02
8.960000000000000000e+02
8.960000000000000000e+02
9.010000000000000000e+02
9.010000000000000000e+02
1.059000000000000000e+03
1.059000000000000000e+03
1.067000000000000000e+03
1.170000000000000000e+03
1.202000000000000000e+03
1.269000000000000000e+03
1.283000000000000000e+03
1.283000000000000000e+03
1.340000000000000000e+03
1.370000000000000000e+03
1.370000000000000000e+03
1.418000000000000000e+03
1.418000000000000000e+03
1.453000000000000000e+03
1.457000000000000000e+03
1.462000000000000000e+03
1.462000000000000000e+03
1.494000000000000000e+03
1.498000000000000000e+03
1.503000000000000000e+03
1.503000000000000000e+03
1.511000000000000000e+03
1.519000000000000000e+03
1.519000000000000000e+03
1.519000000000000000e+03
1.556000000000000000e+03
1.556000000000000000e+03
1.628000000000000000e+03
1.628000000000000000e+03
1.645000000000000000e+03
1.645000000000000000e+03
1.645000000000000000e+03
1.645000000000000000e+03
1.663000000000000000e+03
1.663000000000000000e+03
1.663000000000000000e+03
1.670000000000000000e+03
1.674000000000000000e+03
1.674000000000000000e+03
1.680000000000000000e+03
1.680000000000000000e+03
1.680000000000000000e+03
1.681000000000000000e+03
1.681000000000000000e+03
1.684000000000000000e+03
1.692000000000000000e+03
1.696000000000000000e+03
1.696000000000000000e+03
1.696000000000000000e+03
1.696000000000000000e+03
1.703000000000000000e+03
1.715000000000000000e+03
1.721000000000000000e+03
1.723000000000000000e+03
1.738000000000000000e+03
1.739000000000000000e+03
1.739000000000000000e+03
1.748000000000000000e+03
1.750000000000000000e+03
1.754000000000000000e+03
1.755000000000000000e+03
1.758000000000000000e+03
1.764000000000000000e+03
1.765000000000000000e+03
1.766000000000000000e+03
1.774000000000000000e+03
1.789000000000000000e+03
1.790000000000000000e+03
1.792000000000000000e+03
1.806000000000000000e+03
1.806000000000000000e+03
1.812000000000000000e+03
1.818000000000000000e+03
1.819000000000000000e+03
1.819000000000000000e+03
1.819000000000000000e+03
1.819000000000000000e+03
1.819000000000000000e+03
1.827000000000000000e+03
1.827000000000000000e+03
1.827000000000000000e+03
1.830000000000000000e+03
1.830000000000000000e+03
1.839000000000000000e+03
1.844000000000000000e+03
1.850000000000000000e+03
1.855000000000000000e+03
1.864000000000000000e+03
1.864000000000000000e+03
1.882000000000000000e+03
1.882000000000000000e+03
1.882000000000000000e+03
1.882000000000000000e+03
1.889000000000000000e+03
1.895000000000000000e+03
1.912000000000000000e+03
1.912000000000000000e+03
1.922000000000000000e+03
1.922000000000000000e+03
1.926000000000000000e+03
1.928000000000000000e+03
1.932000000000000000e+03
1.932000000000000000e+03
1.937000000000000000e+03
1.937000000000000000e+03
1.940000000000000000e+03
1.949000000000000000e+03
1.954000000000000000e+03
1.962000000000000000e+03
1.973000000000000000e+03
1.973000000000000000e+03
1.978000000000000000e+03
1.989000000000000000e+03
2.006000000000000000e+03
2.006000000000000000e+03
2.014000000000000000e+03
2.027000000000000000e+03
2.027000000000000000e+03
2.035000000000000000e+03
2.044000000000000000e+03
2.044000000000000000e+03
2.044000000000000000e+03
2.065000000000000000e+03
2.068000000000000000e+03
2.076000000000000000e+03
2.076000000000000000e+03
2.092000000000000000e+03
2.092000000000000000e+03
2.132000000000000000e+03
2.132000000000000000e+03
2.147000000000000000e+03
2.156000000000000000e+03
2.156000000000000000e+03
2.158000000000000000e+03
2.172000000000000000e+03
2.178000000000000000e+03
2.183000000000000000e+03
2.192000000000000000e+03
2.195000000000000000e+03
2.196000000000000000e+03
2.207000000000000000e+03
2.207000000000000000e+03
2.216000000000000000e+03
2.216000000000000000e+03
2.218000000000000000e+03
2.219000000000000000e+03
2.219000000000000000e+03
2.225000000000000000e+03
2.225000000000000000e+03
2.227000000000000000e+03
2.229000000000000000e+03
2.229000000000000000e+03
2.233000000000000000e+03
2.238000000000000000e+03
2.240000000000000000e+03
2.240000000000000000e+03
2.240000000000000000e+03
2.241000000000000000e+03
2.241000000000000000e+03
2.242000000000000000e+03
2.245000000000000000e+03
2.245000000000000000e+03
2.249000000000000000e+03
2.258000000000000000e+03
2.258000000000000000e+03
2.260000000000000000e+03
2.260000000000000000e+03
2.263000000000000000e+03
2.263000000000000000e+03
2.266000000000000000e+03
2.271000000000000000e+03
2.271000000000000000e+03
2.271000000000000000e+03
2.271000000000000000e+03
2.271000000000000000e+03
2.280000000000000000e+03
2.288000000000000000e+03
2.288000000000000000e+03
2.291000000000000000e+03
2.291000000000000000e+03
2.291000000000000000e+03
2.297000000000000000e+03
2.297000000000000000e+03
2.298000000000000000e+03
2.298000000000000000e+03
2.298000000000000000e+03
2.298000000000000000e+03
2.299000000000000000e+03
2.299000000000000000e+03
2.301000000000000000e+03
2.306000000000000000e+03
2.307000000000000000e+03
2.308000000000000000e+03
2.308000000000000000e+03
2.314000000000000000e+03
2.314000000000000000e+03
2.320000000000000000e+03
2.320000000000000000e+03
2.320000000000000000e+03
2.320000000000000000e+03
2.320000000000000000e+03
2.320000000000000000e+03
2.320000000000000000e+03
2.321000000000000000e+03
2.321000000000000000e+03
2.321000000000000000e+03
2.326000000000000000e+03
2.331000000000000000e+03
2.331000000000000000e+03
2.336000000000000000e+03
2.336000000000000000e+03
2.348000000000000000e+03
2.355000000000000000e+03
2.358000000000000000e+03
2.361000000000000000e+03
2.371000000000000000e+03
2.379000000000000000e+03
2.385000000000000000e+03
2.389000000000000000e+03
2.391000000000000000e+03
2.421000000000000000e+03
2.446000000000000000e+03
2.446000000000000000e+03
2.487000000000000000e+03
2.521000000000000000e+03
2.559000000000000000e+03
2.613000000000000000e+03
2.613000000000000000e+03
2.728000000000000000e+03
2.791000000000000000e+03
2.830000000000000000e+03
2.848000000000000000e+03
2.964000000000000000e+03
3.071000000000000000e+03
3.158000000000000000e+03
3.247000000000000000e+03
3.338000000000000000e+03
3.359000000000000000e+03
3.369000000000000000e+03
3.423000000000000000e+03
3.508000000000000000e+03
3.563000000000000000e+03
3.563000000000000000e+03
3.676000000000000000e+03
3.776000000000000000e+03
3.838000000000000000e+03
3.866000000000000000e+03
3.965000000000000000e+03
3.965000000000000000e+03
3.965000000000000000e+03
4.096000000000000000e+03
4.096000000000000000e+03
4.096000000000000000e+03
4.096000000000000000e+03
4.096000000000000000e+03
4.096000000000000000e+03
4.418000000000000000e+03
4.623000000000000000e+03
4.627000000000000000e+03
4.637000000000000000e+03
4.729000000000000000e+03
4.786000000000000000e+03
4.814000000000000000e+03
4.814000000000000000e+03
4.850000000000000000e+03
4.860000000000000000e+03
4.860000000000000000e+03
4.905000000000000000e+03
4.941000000000000000e+03
4.951000000000000000e+03
4.951000000000000000e+03
4.995000000000000000e+03
4.995000000000000000e+03
5.012000000000000000e+03
5.050000000000000000e+03
5.073000000000000000e+03
5.092000000000000000e+03
5.092000000000000000e+03
5.092000000000000000e+03
5.123000000000000000e+03
5.123000000000000000e+03
5.167000000000000000e+03
5.204000000000000000e+03
5.257000000000000000e+03
5.270000000000000000e+03
5.270000000000000000e+03
5.326000000000000000e+03
5.326000000000000000e+03
5.326000000000000000e+03
5.359000000000000000e+03
5.378000000000000000e+03
5.391000000000000000e+03
5.391000000000000000e+03
5.414000000000000000e+03
5.414000000000000000e+03
5.446000000000000000e+03
5.469000000000000000e+03
5.500000000000000000e+03
5.500000000000000000e+03
5.500000000000000000e+03
5.525000000000000000e+03
5.525000000000000000e+03
5.562000000000000000e+03
5.579000000000000000e+03
5.579000000000000000e+03
5.579000000000000000e+03
5.623000000000000000e+03
5.623000000000000000e+03
5.645000000000000000e+03
5.645000000000000000e+03
5.645000000000000000e+03
5.692000000000000000e+03
5.692000000000000000e+03
5.722000000000000000e+03
5.722000000000000000e+03
5.723000000000000000e+03
5.723000000000000000e+03
5.723000000000000000e+03
5.758000000000000000e+03
5.758000000000000000e+03
5.758000000000000000e+03
5.758000000000000000e+03
5.784000000000000000e+03
5.810000000000000000e+03
5.810000000000000000e+03
5.828000000000000000e+03
5.828000000000000000e+03
5.828000000000000000e+03
5.828000000000000000e+03
5.843000000000000000e+03
5.850000000000000000e+03
5.850000000000000000e+03
5.850000000000000000e+03
5.850000000000000000e+03
5.952000000000000000e+03
5.991000000000000000e+03
5.991000000000000000e+03
6.039000000000000000e+03
6.247000000000000000e+03
6.247000000000000000e+03
6.247000000000000000e+03
6.247000000000000000e+03
6.247000000000000000e+03
6.562000000000000000e+03
6.562000000000000000e+03
6.575000000000000000e+03
6.581000000000000000e+03
6.581000000000000000e+03
6.581000000000000000e+03
6.599000000000000000e+03
6.604000000000000000e+03
6.604000000000000000e+03
6.615000000000000000e+03
6.615000000000000000e+03
6.615000000000000000e+03
6.615000000000000000e+03
6.660000000000000000e+03
6.662000000000000000e+03
9.385000000000000000e+03
9.447000000000000000e+03
9.447000000000000000e+03
9.447000000000000000e+03
9.447000000000000000e+03
7.903000000000000000e+03
7.929000000000000000e+03
7.939000000000000000e+03
7.939000000000000000e+03
8.035000000000000000e+03
8.035000000000000000e+03
8.035000000000000000e+03
8.114000000000000000e+03
8.134000000000000000e+03
8.144000000000000000e+03
8.144000000000000000e+03
8.144000000000000000e+03
8.144000000000000000e+03
8.144000000000000000e+03
8.246000000000000000e+03
8.248000000000000000e+03
8.248000000000000000e+03
8.278000000000000000e+03
8.278000000000000000e+03
8.278000000000000000e+03
8.278000000000000000e+03
8.278000000000000000e+03
8.297000000000000000e+03
8.301000000000000000e+03
8.303000000000000000e+03
8.305000000000000000e+03
8.305000000000000000e+03
8.305000000000000000e+03
8.309000000000000000e+03
8.311000000000000000e+03
8.311000000000000000e+03
8.313000000000000000e+03
8.316000000000000000e+03
8.316000000000000000e+03
8.316000000000000000e+03
8.320000000000000000e+03
8.321000000000000000e+03
8.321000000000000000e+03
8.321000000000000000e+03
8.323000000000000000e+03
8.323000000000000000e+03
8.323000000000000000e+03
8.323000000000000000e+03
8.323000000000000000e+03
8.326000000000000000e+03
8.326000000000000000e+03
8.326000000000000000e+03
8.326000000000000000e+03
8.326000000000000000e+03
8.329000000000000000e+03
8.330000000000000000e+03
8.330000000000000000e+03
8.330000000000000000e+03
8.332000000000000000e+03
8.332000000000000000e+03
8.332000000000000000e+03
8.333000000000000000e+03
8.335000000000000000e+03
8.335000000000000000e+03
8.335000000000000000e+03
8.335000000000000000e+03
8.335000000000000000e+03
8.335000000000000000e+03
8.335000000000000000e+03
8.338000000000000000e+03
8.338000000000000000e+03
8.339000000000000000e+03
8.339000000000000000e+03
8.339000000000000000e+03
8.339000000000000000e+03
8.342000000000000000e+03
8.344000000000000000e+03
8.344000000000000000e+03
8.348000000000000000e+03
8.348000000000000000e+03
8.348000000000000000e+03
8.348000000000000000e+03
8.348000000000000000e+03
8.352000000000000000e+03
8.355000000000000000e+03
8.378000000000000000e+03
8.383000000000000000e+03
8.383000000000000000e+03
8.383000000000000000e+03
8.394000000000000000e+03
8.404000000000000000e+03
8.406000000000000000e+03
8.413000000000000000e+03
8.419000000000000000e+03
8.419000000000000000e+03
8.419000000000000000e+03
8.419000000000000000e+03
8.425000000000000000e+03
8.425000000000000000e+03
8.428000000000000000e+03
8.439000000000000000e+03
8.439000000000000000e+03
8.439000000000000000e+03
8.450000000000000000e+03
8.472000000000000000e+03
8.479000000000000000e+03
8.484000000000000000e+03
8.494000000000000000e+03
8.494000000000000000e+03
8.494000000000000000e+03
8.500000000000000000e+03
8.527000000000000000e+03
8.527000000000000000e+03
8.570000000000000000e+03
8.591000000000000000e+03
8.591000000000000000e+03
8.591000000000000000e+03
8.591000000000000000e+03
8.626000000000000000e+03
8.641000000000000000e+03
8.657000000000000000e+03
8.670000000000000000e+03
8.670000000000000000e+03
8.670000000000000000e+03
8.670000000000000000e+03
8.670000000000000000e+03
8.717000000000000000e+03
8.741000000000000000e+03
8.762000000000000000e+03
8.762000000000000000e+03
8.762000000000000000e+03
8.762000000000000000e+03
8.807000000000000000e+03
8.807000000000000000e+03
8.807000000000000000e+03
8.883000000000000000e+03
8.883000000000000000e+03
8.883000000000000000e+03
8.883000000000000000e+03
8.916000000000000000e+03
8.929000000000000000e+03
8.936000000000000000e+03
8.956000000000000000e+03
8.956000000000000000e+03
8.956000000000000000e+03
8.956000000000000000e+03
8.995000000000000000e+03
9.000000000000000000e+03
9.008000000000000000e+03
9.026000000000000000e+03
9.026000000000000000e+03
9.026000000000000000e+03
9.026000000000000000e+03
9.038000000000000000e+03
9.045000000000000000e+03
9.051000000000000000e+03
9.058000000000000000e+03
9.058000000000000000e+03
9.058000000000000000e+03
9.058000000000000000e+03
9.060000000000000000e+03
9.075000000000000000e+03
9.076000000000000000e+03
9.083000000000000000e+03
9.083000000000000000e+03
9.083000000000000000e+03
9.083000000000000000e+03
9.127000000000000000e+03
9.162000000000000000e+03
9.183000000000000000e+03
9.183000000000000000e+03
9.183000000000000000e+03
9.183000000000000000e+03
9.183000000000000000e+03
9.240000000000000000e+03
9.240000000000000000e+03
9.267000000000000000e+03
9.282000000000000000e+03
9.282000000000000000e+03
9.282000000000000000e+03
9.282000000000000000e+03
9.321000000000000000e+03
9.330000000000000000e+03
9.330000000000000000e+03
9.354000000000000000e+03
9.354000000000000000e+03
9.354000000000000000e+03
9.354000000000000000e+03
9.370000000000000000e+03
9.370000000000000000e+03
9.378000000000000000e+03
9.390000000000000000e+03
9.390000000000000000e+03
9.390000000000000000e+03
9.390000000000000000e+03
9.396000000000000000e+03
9.396000000000000000e+03
9.396000000000000000e+03
9.404000000000000000e+03
9.404000000000000000e+03
9.404000000000000000e+03
9.404000000000000000e+03
9.405000000000000000e+03
9.405000000000000000e+03
9.412000000000000000e+03
9.412000000000000000e+03
9.412000000000000000e+03
9.412000000000000000e+03
9.412000000000000000e+03
9.414000000000000000e+03
9.415000000000000000e+03
9.415000000000000000e+03
9.420000000000000000e+03
9.420000000000000000e+03
9.420000000000000000e+03
9.420000000000000000e+03
9.428000000000000000e+03
9.428000000000000000e+03
9.429000000000000000e+03
9.430000000000000000e+03
9.430000000000000000e+03
9.430000000000000000e+03
9.430000000000000000e+03
9.430000000000000000e+03
9.430000000000000000e+03
9.430000000000000000e+03
9.430000000000000000e+03
9.430000000000000000e+03
9.430000000000000000e+03
9.446000000000000000e+03
9.446000000000000000e+03
9.446000000000000000e+03
9.446000000000000000e+03
9.446000000000000000e+03
