0.000000000000000000e+00
0.000000000000000000e+00
0.000000000000000000e+00
0.000000000000000000e+00
0.000000000000000000e+00
0.000000000000000000e+00
0.000000000000000000e+00
0.000000000000000000e+00
0.000000000000000000e+00
0.000000000000000000e+00
0.000000000000000000e+00
0.000000000000000000e+00
0.000000000000000000e+00
0.000000000000000000e+00
0.000000000000000000e+00
0.000000000000000000e+00
0.000000000000000000e+00
0.000000000000000000e+00
0.000000000000000000e+00
0.000000000000000000e+00
0.000000000000000000e+00
0.000000000000000000e+00
0.000000000000000000e+00
0.000000000000000000e+00
0.000000000000000000e+00
0.000000000000000000e+00
0.000000000000000000e+00
0.000000000000000000e+00
0.000000000000000000e+00
0.000000000000000000e+00
0.000000000000000000e+00
0.000000000000000000e+00
0.000000000000000000e+00
0.000000000000000000e+00
0.000000000000000000e+00
0.000000000000000000e+00
0.000000000000000000e+00
0.000000000000000000e+00
0.000000000000000000e+00
0.000000000000000000e+00
0.000000000000000000e+00
0.000000000000000000e+00
0.000000000000000000e+00
0.000000000000000000e+00
0.000000000000000000e+00
0.000000000000000000e+00
0.000000000000000000e+00
0.000000000000000000e+00
0.000000000000000000e+00
0.000000000000000000e+00
0.000000000000000000e+00
0.000000000000000000e+00
0.000000000000000000e+00
0.000000000000000000e+00
0.000000000000000000e+00
0.000000000000000000e+00
0.000000000000000000e+00
0.000000000000000000e+00
0.000000000000000000e+00
0.000000000000000000e+00
0.000000000000000000e+00
0.000000000000000000e+00
0.000000000000000000e+00
0.000000000000000000e+00
0.000000000000000000e+00
0.000000000000000000e+00
1.000000000000000000e+00
1.000000000000000000e+00
1.000000000000000000e+00
1.000000000000000000e+00
1.000000000000000000e+00
1.000000000000000000e+00
1.000000000000000000e+00
1.000000000000000000e+00
1.000000000000000000e+00
1.000000000000000000e+00
1.000000000000000000e+00
1.000000000000000000e+00
1.000000000000000000e+00
1.000000000000000000e+00
1.000000000000000000e+00
1.000000000000000000e+00
1.000000000000000000e+00
1.000000000000000000e+00
1.000000000000000000e+00
1.000000000000000000e+00
1.000000000000000000e+00
1.000000000000000000e+00
1.000000000000000000e+00
1.000000000000000000e+00
2.000000000000000000e+00
3.000000000000000000e+00
3.000000000000000000e+00
5.000000000000000000e+00
5.000000000000000000e+00
5.000000000000000000e+00
8.000000000000000000e+00
8.000000000000000000e+00
8.000000000000000000e+00
8.000000000000000000e+00
8.000000000000000000e+00
8.000000000000000000e+00
8.000000000000000000e+00
9.000000000000000000e+00
9.000000000000000000e+00
9.000000000000000000e+00
9.000000000000000000e+00
9.000000000000000000e+00
9.000000000000000000e+00
9.000000000000000000e+00
9.000000000000000000e+00
1.200000000000000000e+01
1.200000000000000000e+01
1.200000000000000000e+01
1.400000000000000000e+01
1.400000000000000000e+01
1.400000000000000000e+01
1.400000000000000000e+01
1.400000000000000000e+01
1.400000000000000000e+01
1.400000000000000000e+01
1.400000000000000000e+01
1.400000000000000000e+01
1.400000000000000000e+01
1.400000000000000000e+01
1.400000000000000000e+01
1.400000000000000000e+01
1.400000000000000000e+01
1.400000000000000000e+01
1.500000000000000000e+01
1.500000000000000000e+01
1.500000000000000000e+01
1.500000000000000000e+01
1.500000000000000000e+01
1.500000000000000000e+01
1.500000000000000000e+01
1.500000000000000000e+01
1.600000000000000000e+01
1.600000000000000000e+01
2.500000000000000000e+01
2.500000000000000000e+01
2.500000000000000000e+01
2.500000000000000000e+01
2.500000000000000000e+01
2.500000000000000000e+01
2.500000000000000000e+01
2.500000000000000000e+01
2.500000000000000000e+01
2.600000000000000000e+01
2.600000000000000000e+01
2.600000000000000000e+01
2.600000000000000000e+01
2.600000000000000000e+01
2.700000000000000000e+01
2.700000000000000000e+01
2.900000000000000000e+01
2.900000000000000000e+01
2.900000000000000000e+01
2.900000000000000000e+01
2.900000000000000000e+01
2.900000000000000000e+01
2.900000000000000000e+01
2.900000000000000000e+01
2.900000000000000000e+01
2.900000000000000000e+01
2.900000000000000000e+01
2.900000000000000000e+01
2.900000000000000000e+01
2.900000000000000000e+01
2.900000000000000000e+01
2.900000000000000000e+01
2.900000000000000000e+01
2.900000000000000000e+01
2.900000000000000000e+01
2.900000000000000000e+01
2.900000000000000000e+01
2.900000000000000000e+01
2.900000000000000000e+01
2.900000000000000000e+01
2.900000000000000000e+01
2.900000000000000000e+01
2.900000000000000000e+01
3.700000000000000000e+01
3.700000000000000000e+01
3.900000000000000000e+01
3.900000000000000000e+01
3.900000000000000000e+01
3.900000000000000000e+01
3.900000000000000000e+01
3.900000000000000000e+01
3.900000000000000000e+01
4.400000000000000000e+01
4.400000000000000000e+01
4.500000000000000000e+01
4.500000000000000000e+01
4.500000000000000000e+01
4.600000000000000000e+01
4.600000000000000000e+01
4.900000000000000000e+01
4.900000000000000000e+01
5.200000000000000000e+01
5.200000000000000000e+01
5.200000000000000000e+01
5.200000000000000000e+01
5.500000000000000000e+01
5.500000000000000000e+01
5.500000000000000000e+01
5.500000000000000000e+01
5.500000000000000000e+01
5.500000000000000000e+01
5.600000000000000000e+01
5.600000000000000000e+01
5.600000000000000000e+01
5.600000000000000000e+01
5.600000000000000000e+01
5.600000000000000000e+01
5.700000000000000000e+01
5.700000000000000000e+01
5.700000000000000000e+01
5.700000000000000000e+01
5.700000000000000000e+01
5.700000000000000000e+01
5.700000000000000000e+01
5.700000000000000000e+01
5.700000000000000000e+01
5.700000000000000000e+01
5.700000000000000000e+01
5.800000000000000000e+01
5.800000000000000000e+01
5.800000000000000000e+01
5.800000000000000000e+01
5.800000000000000000e+01
5.800000000000000000e+01
6.100000000000000000e+01
6.100000000000000000e+01
6.100000000000000000e+01
6.100000000000000000e+01
6.200000000000000000e+01
6.200000000000000000e+01
6.400000000000000000e+01
6.400000000000000000e+01
6.400000000000000000e+01
6.400000000000000000e+01
6.400000000000000000e+01
6.400000000000000000e+01
6.400000000000000000e+01
6.400000000000000000e+01
6.400000000000000000e+01
6.400000000000000000e+01
6.400000000000000000e+01
6.400000000000000000e+01
6.400000000000000000e+01
6.400000000000000000e+01
6.400000000000000000e+01
6.400000000000000000e+01
6.400000000000000000e+01
6.400000000000000000e+01
6.400000000000000000e+01
6.400000000000000000e+01
6.400000000000000000e+01
6.400000000000000000e+01
6.400000000000000000e+01
6.400000000000000000e+01
6.400000000000000000e+01
6.400000000000000000e+01
6.400000000000000000e+01
6.400000000000000000e+01
6.400000000000000000e+01
6.400000000000000000e+01
6.400000000000000000e+01
6.400000000000000000e+01
6.400000000000000000e+01
6.400000000000000000e+01
6.400000000000000000e+01
6.400000000000000000e+01
6.400000000000000000e+01
6.500000000000000000e+01
6.600000000000000000e+01
6.600000000000000000e+01
6.900000000000000000e+01
6.900000000000000000e+01
7.000000000000000000e+01
7.000000000000000000e+01
7.000000000000000000e+01
7.000000000000000000e+01
7.100000000000000000e+01
7.100000000000000000e+01
7.100000000000000000e+01
7.100000000000000000e+01
7.100000000000000000e+01
7.200000000000000000e+01
7.200000000000000000e+01
7.200000000000000000e+01
7.200000000000000000e+01
7.400000000000000000e+01
7.400000000000000000e+01
7.600000000000000000e+01
7.700000000000000000e+01
7.700000000000000000e+01
7.700000000000000000e+01
7.700000000000000000e+01
7.800000000000000000e+01
7.800000000000000000e+01
7.800000000000000000e+01
7.800000000000000000e+01
7.800000000000000000e+01
7.800000000000000000e+01
7.800000000000000000e+01
7.800000000000000000e+01
7.800000000000000000e+01
7.900000000000000000e+01
7.900000000000000000e+01
7.900000000000000000e+01
7.900000000000000000e+01
8.000000000000000000e+01
8.000000000000000000e+01
8.000000000000000000e+01
8.000000000000000000e+01
8.000000000000000000e+01
8.000000000000000000e+01
8.000000000000000000e+01
8.000000000000000000e+01
8.000000000000000000e+01
8.000000000000000000e+01
8.100000000000000000e+01
8.100000000000000000e+01
8.100000000000000000e+01
8.100000000000000000e+01
8.100000000000000000e+01
8.200000000000000000e+01
8.200000000000000000e+01
8.200000000000000000e+01
8.200000000000000000e+01
8.500000000000000000e+01
8.500000000000000000e+01
8.500000000000000000e+01
8.500000000000000000e+01
8.500000000000000000e+01
8.500000000000000000e+01
8.700000000000000000e+01
8.700000000000000000e+01
8.700000000000000000e+01
8.900000000000000000e+01
8.900000000000000000e+01
9.800000000000000000e+01
9.800000000000000000e+01
9.800000000000000000e+01
1.000000000000000000e+02
1.000000000000000000e+02
1.000000000000000000e+02
1.000000000000000000e+02
1.000000000000000000e+02
1.000000000000000000e+02
1.000000000000000000e+02
1.000000000000000000e+02
1.060000000000000000e+02
1.060000000000000000e+02
1.060000000000000000e+02
1.060000000000000000e+02
1.100000000000000000e+02
1.100000000000000000e+02
1.110000000000000000e+02
1.180000000000000000e+02
1.190000000000000000e+02
1.190000000000000000e+02
1.260000000000000000e+02
1.260000000000000000e+02
1.340000000000000000e+02
1.340000000000000000e+02
1.470000000000000000e+02
1.470000000000000000e+02
1.740000000000000000e+02
1.740000000000000000e+02
2.320000000000000000e+02
2.320000000000000000e+02
2.510000000000000000e+02
2.510000000000000000e+02
2.750000000000000000e+02
2.750000000000000000e+02
3.380000000000000000e+02
3.770000000000000000e+02
4.010000000000000000e+02
4.090000000000000000e+02
4.150000000000000000e+02
4.150000000000000000e+02
4.540000000000000000e+02
4.670000000000000000e+02
4.670000000000000000e+02
5.540000000000000000e+02
5.540000000000000000e+02
5.990000000000000000e+02
6.120000000000000000e+02
6.320000000000000000e+02
6.320000000000000000e+02
7.580000000000000000e+02
7.680000000000000000e+02
8.030000000000000000e+02
8.030000000000000000e+02
8.450000000000000000e+02
8.480000000000000000e+02
8.480000000000000000e+02
8.480000000000000000e+02
9.320000000000000000e+02
9.320000000000000000e+02
9.380000000000000000e+02
9.450000000000000000e+02
9.490000000000000000e+02
9.490000000000000000e+02
9.490000000000000000e+02
9.490000000000000000e+02
1.023000000000000000e+03
1.027000000000000000e+03
1.100000000000000000e+03
1.107000000000000000e+03
1.114000000000000000e+03
1.120000000000000000e+03
1.127000000000000000e+03
1.129000000000000000e+03
1.129000000000000000e+03
1.129000000000000000e+03
1.504000000000000000e+03
1.506000000000000000e+03
1.512000000000000000e+03
1.521000000000000000e+03
1.521000000000000000e+03
1.521000000000000000e+03
1.521000000000000000e+03
1.529000000000000000e+03
1.535000000000000000e+03
1.577000000000000000e+03
1.583000000000000000e+03
1.587000000000000000e+03
1.587000000000000000e+03
1.587000000000000000e+03
1.587000000000000000e+03
1.587000000000000000e+03
1.614000000000000000e+03
1.614000000000000000e+03
1.614000000000000000e+03
1.625000000000000000e+03
1.627000000000000000e+03
1.627000000000000000e+03
1.627000000000000000e+03
1.635000000000000000e+03
1.651000000000000000e+03
1.665000000000000000e+03
1.665000000000000000e+03
1.665000000000000000e+03
1.677000000000000000e+03
1.677000000000000000e+03
1.677000000000000000e+03
1.677000000000000000e+03
1.677000000000000000e+03
1.677000000000000000e+03
1.686000000000000000e+03
1.703000000000000000e+03
1.703000000000000000e+03
1.703000000000000000e+03
1.711000000000000000e+03
1.711000000000000000e+03
1.711000000000000000e+03
1.711000000000000000e+03
1.711000000000000000e+03
1.712000000000000000e+03
1.715000000000000000e+03
1.719000000000000000e+03
1.731000000000000000e+03
1.731000000000000000e+03
1.731000000000000000e+03
1.731000000000000000e+03
1.733000000000000000e+03
1.741000000000000000e+03
1.741000000000000000e+03
1.741000000000000000e+03
1.741000000000000000e+03
1.741000000000000000e+03
1.748000000000000000e+03
1.764000000000000000e+03
1.769000000000000000e+03
1.769000000000000000e+03
1.772000000000000000e+03
1.772000000000000000e+03
1.774000000000000000e+03
1.780000000000000000e+03
1.786000000000000000e+03
1.809000000000000000e+03
1.827000000000000000e+03
1.827000000000000000e+03
1.827000000000000000e+03
1.829000000000000000e+03
1.831000000000000000e+03
1.831000000000000000e+03
1.831000000000000000e+03
1.831000000000000000e+03
1.831000000000000000e+03
1.831000000000000000e+03
1.832000000000000000e+03
1.832000000000000000e+03
1.832000000000000000e+03
1.845000000000000000e+03
1.845000000000000000e+03
1.845000000000000000e+03
1.845000000000000000e+03
1.856000000000000000e+03
1.856000000000000000e+03
1.889000000000000000e+03
1.889000000000000000e+03
1.897000000000000000e+03
1.898000000000000000e+03
1.898000000000000000e+03
1.900000000000000000e+03
1.920000000000000000e+03
1.925000000000000000e+03
1.934000000000000000e+03
1.934000000000000000e+03
1.935000000000000000e+03
1.936000000000000000e+03
1.941000000000000000e+03
1.941000000000000000e+03
1.967000000000000000e+03
1.967000000000000000e+03
1.968000000000000000e+03
1.987000000000000000e+03
1.987000000000000000e+03
2.002000000000000000e+03
2.002000000000000000e+03
2.006000000000000000e+03
2.023000000000000000e+03
2.023000000000000000e+03
2.110000000000000000e+03
2.121000000000000000e+03
2.129000000000000000e+03
2.129000000000000000e+03
2.129000000000000000e+03
2.141000000000000000e+03
2.141000000000000000e+03
2.146000000000000000e+03
2.149000000000000000e+03
2.149000000000000000e+03
2.159000000000000000e+03
2.179000000000000000e+03
2.188000000000000000e+03
2.196000000000000000e+03
2.196000000000000000e+03
2.197000000000000000e+03
2.197000000000000000e+03
2.198000000000000000e+03
2.199000000000000000e+03
2.199000000000000000e+03
2.199000000000000000e+03
2.199000000000000000e+03
2.199000000000000000e+03
2.202000000000000000e+03
2.210000000000000000e+03
2.210000000000000000e+03
2.229000000000000000e+03
2.229000000000000000e+03
2.229000000000000000e+03
2.230000000000000000e+03
2.230000000000000000e+03
2.233000000000000000e+03
0.000000000000000000e+00
0.000000000000000000e+00
0.000000000000000000e+00
0.000000000000000000e+00
0.000000000000000000e+00
0.000000000000000000e+00
0.000000000000000000e+00
0.000000000000000000e+00
0.000000000000000000e+00
0.000000000000000000e+00
0.000000000000000000e+00
0.000000000000000000e+00
0.000000000000000000e+00
0.000000000000000000e+00
0.000000000000000000e+00
0.000000000000000000e+00
0.000000000000000000e+00
0.000000000000000000e+00
0.000000000000000000e+00
0.000000000000000000e+00
0.000000000000000000e+00
0.000000000000000000e+00
0.000000000000000000e+00
0.000000000000000000e+00
0.000000000000000000e+00
0.000000000000000000e+00
0.000000000000000000e+00
0.000000000000000000e+00
0.000000000000000000e+00
0.000000000000000000e+00
0.000000000000000000e+00
0.000000000000000000e+00
0.000000000000000000e+00
0.000000000000000000e+00
0.000000000000000000e+00
0.000000000000000000e+00
0.000000000000000000e+00
0.000000000000000000e+00
0.000000000000000000e+00
0.000000000000000000e+00
0.000000000000000000e+00
0.000000000000000000e+00
0.000000000000000000e+00
0.000000000000000000e+00
0.000000000000000000e+00
0.000000000000000000e+00
0.000000000000000000e+00
0.000000000000000000e+00
0.000000000000000000e+00
0.000000000000000000e+00
0.000000000000000000e+00
0.000000000000000000e+00
