1.918692270679055234e+00
6.249030837319791143e-01
-1.193229477316327669e-01
-6.184185911287607418e-01
1.570148694994353056e+00
2.807839723102386609e-01
4.334117534786392500e-01
1.554456314620056290e+00
2.606671276694531580e-01
-4.835589037910154597e-01
-9.826545471848249225e-01
1.205912738938401674e+00
-8.345198374404644293e-02
6.917579742043741819e-02
1.190220358563436109e+00
-1.035688283876241705e-01
-8.477948598479692066e-01
-1.346890503241967352e+00
8.416767828802744766e-01
-4.476879398017981071e-01
-2.950601586338300053e-01
8.259844025068112661e-01
-4.678047844447013603e-01
-1.212030815904341363e+00
-1.711126459298570213e+00
4.774408268221513874e-01
-8.119238958629526604e-01
-6.592961146959706031e-01
4.617484464441043990e-01
-8.320407405072407503e-01
-1.576266771962509416e+00
-2.075362415361628354e+00
1.132048707640240792e-01
-1.176159851917310206e+00
-1.023532070753497836e+00
9.751249039117881878e-02
-1.196276696564313680e+00
-1.940502728021895829e+00
-2.439598371418235878e+00
-2.510310852933936854e-01
-1.540395807978464982e+00
-1.387768026811699640e+00
-2.667234656691406247e-01
-1.560512652624117313e+00
-2.304738684078849520e+00
-2.803834327475377641e+00
-6.152670413537146832e-01
-1.904631764039623754e+00
-1.752003982869901444e+00
-6.309594217257652460e-01
-1.924748608676842609e+00
-2.668974640138231713e+00
-3.168070283531442044e+00
-9.795029974096527425e-01
-2.268867720097380136e+00
-2.116239938931371967e+00
-9.951953777860891304e-01
-2.288984564736646021e+00
-3.033210596197614350e+00
-3.532306239588580254e+00
