5.494855859612156335e-02
4.992830198446973622e-02
9.017186528783019406e-02
6.026532921470099946e-02
6.272485947999976996e-02
4.532671734043812461e-02
4.182078779861382600e-02
7.058538185220356032e-02
6.707908928734961085e-02
1.082924209923199071e-01
7.871782162223632529e-02
8.079327623300863737e-02
6.223482319342998892e-02
5.675210244369342794e-02
8.270463724366432234e-02
7.555458279346162487e-02
1.123186539075031742e-01
7.753780280035549310e-02
7.371987810605902525e-02
4.867060196665616567e-02
3.620703509478492843e-02
5.481128390774947512e-02
4.008025261717834686e-02
6.917423350722247399e-02
2.678299679968816627e-02
1.556470830918926795e-02
-1.652688716136142821e-02
-3.553274445009831778e-02
-2.283840387423326235e-02
-4.272758507965182528e-02
-1.793660638249443273e-02
-6.369088839770833954e-02
-7.726814556705685622e-02
-1.106727729065550003e-01
-1.299271158941237014e-01
-1.164217447493585134e-01
-1.344688264413221590e-01
-1.068557210302180094e-01
-1.488800864824535719e-01
-1.579111363495350751e-01
-1.860616126074184362e-01
-1.994762291441618818e-01
-1.796787853628512011e-01
-1.911221298594866225e-01
-1.567381933812193595e-01
-1.919694711768431261e-01
-1.943266958211820050e-01
-2.160573575474805663e-01
-2.234309177926560586e-01
-1.980829986592552161e-01
-2.045628023192416767e-01
-1.658810424895383884e-01
-1.975398182816133219e-01
-1.970892077016294652e-01
-2.167952592080510943e-01
-2.229252331430573164e-01
-1.970923666217220260e-01
-2.038043919640886159e-01
-1.660130529019004653e-01
-1.991459982132727236e-01
