8.030723085920618232e+00
8.306682639276639080e+00
7.354684089745088471e+00
8.368606694606453900e+00
1.078477490467248501e+01
-6.941728710511964273e+00
9.790116894986573115e+00
8.643144628247963368e+00
8.319729449964437862e+00
6.786504160665514540e+00
7.254404907648460465e+00
9.175458638572056458e+00
-8.981353280901142710e+00
7.396697751325923775e+00
5.981645806566919354e+00
5.482326132579773414e+00
3.868942852572353708e+00
4.353055825858533012e+00
6.384399208941836434e+00
-1.157313646076821989e+01
5.085489397032330494e+00
4.022301471910298076e+00
3.934145566555167228e+00
2.777651700241832167e+00
3.749657674964803178e+00
6.284491785673705699e+00
-1.116956796846124078e+01
5.977175247698168548e+00
5.372130630699812670e+00
5.698686545340757803e+00
4.901561244160125064e+00
6.167560807921964816e+00
8.923133726080337169e+00
-8.388967744366169654e+00
8.817908997159909390e+00
8.190660533041592473e+00
8.414666786556953326e+00
7.439038876435786207e+00
8.457203185450534733e+00
1.090421757535516889e+01
-6.766861730688544796e+00
1.004227580663576624e+01
8.991163137717894216e+00
8.778396629244793914e+00
7.366475370310356041e+00
7.961979221490002701e+00
1.001249397315288014e+01
-8.017386099151257994e+00
8.480870864518877283e+00
7.175422419594352341e+00
6.771667495853279206e+00
5.236920986921584031e+00
5.780491652478549014e+00
7.850573574855829406e+00
-1.008971878359824004e+01
6.564674910781517880e+00
5.476604967904620480e+00
5.344536854269282600e+00
4.127481105841002140e+00
5.025363370823258791e+00
