0.000000000000000000e+00
0.000000000000000000e+00
0.000000000000000000e+00
0.000000000000000000e+00
0.000000000000000000e+00
0.000000000000000000e+00
0.000000000000000000e+00
0.000000000000000000e+00
0.000000000000000000e+00
0.000000000000000000e+00
0.000000000000000000e+00
0.000000000000000000e+00
0.000000000000000000e+00
0.000000000000000000e+00
0.000000000000000000e+00
0.000000000000000000e+00
0.000000000000000000e+00
0.000000000000000000e+00
0.000000000000000000e+00
0.000000000000000000e+00
0.000000000000000000e+00
0.000000000000000000e+00
0.000000000000000000e+00
0.000000000000000000e+00
0.000000000000000000e+00
0.000000000000000000e+00
0.000000000000000000e+00
0.000000000000000000e+00
0.000000000000000000e+00
0.000000000000000000e+00
0.000000000000000000e+00
0.000000000000000000e+00
0.000000000000000000e+00
0.000000000000000000e+00
0.000000000000000000e+00
0.000000000000000000e+00
0.000000000000000000e+00
0.000000000000000000e+00
0.000000000000000000e+00
0.000000000000000000e+00
0.000000000000000000e+00
0.000000000000000000e+00
0.000000000000000000e+00
0.000000000000000000e+00
0.000000000000000000e+00
0.000000000000000000e+00
0.000000000000000000e+00
0.000000000000000000e+00
0.000000000000000000e+00
0.000000000000000000e+00
0.000000000000000000e+00
0.000000000000000000e+00
0.000000000000000000e+00
0.000000000000000000e+00
0.000000000000000000e+00
1.000000000000000000e+00
2.000000000000000000e+00
3.000000000000000000e+00
6.000000000000000000e+00
1.200000000000000000e+01
1.400000000000000000e+01
2.300000000000000000e+01
3.300000000000000000e+01
4.300000000000000000e+01
6.000000000000000000e+01
7.600000000000000000e+01
1.000000000000000000e+02
1.190000000000000000e+02
1.400000000000000000e+02
1.600000000000000000e+02
1.870000000000000000e+02
2.090000000000000000e+02
2.460000000000000000e+02
2.660000000000000000e+02
2.950000000000000000e+02
3.110000000000000000e+02
3.450000000000000000e+02
3.800000000000000000e+02
4.090000000000000000e+02
4.350000000000000000e+02
4.700000000000000000e+02
5.040000000000000000e+02
5.350000000000000000e+02
5.670000000000000000e+02
5.990000000000000000e+02
6.290000000000000000e+02
6.570000000000000000e+02
6.870000000000000000e+02
7.140000000000000000e+02
7.350000000000000000e+02
7.620000000000000000e+02
7.850000000000000000e+02
8.200000000000000000e+02
8.540000000000000000e+02
8.800000000000000000e+02
9.030000000000000000e+02
9.280000000000000000e+02
9.480000000000000000e+02
9.730000000000000000e+02
9.890000000000000000e+02
1.007000000000000000e+03
1.023000000000000000e+03
1.043000000000000000e+03
1.063000000000000000e+03
1.074000000000000000e+03
1.089000000000000000e+03
1.105000000000000000e+03
1.114000000000000000e+03
1.126000000000000000e+03
1.135000000000000000e+03
1.144000000000000000e+03
1.163000000000000000e+03
1.175000000000000000e+03
1.184000000000000000e+03
1.190000000000000000e+03
1.203000000000000000e+03
1.218000000000000000e+03
1.231000000000000000e+03
1.247000000000000000e+03
1.263000000000000000e+03
1.277000000000000000e+03
1.289000000000000000e+03
1.302000000000000000e+03
1.316000000000000000e+03
1.330000000000000000e+03
1.342000000000000000e+03
1.356000000000000000e+03
1.369000000000000000e+03
1.383000000000000000e+03
1.396000000000000000e+03
1.410000000000000000e+03
1.424000000000000000e+03
1.436000000000000000e+03
1.447000000000000000e+03
1.455000000000000000e+03
1.465000000000000000e+03
1.474000000000000000e+03
1.479000000000000000e+03
1.485000000000000000e+03
1.492000000000000000e+03
1.497000000000000000e+03
1.504000000000000000e+03
1.505000000000000000e+03
1.512000000000000000e+03
1.517000000000000000e+03
1.520000000000000000e+03
1.522000000000000000e+03
1.523000000000000000e+03
1.524000000000000000e+03
1.527000000000000000e+03
1.528000000000000000e+03
1.530000000000000000e+03
1.534000000000000000e+03
1.540000000000000000e+03
1.543000000000000000e+03
1.549000000000000000e+03
1.555000000000000000e+03
1.561000000000000000e+03
1.564000000000000000e+03
1.568000000000000000e+03
1.576000000000000000e+03
1.579000000000000000e+03
1.587000000000000000e+03
1.598000000000000000e+03
1.605000000000000000e+03
1.614000000000000000e+03
1.620000000000000000e+03
1.629000000000000000e+03
1.631000000000000000e+03
1.644000000000000000e+03
1.646000000000000000e+03
1.654000000000000000e+03
1.660000000000000000e+03
1.662000000000000000e+03
1.668000000000000000e+03
1.676000000000000000e+03
1.679000000000000000e+03
1.682000000000000000e+03
1.684000000000000000e+03
1.689000000000000000e+03
1.691000000000000000e+03
1.697000000000000000e+03
1.702000000000000000e+03
1.705000000000000000e+03
1.712000000000000000e+03
1.716000000000000000e+03
1.717000000000000000e+03
1.719000000000000000e+03
1.722000000000000000e+03
1.725000000000000000e+03
1.727000000000000000e+03
1.735000000000000000e+03
1.737000000000000000e+03
1.738000000000000000e+03
1.738000000000000000e+03
1.739000000000000000e+03
1.740000000000000000e+03
1.743000000000000000e+03
1.746000000000000000e+03
1.750000000000000000e+03
1.756000000000000000e+03
1.759000000000000000e+03
1.761000000000000000e+03
1.764000000000000000e+03
1.770000000000000000e+03
1.772000000000000000e+03
1.775000000000000000e+03
1.778000000000000000e+03
1.779000000000000000e+03
1.784000000000000000e+03
1.786000000000000000e+03
1.788000000000000000e+03
1.792000000000000000e+03
1.794000000000000000e+03
1.796000000000000000e+03
1.801000000000000000e+03
1.805000000000000000e+03
1.807000000000000000e+03
1.809000000000000000e+03
1.815000000000000000e+03
1.818000000000000000e+03
1.819000000000000000e+03
1.822000000000000000e+03
1.824000000000000000e+03
1.827000000000000000e+03
1.829000000000000000e+03
1.833000000000000000e+03
1.838000000000000000e+03
1.840000000000000000e+03
1.843000000000000000e+03
1.846000000000000000e+03
1.849000000000000000e+03
1.852000000000000000e+03
1.855000000000000000e+03
1.860000000000000000e+03
1.867000000000000000e+03
1.871000000000000000e+03
1.875000000000000000e+03
1.878000000000000000e+03
1.888000000000000000e+03
1.894000000000000000e+03
1.899000000000000000e+03
1.912000000000000000e+03
1.920000000000000000e+03
1.925000000000000000e+03
1.928000000000000000e+03
1.931000000000000000e+03
1.936000000000000000e+03
1.944000000000000000e+03
1.953000000000000000e+03
1.957000000000000000e+03
1.963000000000000000e+03
1.971000000000000000e+03
1.977000000000000000e+03
1.983000000000000000e+03
1.995000000000000000e+03
2.005000000000000000e+03
2.018000000000000000e+03
2.032000000000000000e+03
2.040000000000000000e+03
2.050000000000000000e+03
2.062000000000000000e+03
2.067000000000000000e+03
2.080000000000000000e+03
2.094000000000000000e+03
2.110000000000000000e+03
2.117000000000000000e+03
2.128000000000000000e+03
2.149000000000000000e+03
2.162000000000000000e+03
2.181000000000000000e+03
2.198000000000000000e+03
2.213000000000000000e+03
2.229000000000000000e+03
2.245000000000000000e+03
2.276000000000000000e+03
2.297000000000000000e+03
2.316000000000000000e+03
2.343000000000000000e+03
2.371000000000000000e+03
2.395000000000000000e+03
2.428000000000000000e+03
2.468000000000000000e+03
2.507000000000000000e+03
2.544000000000000000e+03
2.590000000000000000e+03
2.635000000000000000e+03
2.694000000000000000e+03
2.740000000000000000e+03
2.792000000000000000e+03
2.848000000000000000e+03
2.896000000000000000e+03
2.959000000000000000e+03
3.021000000000000000e+03
3.103000000000000000e+03
3.181000000000000000e+03
3.250000000000000000e+03
3.305000000000000000e+03
3.381000000000000000e+03
3.472000000000000000e+03
3.553000000000000000e+03
3.632000000000000000e+03
3.701000000000000000e+03
3.762000000000000000e+03
3.824000000000000000e+03
3.897000000000000000e+03
3.971000000000000000e+03
4.056000000000000000e+03
4.127000000000000000e+03
4.209000000000000000e+03
4.276000000000000000e+03
4.363000000000000000e+03
4.427000000000000000e+03
4.505000000000000000e+03
4.577000000000000000e+03
4.645000000000000000e+03
4.724000000000000000e+03
4.803000000000000000e+03
4.876000000000000000e+03
4.963000000000000000e+03
5.041000000000000000e+03
5.122000000000000000e+03
5.192000000000000000e+03
5.278000000000000000e+03
5.373000000000000000e+03
5.461000000000000000e+03
5.559000000000000000e+03
5.649000000000000000e+03
5.733000000000000000e+03
5.815000000000000000e+03
5.902000000000000000e+03
5.977000000000000000e+03
6.063000000000000000e+03
6.134000000000000000e+03
6.191000000000000000e+03
6.254000000000000000e+03
6.343000000000000000e+03
6.413000000000000000e+03
6.478000000000000000e+03
6.556000000000000000e+03
6.619000000000000000e+03
6.677000000000000000e+03
6.751000000000000000e+03
6.830000000000000000e+03
6.906000000000000000e+03
6.972000000000000000e+03
7.045000000000000000e+03
7.118000000000000000e+03
7.196000000000000000e+03
7.286000000000000000e+03
7.377000000000000000e+03
7.472000000000000000e+03
7.590000000000000000e+03
7.701000000000000000e+03
7.803000000000000000e+03
7.925000000000000000e+03
8.080000000000000000e+03
8.236000000000000000e+03
8.384000000000000000e+03
8.543000000000000000e+03
8.709000000000000000e+03
8.861000000000000000e+03
9.028000000000000000e+03
9.246000000000000000e+03
9.465000000000000000e+03
9.686000000000000000e+03
9.920000000000000000e+03
1.019400000000000000e+04
1.046900000000000000e+04
1.072100000000000000e+04
1.101200000000000000e+04
1.130500000000000000e+04
1.160800000000000000e+04
1.188600000000000000e+04
1.217900000000000000e+04
1.248200000000000000e+04
1.275700000000000000e+04
1.301700000000000000e+04
1.325700000000000000e+04
1.348200000000000000e+04
1.374000000000000000e+04
1.395400000000000000e+04
1.415800000000000000e+04
1.435400000000000000e+04
1.455700000000000000e+04
1.471800000000000000e+04
1.488500000000000000e+04
1.503400000000000000e+04
1.518300000000000000e+04
1.532100000000000000e+04
1.541100000000000000e+04
1.552200000000000000e+04
1.564900000000000000e+04
1.575400000000000000e+04
1.582100000000000000e+04
1.589700000000000000e+04
1.596200000000000000e+04
1.602300000000000000e+04
1.608600000000000000e+04
1.613600000000000000e+04
1.618500000000000000e+04
1.624300000000000000e+04
1.627600000000000000e+04
1.631700000000000000e+04
1.635100000000000000e+04
1.638900000000000000e+04
1.643000000000000000e+04
1.645800000000000000e+04
1.648600000000000000e+04
1.651200000000000000e+04
1.654000000000000000e+04
1.656500000000000000e+04
1.659500000000000000e+04
1.661700000000000000e+04
1.663500000000000000e+04
1.665000000000000000e+04
1.666900000000000000e+04
1.668400000000000000e+04
1.669400000000000000e+04
1.670700000000000000e+04
1.672200000000000000e+04
1.674300000000000000e+04
1.675400000000000000e+04
1.676200000000000000e+04
1.676800000000000000e+04
1.678400000000000000e+04
1.679400000000000000e+04
1.680500000000000000e+04
1.681400000000000000e+04
1.681900000000000000e+04
1.682700000000000000e+04
1.683700000000000000e+04
1.684300000000000000e+04
1.684500000000000000e+04
1.684800000000000000e+04
1.685900000000000000e+04
1.686800000000000000e+04
1.687500000000000000e+04
1.687900000000000000e+04
1.688500000000000000e+04
1.688700000000000000e+04
1.689000000000000000e+04
1.689900000000000000e+04
1.690400000000000000e+04
1.691000000000000000e+04
1.691600000000000000e+04
1.691800000000000000e+04
1.692300000000000000e+04
1.693100000000000000e+04
1.693300000000000000e+04
1.693700000000000000e+04
1.694200000000000000e+04
1.694500000000000000e+04
1.694600000000000000e+04
1.695100000000000000e+04
1.695200000000000000e+04
1.695600000000000000e+04
1.695700000000000000e+04
1.695900000000000000e+04
1.696500000000000000e+04
1.696500000000000000e+04
1.697000000000000000e+04
1.697300000000000000e+04
1.697400000000000000e+04
1.697400000000000000e+04
1.697600000000000000e+04
1.697700000000000000e+04
1.697700000000000000e+04
1.698100000000000000e+04
1.698300000000000000e+04
1.698800000000000000e+04
1.698900000000000000e+04
1.699100000000000000e+04
1.699200000000000000e+04
1.699300000000000000e+04
1.699400000000000000e+04
1.699800000000000000e+04
1.699900000000000000e+04
1.699900000000000000e+04
1.700600000000000000e+04
1.700700000000000000e+04
1.700900000000000000e+04
1.701100000000000000e+04
1.701300000000000000e+04
1.701400000000000000e+04
1.701700000000000000e+04
1.701700000000000000e+04
1.701700000000000000e+04
1.701800000000000000e+04
1.702100000000000000e+04
1.702200000000000000e+04
1.702200000000000000e+04
1.702300000000000000e+04
1.702300000000000000e+04
1.702300000000000000e+04
1.702500000000000000e+04
1.702500000000000000e+04
1.702600000000000000e+04
1.702900000000000000e+04
1.702900000000000000e+04
1.703200000000000000e+04
1.703400000000000000e+04
1.703600000000000000e+04
1.703700000000000000e+04
1.703700000000000000e+04
1.704300000000000000e+04
1.704400000000000000e+04
1.704500000000000000e+04
1.704700000000000000e+04
1.704700000000000000e+04
1.704900000000000000e+04
1.705500000000000000e+04
1.705700000000000000e+04
1.706100000000000000e+04
1.706200000000000000e+04
1.706500000000000000e+04
1.706800000000000000e+04
1.707400000000000000e+04
1.707700000000000000e+04
1.707900000000000000e+04
1.708100000000000000e+04
1.708300000000000000e+04
1.708400000000000000e+04
1.708600000000000000e+04
1.709200000000000000e+04
1.709600000000000000e+04
1.710100000000000000e+04
1.710800000000000000e+04
1.711200000000000000e+04
1.711200000000000000e+04
1.711700000000000000e+04
1.711800000000000000e+04
1.712600000000000000e+04
1.713500000000000000e+04
1.714200000000000000e+04
1.714800000000000000e+04
1.715600000000000000e+04
1.716400000000000000e+04
1.717300000000000000e+04
1.718200000000000000e+04
1.718700000000000000e+04
1.719400000000000000e+04
1.719900000000000000e+04
1.720700000000000000e+04
1.721500000000000000e+04
1.721900000000000000e+04
1.723200000000000000e+04
1.724800000000000000e+04
1.726400000000000000e+04
1.728400000000000000e+04
1.729200000000000000e+04
1.730100000000000000e+04
1.730700000000000000e+04
1.732000000000000000e+04
1.733000000000000000e+04
1.734400000000000000e+04
1.736100000000000000e+04
1.736900000000000000e+04
1.737800000000000000e+04
1.739700000000000000e+04
1.741200000000000000e+04
1.742200000000000000e+04
1.744000000000000000e+04
1.745700000000000000e+04
1.746700000000000000e+04
1.748500000000000000e+04
1.750200000000000000e+04
1.751400000000000000e+04
1.752500000000000000e+04
1.753700000000000000e+04
1.754900000000000000e+04
1.756200000000000000e+04
1.757300000000000000e+04
1.758400000000000000e+04
1.760100000000000000e+04
1.761300000000000000e+04
1.762200000000000000e+04
1.763000000000000000e+04
1.763900000000000000e+04
1.764500000000000000e+04
1.765800000000000000e+04
1.767400000000000000e+04
1.768900000000000000e+04
1.770300000000000000e+04
1.771100000000000000e+04
1.772100000000000000e+04
1.773000000000000000e+04
1.774300000000000000e+04
1.775700000000000000e+04
1.776600000000000000e+04
1.777200000000000000e+04
1.778500000000000000e+04
1.779800000000000000e+04
1.781000000000000000e+04
1.781600000000000000e+04
1.782600000000000000e+04
1.783600000000000000e+04
1.784300000000000000e+04
1.785300000000000000e+04
1.786100000000000000e+04
1.786600000000000000e+04
1.787200000000000000e+04
1.788200000000000000e+04
1.788800000000000000e+04
1.789500000000000000e+04
1.790200000000000000e+04
1.790700000000000000e+04
1.791400000000000000e+04
1.792500000000000000e+04
1.793300000000000000e+04
1.793800000000000000e+04
1.794700000000000000e+04
1.795200000000000000e+04
1.795400000000000000e+04
1.795500000000000000e+04
1.796200000000000000e+04
1.796800000000000000e+04
1.797500000000000000e+04
1.797900000000000000e+04
1.798600000000000000e+04
1.799300000000000000e+04
1.800000000000000000e+04
1.800400000000000000e+04
1.800800000000000000e+04
1.801900000000000000e+04
1.802700000000000000e+04
1.803400000000000000e+04
1.804100000000000000e+04
1.804800000000000000e+04
1.805600000000000000e+04
1.806500000000000000e+04
1.807100000000000000e+04
1.807800000000000000e+04
1.808800000000000000e+04
1.809700000000000000e+04
1.810000000000000000e+04
1.810600000000000000e+04
1.810900000000000000e+04
1.811700000000000000e+04
1.812500000000000000e+04
1.812900000000000000e+04
1.813300000000000000e+04
1.813800000000000000e+04
1.814100000000000000e+04
1.814400000000000000e+04
1.814900000000000000e+04
1.815300000000000000e+04
1.815600000000000000e+04
1.815700000000000000e+04
1.816200000000000000e+04
1.817100000000000000e+04
1.818000000000000000e+04
1.818400000000000000e+04
1.819300000000000000e+04
1.819800000000000000e+04
1.820300000000000000e+04
1.820900000000000000e+04
1.821700000000000000e+04
1.822200000000000000e+04
1.823100000000000000e+04
1.823400000000000000e+04
1.824200000000000000e+04
1.825700000000000000e+04
1.826500000000000000e+04
1.827400000000000000e+04
1.828300000000000000e+04
1.829500000000000000e+04
1.830000000000000000e+04
1.831000000000000000e+04
1.832100000000000000e+04
1.833900000000000000e+04
1.835300000000000000e+04
1.837000000000000000e+04
1.838500000000000000e+04
1.839300000000000000e+04
1.840500000000000000e+04
1.841700000000000000e+04
1.843000000000000000e+04
1.844100000000000000e+04
1.845800000000000000e+04
1.847100000000000000e+04
1.849200000000000000e+04
1.851400000000000000e+04
1.853700000000000000e+04
1.855100000000000000e+04
1.857200000000000000e+04
1.858700000000000000e+04
1.861000000000000000e+04
1.862600000000000000e+04
1.864500000000000000e+04
1.865800000000000000e+04
1.867300000000000000e+04
1.868700000000000000e+04
1.869800000000000000e+04
1.871700000000000000e+04
1.874100000000000000e+04
1.875300000000000000e+04
1.877800000000000000e+04
1.879600000000000000e+04
1.881200000000000000e+04
1.882300000000000000e+04
1.884000000000000000e+04
1.885100000000000000e+04
1.886100000000000000e+04
1.887400000000000000e+04
1.889000000000000000e+04
1.890900000000000000e+04
1.892100000000000000e+04
1.893700000000000000e+04
1.895500000000000000e+04
1.897600000000000000e+04
1.899000000000000000e+04
1.900000000000000000e+04
1.901500000000000000e+04
1.902900000000000000e+04
1.905400000000000000e+04
1.907100000000000000e+04
1.909100000000000000e+04
1.911300000000000000e+04
1.913300000000000000e+04
1.916100000000000000e+04
1.918100000000000000e+04
1.920300000000000000e+04
1.923700000000000000e+04
1.927000000000000000e+04
1.930300000000000000e+04
1.933400000000000000e+04
1.938000000000000000e+04
1.941300000000000000e+04
1.944700000000000000e+04
1.949600000000000000e+04
1.953900000000000000e+04
1.956900000000000000e+04
1.961300000000000000e+04
1.966100000000000000e+04
1.970300000000000000e+04
1.974400000000000000e+04
1.978800000000000000e+04
1.982700000000000000e+04
1.985600000000000000e+04
1.990500000000000000e+04
1.996800000000000000e+04
2.002400000000000000e+04
2.007700000000000000e+04
2.012700000000000000e+04
2.017100000000000000e+04
2.022200000000000000e+04
2.025800000000000000e+04
2.030200000000000000e+04
2.035400000000000000e+04
2.040100000000000000e+04
2.044200000000000000e+04
2.049200000000000000e+04
2.053000000000000000e+04
2.056500000000000000e+04
2.062000000000000000e+04
2.066600000000000000e+04
2.070800000000000000e+04
2.075900000000000000e+04
2.079600000000000000e+04
2.083100000000000000e+04
2.086600000000000000e+04
2.089400000000000000e+04
2.092200000000000000e+04
2.094100000000000000e+04
2.097300000000000000e+04
2.100100000000000000e+04
2.103900000000000000e+04
2.106300000000000000e+04
2.108600000000000000e+04
2.111100000000000000e+04
2.114100000000000000e+04
2.116200000000000000e+04
2.118200000000000000e+04
2.119900000000000000e+04
2.121600000000000000e+04
2.124800000000000000e+04
2.126700000000000000e+04
2.128500000000000000e+04
2.128500000000000000e+04
2.128500000000000000e+04
2.128500000000000000e+04
2.134200000000000000e+04
2.134200000000000000e+04
2.134200000000000000e+04
2.134200000000000000e+04
2.140800000000000000e+04
2.140800000000000000e+04
2.140800000000000000e+04
2.140800000000000000e+04
2.140800000000000000e+04
2.140800000000000000e+04
2.140800000000000000e+04
2.154500000000000000e+04
2.154500000000000000e+04
2.154500000000000000e+04
2.154500000000000000e+04
2.154500000000000000e+04
2.154500000000000000e+04
2.169500000000000000e+04
2.171600000000000000e+04
2.171600000000000000e+04
2.171600000000000000e+04
2.173300000000000000e+04
2.178900000000000000e+04
2.181300000000000000e+04
2.182700000000000000e+04
2.187400000000000000e+04
2.187400000000000000e+04
2.187400000000000000e+04
2.193500000000000000e+04
2.195800000000000000e+04
2.197000000000000000e+04
2.199300000000000000e+04
2.199300000000000000e+04
2.199300000000000000e+04
2.199300000000000000e+04
2.199300000000000000e+04
2.208800000000000000e+04
2.210600000000000000e+04
2.212700000000000000e+04
2.214800000000000000e+04
2.216200000000000000e+04
2.216200000000000000e+04
2.216200000000000000e+04
2.216200000000000000e+04
2.222600000000000000e+04
2.224800000000000000e+04
2.228000000000000000e+04
2.228000000000000000e+04
2.228000000000000000e+04
2.228000000000000000e+04
2.233700000000000000e+04
2.235500000000000000e+04
2.238100000000000000e+04
2.239700000000000000e+04
2.242000000000000000e+04
2.242000000000000000e+04
2.242000000000000000e+04
2.247200000000000000e+04
2.250000000000000000e+04
2.252800000000000000e+04
2.252800000000000000e+04
2.258300000000000000e+04
2.258300000000000000e+04
2.258300000000000000e+04
2.266500000000000000e+04
2.266500000000000000e+04
2.272200000000000000e+04
2.275400000000000000e+04
2.275400000000000000e+04
2.275400000000000000e+04
2.278400000000000000e+04
2.288500000000000000e+04
2.292600000000000000e+04
2.292600000000000000e+04
2.298100000000000000e+04
2.298100000000000000e+04
2.298100000000000000e+04
2.301400000000000000e+04
2.311500000000000000e+04
2.315000000000000000e+04
2.319000000000000000e+04
2.324300000000000000e+04
2.324300000000000000e+04
2.324300000000000000e+04
2.324300000000000000e+04
2.341100000000000000e+04
2.348800000000000000e+04
2.348900000000000000e+04
2.353100000000000000e+04
2.353100000000000000e+04
2.353100000000000000e+04
2.353100000000000000e+04
2.370700000000000000e+04
2.374600000000000000e+04
2.374600000000000000e+04
2.374600000000000000e+04
2.374600000000000000e+04
2.374600000000000000e+04
2.392400000000000000e+04
2.394600000000000000e+04
2.396700000000000000e+04
2.399500000000000000e+04
2.401300000000000000e+04
2.401300000000000000e+04
2.401300000000000000e+04
2.406100000000000000e+04
2.408200000000000000e+04
2.412100000000000000e+04
2.414900000000000000e+04
2.414900000000000000e+04
2.414900000000000000e+04
2.414900000000000000e+04
2.414900000000000000e+04
2.423600000000000000e+04
2.425300000000000000e+04
2.427300000000000000e+04
2.429100000000000000e+04
2.429100000000000000e+04
2.429100000000000000e+04
2.434600000000000000e+04
2.435900000000000000e+04
2.436900000000000000e+04
2.438100000000000000e+04
2.438100000000000000e+04
2.438100000000000000e+04
2.438100000000000000e+04
2.447400000000000000e+04
2.448700000000000000e+04
2.450300000000000000e+04
2.451300000000000000e+04
2.452800000000000000e+04
2.452800000000000000e+04
2.452800000000000000e+04
2.455500000000000000e+04
2.456400000000000000e+04
2.457600000000000000e+04
2.458700000000000000e+04
2.459200000000000000e+04
2.459200000000000000e+04
2.459200000000000000e+04
2.462300000000000000e+04
2.463500000000000000e+04
2.464500000000000000e+04
2.465600000000000000e+04
2.466400000000000000e+04
2.466400000000000000e+04
2.466400000000000000e+04
2.467000000000000000e+04
2.470700000000000000e+04
2.471400000000000000e+04
2.472100000000000000e+04
2.472200000000000000e+04
2.472200000000000000e+04
2.472200000000000000e+04
2.472600000000000000e+04
2.475400000000000000e+04
2.476200000000000000e+04
2.476400000000000000e+04
2.477200000000000000e+04
2.477200000000000000e+04
2.477200000000000000e+04
2.477500000000000000e+04
2.479700000000000000e+04
2.479700000000000000e+04
2.481000000000000000e+04
2.481300000000000000e+04
2.481300000000000000e+04
2.481300000000000000e+04
2.483900000000000000e+04
2.484500000000000000e+04
2.485500000000000000e+04
2.485700000000000000e+04
2.486500000000000000e+04
2.486500000000000000e+04
2.486500000000000000e+04
2.488600000000000000e+04
2.489300000000000000e+04
2.489900000000000000e+04
2.490500000000000000e+04
2.490900000000000000e+04
2.490900000000000000e+04
2.490900000000000000e+04
2.492400000000000000e+04
2.493100000000000000e+04
2.494200000000000000e+04
2.494700000000000000e+04
2.495100000000000000e+04
2.495100000000000000e+04
2.495100000000000000e+04
2.496600000000000000e+04
2.497000000000000000e+04
2.497200000000000000e+04
2.498400000000000000e+04
2.499100000000000000e+04
2.499100000000000000e+04
2.499100000000000000e+04
2.500800000000000000e+04
2.501200000000000000e+04
2.501700000000000000e+04
2.502400000000000000e+04
2.503100000000000000e+04
2.503100000000000000e+04
2.503100000000000000e+04
2.505800000000000000e+04
2.506300000000000000e+04
2.507000000000000000e+04
2.507500000000000000e+04
2.507500000000000000e+04
2.507500000000000000e+04
2.507500000000000000e+04
2.508700000000000000e+04
2.510600000000000000e+04
2.511400000000000000e+04
2.511900000000000000e+04
2.512500000000000000e+04
2.512500000000000000e+04
2.512500000000000000e+04
2.512500000000000000e+04
2.512800000000000000e+04
2.512800000000000000e+04
2.512800000000000000e+04
2.512800000000000000e+04
2.512800000000000000e+04
2.512800000000000000e+04
2.512800000000000000e+04
2.520300000000000000e+04
2.520900000000000000e+04
2.520900000000000000e+04
2.520900000000000000e+04
2.520900000000000000e+04
2.522800000000000000e+04
2.522800000000000000e+04
2.522800000000000000e+04
2.522800000000000000e+04
2.522800000000000000e+04
2.522800000000000000e+04
2.522800000000000000e+04
2.529000000000000000e+04
2.531200000000000000e+04
2.531200000000000000e+04
2.531900000000000000e+04
2.531900000000000000e+04
2.531900000000000000e+04
2.533900000000000000e+04
2.533900000000000000e+04
2.536500000000000000e+04
2.536500000000000000e+04
2.536500000000000000e+04
2.536500000000000000e+04
2.539500000000000000e+04
2.539500000000000000e+04
2.539500000000000000e+04
2.539500000000000000e+04
2.539500000000000000e+04
2.539500000000000000e+04
2.539500000000000000e+04
2.545000000000000000e+04
2.545000000000000000e+04
2.545000000000000000e+04
2.545000000000000000e+04
2.545000000000000000e+04
2.545000000000000000e+04
2.545000000000000000e+04
2.551700000000000000e+04
2.551700000000000000e+04
2.551700000000000000e+04
2.551700000000000000e+04
2.551700000000000000e+04
2.551700000000000000e+04
2.558400000000000000e+04
2.558400000000000000e+04
2.558400000000000000e+04
2.558400000000000000e+04
2.558400000000000000e+04
2.558400000000000000e+04
2.564300000000000000e+04
2.564300000000000000e+04
2.564300000000000000e+04
2.564300000000000000e+04
2.564300000000000000e+04
2.564300000000000000e+04
2.569300000000000000e+04
2.569300000000000000e+04
2.571400000000000000e+04
2.571400000000000000e+04
2.571400000000000000e+04
2.571400000000000000e+04
2.571400000000000000e+04
2.571400000000000000e+04
2.571400000000000000e+04
2.571400000000000000e+04
2.571400000000000000e+04
2.571400000000000000e+04
2.571400000000000000e+04
2.571400000000000000e+04
2.580500000000000000e+04
2.580500000000000000e+04
2.580500000000000000e+04
2.580500000000000000e+04
2.580500000000000000e+04
2.580500000000000000e+04
2.580500000000000000e+04
2.580500000000000000e+04
2.580500000000000000e+04
2.580500000000000000e+04
2.580500000000000000e+04
