-2.015420993691835902e+05
-2.065156400432120427e+05
-2.121168669282619958e+05
-2.176470118536484079e+05
-2.222605050557125360e+05
-2.272607237436785945e+05
-2.425711107584943529e+05
-2.497825578364223475e+05
-2.547560985104496067e+05
-2.603573253955037217e+05
-2.658874703208892024e+05
-2.705009635229447158e+05
-2.755011822109151399e+05
-2.908115692257299088e+05
-2.980230163036502781e+05
-3.029965569776801276e+05
-3.085977838627311867e+05
-3.141279287881272030e+05
-3.187414219901768956e+05
-3.237416406781536061e+05
-3.390520276929690735e+05
-3.462634747708906652e+05
-3.512370154449089896e+05
-3.568382423299670336e+05
-3.623683872553493129e+05
-3.669818804574045353e+05
-3.719820991453715833e+05
-3.872924861602090532e+05
-3.945039332381252316e+05
-3.994774739121387247e+05
-4.050787007972036372e+05
-4.106088457225865568e+05
-4.152223389246558072e+05
-4.202225576126084197e+05
-4.355329446274471702e+05
-4.427443917053581681e+05
-4.477179323793888907e+05
-4.533191592644379125e+05
-4.588493041898245574e+05
-4.634627973918834468e+05
-4.684630160798449651e+05
-4.837734030946845305e+05
-4.909848501725860988e+05
-4.959583908466107678e+05
-5.015596177316645626e+05
-5.070897626570474822e+05
-5.117032558591148118e+05
-5.167034745470823837e+05
-5.320138615618972108e+05
-5.392253086398264859e+05
-5.441988493138481863e+05
-5.498000761989011662e+05
-5.553302211242846679e+05
-5.599437143263570033e+05
-5.649439330143189291e+05
-5.802543200291381218e+05
-5.874657671070543583e+05
-5.924393077810780378e+05
-5.980405346661369549e+05
-6.035706795915246475e+05
