2.052712729180944370e+04
2.053608638977988448e+04
2.054444674880982348e+04
2.054920154313234161e+04
2.055135579581708589e+04
2.055398716662044535e+04
2.055488979910724083e+04
2.055166256784662255e+04
2.054837200665533237e+04
2.054503779134758588e+04
2.053863796385527894e+04
2.053016228326056807e+04
2.052267474084322384e+04
2.051395891033332009e+04
2.050160743145268134e+04
2.048968587476752145e+04
2.047821883886737487e+04
2.046419545521960026e+04
2.044862268574038899e+04
2.043458746046305896e+04
2.041990134699016562e+04
2.040218907968896383e+04
2.038555123479334725e+04
2.037004894750313906e+04
2.035270789692746257e+04
2.033456999817978431e+04
2.031875390531468656e+04
2.030309807338019527e+04
2.028524776267579000e+04
2.026931632338347117e+04
2.025536870400326734e+04
2.024042445073216732e+04
2.022550867117196685e+04
2.021371209197262579e+04
2.020283397576852440e+04
2.019046928833632410e+04
2.018067045262183819e+04
2.017343162234192278e+04
2.016569272280887526e+04
2.015839170479030145e+04
2.015452610627719696e+04
2.015179764674378021e+04
2.014770119929387511e+04
2.014618842845183462e+04
2.014715397554445008e+04
2.014744138820378430e+04
2.014789718983328930e+04
2.015143413653019525e+04
2.015567734260418729e+04
2.015805458178386834e+04
2.016246101974248086e+04
2.016874623476883426e+04
2.017372070561215514e+04
2.017821015283187808e+04
2.018511877975681273e+04
2.019207510080816428e+04
2.019652167855104199e+04
2.020237904646007519e+04
2.020953170189151570e+04
2.021483338132322388e+04
