0.000000000000000000e+00
0.000000000000000000e+00
0.000000000000000000e+00
0.000000000000000000e+00
0.000000000000000000e+00
0.000000000000000000e+00
0.000000000000000000e+00
0.000000000000000000e+00
0.000000000000000000e+00
0.000000000000000000e+00
0.000000000000000000e+00
0.000000000000000000e+00
0.000000000000000000e+00
0.000000000000000000e+00
0.000000000000000000e+00
0.000000000000000000e+00
0.000000000000000000e+00
0.000000000000000000e+00
0.000000000000000000e+00
0.000000000000000000e+00
0.000000000000000000e+00
0.000000000000000000e+00
0.000000000000000000e+00
0.000000000000000000e+00
0.000000000000000000e+00
0.000000000000000000e+00
0.000000000000000000e+00
0.000000000000000000e+00
0.000000000000000000e+00
0.000000000000000000e+00
0.000000000000000000e+00
0.000000000000000000e+00
0.000000000000000000e+00
0.000000000000000000e+00
0.000000000000000000e+00
0.000000000000000000e+00
0.000000000000000000e+00
0.000000000000000000e+00
0.000000000000000000e+00
0.000000000000000000e+00
0.000000000000000000e+00
0.000000000000000000e+00
0.000000000000000000e+00
0.000000000000000000e+00
0.000000000000000000e+00
0.000000000000000000e+00
0.000000000000000000e+00
0.000000000000000000e+00
0.000000000000000000e+00
0.000000000000000000e+00
0.000000000000000000e+00
0.000000000000000000e+00
0.000000000000000000e+00
0.000000000000000000e+00
0.000000000000000000e+00
0.000000000000000000e+00
0.000000000000000000e+00
0.000000000000000000e+00
0.000000000000000000e+00
0.000000000000000000e+00
0.000000000000000000e+00
0.000000000000000000e+00
0.000000000000000000e+00
0.000000000000000000e+00
0.000000000000000000e+00
0.000000000000000000e+00
0.000000000000000000e+00
0.000000000000000000e+00
0.000000000000000000e+00
0.000000000000000000e+00
0.000000000000000000e+00
0.000000000000000000e+00
0.000000000000000000e+00
0.000000000000000000e+00
0.000000000000000000e+00
0.000000000000000000e+00
0.000000000000000000e+00
0.000000000000000000e+00
0.000000000000000000e+00
0.000000000000000000e+00
0.000000000000000000e+00
0.000000000000000000e+00
0.000000000000000000e+00
0.000000000000000000e+00
0.000000000000000000e+00
0.000000000000000000e+00
0.000000000000000000e+00
0.000000000000000000e+00
0.000000000000000000e+00
0.000000000000000000e+00
0.000000000000000000e+00
0.000000000000000000e+00
0.000000000000000000e+00
0.000000000000000000e+00
0.000000000000000000e+00
0.000000000000000000e+00
0.000000000000000000e+00
0.000000000000000000e+00
0.000000000000000000e+00
0.000000000000000000e+00
0.000000000000000000e+00
0.000000000000000000e+00
0.000000000000000000e+00
0.000000000000000000e+00
0.000000000000000000e+00
0.000000000000000000e+00
0.000000000000000000e+00
0.000000000000000000e+00
0.000000000000000000e+00
0.000000000000000000e+00
0.000000000000000000e+00
0.000000000000000000e+00
0.000000000000000000e+00
0.000000000000000000e+00
0.000000000000000000e+00
1.000000000000000000e+00
2.000000000000000000e+00
2.000000000000000000e+00
2.000000000000000000e+00
2.000000000000000000e+00
3.000000000000000000e+00
3.000000000000000000e+00
3.000000000000000000e+00
3.000000000000000000e+00
4.000000000000000000e+00
4.000000000000000000e+00
4.000000000000000000e+00
5.000000000000000000e+00
6.000000000000000000e+00
6.000000000000000000e+00
8.000000000000000000e+00
8.000000000000000000e+00
8.000000000000000000e+00
9.000000000000000000e+00
1.000000000000000000e+01
1.100000000000000000e+01
1.300000000000000000e+01
1.300000000000000000e+01
1.400000000000000000e+01
1.500000000000000000e+01
1.500000000000000000e+01
1.500000000000000000e+01
1.600000000000000000e+01
1.800000000000000000e+01
1.900000000000000000e+01
1.900000000000000000e+01
1.900000000000000000e+01
2.000000000000000000e+01
2.200000000000000000e+01
2.200000000000000000e+01
2.200000000000000000e+01
2.300000000000000000e+01
2.300000000000000000e+01
2.400000000000000000e+01
2.400000000000000000e+01
2.600000000000000000e+01
2.700000000000000000e+01
2.800000000000000000e+01
2.800000000000000000e+01
2.900000000000000000e+01
2.900000000000000000e+01
3.000000000000000000e+01
3.100000000000000000e+01
3.200000000000000000e+01
3.400000000000000000e+01
3.400000000000000000e+01
3.500000000000000000e+01
3.500000000000000000e+01
3.500000000000000000e+01
3.500000000000000000e+01
3.500000000000000000e+01
3.800000000000000000e+01
3.800000000000000000e+01
3.800000000000000000e+01
3.800000000000000000e+01
3.900000000000000000e+01
3.900000000000000000e+01
4.000000000000000000e+01
4.000000000000000000e+01
4.000000000000000000e+01
4.000000000000000000e+01
4.000000000000000000e+01
4.200000000000000000e+01
4.300000000000000000e+01
4.400000000000000000e+01
4.500000000000000000e+01
4.500000000000000000e+01
4.800000000000000000e+01
4.900000000000000000e+01
4.900000000000000000e+01
5.200000000000000000e+01
5.600000000000000000e+01
5.600000000000000000e+01
5.700000000000000000e+01
5.700000000000000000e+01
5.800000000000000000e+01
6.000000000000000000e+01
6.500000000000000000e+01
7.000000000000000000e+01
7.300000000000000000e+01
7.500000000000000000e+01
7.900000000000000000e+01
8.300000000000000000e+01
9.100000000000000000e+01
9.500000000000000000e+01
9.900000000000000000e+01
1.020000000000000000e+02
1.040000000000000000e+02
1.070000000000000000e+02
1.140000000000000000e+02
1.200000000000000000e+02
1.260000000000000000e+02
1.370000000000000000e+02
1.460000000000000000e+02
1.490000000000000000e+02
1.570000000000000000e+02
1.640000000000000000e+02
1.750000000000000000e+02
1.830000000000000000e+02
1.950000000000000000e+02
2.070000000000000000e+02
2.210000000000000000e+02
2.280000000000000000e+02
2.390000000000000000e+02
2.510000000000000000e+02
2.570000000000000000e+02
2.710000000000000000e+02
2.800000000000000000e+02
2.890000000000000000e+02
3.000000000000000000e+02
3.060000000000000000e+02
3.120000000000000000e+02
3.170000000000000000e+02
3.220000000000000000e+02
3.360000000000000000e+02
3.450000000000000000e+02
3.600000000000000000e+02
3.710000000000000000e+02
3.790000000000000000e+02
3.830000000000000000e+02
3.900000000000000000e+02
4.010000000000000000e+02
4.110000000000000000e+02
4.270000000000000000e+02
4.290000000000000000e+02
4.360000000000000000e+02
4.530000000000000000e+02
4.590000000000000000e+02
4.670000000000000000e+02
4.770000000000000000e+02
4.810000000000000000e+02
4.910000000000000000e+02
4.980000000000000000e+02
5.090000000000000000e+02
5.200000000000000000e+02
5.280000000000000000e+02
5.350000000000000000e+02
5.540000000000000000e+02
5.630000000000000000e+02
5.780000000000000000e+02
5.900000000000000000e+02
6.000000000000000000e+02
6.140000000000000000e+02
6.360000000000000000e+02
6.450000000000000000e+02
6.630000000000000000e+02
6.750000000000000000e+02
6.940000000000000000e+02
7.150000000000000000e+02
7.270000000000000000e+02
7.390000000000000000e+02
7.570000000000000000e+02
7.650000000000000000e+02
7.910000000000000000e+02
8.120000000000000000e+02
8.290000000000000000e+02
8.420000000000000000e+02
8.470000000000000000e+02
8.620000000000000000e+02
8.760000000000000000e+02
8.870000000000000000e+02
9.040000000000000000e+02
9.200000000000000000e+02
9.370000000000000000e+02
9.600000000000000000e+02
9.840000000000000000e+02
1.004000000000000000e+03
1.034000000000000000e+03
1.052000000000000000e+03
1.070000000000000000e+03
1.087000000000000000e+03
1.108000000000000000e+03
1.126000000000000000e+03
1.148000000000000000e+03
1.174000000000000000e+03
1.189000000000000000e+03
1.202000000000000000e+03
1.215000000000000000e+03
1.221000000000000000e+03
1.230000000000000000e+03
1.247000000000000000e+03
1.259000000000000000e+03
1.276000000000000000e+03
1.298000000000000000e+03
1.305000000000000000e+03
1.321000000000000000e+03
1.337000000000000000e+03
1.361000000000000000e+03
1.389000000000000000e+03
1.412000000000000000e+03
1.435000000000000000e+03
1.454000000000000000e+03
1.479000000000000000e+03
1.508000000000000000e+03
1.529000000000000000e+03
1.538000000000000000e+03
1.551000000000000000e+03
1.567000000000000000e+03
1.577000000000000000e+03
1.594000000000000000e+03
1.614000000000000000e+03
1.637000000000000000e+03
1.651000000000000000e+03
1.663000000000000000e+03
1.674000000000000000e+03
1.689000000000000000e+03
1.698000000000000000e+03
1.716000000000000000e+03
1.730000000000000000e+03
1.743000000000000000e+03
1.749000000000000000e+03
1.765000000000000000e+03
1.777000000000000000e+03
1.788000000000000000e+03
1.795000000000000000e+03
1.798000000000000000e+03
1.803000000000000000e+03
1.808000000000000000e+03
1.816000000000000000e+03
1.819000000000000000e+03
1.825000000000000000e+03
1.832000000000000000e+03
1.840000000000000000e+03
1.847000000000000000e+03
1.856000000000000000e+03
1.864000000000000000e+03
1.870000000000000000e+03
1.878000000000000000e+03
1.885000000000000000e+03
1.893000000000000000e+03
1.899000000000000000e+03
1.903000000000000000e+03
1.909000000000000000e+03
1.912000000000000000e+03
1.917000000000000000e+03
1.927000000000000000e+03
1.932000000000000000e+03
1.937000000000000000e+03
1.943000000000000000e+03
1.948000000000000000e+03
1.954000000000000000e+03
1.959000000000000000e+03
1.965000000000000000e+03
1.969000000000000000e+03
1.975000000000000000e+03
1.979000000000000000e+03
1.986000000000000000e+03
1.994000000000000000e+03
2.001000000000000000e+03
2.011000000000000000e+03
2.017000000000000000e+03
2.020000000000000000e+03
2.020000000000000000e+03
2.025000000000000000e+03
2.027000000000000000e+03
2.029000000000000000e+03
2.029000000000000000e+03
2.030000000000000000e+03
2.031000000000000000e+03
2.033000000000000000e+03
2.035000000000000000e+03
2.035000000000000000e+03
2.038000000000000000e+03
2.045000000000000000e+03
2.047000000000000000e+03
2.047000000000000000e+03
2.052000000000000000e+03
2.054000000000000000e+03
2.054000000000000000e+03
2.054000000000000000e+03
2.055000000000000000e+03
2.055000000000000000e+03
2.055000000000000000e+03
2.058000000000000000e+03
2.061000000000000000e+03
2.061000000000000000e+03
2.061000000000000000e+03
2.061000000000000000e+03
2.065000000000000000e+03
2.684000000000000000e+03
2.685000000000000000e+03
2.771000000000000000e+03
2.773000000000000000e+03
2.774000000000000000e+03
2.777000000000000000e+03
2.777000000000000000e+03
2.778000000000000000e+03
2.778000000000000000e+03
3.010000000000000000e+03
3.010000000000000000e+03
3.010000000000000000e+03
3.011000000000000000e+03
3.012000000000000000e+03
3.012000000000000000e+03
3.012000000000000000e+03
3.012000000000000000e+03
3.014000000000000000e+03
3.014000000000000000e+03
3.014000000000000000e+03
3.014000000000000000e+03
3.014000000000000000e+03
3.015000000000000000e+03
3.016000000000000000e+03
3.016000000000000000e+03
3.016000000000000000e+03
3.019000000000000000e+03
3.019000000000000000e+03
3.020000000000000000e+03
3.020000000000000000e+03
3.024000000000000000e+03
3.027000000000000000e+03
3.027000000000000000e+03
3.027000000000000000e+03
3.030000000000000000e+03
3.030000000000000000e+03
3.031000000000000000e+03
3.031000000000000000e+03
3.032000000000000000e+03
3.032000000000000000e+03
3.036000000000000000e+03
3.036000000000000000e+03
3.038000000000000000e+03
3.038000000000000000e+03
3.038000000000000000e+03
3.039000000000000000e+03
3.040000000000000000e+03
3.053000000000000000e+03
3.058000000000000000e+03
3.061000000000000000e+03
3.066000000000000000e+03
3.070000000000000000e+03
3.075000000000000000e+03
3.083000000000000000e+03
3.091000000000000000e+03
3.102000000000000000e+03
3.112000000000000000e+03
3.117000000000000000e+03
3.122000000000000000e+03
3.136000000000000000e+03
3.164000000000000000e+03
3.176000000000000000e+03
3.194000000000000000e+03
3.211000000000000000e+03
3.246000000000000000e+03
3.279000000000000000e+03
3.298000000000000000e+03
3.325000000000000000e+03
3.362000000000000000e+03
3.417000000000000000e+03
3.475000000000000000e+03
3.529000000000000000e+03
3.579000000000000000e+03
3.632000000000000000e+03
3.720000000000000000e+03
3.859000000000000000e+03
4.084000000000000000e+03
4.252000000000000000e+03
4.466000000000000000e+03
4.669000000000000000e+03
4.856000000000000000e+03
5.001000000000000000e+03
5.215000000000000000e+03
5.411000000000000000e+03
5.657000000000000000e+03
5.847000000000000000e+03
6.024000000000000000e+03
6.153000000000000000e+03
6.346000000000000000e+03
6.531000000000000000e+03
6.700000000000000000e+03
6.845000000000000000e+03
6.951000000000000000e+03
7.047000000000000000e+03
7.163000000000000000e+03
7.272000000000000000e+03
7.386000000000000000e+03
7.454000000000000000e+03
7.555000000000000000e+03
7.630000000000000000e+03
7.731000000000000000e+03
7.799000000000000000e+03
7.898000000000000000e+03
7.990000000000000000e+03
8.098000000000000000e+03
8.179000000000000000e+03
8.238000000000000000e+03
8.305000000000000000e+03
8.366000000000000000e+03
8.412000000000000000e+03
8.465000000000000000e+03
8.506000000000000000e+03
8.558000000000000000e+03
8.597000000000000000e+03
8.641000000000000000e+03
8.675000000000000000e+03
8.726000000000000000e+03
8.772000000000000000e+03
8.813000000000000000e+03
8.894000000000000000e+03
8.918000000000000000e+03
8.945000000000000000e+03
8.975000000000000000e+03
9.009000000000000000e+03
9.051000000000000000e+03
9.071000000000000000e+03
9.112000000000000000e+03
9.145000000000000000e+03
9.179000000000000000e+03
9.198000000000000000e+03
9.225000000000000000e+03
9.248000000000000000e+03
9.263000000000000000e+03
9.291000000000000000e+03
9.320000000000000000e+03
9.340000000000000000e+03
9.362000000000000000e+03
9.382000000000000000e+03
9.400000000000000000e+03
9.412000000000000000e+03
9.430000000000000000e+03
9.463000000000000000e+03
9.506000000000000000e+03
9.527000000000000000e+03
9.550000000000000000e+03
9.582000000000000000e+03
9.607000000000000000e+03
9.637000000000000000e+03
9.661000000000000000e+03
9.679000000000000000e+03
9.695000000000000000e+03
9.713000000000000000e+03
9.738000000000000000e+03
9.758000000000000000e+03
9.791000000000000000e+03
9.807000000000000000e+03
9.834000000000000000e+03
9.857000000000000000e+03
9.875000000000000000e+03
9.898000000000000000e+03
9.922000000000000000e+03
9.957000000000000000e+03
9.994000000000000000e+03
1.001900000000000000e+04
1.003800000000000000e+04
1.009300000000000000e+04
1.011500000000000000e+04
1.015000000000000000e+04
1.018000000000000000e+04
1.021200000000000000e+04
1.023900000000000000e+04
1.025900000000000000e+04
1.029200000000000000e+04
1.032700000000000000e+04
1.035400000000000000e+04
1.039600000000000000e+04
1.042900000000000000e+04
1.045500000000000000e+04
1.048500000000000000e+04
1.050900000000000000e+04
1.053300000000000000e+04
1.056800000000000000e+04
1.061200000000000000e+04
1.063800000000000000e+04
1.066300000000000000e+04
1.069000000000000000e+04
1.071400000000000000e+04
1.073000000000000000e+04
1.075000000000000000e+04
1.077000000000000000e+04
1.078600000000000000e+04
1.080900000000000000e+04
1.081800000000000000e+04
1.083800000000000000e+04
1.085800000000000000e+04
1.087900000000000000e+04
1.088900000000000000e+04
1.090300000000000000e+04
1.092400000000000000e+04
1.093600000000000000e+04
1.094900000000000000e+04
1.096500000000000000e+04
1.098400000000000000e+04
1.099100000000000000e+04
1.100200000000000000e+04
1.101200000000000000e+04
1.102800000000000000e+04
1.104000000000000000e+04
1.104800000000000000e+04
1.105300000000000000e+04
1.105900000000000000e+04
1.107200000000000000e+04
1.108100000000000000e+04
1.108700000000000000e+04
1.109600000000000000e+04
1.110300000000000000e+04
1.111500000000000000e+04
1.112300000000000000e+04
1.113500000000000000e+04
1.114800000000000000e+04
1.115700000000000000e+04
1.116400000000000000e+04
1.117400000000000000e+04
1.118000000000000000e+04
1.119200000000000000e+04
1.120000000000000000e+04
1.121000000000000000e+04
1.122100000000000000e+04
1.123100000000000000e+04
1.124300000000000000e+04
1.125700000000000000e+04
1.126100000000000000e+04
1.126900000000000000e+04
1.127700000000000000e+04
1.127800000000000000e+04
1.128400000000000000e+04
1.129300000000000000e+04
1.130500000000000000e+04
1.131800000000000000e+04
1.132600000000000000e+04
1.133700000000000000e+04
1.134500000000000000e+04
1.134800000000000000e+04
1.136100000000000000e+04
1.137200000000000000e+04
1.138000000000000000e+04
1.138200000000000000e+04
