0.000000000000000000e+00
0.000000000000000000e+00
0.000000000000000000e+00
0.000000000000000000e+00
0.000000000000000000e+00
0.000000000000000000e+00
0.000000000000000000e+00
0.000000000000000000e+00
0.000000000000000000e+00
0.000000000000000000e+00
0.000000000000000000e+00
0.000000000000000000e+00
0.000000000000000000e+00
0.000000000000000000e+00
0.000000000000000000e+00
0.000000000000000000e+00
0.000000000000000000e+00
0.000000000000000000e+00
0.000000000000000000e+00
0.000000000000000000e+00
0.000000000000000000e+00
1.000000000000000000e+00
0.000000000000000000e+00
0.000000000000000000e+00
0.000000000000000000e+00
0.000000000000000000e+00
0.000000000000000000e+00
0.000000000000000000e+00
0.000000000000000000e+00
0.000000000000000000e+00
0.000000000000000000e+00
0.000000000000000000e+00
0.000000000000000000e+00
0.000000000000000000e+00
0.000000000000000000e+00
0.000000000000000000e+00
0.000000000000000000e+00
0.000000000000000000e+00
0.000000000000000000e+00
0.000000000000000000e+00
0.000000000000000000e+00
0.000000000000000000e+00
0.000000000000000000e+00
0.000000000000000000e+00
0.000000000000000000e+00
0.000000000000000000e+00
0.000000000000000000e+00
0.000000000000000000e+00
0.000000000000000000e+00
0.000000000000000000e+00
0.000000000000000000e+00
0.000000000000000000e+00
0.000000000000000000e+00
0.000000000000000000e+00
0.000000000000000000e+00
0.000000000000000000e+00
0.000000000000000000e+00
0.000000000000000000e+00
0.000000000000000000e+00
0.000000000000000000e+00
0.000000000000000000e+00
0.000000000000000000e+00
0.000000000000000000e+00
0.000000000000000000e+00
0.000000000000000000e+00
0.000000000000000000e+00
0.000000000000000000e+00
0.000000000000000000e+00
0.000000000000000000e+00
0.000000000000000000e+00
0.000000000000000000e+00
0.000000000000000000e+00
0.000000000000000000e+00
0.000000000000000000e+00
0.000000000000000000e+00
0.000000000000000000e+00
0.000000000000000000e+00
0.000000000000000000e+00
0.000000000000000000e+00
0.000000000000000000e+00
0.000000000000000000e+00
0.000000000000000000e+00
0.000000000000000000e+00
0.000000000000000000e+00
0.000000000000000000e+00
1.000000000000000000e+00
0.000000000000000000e+00
0.000000000000000000e+00
2.000000000000000000e+00
0.000000000000000000e+00
0.000000000000000000e+00
3.000000000000000000e+00
3.000000000000000000e+00
1.000000000000000000e+00
1.000000000000000000e+00
4.000000000000000000e+00
0.000000000000000000e+00
0.000000000000000000e+00
0.000000000000000000e+00
0.000000000000000000e+00
0.000000000000000000e+00
0.000000000000000000e+00
0.000000000000000000e+00
0.000000000000000000e+00
0.000000000000000000e+00
6.000000000000000000e+00
0.000000000000000000e+00
9.000000000000000000e+00
0.000000000000000000e+00
0.000000000000000000e+00
2.000000000000000000e+00
0.000000000000000000e+00
2.000000000000000000e+00
0.000000000000000000e+00
1.000000000000000000e+00
0.000000000000000000e+00
0.000000000000000000e+00
0.000000000000000000e+00
1.000000000000000000e+00
8.000000000000000000e+00
4.000000000000000000e+00
2.100000000000000000e+01
0.000000000000000000e+00
1.700000000000000000e+01
2.500000000000000000e+01
4.300000000000000000e+01
2.800000000000000000e+01
4.000000000000000000e+00
1.900000000000000000e+01
1.300000000000000000e+01
1.000000000000000000e+00
1.000000000000000000e+00
4.500000000000000000e+01
1.200000000000000000e+01
1.200000000000000000e+01
4.300000000000000000e+01
3.200000000000000000e+01
1.020000000000000000e+02
2.100000000000000000e+01
9.600000000000000000e+01
9.000000000000000000e+01
1.870000000000000000e+02
1.600000000000000000e+01
3.600000000000000000e+01
6.100000000000000000e+01
6.700000000000000000e+01
1.170000000000000000e+02
9.000000000000000000e+00
1.900000000000000000e+01
2.160000000000000000e+02
1.760000000000000000e+02
1.940000000000000000e+02
3.760000000000000000e+02
7.600000000000000000e+01
1.140000000000000000e+02
3.120000000000000000e+02
4.800000000000000000e+01
1.360000000000000000e+02
1.790000000000000000e+02
1.210000000000000000e+02
6.000000000000000000e+01
1.462000000000000000e+03
6.640000000000000000e+02
8.230000000000000000e+02
2.720000000000000000e+02
1.320000000000000000e+02
2.640000000000000000e+02
6.880000000000000000e+02
2.530000000000000000e+02
1.390000000000000000e+02
1.200000000000000000e+02
4.310000000000000000e+02
1.470000000000000000e+02
1.705000000000000000e+03
3.400000000000000000e+01
6.970000000000000000e+02
2.240000000000000000e+02
2.850000000000000000e+02
1.030000000000000000e+02
5.800000000000000000e+01
1.730000000000000000e+02
6.090000000000000000e+02
2.070000000000000000e+02
1.560000000000000000e+02
1.070000000000000000e+02
1.060000000000000000e+02
7.500000000000000000e+01
6.260000000000000000e+02
1.210000000000000000e+02
1.460000000000000000e+02
2.270000000000000000e+02
1.510000000000000000e+02
9.300000000000000000e+01
1.110000000000000000e+02
3.580000000000000000e+02
6.500000000000000000e+01
1.300000000000000000e+02
2.330000000000000000e+02
4.250000000000000000e+02
4.990000000000000000e+02
4.000000000000000000e+01
1.400000000000000000e+02
1.710000000000000000e+02
6.400000000000000000e+01
1.090000000000000000e+02
2.400000000000000000e+02
1.240000000000000000e+02
1.340000000000000000e+02
1.600000000000000000e+02
8.500000000000000000e+01
1.200000000000000000e+02
2.640000000000000000e+02
2.500000000000000000e+02
1.360000000000000000e+02
2.810000000000000000e+02
1.750000000000000000e+02
3.130000000000000000e+02
3.850000000000000000e+02
5.690000000000000000e+02
1.690000000000000000e+02
3.130000000000000000e+02
2.670000000000000000e+02
5.880000000000000000e+02
7.680000000000000000e+02
1.112000000000000000e+03
9.170000000000000000e+02
1.354000000000000000e+03
1.566000000000000000e+03
1.814000000000000000e+03
1.736000000000000000e+03
2.287000000000000000e+03
9.180000000000000000e+02
1.818000000000000000e+03
9.720000000000000000e+02
8.520000000000000000e+02
1.173000000000000000e+03
8.790000000000000000e+02
1.062000000000000000e+03
1.068000000000000000e+03
1.243000000000000000e+03
8.710000000000000000e+02
1.447000000000000000e+03
9.660000000000000000e+02
1.005000000000000000e+03
8.230000000000000000e+02
1.893000000000000000e+03
4.570000000000000000e+02
1.455000000000000000e+03
1.147000000000000000e+03
8.850000000000000000e+02
7.420000000000000000e+02
7.310000000000000000e+02
1.057000000000000000e+03
9.610000000000000000e+02
3.307000000000000000e+03
2.044000000000000000e+03
1.329000000000000000e+03
1.133000000000000000e+03
2.340000000000000000e+03
1.126000000000000000e+03
2.675000000000000000e+03
1.680000000000000000e+03
1.229000000000000000e+03
1.552000000000000000e+03
1.473000000000000000e+03
1.503000000000000000e+03
2.174000000000000000e+03
3.564000000000000000e+03
3.522000000000000000e+03
1.800000000000000000e+03
2.326000000000000000e+03
2.335000000000000000e+03
2.108000000000000000e+03
2.996000000000000000e+03
3.215000000000000000e+03
2.668000000000000000e+03
2.846000000000000000e+03
3.336000000000000000e+03
4.005000000000000000e+03
3.168000000000000000e+03
2.981000000000000000e+03
3.038000000000000000e+03
4.096000000000000000e+03
2.264000000000000000e+03
3.620000000000000000e+03
3.150000000000000000e+03
3.142000000000000000e+03
3.844000000000000000e+03
3.430000000000000000e+03
4.500000000000000000e+03
2.206000000000000000e+03
2.812000000000000000e+03
1.798000000000000000e+03
8.530000000000000000e+02
1.666000000000000000e+03
2.349000000000000000e+03
3.537000000000000000e+03
2.503000000000000000e+03
2.798000000000000000e+03
2.934000000000000000e+03
2.878000000000000000e+03
3.538000000000000000e+03
2.858000000000000000e+03
5.364000000000000000e+03
2.323000000000000000e+03
5.699000000000000000e+03
3.043000000000000000e+03
2.791000000000000000e+03
3.140000000000000000e+03
1.437000000000000000e+03
0.000000000000000000e+00
1.751000000000000000e+03
1.404000000000000000e+03
1.931000000000000000e+03
2.073000000000000000e+03
1.567000000000000000e+03
2.111000000000000000e+03
1.575000000000000000e+03
2.206000000000000000e+03
1.752000000000000000e+03
1.628000000000000000e+03
1.621000000000000000e+03
1.483000000000000000e+03
1.064000000000000000e+03
1.271000000000000000e+03
1.359000000000000000e+03
1.500000000000000000e+03
8.420000000000000000e+02
1.996000000000000000e+03
0.000000000000000000e+00
1.794000000000000000e+03
1.029000000000000000e+03
1.175000000000000000e+03
1.097000000000000000e+03
1.079000000000000000e+03
9.660000000000000000e+02
9.520000000000000000e+02
7.390000000000000000e+02
8.920000000000000000e+02
8.400000000000000000e+02
7.310000000000000000e+02
7.180000000000000000e+02
7.310000000000000000e+02
6.000000000000000000e+02
4.470000000000000000e+02
7.480000000000000000e+02
7.500000000000000000e+02
6.370000000000000000e+02
5.940000000000000000e+02
5.780000000000000000e+02
4.950000000000000000e+02
4.830000000000000000e+02
5.850000000000000000e+02
6.990000000000000000e+02
5.130000000000000000e+02
5.270000000000000000e+02
3.900000000000000000e+02
4.140000000000000000e+02
4.050000000000000000e+02
3.900000000000000000e+02
4.770000000000000000e+02
4.000000000000000000e+02
3.740000000000000000e+02
4.410000000000000000e+02
3.830000000000000000e+02
2.260000000000000000e+02
4.800000000000000000e+02
3.860000000000000000e+02
4.030000000000000000e+02
4.010000000000000000e+02
2.850000000000000000e+02
2.460000000000000000e+02
2.960000000000000000e+02
3.330000000000000000e+02
3.500000000000000000e+02
2.880000000000000000e+02
2.640000000000000000e+02
2.590000000000000000e+02
2.060000000000000000e+02
2.270000000000000000e+02
2.720000000000000000e+02
2.480000000000000000e+02
2.600000000000000000e+02
1.940000000000000000e+02
1.650000000000000000e+02
1.180000000000000000e+02
1.110000000000000000e+02
1.360000000000000000e+02
1.330000000000000000e+02
1.310000000000000000e+02
1.440000000000000000e+02
9.900000000000000000e+01
9.100000000000000000e+01
1.110000000000000000e+02
1.140000000000000000e+02
1.360000000000000000e+02
1.210000000000000000e+02
9.000000000000000000e+01
1.020000000000000000e+02
7.100000000000000000e+01
8.400000000000000000e+01
5.400000000000000000e+01
4.800000000000000000e+01
8.200000000000000000e+01
6.400000000000000000e+01
7.200000000000000000e+01
6.200000000000000000e+01
7.800000000000000000e+01
8.300000000000000000e+01
6.200000000000000000e+01
5.800000000000000000e+01
4.100000000000000000e+01
6.000000000000000000e+01
6.300000000000000000e+01
6.600000000000000000e+01
6.100000000000000000e+01
7.200000000000000000e+01
7.700000000000000000e+01
7.500000000000000000e+01
9.400000000000000000e+01
5.500000000000000000e+01
6.000000000000000000e+01
1.230000000000000000e+02
8.200000000000000000e+01
1.060000000000000000e+02
9.900000000000000000e+01
7.700000000000000000e+01
9.000000000000000000e+01
8.500000000000000000e+01
7.000000000000000000e+01
9.300000000000000000e+01
9.500000000000000000e+01
8.200000000000000000e+01
1.150000000000000000e+02
5.900000000000000000e+01
6.500000000000000000e+01
1.110000000000000000e+02
1.610000000000000000e+02
1.170000000000000000e+02
1.020000000000000000e+02
1.130000000000000000e+02
7.400000000000000000e+01
7.900000000000000000e+01
1.270000000000000000e+02
1.510000000000000000e+02
1.410000000000000000e+02
1.380000000000000000e+02
1.530000000000000000e+02
1.290000000000000000e+02
1.570000000000000000e+02
2.080000000000000000e+02
2.260000000000000000e+02
2.620000000000000000e+02
2.550000000000000000e+02
2.510000000000000000e+02
2.870000000000000000e+02
2.520000000000000000e+02
4.100000000000000000e+02
3.680000000000000000e+02
4.500000000000000000e+02
3.780000000000000000e+02
5.550000000000000000e+02
7.730000000000000000e+02
8.880000000000000000e+02
9.280000000000000000e+02
1.287000000000000000e+03
1.612000000000000000e+03
2.021000000000000000e+03
1.775000000000000000e+03
1.993000000000000000e+03
2.707000000000000000e+03
2.905000000000000000e+03
3.370000000000000000e+03
4.022000000000000000e+03
4.007000000000000000e+03
5.225000000000000000e+03
4.444000000000000000e+03
5.055000000000000000e+03
6.135000000000000000e+03
5.455000000000000000e+03
6.648000000000000000e+03
5.767000000000000000e+03
6.891000000000000000e+03
7.989000000000000000e+03
6.543000000000000000e+03
7.890000000000000000e+03
8.848000000000000000e+03
7.664000000000000000e+03
7.135000000000000000e+03
6.404000000000000000e+03
6.716000000000000000e+03
7.226000000000000000e+03
9.841000000000000000e+03
6.080000000000000000e+03
6.205000000000000000e+03
6.491000000000000000e+03
6.898000000000000000e+03
7.219000000000000000e+03
5.904000000000000000e+03
8.663000000000000000e+03
8.243000000000000000e+03
6.636000000000000000e+03
6.951000000000000000e+03
6.570000000000000000e+03
5.768000000000000000e+03
5.293000000000000000e+03
5.225000000000000000e+03
6.295000000000000000e+03
3.994000000000000000e+03
5.147000000000000000e+03
4.187000000000000000e+03
3.082000000000000000e+03
2.141000000000000000e+03
4.020000000000000000e+03
3.660000000000000000e+03
3.456000000000000000e+03
3.130000000000000000e+03
4.954000000000000000e+03
3.558000000000000000e+03
2.518000000000000000e+03
5.455000000000000000e+03
4.914000000000000000e+03
3.007000000000000000e+03
3.853000000000000000e+03
4.348000000000000000e+03
3.597000000000000000e+03
4.017000000000000000e+03
3.451000000000000000e+03
3.066000000000000000e+03
2.552000000000000000e+03
2.211000000000000000e+03
1.565000000000000000e+03
1.333000000000000000e+03
1.286000000000000000e+03
1.316000000000000000e+03
1.432000000000000000e+03
1.533000000000000000e+03
1.133000000000000000e+03
2.078000000000000000e+03
1.606000000000000000e+03
1.757000000000000000e+03
1.775000000000000000e+03
2.164000000000000000e+03
1.667000000000000000e+03
1.258000000000000000e+03
1.595000000000000000e+03
1.475000000000000000e+03
1.288000000000000000e+03
1.678000000000000000e+03
2.197000000000000000e+03
2.050000000000000000e+03
1.686000000000000000e+03
1.778000000000000000e+03
1.993000000000000000e+03
1.373000000000000000e+03
1.816000000000000000e+03
1.916000000000000000e+03
2.020000000000000000e+03
1.925000000000000000e+03
1.994000000000000000e+03
1.535000000000000000e+03
-6.616510000000000000e+05
0.000000000000000000e+00
0.000000000000000000e+00
0.000000000000000000e+00
0.000000000000000000e+00
0.000000000000000000e+00
0.000000000000000000e+00
0.000000000000000000e+00
0.000000000000000000e+00
0.000000000000000000e+00
0.000000000000000000e+00
0.000000000000000000e+00
0.000000000000000000e+00
0.000000000000000000e+00
0.000000000000000000e+00
0.000000000000000000e+00
0.000000000000000000e+00
0.000000000000000000e+00
0.000000000000000000e+00
0.000000000000000000e+00
0.000000000000000000e+00
0.000000000000000000e+00
0.000000000000000000e+00
0.000000000000000000e+00
0.000000000000000000e+00
0.000000000000000000e+00
0.000000000000000000e+00
0.000000000000000000e+00
0.000000000000000000e+00
0.000000000000000000e+00
0.000000000000000000e+00
0.000000000000000000e+00
0.000000000000000000e+00
0.000000000000000000e+00
0.000000000000000000e+00
0.000000000000000000e+00
0.000000000000000000e+00
0.000000000000000000e+00
0.000000000000000000e+00
0.000000000000000000e+00
0.000000000000000000e+00
0.000000000000000000e+00
0.000000000000000000e+00
0.000000000000000000e+00
0.000000000000000000e+00
0.000000000000000000e+00
0.000000000000000000e+00
0.000000000000000000e+00
0.000000000000000000e+00
0.000000000000000000e+00
0.000000000000000000e+00
0.000000000000000000e+00
0.000000000000000000e+00
0.000000000000000000e+00
0.000000000000000000e+00
0.000000000000000000e+00
0.000000000000000000e+00
0.000000000000000000e+00
0.000000000000000000e+00
0.000000000000000000e+00
0.000000000000000000e+00
0.000000000000000000e+00
0.000000000000000000e+00
0.000000000000000000e+00
0.000000000000000000e+00
0.000000000000000000e+00
0.000000000000000000e+00
0.000000000000000000e+00
0.000000000000000000e+00
0.000000000000000000e+00
0.000000000000000000e+00
0.000000000000000000e+00
0.000000000000000000e+00
0.000000000000000000e+00
0.000000000000000000e+00
0.000000000000000000e+00
0.000000000000000000e+00
0.000000000000000000e+00
0.000000000000000000e+00
0.000000000000000000e+00
0.000000000000000000e+00
0.000000000000000000e+00
0.000000000000000000e+00
0.000000000000000000e+00
0.000000000000000000e+00
0.000000000000000000e+00
0.000000000000000000e+00
0.000000000000000000e+00
0.000000000000000000e+00
0.000000000000000000e+00
0.000000000000000000e+00
0.000000000000000000e+00
0.000000000000000000e+00
0.000000000000000000e+00
0.000000000000000000e+00
0.000000000000000000e+00
0.000000000000000000e+00
0.000000000000000000e+00
0.000000000000000000e+00
0.000000000000000000e+00
0.000000000000000000e+00
0.000000000000000000e+00
0.000000000000000000e+00
0.000000000000000000e+00
0.000000000000000000e+00
0.000000000000000000e+00
0.000000000000000000e+00
0.000000000000000000e+00
0.000000000000000000e+00
0.000000000000000000e+00
0.000000000000000000e+00
0.000000000000000000e+00
0.000000000000000000e+00
0.000000000000000000e+00
0.000000000000000000e+00
0.000000000000000000e+00
0.000000000000000000e+00
0.000000000000000000e+00
0.000000000000000000e+00
0.000000000000000000e+00
0.000000000000000000e+00
0.000000000000000000e+00
0.000000000000000000e+00
0.000000000000000000e+00
0.000000000000000000e+00
0.000000000000000000e+00
0.000000000000000000e+00
0.000000000000000000e+00
0.000000000000000000e+00
0.000000000000000000e+00
0.000000000000000000e+00
0.000000000000000000e+00
0.000000000000000000e+00
0.000000000000000000e+00
0.000000000000000000e+00
0.000000000000000000e+00
0.000000000000000000e+00
0.000000000000000000e+00
0.000000000000000000e+00
0.000000000000000000e+00
0.000000000000000000e+00
0.000000000000000000e+00
0.000000000000000000e+00
0.000000000000000000e+00
0.000000000000000000e+00
0.000000000000000000e+00
0.000000000000000000e+00
0.000000000000000000e+00
0.000000000000000000e+00
0.000000000000000000e+00
0.000000000000000000e+00
0.000000000000000000e+00
0.000000000000000000e+00
0.000000000000000000e+00
0.000000000000000000e+00
0.000000000000000000e+00
0.000000000000000000e+00
0.000000000000000000e+00
0.000000000000000000e+00
0.000000000000000000e+00
0.000000000000000000e+00
0.000000000000000000e+00
0.000000000000000000e+00
0.000000000000000000e+00
0.000000000000000000e+00
0.000000000000000000e+00
0.000000000000000000e+00
0.000000000000000000e+00
0.000000000000000000e+00
0.000000000000000000e+00
0.000000000000000000e+00
0.000000000000000000e+00
0.000000000000000000e+00
0.000000000000000000e+00
0.000000000000000000e+00
0.000000000000000000e+00
0.000000000000000000e+00
0.000000000000000000e+00
0.000000000000000000e+00
0.000000000000000000e+00
0.000000000000000000e+00
0.000000000000000000e+00
0.000000000000000000e+00
0.000000000000000000e+00
0.000000000000000000e+00
0.000000000000000000e+00
0.000000000000000000e+00
0.000000000000000000e+00
0.000000000000000000e+00
0.000000000000000000e+00
0.000000000000000000e+00
0.000000000000000000e+00
0.000000000000000000e+00
0.000000000000000000e+00
0.000000000000000000e+00
0.000000000000000000e+00
0.000000000000000000e+00
0.000000000000000000e+00
0.000000000000000000e+00
0.000000000000000000e+00
0.000000000000000000e+00
0.000000000000000000e+00
0.000000000000000000e+00
0.000000000000000000e+00
0.000000000000000000e+00
0.000000000000000000e+00
0.000000000000000000e+00
0.000000000000000000e+00
0.000000000000000000e+00
0.000000000000000000e+00
0.000000000000000000e+00
0.000000000000000000e+00
0.000000000000000000e+00
0.000000000000000000e+00
0.000000000000000000e+00
0.000000000000000000e+00
0.000000000000000000e+00
0.000000000000000000e+00
0.000000000000000000e+00
0.000000000000000000e+00
0.000000000000000000e+00
0.000000000000000000e+00
0.000000000000000000e+00
0.000000000000000000e+00
0.000000000000000000e+00
0.000000000000000000e+00
0.000000000000000000e+00
0.000000000000000000e+00
0.000000000000000000e+00
0.000000000000000000e+00
0.000000000000000000e+00
0.000000000000000000e+00
0.000000000000000000e+00
0.000000000000000000e+00
0.000000000000000000e+00
0.000000000000000000e+00
0.000000000000000000e+00
0.000000000000000000e+00
0.000000000000000000e+00
0.000000000000000000e+00
0.000000000000000000e+00
0.000000000000000000e+00
0.000000000000000000e+00
0.000000000000000000e+00
0.000000000000000000e+00
0.000000000000000000e+00
0.000000000000000000e+00
0.000000000000000000e+00
0.000000000000000000e+00
0.000000000000000000e+00
0.000000000000000000e+00
0.000000000000000000e+00
0.000000000000000000e+00
0.000000000000000000e+00
0.000000000000000000e+00
0.000000000000000000e+00
0.000000000000000000e+00
0.000000000000000000e+00
0.000000000000000000e+00
0.000000000000000000e+00
0.000000000000000000e+00
0.000000000000000000e+00
0.000000000000000000e+00
0.000000000000000000e+00
0.000000000000000000e+00
0.000000000000000000e+00
0.000000000000000000e+00
0.000000000000000000e+00
0.000000000000000000e+00
0.000000000000000000e+00
0.000000000000000000e+00
0.000000000000000000e+00
0.000000000000000000e+00
0.000000000000000000e+00
0.000000000000000000e+00
0.000000000000000000e+00
0.000000000000000000e+00
0.000000000000000000e+00
0.000000000000000000e+00
0.000000000000000000e+00
0.000000000000000000e+00
0.000000000000000000e+00
0.000000000000000000e+00
0.000000000000000000e+00
0.000000000000000000e+00
0.000000000000000000e+00
0.000000000000000000e+00
0.000000000000000000e+00
0.000000000000000000e+00
0.000000000000000000e+00
0.000000000000000000e+00
0.000000000000000000e+00
0.000000000000000000e+00
0.000000000000000000e+00
0.000000000000000000e+00
0.000000000000000000e+00
0.000000000000000000e+00
0.000000000000000000e+00
0.000000000000000000e+00
0.000000000000000000e+00
0.000000000000000000e+00
0.000000000000000000e+00
0.000000000000000000e+00
0.000000000000000000e+00
0.000000000000000000e+00
0.000000000000000000e+00
0.000000000000000000e+00
0.000000000000000000e+00
0.000000000000000000e+00
0.000000000000000000e+00
0.000000000000000000e+00
0.000000000000000000e+00
0.000000000000000000e+00
0.000000000000000000e+00
0.000000000000000000e+00
0.000000000000000000e+00
0.000000000000000000e+00
0.000000000000000000e+00
0.000000000000000000e+00
0.000000000000000000e+00
0.000000000000000000e+00
0.000000000000000000e+00
0.000000000000000000e+00
0.000000000000000000e+00
0.000000000000000000e+00
0.000000000000000000e+00
0.000000000000000000e+00
0.000000000000000000e+00
0.000000000000000000e+00
0.000000000000000000e+00
0.000000000000000000e+00
0.000000000000000000e+00
0.000000000000000000e+00
0.000000000000000000e+00
0.000000000000000000e+00
0.000000000000000000e+00
0.000000000000000000e+00
0.000000000000000000e+00
0.000000000000000000e+00
0.000000000000000000e+00
0.000000000000000000e+00
0.000000000000000000e+00
0.000000000000000000e+00
0.000000000000000000e+00
0.000000000000000000e+00
0.000000000000000000e+00
0.000000000000000000e+00
0.000000000000000000e+00
0.000000000000000000e+00
0.000000000000000000e+00
0.000000000000000000e+00
0.000000000000000000e+00
0.000000000000000000e+00
0.000000000000000000e+00
0.000000000000000000e+00
0.000000000000000000e+00
0.000000000000000000e+00
0.000000000000000000e+00
0.000000000000000000e+00
0.000000000000000000e+00
0.000000000000000000e+00
0.000000000000000000e+00
0.000000000000000000e+00
0.000000000000000000e+00
0.000000000000000000e+00
0.000000000000000000e+00
0.000000000000000000e+00
0.000000000000000000e+00
0.000000000000000000e+00
0.000000000000000000e+00
0.000000000000000000e+00
0.000000000000000000e+00
0.000000000000000000e+00
0.000000000000000000e+00
0.000000000000000000e+00
0.000000000000000000e+00
0.000000000000000000e+00
0.000000000000000000e+00
0.000000000000000000e+00
0.000000000000000000e+00
0.000000000000000000e+00
0.000000000000000000e+00
0.000000000000000000e+00
0.000000000000000000e+00
0.000000000000000000e+00
0.000000000000000000e+00
0.000000000000000000e+00
0.000000000000000000e+00
0.000000000000000000e+00
0.000000000000000000e+00
0.000000000000000000e+00
0.000000000000000000e+00
0.000000000000000000e+00
0.000000000000000000e+00
0.000000000000000000e+00
0.000000000000000000e+00
0.000000000000000000e+00
0.000000000000000000e+00
0.000000000000000000e+00
0.000000000000000000e+00
0.000000000000000000e+00
0.000000000000000000e+00
0.000000000000000000e+00
0.000000000000000000e+00
0.000000000000000000e+00
0.000000000000000000e+00
0.000000000000000000e+00
