0.000000000000000000e+00
0.000000000000000000e+00
0.000000000000000000e+00
0.000000000000000000e+00
0.000000000000000000e+00
0.000000000000000000e+00
0.000000000000000000e+00
0.000000000000000000e+00
0.000000000000000000e+00
0.000000000000000000e+00
0.000000000000000000e+00
0.000000000000000000e+00
0.000000000000000000e+00
0.000000000000000000e+00
0.000000000000000000e+00
0.000000000000000000e+00
0.000000000000000000e+00
0.000000000000000000e+00
0.000000000000000000e+00
0.000000000000000000e+00
0.000000000000000000e+00
0.000000000000000000e+00
0.000000000000000000e+00
0.000000000000000000e+00
0.000000000000000000e+00
0.000000000000000000e+00
0.000000000000000000e+00
0.000000000000000000e+00
0.000000000000000000e+00
0.000000000000000000e+00
0.000000000000000000e+00
0.000000000000000000e+00
0.000000000000000000e+00
0.000000000000000000e+00
0.000000000000000000e+00
0.000000000000000000e+00
0.000000000000000000e+00
0.000000000000000000e+00
0.000000000000000000e+00
0.000000000000000000e+00
0.000000000000000000e+00
0.000000000000000000e+00
0.000000000000000000e+00
0.000000000000000000e+00
0.000000000000000000e+00
0.000000000000000000e+00
0.000000000000000000e+00
0.000000000000000000e+00
0.000000000000000000e+00
0.000000000000000000e+00
0.000000000000000000e+00
0.000000000000000000e+00
0.000000000000000000e+00
0.000000000000000000e+00
0.000000000000000000e+00
0.000000000000000000e+00
0.000000000000000000e+00
0.000000000000000000e+00
1.700000000000000000e+01
1.700000000000000000e+01
1.700000000000000000e+01
1.700000000000000000e+01
1.700000000000000000e+01
1.700000000000000000e+01
1.700000000000000000e+01
1.700000000000000000e+01
1.800000000000000000e+01
1.800000000000000000e+01
1.800000000000000000e+01
1.800000000000000000e+01
1.800000000000000000e+01
1.800000000000000000e+01
2.100000000000000000e+01
2.100000000000000000e+01
2.500000000000000000e+01
2.400000000000000000e+01
4.200000000000000000e+01
4.400000000000000000e+01
4.400000000000000000e+01
4.500000000000000000e+01
5.700000000000000000e+01
5.800000000000000000e+01
5.800000000000000000e+01
6.200000000000000000e+01
6.300000000000000000e+01
6.300000000000000000e+01
6.900000000000000000e+01
6.900000000000000000e+01
7.100000000000000000e+01
7.100000000000000000e+01
7.100000000000000000e+01
7.100000000000000000e+01
7.400000000000000000e+01
8.100000000000000000e+01
8.300000000000000000e+01
8.300000000000000000e+01
8.300000000000000000e+01
7.100000000000000000e+01
7.100000000000000000e+01
7.600000000000000000e+01
7.600000000000000000e+01
7.600000000000000000e+01
7.700000000000000000e+01
1.020000000000000000e+02
1.270000000000000000e+02
1.740000000000000000e+02
1.760000000000000000e+02
2.280000000000000000e+02
2.280000000000000000e+02
2.630000000000000000e+02
3.010000000000000000e+02
3.080000000000000000e+02
3.100000000000000000e+02
3.100000000000000000e+02
3.150000000000000000e+02
3.290000000000000000e+02
3.350000000000000000e+02
3.370000000000000000e+02
3.460000000000000000e+02
3.460000000000000000e+02
3.460000000000000000e+02
3.460000000000000000e+02
3.480000000000000000e+02
3.570000000000000000e+02
3.570000000000000000e+02
3.650000000000000000e+02
3.650000000000000000e+02
3.680000000000000000e+02
3.680000000000000000e+02
3.680000000000000000e+02
3.720000000000000000e+02
3.720000000000000000e+02
3.720000000000000000e+02
3.720000000000000000e+02
3.770000000000000000e+02
3.770000000000000000e+02
4.000000000000000000e+02
4.030000000000000000e+02
4.040000000000000000e+02
4.040000000000000000e+02
4.100000000000000000e+02
4.100000000000000000e+02
4.140000000000000000e+02
4.150000000000000000e+02
4.150000000000000000e+02
4.150000000000000000e+02
4.150000000000000000e+02
4.150000000000000000e+02
4.150000000000000000e+02
4.370000000000000000e+02
4.370000000000000000e+02
4.390000000000000000e+02
4.420000000000000000e+02
4.420000000000000000e+02
4.420000000000000000e+02
4.460000000000000000e+02
4.460000000000000000e+02
4.460000000000000000e+02
4.470000000000000000e+02
4.470000000000000000e+02
4.510000000000000000e+02
4.600000000000000000e+02
4.600000000000000000e+02
4.630000000000000000e+02
4.630000000000000000e+02
4.910000000000000000e+02
4.910000000000000000e+02
4.940000000000000000e+02
4.940000000000000000e+02
5.250000000000000000e+02
5.360000000000000000e+02
5.360000000000000000e+02
9.420000000000000000e+02
1.084000000000000000e+03
1.084000000000000000e+03
1.084000000000000000e+03
1.313000000000000000e+03
1.492000000000000000e+03
1.596000000000000000e+03
1.921000000000000000e+03
1.921000000000000000e+03
1.932000000000000000e+03
1.950000000000000000e+03
2.720000000000000000e+03
2.720000000000000000e+03
3.282000000000000000e+03
3.752000000000000000e+03
3.752000000000000000e+03
3.752000000000000000e+03
4.833000000000000000e+03
5.016000000000000000e+03
5.077000000000000000e+03
5.324000000000000000e+03
5.390000000000000000e+03
5.390000000000000000e+03
6.419000000000000000e+03
6.618000000000000000e+03
6.907000000000000000e+03
7.210000000000000000e+03
7.706000000000000000e+03
7.945000000000000000e+03
8.045000000000000000e+03
8.181000000000000000e+03
8.369000000000000000e+03
9.186000000000000000e+03
9.382000000000000000e+03
9.388000000000000000e+03
9.838000000000000000e+03
9.906000000000000000e+03
9.939000000000000000e+03
1.031200000000000000e+04
1.068200000000000000e+04
1.110200000000000000e+04
1.110300000000000000e+04
1.184300000000000000e+04
1.187000000000000000e+04
1.316200000000000000e+04
1.392900000000000000e+04
1.419400000000000000e+04
1.429100000000000000e+04
1.463100000000000000e+04
1.478700000000000000e+04
1.505600000000000000e+04
1.533800000000000000e+04
1.548300000000000000e+04
1.609500000000000000e+04
1.643700000000000000e+04
1.666100000000000000e+04
1.684300000000000000e+04
1.727000000000000000e+04
1.777900000000000000e+04
1.846600000000000000e+04
1.882100000000000000e+04
1.978800000000000000e+04
1.997900000000000000e+04
2.008200000000000000e+04
2.140600000000000000e+04
2.180400000000000000e+04
2.220900000000000000e+04
2.306000000000000000e+04
2.333300000000000000e+04
2.344600000000000000e+04
2.370000000000000000e+04
2.442800000000000000e+04
2.546900000000000000e+04
2.628800000000000000e+04
2.693400000000000000e+04
2.718300000000000000e+04
2.770400000000000000e+04
2.906800000000000000e+04
3.022000000000000000e+04
3.104700000000000000e+04
3.174300000000000000e+04
3.257700000000000000e+04
3.294400000000000000e+04
3.344200000000000000e+04
3.469800000000000000e+04
3.518200000000000000e+04
3.559900000000000000e+04
3.595300000000000000e+04
3.658400000000000000e+04
3.692200000000000000e+04
3.724000000000000000e+04
3.794200000000000000e+04
3.822800000000000000e+04
3.884100000000000000e+04
3.930400000000000000e+04
3.958500000000000000e+04
3.992100000000000000e+04
4.016200000000000000e+04
4.049800000000000000e+04
4.086100000000000000e+04
4.145500000000000000e+04
4.193500000000000000e+04
4.254400000000000000e+04
4.285000000000000000e+04
4.323200000000000000e+04
4.359200000000000000e+04
4.405500000000000000e+04
4.444400000000000000e+04
4.498500000000000000e+04
4.544800000000000000e+04
4.589600000000000000e+04
4.630900000000000000e+04
4.677300000000000000e+04
4.716900000000000000e+04
4.774400000000000000e+04
4.822400000000000000e+04
4.868000000000000000e+04
4.953700000000000000e+04
4.997500000000000000e+04
5.040700000000000000e+04
5.087700000000000000e+04
5.142500000000000000e+04
5.222600000000000000e+04
5.286100000000000000e+04
5.336700000000000000e+04
5.379100000000000000e+04
5.434600000000000000e+04
5.495300000000000000e+04
5.568400000000000000e+04
5.684300000000000000e+04
5.746900000000000000e+04
5.787900000000000000e+04
5.838300000000000000e+04
5.902100000000000000e+04
5.953800000000000000e+04
6.000900000000000000e+04
6.049900000000000000e+04
6.124100000000000000e+04
6.196000000000000000e+04
6.294400000000000000e+04
6.383400000000000000e+04
6.498700000000000000e+04
6.593800000000000000e+04
6.698900000000000000e+04
6.825000000000000000e+04
7.020600000000000000e+04
7.123600000000000000e+04
7.277300000000000000e+04
7.405300000000000000e+04
7.525700000000000000e+04
7.689300000000000000e+04
7.871500000000000000e+04
8.116600000000000000e+04
8.312300000000000000e+04
8.511000000000000000e+04
8.705700000000000000e+04
8.896700000000000000e+04
9.095200000000000000e+04
9.297900000000000000e+04
9.455600000000000000e+04
9.646100000000000000e+04
9.797900000000000000e+04
9.954700000000000000e+04
1.013550000000000000e+05
1.029420000000000000e+05
1.052330000000000000e+05
1.067180000000000000e+05
1.081180000000000000e+05
1.093770000000000000e+05
1.109270000000000000e+05
1.130820000000000000e+05
1.151270000000000000e+05
1.171830000000000000e+05
1.189260000000000000e+05
1.204030000000000000e+05
1.215630000000000000e+05
1.229760000000000000e+05
1.245250000000000000e+05
1.261100000000000000e+05
1.274950000000000000e+05
1.289000000000000000e+05
1.301020000000000000e+05
1.311170000000000000e+05
1.321580000000000000e+05
1.335990000000000000e+05
1.349770000000000000e+05
1.362470000000000000e+05
1.376480000000000000e+05
1.384950000000000000e+05
1.391310000000000000e+05
1.400750000000000000e+05
1.409140000000000000e+05
1.420040000000000000e+05
1.428190000000000000e+05
1.436110000000000000e+05
1.442970000000000000e+05
1.449100000000000000e+05
1.456390000000000000e+05
1.462790000000000000e+05
1.469340000000000000e+05
1.476200000000000000e+05
1.481400000000000000e+05
1.485830000000000000e+05
1.489930000000000000e+05
1.496210000000000000e+05
1.501230000000000000e+05
1.506630000000000000e+05
1.510820000000000000e+05
1.516900000000000000e+05
1.521200000000000000e+05
1.525790000000000000e+05
1.530190000000000000e+05
1.536820000000000000e+05
1.542600000000000000e+05
1.547270000000000000e+05
1.553620000000000000e+05
1.559500000000000000e+05
1.564720000000000000e+05
1.572050000000000000e+05
1.579820000000000000e+05
1.587090000000000000e+05
1.593690000000000000e+05
1.601720000000000000e+05
1.607630000000000000e+05
1.614100000000000000e+05
1.620250000000000000e+05
1.627570000000000000e+05
1.637950000000000000e+05
1.645570000000000000e+05
1.652050000000000000e+05
1.661190000000000000e+05
1.669360000000000000e+05
1.677440000000000000e+05
1.687630000000000000e+05
1.699150000000000000e+05
1.713180000000000000e+05
1.725880000000000000e+05
1.737320000000000000e+05
1.751780000000000000e+05
1.765070000000000000e+05
1.781210000000000000e+05
1.798100000000000000e+05
1.814520000000000000e+05
1.830030000000000000e+05
1.844870000000000000e+05
1.862780000000000000e+05
1.876340000000000000e+05
1.897590000000000000e+05
1.918390000000000000e+05
1.935780000000000000e+05
1.953720000000000000e+05
1.966780000000000000e+05
1.984310000000000000e+05
1.999650000000000000e+05
2.016750000000000000e+05
2.033400000000000000e+05
2.052890000000000000e+05
2.069140000000000000e+05
2.086760000000000000e+05
2.103400000000000000e+05
2.115210000000000000e+05
2.135900000000000000e+05
2.154290000000000000e+05
2.172240000000000000e+05
2.172240000000000000e+05
2.204180000000000000e+05
2.220070000000000000e+05
2.232490000000000000e+05
2.245520000000000000e+05
2.260900000000000000e+05
2.279880000000000000e+05
2.298760000000000000e+05
2.312880000000000000e+05
2.329600000000000000e+05
2.346980000000000000e+05
2.370460000000000000e+05
2.392910000000000000e+05
2.413430000000000000e+05
2.435220000000000000e+05
2.452950000000000000e+05
2.473590000000000000e+05
2.493820000000000000e+05
2.516630000000000000e+05
2.541990000000000000e+05
2.565590000000000000e+05
2.591050000000000000e+05
2.606500000000000000e+05
2.626020000000000000e+05
2.646600000000000000e+05
2.673460000000000000e+05
2.680540000000000000e+05
2.712330000000000000e+05
2.723330000000000000e+05
2.723330000000000000e+05
2.753920000000000000e+05
2.761710000000000000e+05
2.776730000000000000e+05
2.796520000000000000e+05
2.815860000000000000e+05
2.835700000000000000e+05
2.855750000000000000e+05
2.863850000000000000e+05
2.872060000000000000e+05
2.879320000000000000e+05
2.888910000000000000e+05
2.888910000000000000e+05
2.888910000000000000e+05
2.911910000000000000e+05
2.925230000000000000e+05
2.938080000000000000e+05
2.938080000000000000e+05
2.956430000000000000e+05
2.956430000000000000e+05
2.969010000000000000e+05
2.972010000000000000e+05
2.972010000000000000e+05
2.985020000000000000e+05
2.990240000000000000e+05
2.995590000000000000e+05
2.995590000000000000e+05
3.001250000000000000e+05
3.005240000000000000e+05
3.006610000000000000e+05
3.007760000000000000e+05
3.009190000000000000e+05
3.012130000000000000e+05
3.014430000000000000e+05
3.015440000000000000e+05
3.016700000000000000e+05
3.018810000000000000e+05
3.018810000000000000e+05
3.023570000000000000e+05
3.023570000000000000e+05
3.029440000000000000e+05
3.029440000000000000e+05
3.029440000000000000e+05
3.038130000000000000e+05
3.041380000000000000e+05
3.043900000000000000e+05
3.047770000000000000e+05
3.052050000000000000e+05
3.056580000000000000e+05
3.062400000000000000e+05
3.062400000000000000e+05
3.063120000000000000e+05
3.065320000000000000e+05
3.065320000000000000e+05
3.065320000000000000e+05
3.072360000000000000e+05
3.072360000000000000e+05
3.076180000000000000e+05
3.078920000000000000e+05
3.078920000000000000e+05
3.081860000000000000e+05
3.083030000000000000e+05
3.084130000000000000e+05
3.085500000000000000e+05
3.087740000000000000e+05
3.087740000000000000e+05
3.090590000000000000e+05
3.092510000000000000e+05
3.092510000000000000e+05
3.095430000000000000e+05
3.096890000000000000e+05
3.099100000000000000e+05
3.100270000000000000e+05
3.100270000000000000e+05
3.102390000000000000e+05
3.103290000000000000e+05
3.103290000000000000e+05
3.105250000000000000e+05
3.105250000000000000e+05
3.106010000000000000e+05
3.106010000000000000e+05
3.109610000000000000e+05
3.109610000000000000e+05
3.113800000000000000e+05
3.113800000000000000e+05
3.115260000000000000e+05
3.115260000000000000e+05
3.115600000000000000e+05
3.116220000000000000e+05
3.117140000000000000e+05
3.117720000000000000e+05
3.118320000000000000e+05
3.119180000000000000e+05
3.121490000000000000e+05
3.122890000000000000e+05
3.123200000000000000e+05
0.000000000000000000e+00
0.000000000000000000e+00
0.000000000000000000e+00
0.000000000000000000e+00
0.000000000000000000e+00
0.000000000000000000e+00
0.000000000000000000e+00
0.000000000000000000e+00
0.000000000000000000e+00
0.000000000000000000e+00
0.000000000000000000e+00
0.000000000000000000e+00
0.000000000000000000e+00
0.000000000000000000e+00
0.000000000000000000e+00
0.000000000000000000e+00
0.000000000000000000e+00
0.000000000000000000e+00
0.000000000000000000e+00
0.000000000000000000e+00
0.000000000000000000e+00
0.000000000000000000e+00
0.000000000000000000e+00
0.000000000000000000e+00
0.000000000000000000e+00
0.000000000000000000e+00
0.000000000000000000e+00
0.000000000000000000e+00
0.000000000000000000e+00
0.000000000000000000e+00
0.000000000000000000e+00
0.000000000000000000e+00
0.000000000000000000e+00
0.000000000000000000e+00
0.000000000000000000e+00
0.000000000000000000e+00
0.000000000000000000e+00
0.000000000000000000e+00
0.000000000000000000e+00
0.000000000000000000e+00
0.000000000000000000e+00
0.000000000000000000e+00
0.000000000000000000e+00
0.000000000000000000e+00
0.000000000000000000e+00
0.000000000000000000e+00
0.000000000000000000e+00
0.000000000000000000e+00
0.000000000000000000e+00
0.000000000000000000e+00
0.000000000000000000e+00
0.000000000000000000e+00
0.000000000000000000e+00
0.000000000000000000e+00
0.000000000000000000e+00
0.000000000000000000e+00
0.000000000000000000e+00
0.000000000000000000e+00
0.000000000000000000e+00
0.000000000000000000e+00
0.000000000000000000e+00
0.000000000000000000e+00
0.000000000000000000e+00
0.000000000000000000e+00
0.000000000000000000e+00
0.000000000000000000e+00
0.000000000000000000e+00
0.000000000000000000e+00
0.000000000000000000e+00
0.000000000000000000e+00
0.000000000000000000e+00
0.000000000000000000e+00
0.000000000000000000e+00
0.000000000000000000e+00
0.000000000000000000e+00
0.000000000000000000e+00
0.000000000000000000e+00
0.000000000000000000e+00
0.000000000000000000e+00
0.000000000000000000e+00
0.000000000000000000e+00
0.000000000000000000e+00
0.000000000000000000e+00
0.000000000000000000e+00
0.000000000000000000e+00
0.000000000000000000e+00
0.000000000000000000e+00
0.000000000000000000e+00
0.000000000000000000e+00
0.000000000000000000e+00
0.000000000000000000e+00
0.000000000000000000e+00
0.000000000000000000e+00
0.000000000000000000e+00
0.000000000000000000e+00
0.000000000000000000e+00
0.000000000000000000e+00
0.000000000000000000e+00
0.000000000000000000e+00
0.000000000000000000e+00
0.000000000000000000e+00
0.000000000000000000e+00
0.000000000000000000e+00
0.000000000000000000e+00
0.000000000000000000e+00
0.000000000000000000e+00
0.000000000000000000e+00
0.000000000000000000e+00
0.000000000000000000e+00
0.000000000000000000e+00
0.000000000000000000e+00
0.000000000000000000e+00
0.000000000000000000e+00
0.000000000000000000e+00
0.000000000000000000e+00
0.000000000000000000e+00
0.000000000000000000e+00
0.000000000000000000e+00
0.000000000000000000e+00
0.000000000000000000e+00
0.000000000000000000e+00
0.000000000000000000e+00
0.000000000000000000e+00
0.000000000000000000e+00
0.000000000000000000e+00
0.000000000000000000e+00
0.000000000000000000e+00
0.000000000000000000e+00
0.000000000000000000e+00
0.000000000000000000e+00
0.000000000000000000e+00
0.000000000000000000e+00
0.000000000000000000e+00
0.000000000000000000e+00
0.000000000000000000e+00
0.000000000000000000e+00
0.000000000000000000e+00
0.000000000000000000e+00
0.000000000000000000e+00
0.000000000000000000e+00
0.000000000000000000e+00
0.000000000000000000e+00
0.000000000000000000e+00
0.000000000000000000e+00
0.000000000000000000e+00
0.000000000000000000e+00
0.000000000000000000e+00
0.000000000000000000e+00
0.000000000000000000e+00
0.000000000000000000e+00
0.000000000000000000e+00
0.000000000000000000e+00
0.000000000000000000e+00
0.000000000000000000e+00
