-3.965190691865672079e+02
3.885585976580744045e+02
5.480268709068241151e-01
2.196257236528894055e+02
-2.691028707909276818e+01
-2.395718757355998605e+02
-4.717867173973930903e+02
-4.011826523581722768e+02
3.859112672113861890e+02
-1.496351768076351618e+00
2.168079071391501884e+02
-3.178816498113701527e+01
-2.476579648179945252e+02
-4.840479255480128131e+02
-4.183693852949040775e+02
3.632915682277005089e+02
-2.979679510161543021e+01
1.828449316860847489e+02
-7.113373926572171513e+01
-2.918591861122887394e+02
-5.323554091243252060e+02
-4.698448640838248593e+02
3.097339842579048081e+02
-8.425038781846154734e+01
1.287298537834183207e+02
-1.236815180490708030e+02
-3.416710858423045920e+02
-5.783756899468642132e+02
-5.111793396708951036e+02
2.737751382598015653e+02
-1.143832444426583379e+02
1.046080372770094868e+02
-1.418878942132598127e+02
-3.543422223970725327e+02
-5.861684545505755750e+02
-5.150073747260008759e+02
2.727729087489299218e+02
-1.138815648721708840e+02
1.051606871666058964e+02
-1.428082770853702641e+02
-3.582645859468391905e+02
-5.945566128042717082e+02
-5.291883605744244505e+02
2.516795358799693076e+02
-1.427322476267765410e+02
6.804350197090440133e+01
-1.883128225611582138e+02
-4.118471158347882692e+02
-6.554482571781866227e+02
-5.961457124659000328e+02
1.803740833983002290e+02
-2.162104079015748539e+02
-5.006874007840622198e+00
-2.579584554196964632e+02
-4.747983057530508404e+02
-7.081800155098413825e+02
-6.349870886279495608e+02
1.591410921725463368e+02
-2.161757798819560890e+02
1.978608672385604450e+01
