0.000000000000000000e+00
0.000000000000000000e+00
0.000000000000000000e+00
0.000000000000000000e+00
0.000000000000000000e+00
0.000000000000000000e+00
0.000000000000000000e+00
0.000000000000000000e+00
0.000000000000000000e+00
0.000000000000000000e+00
0.000000000000000000e+00
0.000000000000000000e+00
0.000000000000000000e+00
0.000000000000000000e+00
0.000000000000000000e+00
0.000000000000000000e+00
0.000000000000000000e+00
0.000000000000000000e+00
0.000000000000000000e+00
0.000000000000000000e+00
0.000000000000000000e+00
0.000000000000000000e+00
0.000000000000000000e+00
0.000000000000000000e+00
0.000000000000000000e+00
0.000000000000000000e+00
0.000000000000000000e+00
0.000000000000000000e+00
0.000000000000000000e+00
0.000000000000000000e+00
0.000000000000000000e+00
0.000000000000000000e+00
0.000000000000000000e+00
0.000000000000000000e+00
0.000000000000000000e+00
0.000000000000000000e+00
0.000000000000000000e+00
0.000000000000000000e+00
0.000000000000000000e+00
0.000000000000000000e+00
0.000000000000000000e+00
0.000000000000000000e+00
0.000000000000000000e+00
0.000000000000000000e+00
0.000000000000000000e+00
0.000000000000000000e+00
0.000000000000000000e+00
0.000000000000000000e+00
0.000000000000000000e+00
0.000000000000000000e+00
0.000000000000000000e+00
0.000000000000000000e+00
0.000000000000000000e+00
0.000000000000000000e+00
1.000000000000000000e+00
1.000000000000000000e+00
0.000000000000000000e+00
0.000000000000000000e+00
0.000000000000000000e+00
0.000000000000000000e+00
0.000000000000000000e+00
0.000000000000000000e+00
0.000000000000000000e+00
0.000000000000000000e+00
4.000000000000000000e+00
0.000000000000000000e+00
0.000000000000000000e+00
0.000000000000000000e+00
1.140000000000000000e+02
7.000000000000000000e+00
0.000000000000000000e+00
0.000000000000000000e+00
0.000000000000000000e+00
0.000000000000000000e+00
0.000000000000000000e+00
0.000000000000000000e+00
0.000000000000000000e+00
0.000000000000000000e+00
4.600000000000000000e+01
0.000000000000000000e+00
0.000000000000000000e+00
0.000000000000000000e+00
0.000000000000000000e+00
2.873000000000000000e+03
1.098000000000000000e+04
0.000000000000000000e+00
0.000000000000000000e+00
0.000000000000000000e+00
8.104000000000000000e+03
0.000000000000000000e+00
8.610000000000000000e+02
2.327000000000000000e+03
1.255000000000000000e+03
1.082000000000000000e+03
1.505000000000000000e+03
9.920000000000000000e+02
9.900000000000000000e+02
1.402000000000000000e+03
1.588000000000000000e+03
1.803000000000000000e+03
2.104000000000000000e+03
2.898000000000000000e+03
2.054000000000000000e+03
2.824000000000000000e+03
2.406000000000000000e+03
3.149000000000000000e+03
3.980000000000000000e+03
3.947000000000000000e+03
2.388000000000000000e+03
3.272000000000000000e+03
2.427000000000000000e+03
5.213000000000000000e+03
5.827000000000000000e+03
1.055000000000000000e+03
5.491000000000000000e+03
4.702000000000000000e+03
4.450000000000000000e+03
6.337000000000000000e+03
6.335000000000000000e+03
9.889000000000000000e+03
9.277000000000000000e+03
9.470000000000000000e+03
7.157000000000000000e+03
7.324000000000000000e+03
3.922000000000000000e+03
4.760000000000000000e+03
8.054000000000000000e+03
1.095700000000000000e+04
1.187200000000000000e+04
1.141600000000000000e+04
5.663000000000000000e+03
4.525000000000000000e+03
1.255800000000000000e+04
1.497900000000000000e+04
1.634600000000000000e+04
1.197700000000000000e+04
1.020900000000000000e+04
6.803000000000000000e+03
9.430500000000000000e+04
1.848000000000000000e+04
1.717900000000000000e+04
1.604900000000000000e+04
1.515800000000000000e+04
1.431300000000000000e+04
9.705000000000000000e+03
8.568000000000000000e+03
1.229600000000000000e+04
3.104100000000000000e+04
1.353400000000000000e+04
1.705100000000000000e+04
2.514800000000000000e+04
1.133900000000000000e+04
1.361800000000000000e+04
2.622700000000000000e+04
3.250600000000000000e+04
1.905500000000000000e+04
2.287500000000000000e+04
2.531600000000000000e+04
1.830300000000000000e+04
1.179300000000000000e+04
3.050700000000000000e+04
2.932400000000000000e+04
1.400500000000000000e+05
2.692300000000000000e+04
6.116000000000000000e+03
3.831400000000000000e+04
3.349700000000000000e+04
4.447000000000000000e+04
3.283200000000000000e+04
3.160300000000000000e+04
4.591400000000000000e+04
2.672700000000000000e+04
2.075500000000000000e+04
2.640800000000000000e+04
3.217400000000000000e+04
2.667300000000000000e+04
4.743300000000000000e+04
3.098900000000000000e+04
1.888800000000000000e+04
1.166400000000000000e+04
5.522800000000000000e+04
4.103900000000000000e+04
3.663600000000000000e+04
2.833800000000000000e+04
7.290100000000000000e+04
9.214500000000000000e+04
2.755400000000000000e+04
3.372800000000000000e+04
2.210800000000000000e+04
5.405300000000000000e+04
3.400500000000000000e+04
5.204700000000000000e+04
2.912800000000000000e+04
2.489400000000000000e+04
3.610000000000000000e+04
5.850800000000000000e+04
3.287700000000000000e+04
4.018100000000000000e+04
4.175700000000000000e+04
4.923800000000000000e+04
3.544600000000000000e+04
3.384700000000000000e+04
5.850800000000000000e+04
5.689000000000000000e+04
1.487200000000000000e+04
9.588100000000000000e+04
5.897000000000000000e+03
3.213900000000000000e+04
4.406300000000000000e+04
5.216600000000000000e+04
5.068500000000000000e+04
4.238700000000000000e+04
1.124000000000000000e+04
5.840800000000000000e+04
3.381800000000000000e+04
2.847200000000000000e+04
5.629500000000000000e+04
4.989600000000000000e+04
4.039900000000000000e+04
3.593700000000000000e+04
4.340200000000000000e+04
3.543000000000000000e+04
3.097600000000000000e+04
7.664900000000000000e+04
4.206900000000000000e+04
4.212600000000000000e+04
3.484300000000000000e+04
3.472100000000000000e+04
2.315600000000000000e+04
2.704600000000000000e+04
2.322000000000000000e+04
3.921100000000000000e+04
4.606900000000000000e+04
3.745700000000000000e+04
2.804800000000000000e+04
0.000000000000000000e+00
4.693200000000000000e+04
4.136700000000000000e+04
3.395900000000000000e+04
2.847000000000000000e+04
2.360500000000000000e+04
3.935400000000000000e+04
2.655300000000000000e+04
2.998600000000000000e+04
2.339900000000000000e+04
2.999600000000000000e+04
5.612700000000000000e+04
2.553600000000000000e+04
2.481700000000000000e+04
1.940400000000000000e+04
2.466100000000000000e+04
3.978000000000000000e+04
3.762200000000000000e+04
2.488500000000000000e+04
0.000000000000000000e+00
6.144900000000000000e+04
1.424600000000000000e+04
2.252800000000000000e+04
3.245800000000000000e+04
2.683200000000000000e+04
3.092000000000000000e+04
1.476200000000000000e+04
0.000000000000000000e+00
2.353900000000000000e+04
0.000000000000000000e+00
0.000000000000000000e+00
0.000000000000000000e+00
0.000000000000000000e+00
0.000000000000000000e+00
0.000000000000000000e+00
0.000000000000000000e+00
0.000000000000000000e+00
0.000000000000000000e+00
0.000000000000000000e+00
0.000000000000000000e+00
0.000000000000000000e+00
0.000000000000000000e+00
0.000000000000000000e+00
0.000000000000000000e+00
3.883400000000000000e+05
3.304400000000000000e+04
1.479700000000000000e+04
2.486100000000000000e+04
1.772600000000000000e+04
1.717700000000000000e+04
1.710000000000000000e+04
2.125900000000000000e+04
1.746500000000000000e+04
0.000000000000000000e+00
3.999400000000000000e+04
2.048500000000000000e+04
8.531000000000000000e+03
1.605400000000000000e+04
2.074400000000000000e+04
3.896700000000000000e+04
3.152000000000000000e+04
2.035500000000000000e+04
4.640000000000000000e+03
0.000000000000000000e+00
5.604600000000000000e+04
2.280100000000000000e+04
2.508600000000000000e+04
2.268100000000000000e+04
2.483000000000000000e+04
6.293000000000000000e+03
2.078400000000000000e+04
2.321100000000000000e+04
2.846100000000000000e+04
2.436500000000000000e+04
2.287700000000000000e+04
2.454900000000000000e+04
0.000000000000000000e+00
0.000000000000000000e+00
1.636600000000000000e+04
1.145030000000000000e+05
4.698900000000000000e+04
3.324500000000000000e+04
3.320600000000000000e+04
3.909300000000000000e+04
1.819000000000000000e+03
3.086900000000000000e+04
6.796600000000000000e+04
6.260000000000000000e+02
7.710100000000000000e+04
3.506800000000000000e+04
0.000000000000000000e+00
6.006200000000000000e+04
1.970000000000000000e+04
4.843400000000000000e+04
3.270900000000000000e+04
6.235500000000000000e+04
2.140800000000000000e+04
6.598300000000000000e+04
1.957900000000000000e+04
6.079300000000000000e+04
3.203100000000000000e+04
1.137600000000000000e+04
0.000000000000000000e+00
0.000000000000000000e+00
1.414720000000000000e+05
2.304600000000000000e+04
3.552200000000000000e+04
4.135400000000000000e+04
5.998100000000000000e+04
3.475200000000000000e+04
6.528000000000000000e+03
3.788400000000000000e+04
1.091600000000000000e+04
4.587300000000000000e+04
4.480000000000000000e+04
3.844100000000000000e+04
4.823500000000000000e+04
5.529600000000000000e+04
6.859300000000000000e+04
2.592600000000000000e+04
4.190100000000000000e+04
1.170800000000000000e+04
6.213500000000000000e+04
4.765900000000000000e+04
4.333600000000000000e+04
4.774800000000000000e+04
2.318600000000000000e+04
5.145100000000000000e+04
5.762000000000000000e+04
0.000000000000000000e+00
5.501200000000000000e+04
7.381800000000000000e+04
2.901800000000000000e+04
4.544800000000000000e+04
4.359300000000000000e+04
3.132100000000000000e+04
6.788600000000000000e+04
1.533700000000000000e+04
8.709000000000000000e+04
8.206800000000000000e+04
2.770200000000000000e+04
2.598100000000000000e+04
5.572000000000000000e+04
5.380700000000000000e+04
5.431600000000000000e+04
2.995100000000000000e+04
3.284400000000000000e+04
3.899000000000000000e+04
1.083600000000000000e+04
9.838900000000000000e+04
3.907500000000000000e+04
2.076800000000000000e+04
5.461400000000000000e+04
4.878100000000000000e+04
2.460300000000000000e+04
5.683900000000000000e+04
2.537700000000000000e+04
8.613800000000000000e+04
2.735300000000000000e+04
2.786300000000000000e+04
8.188700000000000000e+04
2.518700000000000000e+04
1.251300000000000000e+04
8.169800000000000000e+04
2.443400000000000000e+04
5.035900000000000000e+04
4.487200000000000000e+04
6.188000000000000000e+04
1.086800000000000000e+04
5.529500000000000000e+04
6.864000000000000000e+04
4.206400000000000000e+04
5.755500000000000000e+04
4.168000000000000000e+04
3.847400000000000000e+04
5.344000000000000000e+04
8.682800000000000000e+04
5.227400000000000000e+04
4.342800000000000000e+04
6.166200000000000000e+04
5.736800000000000000e+04
4.379600000000000000e+04
2.866700000000000000e+04
8.211100000000000000e+04
6.555600000000000000e+04
6.522100000000000000e+04
5.712100000000000000e+04
5.236800000000000000e+04
4.025900000000000000e+04
3.333400000000000000e+04
1.021380000000000000e+05
5.356600000000000000e+04
8.497000000000000000e+04
5.836800000000000000e+04
7.829300000000000000e+04
6.159000000000000000e+04
5.589900000000000000e+04
1.791100000000000000e+04
6.317700000000000000e+04
9.600200000000000000e+04
5.884200000000000000e+04
3.741900000000000000e+04
4.987800000000000000e+04
1.609700000000000000e+04
6.195100000000000000e+04
5.399000000000000000e+04
1.326110000000000000e+05
7.657500000000000000e+04
5.344700000000000000e+04
1.746800000000000000e+04
1.393090000000000000e+05
1.327100000000000000e+04
8.289200000000000000e+04
5.875900000000000000e+04
5.097100000000000000e+04
7.898000000000000000e+04
4.905900000000000000e+04
9.064800000000000000e+04
4.329000000000000000e+04
7.896300000000000000e+04
1.041900000000000000e+04
9.476000000000000000e+04
5.530200000000000000e+04
1.973900000000000000e+04
8.548000000000000000e+03
9.294100000000000000e+04
1.076190000000000000e+05
3.454400000000000000e+04
9.241800000000000000e+04
4.987000000000000000e+04
3.194100000000000000e+04
5.965800000000000000e+04
5.159300000000000000e+04
3.541800000000000000e+04
8.409900000000000000e+04
3.092900000000000000e+04
1.144860000000000000e+05
2.197200000000000000e+04
3.535300000000000000e+04
2.366200000000000000e+04
1.114010000000000000e+05
2.995600000000000000e+04
4.027100000000000000e+04
4.059000000000000000e+04
7.542000000000000000e+03
5.369800000000000000e+04
9.221100000000000000e+04
1.010830000000000000e+05
8.595200000000000000e+04
3.632300000000000000e+04
2.371100000000000000e+04
2.864300000000000000e+04
0.000000000000000000e+00
5.820100000000000000e+04
4.134700000000000000e+04
4.018300000000000000e+04
1.836360000000000000e+05
3.689100000000000000e+04
3.523000000000000000e+03
4.428300000000000000e+04
4.550200000000000000e+04
1.089410000000000000e+05
6.874400000000000000e+04
0.000000000000000000e+00
1.053000000000000000e+05
7.507500000000000000e+04
5.664900000000000000e+04
1.907900000000000000e+04
3.595000000000000000e+04
9.835400000000000000e+04
5.707500000000000000e+04
4.928300000000000000e+04
1.066100000000000000e+04
1.290490000000000000e+05
2.122800000000000000e+04
9.855800000000000000e+04
4.960100000000000000e+04
9.105800000000000000e+04
2.657500000000000000e+04
5.827400000000000000e+04
0.000000000000000000e+00
7.430100000000000000e+04
4.233200000000000000e+04
1.461750000000000000e+05
2.995900000000000000e+04
5.948100000000000000e+04
4.889700000000000000e+04
1.421800000000000000e+04
7.955400000000000000e+04
3.740500000000000000e+04
2.147300000000000000e+04
1.779950000000000000e+05
3.256800000000000000e+04
1.427900000000000000e+04
5.838300000000000000e+04
9.307800000000000000e+04
6.457500000000000000e+04
2.338600000000000000e+04
3.263900000000000000e+04
2.714000000000000000e+04
1.600320000000000000e+05
1.771000000000000000e+04
1.375300000000000000e+04
2.223100000000000000e+04
9.140200000000000000e+04
1.341900000000000000e+04
1.108020000000000000e+05
1.679000000000000000e+03
5.048500000000000000e+04
1.451500000000000000e+04
5.173600000000000000e+04
3.343000000000000000e+04
6.583700000000000000e+04
4.759000000000000000e+03
1.815340000000000000e+05
4.541300000000000000e+04
2.663000000000000000e+03
1.078000000000000000e+04
2.705100000000000000e+04
2.869600000000000000e+04
0.000000000000000000e+00
0.000000000000000000e+00
0.000000000000000000e+00
0.000000000000000000e+00
0.000000000000000000e+00
0.000000000000000000e+00
-1.777122800000000000e+07
0.000000000000000000e+00
0.000000000000000000e+00
0.000000000000000000e+00
0.000000000000000000e+00
0.000000000000000000e+00
0.000000000000000000e+00
0.000000000000000000e+00
0.000000000000000000e+00
0.000000000000000000e+00
0.000000000000000000e+00
0.000000000000000000e+00
0.000000000000000000e+00
0.000000000000000000e+00
0.000000000000000000e+00
0.000000000000000000e+00
0.000000000000000000e+00
0.000000000000000000e+00
0.000000000000000000e+00
0.000000000000000000e+00
0.000000000000000000e+00
0.000000000000000000e+00
0.000000000000000000e+00
0.000000000000000000e+00
0.000000000000000000e+00
0.000000000000000000e+00
0.000000000000000000e+00
0.000000000000000000e+00
0.000000000000000000e+00
0.000000000000000000e+00
0.000000000000000000e+00
0.000000000000000000e+00
0.000000000000000000e+00
0.000000000000000000e+00
0.000000000000000000e+00
0.000000000000000000e+00
0.000000000000000000e+00
0.000000000000000000e+00
0.000000000000000000e+00
0.000000000000000000e+00
0.000000000000000000e+00
0.000000000000000000e+00
0.000000000000000000e+00
0.000000000000000000e+00
0.000000000000000000e+00
0.000000000000000000e+00
0.000000000000000000e+00
0.000000000000000000e+00
0.000000000000000000e+00
0.000000000000000000e+00
0.000000000000000000e+00
0.000000000000000000e+00
0.000000000000000000e+00
0.000000000000000000e+00
0.000000000000000000e+00
0.000000000000000000e+00
0.000000000000000000e+00
0.000000000000000000e+00
0.000000000000000000e+00
0.000000000000000000e+00
0.000000000000000000e+00
0.000000000000000000e+00
0.000000000000000000e+00
0.000000000000000000e+00
0.000000000000000000e+00
0.000000000000000000e+00
0.000000000000000000e+00
0.000000000000000000e+00
0.000000000000000000e+00
0.000000000000000000e+00
0.000000000000000000e+00
0.000000000000000000e+00
0.000000000000000000e+00
0.000000000000000000e+00
0.000000000000000000e+00
0.000000000000000000e+00
0.000000000000000000e+00
0.000000000000000000e+00
0.000000000000000000e+00
0.000000000000000000e+00
0.000000000000000000e+00
0.000000000000000000e+00
0.000000000000000000e+00
0.000000000000000000e+00
0.000000000000000000e+00
0.000000000000000000e+00
0.000000000000000000e+00
0.000000000000000000e+00
0.000000000000000000e+00
0.000000000000000000e+00
0.000000000000000000e+00
0.000000000000000000e+00
0.000000000000000000e+00
0.000000000000000000e+00
0.000000000000000000e+00
0.000000000000000000e+00
0.000000000000000000e+00
0.000000000000000000e+00
0.000000000000000000e+00
0.000000000000000000e+00
0.000000000000000000e+00
0.000000000000000000e+00
0.000000000000000000e+00
0.000000000000000000e+00
0.000000000000000000e+00
0.000000000000000000e+00
0.000000000000000000e+00
0.000000000000000000e+00
0.000000000000000000e+00
0.000000000000000000e+00
0.000000000000000000e+00
0.000000000000000000e+00
0.000000000000000000e+00
0.000000000000000000e+00
0.000000000000000000e+00
0.000000000000000000e+00
0.000000000000000000e+00
0.000000000000000000e+00
0.000000000000000000e+00
0.000000000000000000e+00
0.000000000000000000e+00
0.000000000000000000e+00
0.000000000000000000e+00
0.000000000000000000e+00
0.000000000000000000e+00
0.000000000000000000e+00
0.000000000000000000e+00
0.000000000000000000e+00
0.000000000000000000e+00
0.000000000000000000e+00
0.000000000000000000e+00
0.000000000000000000e+00
0.000000000000000000e+00
0.000000000000000000e+00
0.000000000000000000e+00
0.000000000000000000e+00
0.000000000000000000e+00
0.000000000000000000e+00
0.000000000000000000e+00
0.000000000000000000e+00
0.000000000000000000e+00
0.000000000000000000e+00
0.000000000000000000e+00
0.000000000000000000e+00
0.000000000000000000e+00
0.000000000000000000e+00
0.000000000000000000e+00
0.000000000000000000e+00
0.000000000000000000e+00
0.000000000000000000e+00
0.000000000000000000e+00
0.000000000000000000e+00
0.000000000000000000e+00
0.000000000000000000e+00
0.000000000000000000e+00
0.000000000000000000e+00
0.000000000000000000e+00
0.000000000000000000e+00
0.000000000000000000e+00
0.000000000000000000e+00
0.000000000000000000e+00
0.000000000000000000e+00
0.000000000000000000e+00
0.000000000000000000e+00
0.000000000000000000e+00
0.000000000000000000e+00
0.000000000000000000e+00
0.000000000000000000e+00
0.000000000000000000e+00
0.000000000000000000e+00
0.000000000000000000e+00
0.000000000000000000e+00
0.000000000000000000e+00
0.000000000000000000e+00
0.000000000000000000e+00
0.000000000000000000e+00
0.000000000000000000e+00
0.000000000000000000e+00
0.000000000000000000e+00
0.000000000000000000e+00
0.000000000000000000e+00
0.000000000000000000e+00
0.000000000000000000e+00
0.000000000000000000e+00
0.000000000000000000e+00
0.000000000000000000e+00
0.000000000000000000e+00
0.000000000000000000e+00
0.000000000000000000e+00
0.000000000000000000e+00
0.000000000000000000e+00
0.000000000000000000e+00
0.000000000000000000e+00
0.000000000000000000e+00
0.000000000000000000e+00
0.000000000000000000e+00
0.000000000000000000e+00
0.000000000000000000e+00
0.000000000000000000e+00
0.000000000000000000e+00
0.000000000000000000e+00
0.000000000000000000e+00
0.000000000000000000e+00
0.000000000000000000e+00
0.000000000000000000e+00
0.000000000000000000e+00
0.000000000000000000e+00
0.000000000000000000e+00
0.000000000000000000e+00
0.000000000000000000e+00
0.000000000000000000e+00
0.000000000000000000e+00
0.000000000000000000e+00
0.000000000000000000e+00
0.000000000000000000e+00
0.000000000000000000e+00
0.000000000000000000e+00
0.000000000000000000e+00
0.000000000000000000e+00
0.000000000000000000e+00
0.000000000000000000e+00
0.000000000000000000e+00
0.000000000000000000e+00
0.000000000000000000e+00
0.000000000000000000e+00
0.000000000000000000e+00
0.000000000000000000e+00
0.000000000000000000e+00
0.000000000000000000e+00
0.000000000000000000e+00
0.000000000000000000e+00
0.000000000000000000e+00
0.000000000000000000e+00
0.000000000000000000e+00
0.000000000000000000e+00
0.000000000000000000e+00
0.000000000000000000e+00
0.000000000000000000e+00
0.000000000000000000e+00
0.000000000000000000e+00
0.000000000000000000e+00
0.000000000000000000e+00
0.000000000000000000e+00
0.000000000000000000e+00
0.000000000000000000e+00
0.000000000000000000e+00
0.000000000000000000e+00
0.000000000000000000e+00
0.000000000000000000e+00
0.000000000000000000e+00
0.000000000000000000e+00
0.000000000000000000e+00
0.000000000000000000e+00
0.000000000000000000e+00
0.000000000000000000e+00
0.000000000000000000e+00
0.000000000000000000e+00
0.000000000000000000e+00
0.000000000000000000e+00
0.000000000000000000e+00
0.000000000000000000e+00
0.000000000000000000e+00
0.000000000000000000e+00
0.000000000000000000e+00
0.000000000000000000e+00
0.000000000000000000e+00
0.000000000000000000e+00
0.000000000000000000e+00
0.000000000000000000e+00
0.000000000000000000e+00
0.000000000000000000e+00
0.000000000000000000e+00
0.000000000000000000e+00
0.000000000000000000e+00
0.000000000000000000e+00
0.000000000000000000e+00
0.000000000000000000e+00
0.000000000000000000e+00
0.000000000000000000e+00
0.000000000000000000e+00
0.000000000000000000e+00
0.000000000000000000e+00
0.000000000000000000e+00
0.000000000000000000e+00
0.000000000000000000e+00
0.000000000000000000e+00
0.000000000000000000e+00
0.000000000000000000e+00
0.000000000000000000e+00
0.000000000000000000e+00
0.000000000000000000e+00
0.000000000000000000e+00
0.000000000000000000e+00
0.000000000000000000e+00
0.000000000000000000e+00
0.000000000000000000e+00
0.000000000000000000e+00
0.000000000000000000e+00
0.000000000000000000e+00
0.000000000000000000e+00
