-2.770058799327337056e+02
-2.053910830175379942e+02
2.832250927646739456e+02
2.922539701636627569e+02
2.803428996648054863e+02
2.139987349478699912e+02
6.831395234051893794e+01
-2.839178586560129816e+02
-2.133794994765088120e+02
2.736377704073780137e+02
2.805142372800502244e+02
2.658745217319789163e+02
1.962121219964104171e+02
4.661638804287616722e+01
-3.101113737897126157e+02
-2.446350521674283414e+02
2.367842797360305553e+02
2.375681642036262247e+02
2.163930636114773733e+02
1.398141488268447574e+02
-1.700873628128101700e+01
-3.811962110263654608e+02
-3.233279516558350792e+02
1.504237104334372361e+02
1.435718532870354238e+02
1.148854501565490409e+02
3.101130088113711736e+01
-1.328018524245126741e+02
-5.035902561418166670e+02
-4.518554347354506717e+02
1.630065561332662583e+01
4.452314489606010284e+00
-2.858058290453709560e+01
-1.161115819157028000e+02
-2.828642012342059502e+02
-6.558592593703524471e+02
-6.055952807364162709e+02
-1.381834874994698339e+02
-1.500706802796519241e+02
-1.824692316153974048e+02
-2.687351622224655898e+02
-4.336435680483995156e+02
-8.042746475069193366e+02
-7.511926710817082267e+02
-2.805794386120214199e+02
-2.889555682294140411e+02
-3.176088822687069637e+02
-3.999709010379152687e+02
-5.608907514755128432e+02
-9.275197763184969517e+02
-8.704892183638232837e+02
-3.960425529426101434e+02
-4.007558349398825044e+02
-4.259653422919648165e+02
-5.051435371310033702e+02
-6.631726556270618858e+02
-1.027229209794658800e+03
-9.679617674538318397e+02
-4.916235693887707612e+02
-4.947933308953018354e+02
