2.029232440379860054e+05
2.030920579123222269e+05
2.032667271486172976e+05
2.034448800505113031e+05
2.035740160574470356e+05
2.037061684641278407e+05
2.038746330048420350e+05
2.040436220528278209e+05
2.042067605239380791e+05
2.043762788827754848e+05
2.045499723332457361e+05
2.046754711696393497e+05
2.048049004468770872e+05
2.049716071985232411e+05
2.051398149542304454e+05
2.053031215850526642e+05
2.054736957544808101e+05
2.056492408821670397e+05
2.057772713735324214e+05
2.059097790113139490e+05
2.060799674451146566e+05
2.062519142187402758e+05
2.064190760439394799e+05
2.065934922821900691e+05
2.067727552404755843e+05
2.069042917593838647e+05
2.070400337510947720e+05
2.072131554301321157e+05
2.073877365362675919e+05
2.075572671762562823e+05
2.077338492263209773e+05
2.079151629454180074e+05
2.080487433849803929e+05
2.081866444205976150e+05
2.083621683720872097e+05
2.085395207837997586e+05
2.087123063045499730e+05
2.088927209519832104e+05
2.090785097731489805e+05
2.092172348554155615e+05
2.093609318757044675e+05
2.095428334983972600e+05
2.097270195067175373e+05
2.099069098773895239e+05
2.100944563008192636e+05
2.102871013140335272e+05
2.104320500868804229e+05
2.105809330616010120e+05
2.107665376912213105e+05
2.109524690191375848e+05
2.111316550917717395e+05
2.113155524175378087e+05
2.115011202860657359e+05
2.116351085795505205e+05
2.117687368232769659e+05
2.119344422358246811e+05
2.120955560183530906e+05
2.122448233685916930e+05
2.123936219384766882e+05
2.125389470822731673e+05
