0.000000000000000000e+00
0.000000000000000000e+00
0.000000000000000000e+00
0.000000000000000000e+00
0.000000000000000000e+00
0.000000000000000000e+00
0.000000000000000000e+00
0.000000000000000000e+00
0.000000000000000000e+00
0.000000000000000000e+00
0.000000000000000000e+00
0.000000000000000000e+00
0.000000000000000000e+00
0.000000000000000000e+00
0.000000000000000000e+00
0.000000000000000000e+00
0.000000000000000000e+00
0.000000000000000000e+00
0.000000000000000000e+00
0.000000000000000000e+00
0.000000000000000000e+00
0.000000000000000000e+00
0.000000000000000000e+00
0.000000000000000000e+00
0.000000000000000000e+00
0.000000000000000000e+00
0.000000000000000000e+00
0.000000000000000000e+00
0.000000000000000000e+00
0.000000000000000000e+00
0.000000000000000000e+00
0.000000000000000000e+00
0.000000000000000000e+00
0.000000000000000000e+00
1.000000000000000000e+00
3.000000000000000000e+00
3.000000000000000000e+00
5.000000000000000000e+00
6.000000000000000000e+00
7.000000000000000000e+00
7.000000000000000000e+00
9.000000000000000000e+00
1.000000000000000000e+01
1.000000000000000000e+01
1.100000000000000000e+01
1.200000000000000000e+01
1.200000000000000000e+01
1.200000000000000000e+01
1.400000000000000000e+01
1.900000000000000000e+01
1.900000000000000000e+01
3.200000000000000000e+01
3.800000000000000000e+01
4.900000000000000000e+01
5.700000000000000000e+01
6.500000000000000000e+01
8.100000000000000000e+01
1.050000000000000000e+02
1.280000000000000000e+02
2.060000000000000000e+02
2.540000000000000000e+02
3.150000000000000000e+02
3.820000000000000000e+02
4.420000000000000000e+02
4.950000000000000000e+02
5.860000000000000000e+02
6.570000000000000000e+02
7.130000000000000000e+02
7.900000000000000000e+02
8.670000000000000000e+02
9.630000000000000000e+02
1.011000000000000000e+03
1.079000000000000000e+03
1.126000000000000000e+03
1.182000000000000000e+03
1.222000000000000000e+03
1.282000000000000000e+03
1.343000000000000000e+03
1.407000000000000000e+03
1.495000000000000000e+03
1.534000000000000000e+03
1.600000000000000000e+03
1.650000000000000000e+03
1.704000000000000000e+03
1.741000000000000000e+03
1.791000000000000000e+03
1.814000000000000000e+03
1.832000000000000000e+03
1.871000000000000000e+03
1.881000000000000000e+03
1.908000000000000000e+03
1.950000000000000000e+03
1.981000000000000000e+03
2.009000000000000000e+03
2.016000000000000000e+03
2.030000000000000000e+03
2.039000000000000000e+03
2.047000000000000000e+03
2.062000000000000000e+03
2.076000000000000000e+03
2.085000000000000000e+03
2.088000000000000000e+03
2.096000000000000000e+03
2.101000000000000000e+03
2.112000000000000000e+03
2.119000000000000000e+03
2.125000000000000000e+03
2.161000000000000000e+03
2.176000000000000000e+03
2.187000000000000000e+03
2.196000000000000000e+03
2.207000000000000000e+03
2.213000000000000000e+03
2.221000000000000000e+03
2.222000000000000000e+03
2.224000000000000000e+03
2.226000000000000000e+03
2.228000000000000000e+03
2.232000000000000000e+03
2.234000000000000000e+03
2.237000000000000000e+03
2.243000000000000000e+03
2.243000000000000000e+03
2.244000000000000000e+03
2.244000000000000000e+03
2.244000000000000000e+03
2.244000000000000000e+03
2.245000000000000000e+03
2.245000000000000000e+03
2.246000000000000000e+03
2.246000000000000000e+03
2.246000000000000000e+03
2.246000000000000000e+03
2.246000000000000000e+03
2.247000000000000000e+03
2.247000000000000000e+03
2.247000000000000000e+03
2.247000000000000000e+03
2.247000000000000000e+03
2.247000000000000000e+03
2.249000000000000000e+03
2.249000000000000000e+03
2.249000000000000000e+03
2.251000000000000000e+03
2.252000000000000000e+03
2.254000000000000000e+03
2.255000000000000000e+03
2.258000000000000000e+03
2.269000000000000000e+03
2.280000000000000000e+03
2.299000000000000000e+03
2.317000000000000000e+03
2.336000000000000000e+03
2.366000000000000000e+03
2.388000000000000000e+03
2.483000000000000000e+03
2.539000000000000000e+03
2.624000000000000000e+03
2.691000000000000000e+03
2.725000000000000000e+03
2.777000000000000000e+03
2.831000000000000000e+03
2.912000000000000000e+03
3.008000000000000000e+03
3.094000000000000000e+03
3.151000000000000000e+03
3.220000000000000000e+03
3.272000000000000000e+03
3.325000000000000000e+03
3.416000000000000000e+03
3.532000000000000000e+03
3.672000000000000000e+03
3.722000000000000000e+03
3.775000000000000000e+03
3.827000000000000000e+03
3.953000000000000000e+03
4.039000000000000000e+03
4.137000000000000000e+03
4.253000000000000000e+03
4.345000000000000000e+03
4.370000000000000000e+03
4.422000000000000000e+03
4.530000000000000000e+03
4.634000000000000000e+03
4.715000000000000000e+03
4.792000000000000000e+03
4.857000000000000000e+03
4.881000000000000000e+03
4.923000000000000000e+03
4.993000000000000000e+03
5.071000000000000000e+03
5.139000000000000000e+03
5.224000000000000000e+03
5.260000000000000000e+03
5.294000000000000000e+03
5.318000000000000000e+03
5.376000000000000000e+03
5.404000000000000000e+03
5.466000000000000000e+03
5.543000000000000000e+03
5.604000000000000000e+03
5.649000000000000000e+03
5.740000000000000000e+03
5.870000000000000000e+03
6.050000000000000000e+03
6.258000000000000000e+03
6.420000000000000000e+03
6.571000000000000000e+03
6.656000000000000000e+03
6.855000000000000000e+03
7.074000000000000000e+03
7.329000000000000000e+03
7.594000000000000000e+03
7.900000000000000000e+03
8.175000000000000000e+03
8.311000000000000000e+03
8.530000000000000000e+03
8.888000000000000000e+03
9.192000000000000000e+03
9.549000000000000000e+03
9.861000000000000000e+03
1.012300000000000000e+04
1.026900000000000000e+04
1.041400000000000000e+04
1.072500000000000000e+04
1.109400000000000000e+04
1.142800000000000000e+04
1.173900000000000000e+04
1.196400000000000000e+04
1.208100000000000000e+04
1.228500000000000000e+04
1.262600000000000000e+04
1.291700000000000000e+04
1.310700000000000000e+04
1.336800000000000000e+04
1.353300000000000000e+04
1.359800000000000000e+04
1.374900000000000000e+04
1.402900000000000000e+04
1.427900000000000000e+04
1.451300000000000000e+04
1.472500000000000000e+04
1.492200000000000000e+04
1.499200000000000000e+04
1.513600000000000000e+04
1.534000000000000000e+04
1.557200000000000000e+04
1.579500000000000000e+04
1.600700000000000000e+04
1.619700000000000000e+04
1.624500000000000000e+04
1.638000000000000000e+04
1.659300000000000000e+04
1.682700000000000000e+04
1.716000000000000000e+04
1.740100000000000000e+04
1.765900000000000000e+04
1.779700000000000000e+04
1.808400000000000000e+04
1.844700000000000000e+04
1.898900000000000000e+04
1.944600000000000000e+04
1.993200000000000000e+04
2.044000000000000000e+04
2.062100000000000000e+04
2.099300000000000000e+04
2.174100000000000000e+04
2.253400000000000000e+04
2.366500000000000000e+04
2.476100000000000000e+04
2.558000000000000000e+04
2.597300000000000000e+04
2.686300000000000000e+04
2.828700000000000000e+04
2.985000000000000000e+04
3.171700000000000000e+04
3.395900000000000000e+04
3.638000000000000000e+04
3.720800000000000000e+04
3.862100000000000000e+04
4.099900000000000000e+04
4.377500000000000000e+04
4.654700000000000000e+04
4.931600000000000000e+04
5.149500000000000000e+04
5.266000000000000000e+04
5.408700000000000000e+04
5.656700000000000000e+04
5.941500000000000000e+04
6.230500000000000000e+04
6.470400000000000000e+04
6.724700000000000000e+04
6.877600000000000000e+04
7.024300000000000000e+04
7.284000000000000000e+04
7.592200000000000000e+04
7.897800000000000000e+04
8.184400000000000000e+04
8.420600000000000000e+04
8.551900000000000000e+04
8.746400000000000000e+04
9.071500000000000000e+04
9.387900000000000000e+04
9.683700000000000000e+04
1.004100000000000000e+05
1.037180000000000000e+05
1.056910000000000000e+05
1.080140000000000000e+05
1.116170000000000000e+05
1.156260000000000000e+05
1.197060000000000000e+05
1.236930000000000000e+05
1.266120000000000000e+05
1.284420000000000000e+05
1.313420000000000000e+05
1.348810000000000000e+05
1.394150000000000000e+05
1.433700000000000000e+05
1.474540000000000000e+05
1.503530000000000000e+05
1.522390000000000000e+05
1.548520000000000000e+05
1.593720000000000000e+05
1.639920000000000000e+05
1.683880000000000000e+05
1.725230000000000000e+05
1.758860000000000000e+05
1.773580000000000000e+05
1.797180000000000000e+05
1.830450000000000000e+05
1.869630000000000000e+05
1.902350000000000000e+05
1.929870000000000000e+05
1.949620000000000000e+05
1.957280000000000000e+05
1.973230000000000000e+05
2.000860000000000000e+05
2.023190000000000000e+05
2.039620000000000000e+05
2.043120000000000000e+05
2.049300000000000000e+05
2.052460000000000000e+05
2.065960000000000000e+05
2.084460000000000000e+05
2.108370000000000000e+05
2.120070000000000000e+05
2.122620000000000000e+05
2.129580000000000000e+05
2.133190000000000000e+05
2.143900000000000000e+05
2.162860000000000000e+05
2.168480000000000000e+05
2.179460000000000000e+05
2.193470000000000000e+05
2.199930000000000000e+05
2.202230000000000000e+05
2.209820000000000000e+05
2.221170000000000000e+05
2.230970000000000000e+05
2.238120000000000000e+05
2.245750000000000000e+05
2.249540000000000000e+05
2.251280000000000000e+05
2.256480000000000000e+05
2.265500000000000000e+05
2.273260000000000000e+05
2.279690000000000000e+05
2.285680000000000000e+05
2.289200000000000000e+05
2.290540000000000000e+05
2.295020000000000000e+05
2.303590000000000000e+05
2.309780000000000000e+05
2.315390000000000000e+05
2.320900000000000000e+05
2.324260000000000000e+05
2.325200000000000000e+05
2.329070000000000000e+05
2.336370000000000000e+05
2.341530000000000000e+05
2.347020000000000000e+05
2.351260000000000000e+05
2.354020000000000000e+05
2.354730000000000000e+05
2.357560000000000000e+05
2.363330000000000000e+05
2.367090000000000000e+05
2.370800000000000000e+05
2.374590000000000000e+05
2.376570000000000000e+05
2.377250000000000000e+05
2.379990000000000000e+05
2.385010000000000000e+05
2.388660000000000000e+05
2.392540000000000000e+05
2.396850000000000000e+05
2.399450000000000000e+05
2.400170000000000000e+05
2.403600000000000000e+05
2.410480000000000000e+05
2.415920000000000000e+05
2.420970000000000000e+05
2.426170000000000000e+05
2.429730000000000000e+05
2.430640000000000000e+05
2.434580000000000000e+05
2.442050000000000000e+05
2.448720000000000000e+05
2.454620000000000000e+05
2.461200000000000000e+05
2.465140000000000000e+05
2.466080000000000000e+05
2.470990000000000000e+05
2.480610000000000000e+05
2.488380000000000000e+05
2.496610000000000000e+05
2.504840000000000000e+05
2.510450000000000000e+05
2.511740000000000000e+05
2.518650000000000000e+05
2.533100000000000000e+05
2.545070000000000000e+05
2.556190000000000000e+05
2.568050000000000000e+05
2.576390000000000000e+05
2.577890000000000000e+05
2.587450000000000000e+05
2.606360000000000000e+05
2.623090000000000000e+05
2.641110000000000000e+05
2.659010000000000000e+05
2.672220000000000000e+05
2.675220000000000000e+05
2.690090000000000000e+05
2.716320000000000000e+05
2.740540000000000000e+05
2.764160000000000000e+05
2.786500000000000000e+05
2.800260000000000000e+05
2.801640000000000000e+05
2.808990000000000000e+05
2.825480000000000000e+05
2.857650000000000000e+05
2.883640000000000000e+05
2.908990000000000000e+05
2.925160000000000000e+05
2.929380000000000000e+05
2.948740000000000000e+05
2.979730000000000000e+05
3.009000000000000000e+05
3.035980000000000000e+05
3.062250000000000000e+05
3.077900000000000000e+05
3.082000000000000000e+05
3.103060000000000000e+05
3.134230000000000000e+05
3.163080000000000000e+05
3.188370000000000000e+05
3.213720000000000000e+05
3.226260000000000000e+05
3.230360000000000000e+05
3.248330000000000000e+05
3.277370000000000000e+05
3.301760000000000000e+05
3.321830000000000000e+05
3.342290000000000000e+05
3.351730000000000000e+05
3.355220000000000000e+05
3.369180000000000000e+05
3.394120000000000000e+05
3.410520000000000000e+05
3.424870000000000000e+05
3.438290000000000000e+05
3.444940000000000000e+05
3.447470000000000000e+05
3.456230000000000000e+05
3.470940000000000000e+05
3.481580000000000000e+05
3.490840000000000000e+05
3.499100000000000000e+05
3.503900000000000000e+05
3.505060000000000000e+05
3.509970000000000000e+05
3.519970000000000000e+05
3.526920000000000000e+05
3.532170000000000000e+05
3.537350000000000000e+05
3.539860000000000000e+05
3.540600000000000000e+05
3.543830000000000000e+05
3.549210000000000000e+05
3.552960000000000000e+05
3.556170000000000000e+05
3.559550000000000000e+05
3.561410000000000000e+05
3.561810000000000000e+05
3.563970000000000000e+05
3.568290000000000000e+05
3.571090000000000000e+05
3.571970000000000000e+05
3.574080000000000000e+05
3.575650000000000000e+05
3.576080000000000000e+05
3.577860000000000000e+05
3.580610000000000000e+05
3.582450000000000000e+05
3.583790000000000000e+05
3.585040000000000000e+05
3.585630000000000000e+05
3.585810000000000000e+05
3.586770000000000000e+05
3.588230000000000000e+05
3.589180000000000000e+05
3.590310000000000000e+05
3.591150000000000000e+05
3.591730000000000000e+05
3.591840000000000000e+05
3.592590000000000000e+05
3.593020000000000000e+05
3.594030000000000000e+05
3.595210000000000000e+05
3.596070000000000000e+05
3.596520000000000000e+05
3.596660000000000000e+05
3.597360000000000000e+05
3.598720000000000000e+05
3.599750000000000000e+05
3.600670000000000000e+05
3.601810000000000000e+05
3.602370000000000000e+05
3.602460000000000000e+05
3.603420000000000000e+05
3.604830000000000000e+05
3.605930000000000000e+05
3.606800000000000000e+05
3.607680000000000000e+05
3.608260000000000000e+05
3.608410000000000000e+05
3.609240000000000000e+05
3.610790000000000000e+05
3.612180000000000000e+05
3.613490000000000000e+05
3.614880000000000000e+05
3.615950000000000000e+05
3.616130000000000000e+05
3.617590000000000000e+05
3.619500000000000000e+05
3.621290000000000000e+05
3.623050000000000000e+05
3.624960000000000000e+05
3.626210000000000000e+05
3.626480000000000000e+05
3.628410000000000000e+05
3.630390000000000000e+05
3.632270000000000000e+05
3.633970000000000000e+05
3.636150000000000000e+05
3.637580000000000000e+05
3.637870000000000000e+05
3.639730000000000000e+05
3.642440000000000000e+05
3.644910000000000000e+05
3.645990000000000000e+05
3.648320000000000000e+05
3.650450000000000000e+05
3.650890000000000000e+05
3.653350000000000000e+05
3.657160000000000000e+05
3.660490000000000000e+05
3.663570000000000000e+05
3.667240000000000000e+05
3.670220000000000000e+05
3.670680000000000000e+05
3.674090000000000000e+05
3.679330000000000000e+05
3.684190000000000000e+05
3.688870000000000000e+05
3.693920000000000000e+05
3.697650000000000000e+05
3.698380000000000000e+05
3.703080000000000000e+05
3.709850000000000000e+05
3.716230000000000000e+05
3.722190000000000000e+05
3.728140000000000000e+05
3.731910000000000000e+05
3.733300000000000000e+05
3.739980000000000000e+05
3.748030000000000000e+05
3.756010000000000000e+05
3.764170000000000000e+05
3.772990000000000000e+05
3.778380000000000000e+05
3.780220000000000000e+05
3.787260000000000000e+05
3.799630000000000000e+05
3.809040000000000000e+05
3.819460000000000000e+05
3.831080000000000000e+05
3.839150000000000000e+05
3.840820000000000000e+05
3.850560000000000000e+05
3.868910000000000000e+05
3.882600000000000000e+05
3.896540000000000000e+05
3.911090000000000000e+05
3.919840000000000000e+05
3.922480000000000000e+05
3.932850000000000000e+05
3.950970000000000000e+05
3.964700000000000000e+05
3.977610000000000000e+05
3.990540000000000000e+05
3.998910000000000000e+05
4.001080000000000000e+05
4.011690000000000000e+05
4.030800000000000000e+05
4.047900000000000000e+05
4.063070000000000000e+05
4.077550000000000000e+05
4.086990000000000000e+05
4.089180000000000000e+05
4.099920000000000000e+05
4.119170000000000000e+05
4.136650000000000000e+05
4.153560000000000000e+05
4.169500000000000000e+05
4.178580000000000000e+05
4.180280000000000000e+05
4.190350000000000000e+05
4.210570000000000000e+05
4.229080000000000000e+05
4.246660000000000000e+05
4.266130000000000000e+05
4.279140000000000000e+05
4.282330000000000000e+05
4.299740000000000000e+05
4.331360000000000000e+05
4.361890000000000000e+05
4.394470000000000000e+05
4.430320000000000000e+05
4.453250000000000000e+05
4.460050000000000000e+05
4.493650000000000000e+05
4.539360000000000000e+05
4.580900000000000000e+05
4.624820000000000000e+05
4.670290000000000000e+05
4.703480000000000000e+05
4.714740000000000000e+05
4.722590000000000000e+05
4.768320000000000000e+05
4.831420000000000000e+05
4.900740000000000000e+05
4.971680000000000000e+05
5.013270000000000000e+05
5.025690000000000000e+05
5.075350000000000000e+05
5.148500000000000000e+05
5.218370000000000000e+05
5.282860000000000000e+05
5.346010000000000000e+05
5.387520000000000000e+05
5.398870000000000000e+05
5.443300000000000000e+05
5.510000000000000000e+05
5.582700000000000000e+05
5.605040000000000000e+05
5.661180000000000000e+05
5.703800000000000000e+05
5.717070000000000000e+05
5.766330000000000000e+05
5.827690000000000000e+05
5.890150000000000000e+05
5.944750000000000000e+05
5.999770000000000000e+05
6.033160000000000000e+05
6.043470000000000000e+05
6.082050000000000000e+05
6.139140000000000000e+05
6.192550000000000000e+05
6.237760000000000000e+05
6.282410000000000000e+05
6.310370000000000000e+05
6.317650000000000000e+05
6.350270000000000000e+05
6.397780000000000000e+05
6.442060000000000000e+05
6.480030000000000000e+05
6.518630000000000000e+05
6.542020000000000000e+05
6.546550000000000000e+05
6.577260000000000000e+05
6.623970000000000000e+05
6.661620000000000000e+05
6.699400000000000000e+05
6.734270000000000000e+05
6.753630000000000000e+05
6.757300000000000000e+05
6.785330000000000000e+05
6.827590000000000000e+05
6.865900000000000000e+05
6.898310000000000000e+05
6.931020000000000000e+05
6.932530000000000000e+05
6.938130000000000000e+05
6.979520000000000000e+05
7.037200000000000000e+05
7.096780000000000000e+05
7.152450000000000000e+05
7.205380000000000000e+05
7.209510000000000000e+05
7.220540000000000000e+05
7.278990000000000000e+05
7.364860000000000000e+05
7.455440000000000000e+05
7.494550000000000000e+05
7.582720000000000000e+05
7.656050000000000000e+05
7.671830000000000000e+05
7.751390000000000000e+05
7.850330000000000000e+05
7.941900000000000000e+05
8.027450000000000000e+05
8.117030000000000000e+05
8.174350000000000000e+05
8.188320000000000000e+05
8.263800000000000000e+05
8.368070000000000000e+05
8.481500000000000000e+05
8.592640000000000000e+05
8.699650000000000000e+05
8.770600000000000000e+05
8.788910000000000000e+05
8.873620000000000000e+05
8.991740000000000000e+05
9.096740000000000000e+05
9.195980000000000000e+05
9.295020000000000000e+05
9.357220000000000000e+05
9.371670000000000000e+05
9.445520000000000000e+05
9.545550000000000000e+05
9.633700000000000000e+05
9.714640000000000000e+05
9.790000000000000000e+05
9.837800000000000000e+05
9.850500000000000000e+05
9.905950000000000000e+05
9.984630000000000000e+05
1.004804000000000000e+06
1.009973000000000000e+06
1.015185000000000000e+06
1.017915000000000000e+06
1.018367000000000000e+06
1.021777000000000000e+06
1.027572000000000000e+06
1.032033000000000000e+06
1.035632000000000000e+06
1.039157000000000000e+06
1.041212000000000000e+06
1.041524000000000000e+06
1.043334000000000000e+06
1.047108000000000000e+06
1.049667000000000000e+06
1.051697000000000000e+06
1.053568000000000000e+06
1.054596000000000000e+06
1.054794000000000000e+06
1.055943000000000000e+06
1.058453000000000000e+06
1.060078000000000000e+06
1.061429000000000000e+06
1.062953000000000000e+06
1.063828000000000000e+06
1.063985000000000000e+06
1.065001000000000000e+06
1.067589000000000000e+06
1.069317000000000000e+06
1.070855000000000000e+06
1.072430000000000000e+06
1.073386000000000000e+06
1.073527000000000000e+06
1.074706000000000000e+06
1.077365000000000000e+06
1.079397000000000000e+06
1.081336000000000000e+06
1.083111000000000000e+06
1.084012000000000000e+06
1.084304000000000000e+06
1.085558000000000000e+06
1.087635000000000000e+06
1.089696000000000000e+06
1.091511000000000000e+06
1.093098000000000000e+06
1.094059000000000000e+06
1.094202000000000000e+06
1.095115000000000000e+06
1.097409000000000000e+06
1.099176000000000000e+06
1.100618000000000000e+06
1.101921000000000000e+06
1.102730000000000000e+06
1.102827000000000000e+06
1.103662000000000000e+06
1.105315000000000000e+06
1.106557000000000000e+06
1.107648000000000000e+06
1.108551000000000000e+06
1.109066000000000000e+06
1.109148000000000000e+06
1.109847000000000000e+06
1.110989000000000000e+06
1.111823000000000000e+06
1.112491000000000000e+06
1.113135000000000000e+06
1.113517000000000000e+06
1.113547000000000000e+06
1.113663000000000000e+06
1.114141000000000000e+06
1.115442000000000000e+06
1.116281000000000000e+06
1.117175000000000000e+06
1.117735000000000000e+06
1.117822000000000000e+06
1.118526000000000000e+06
1.119916000000000000e+06
1.120766000000000000e+06
1.121662000000000000e+06
1.122459000000000000e+06
1.122982000000000000e+06
1.123029000000000000e+06
1.123578000000000000e+06
1.124762000000000000e+06
1.125723000000000000e+06
1.126501000000000000e+06
1.127336000000000000e+06
1.127742000000000000e+06
1.127799000000000000e+06
1.128239000000000000e+06
1.129199000000000000e+06
1.129836000000000000e+06
1.130562000000000000e+06
1.131105000000000000e+06
1.131450000000000000e+06
1.131492000000000000e+06
1.131898000000000000e+06
1.132671000000000000e+06
1.133139000000000000e+06
1.133565000000000000e+06
1.134027000000000000e+06
1.134232000000000000e+06
1.134269000000000000e+06
1.134541000000000000e+06
1.135128000000000000e+06
1.135549000000000000e+06
1.135874000000000000e+06
1.136229000000000000e+06
1.136417000000000000e+06
