0.000000000000000000e+00
0.000000000000000000e+00
0.000000000000000000e+00
0.000000000000000000e+00
0.000000000000000000e+00
0.000000000000000000e+00
0.000000000000000000e+00
0.000000000000000000e+00
0.000000000000000000e+00
0.000000000000000000e+00
0.000000000000000000e+00
0.000000000000000000e+00
0.000000000000000000e+00
0.000000000000000000e+00
0.000000000000000000e+00
0.000000000000000000e+00
0.000000000000000000e+00
0.000000000000000000e+00
0.000000000000000000e+00
0.000000000000000000e+00
0.000000000000000000e+00
0.000000000000000000e+00
0.000000000000000000e+00
0.000000000000000000e+00
0.000000000000000000e+00
0.000000000000000000e+00
0.000000000000000000e+00
0.000000000000000000e+00
0.000000000000000000e+00
0.000000000000000000e+00
0.000000000000000000e+00
0.000000000000000000e+00
0.000000000000000000e+00
0.000000000000000000e+00
0.000000000000000000e+00
0.000000000000000000e+00
0.000000000000000000e+00
0.000000000000000000e+00
0.000000000000000000e+00
0.000000000000000000e+00
0.000000000000000000e+00
0.000000000000000000e+00
0.000000000000000000e+00
0.000000000000000000e+00
0.000000000000000000e+00
0.000000000000000000e+00
0.000000000000000000e+00
0.000000000000000000e+00
0.000000000000000000e+00
0.000000000000000000e+00
0.000000000000000000e+00
1.000000000000000000e+00
0.000000000000000000e+00
0.000000000000000000e+00
1.000000000000000000e+00
2.000000000000000000e+00
0.000000000000000000e+00
1.000000000000000000e+00
0.000000000000000000e+00
0.000000000000000000e+00
0.000000000000000000e+00
0.000000000000000000e+00
0.000000000000000000e+00
1.700000000000000000e+01
0.000000000000000000e+00
1.500000000000000000e+01
8.000000000000000000e+00
7.000000000000000000e+00
1.500000000000000000e+01
0.000000000000000000e+00
6.000000000000000000e+00
1.500000000000000000e+01
4.000000000000000000e+00
2.700000000000000000e+01
6.000000000000000000e+00
5.000000000000000000e+00
3.700000000000000000e+01
1.200000000000000000e+01
4.000000000000000000e+01
1.200000000000000000e+01
9.200000000000000000e+01
5.000000000000000000e+01
2.700000000000000000e+01
1.500000000000000000e+01
5.800000000000000000e+01
5.600000000000000000e+01
7.100000000000000000e+01
1.500000000000000000e+01
9.400000000000000000e+01
6.200000000000000000e+01
3.000000000000000000e+01
6.800000000000000000e+01
1.400000000000000000e+01
9.900000000000000000e+01
5.200000000000000000e+01
6.900000000000000000e+01
6.300000000000000000e+01
6.600000000000000000e+01
5.600000000000000000e+01
6.000000000000000000e+01
7.300000000000000000e+01
4.200000000000000000e+01
2.600000000000000000e+01
3.300000000000000000e+01
3.800000000000000000e+01
4.100000000000000000e+01
4.000000000000000000e+01
4.800000000000000000e+01
3.700000000000000000e+01
3.800000000000000000e+01
2.000000000000000000e+01
2.400000000000000000e+01
2.600000000000000000e+01
1.600000000000000000e+01
1.900000000000000000e+01
4.400000000000000000e+01
2.300000000000000000e+01
1.000000000000000000e+01
2.100000000000000000e+01
1.100000000000000000e+01
0.000000000000000000e+00
3.300000000000000000e+01
1.200000000000000000e+01
4.000000000000000000e+00
8.000000000000000000e+00
1.100000000000000000e+01
1.000000000000000000e+00
4.000000000000000000e+00
8.000000000000000000e+00
4.000000000000000000e+00
9.000000000000000000e+00
5.000000000000000000e+00
1.100000000000000000e+01
7.000000000000000000e+00
1.000000000000000000e+01
8.000000000000000000e+00
8.000000000000000000e+00
5.000000000000000000e+00
2.000000000000000000e+00
2.000000000000000000e+00
0.000000000000000000e+00
2.000000000000000000e+00
1.000000000000000000e+00
1.000000000000000000e+00
0.000000000000000000e+00
6.000000000000000000e+00
0.000000000000000000e+00
1.000000000000000000e+00
1.000000000000000000e+00
0.000000000000000000e+00
0.000000000000000000e+00
0.000000000000000000e+00
0.000000000000000000e+00
0.000000000000000000e+00
3.000000000000000000e+00
4.000000000000000000e+00
1.000000000000000000e+00
2.000000000000000000e+00
0.000000000000000000e+00
3.000000000000000000e+00
0.000000000000000000e+00
0.000000000000000000e+00
0.000000000000000000e+00
1.300000000000000000e+01
1.500000000000000000e+01
1.300000000000000000e+01
1.400000000000000000e+01
1.900000000000000000e+01
4.800000000000000000e+01
4.600000000000000000e+01
5.400000000000000000e+01
8.900000000000000000e+01
2.000000000000000000e+01
2.800000000000000000e+01
4.400000000000000000e+01
7.100000000000000000e+01
1.000000000000000000e+02
9.600000000000000000e+01
1.040000000000000000e+02
8.900000000000000000e+01
8.300000000000000000e+01
8.200000000000000000e+01
9.500000000000000000e+01
1.160000000000000000e+02
1.610000000000000000e+02
2.230000000000000000e+02
8.800000000000000000e+01
7.000000000000000000e+01
9.800000000000000000e+01
6.500000000000000000e+01
7.900000000000000000e+01
8.900000000000000000e+01
7.400000000000000000e+01
3.200000000000000000e+01
6.500000000000000000e+01
7.900000000000000000e+01
7.200000000000000000e+01
9.900000000000000000e+01
7.000000000000000000e+01
5.900000000000000000e+01
4.400000000000000000e+01
4.500000000000000000e+01
5.600000000000000000e+01
6.200000000000000000e+01
5.400000000000000000e+01
5.600000000000000000e+01
5.900000000000000000e+01
2.700000000000000000e+01
3.400000000000000000e+01
6.400000000000000000e+01
6.800000000000000000e+01
8.600000000000000000e+01
1.120000000000000000e+02
9.400000000000000000e+01
1.230000000000000000e+02
1.250000000000000000e+02
1.980000000000000000e+02
2.380000000000000000e+02
2.330000000000000000e+02
2.140000000000000000e+02
2.150000000000000000e+02
1.880000000000000000e+02
2.220000000000000000e+02
3.010000000000000000e+02
2.330000000000000000e+02
2.980000000000000000e+02
2.640000000000000000e+02
2.410000000000000000e+02
2.370000000000000000e+02
2.580000000000000000e+02
2.870000000000000000e+02
2.800000000000000000e+02
3.090000000000000000e+02
3.240000000000000000e+02
2.550000000000000000e+02
1.780000000000000000e+02
2.520000000000000000e+02
2.610000000000000000e+02
2.780000000000000000e+02
2.430000000000000000e+02
2.360000000000000000e+02
1.840000000000000000e+02
1.830000000000000000e+02
2.010000000000000000e+02
2.500000000000000000e+02
8.280000000000000000e+02
2.960000000000000000e+02
1.920000000000000000e+02
1.020000000000000000e+02
2.040000000000000000e+02
1.840000000000000000e+02
1.540000000000000000e+02
1.100000000000000000e+02
1.610000000000000000e+02
2.050000000000000000e+02
2.380000000000000000e+02
1.880000000000000000e+02
1.820000000000000000e+02
1.610000000000000000e+02
1.160000000000000000e+02
1.650000000000000000e+02
2.220000000000000000e+02
2.580000000000000000e+02
3.450000000000000000e+02
2.840000000000000000e+02
3.070000000000000000e+02
3.080000000000000000e+02
4.310000000000000000e+02
4.590000000000000000e+02
4.750000000000000000e+02
4.910000000000000000e+02
4.760000000000000000e+02
4.330000000000000000e+02
4.730000000000000000e+02
6.290000000000000000e+02
8.460000000000000000e+02
8.750000000000000000e+02
1.014000000000000000e+03
1.038000000000000000e+03
1.003000000000000000e+03
9.300000000000000000e+02
1.463000000000000000e+03
1.677000000000000000e+03
1.908000000000000000e+03
2.221000000000000000e+03
2.293000000000000000e+03
2.048000000000000000e+03
1.690000000000000000e+03
2.306000000000000000e+03
2.645000000000000000e+03
2.389000000000000000e+03
2.365000000000000000e+03
2.227000000000000000e+03
1.852000000000000000e+03
1.580000000000000000e+03
2.215000000000000000e+03
2.615000000000000000e+03
2.484000000000000000e+03
2.483000000000000000e+03
2.507000000000000000e+03
2.242000000000000000e+03
1.693000000000000000e+03
2.192000000000000000e+03
2.522000000000000000e+03
2.640000000000000000e+03
2.353000000000000000e+03
2.638000000000000000e+03
2.390000000000000000e+03
2.017000000000000000e+03
2.924000000000000000e+03
3.349000000000000000e+03
2.767000000000000000e+03
3.373000000000000000e+03
3.361000000000000000e+03
3.032000000000000000e+03
2.124000000000000000e+03
3.154000000000000000e+03
3.639000000000000000e+03
3.709000000000000000e+03
3.582000000000000000e+03
3.443000000000000000e+03
2.987000000000000000e+03
2.386000000000000000e+03
3.466000000000000000e+03
4.177000000000000000e+03
3.793000000000000000e+03
3.520000000000000000e+03
3.673000000000000000e+03
3.195000000000000000e+03
2.694000000000000000e+03
3.790000000000000000e+03
4.352000000000000000e+03
3.853000000000000000e+03
3.390000000000000000e+03
3.208000000000000000e+03
2.514000000000000000e+03
1.855000000000000000e+03
2.797000000000000000e+03
3.021000000000000000e+03
2.502000000000000000e+03
2.171000000000000000e+03
2.245000000000000000e+03
1.657000000000000000e+03
1.157000000000000000e+03
1.733000000000000000e+03
1.802000000000000000e+03
1.480000000000000000e+03
1.142000000000000000e+03
8.520000000000000000e+02
1.009000000000000000e+03
7.750000000000000000e+02
1.232000000000000000e+03
1.538000000000000000e+03
1.359000000000000000e+03
9.190000000000000000e+02
7.180000000000000000e+02
7.890000000000000000e+02
7.120000000000000000e+02
1.025000000000000000e+03
1.239000000000000000e+03
6.670000000000000000e+02
1.004000000000000000e+03
9.170000000000000000e+02
6.830000000000000000e+02
4.780000000000000000e+02
7.240000000000000000e+02
7.960000000000000000e+02
6.590000000000000000e+02
5.600000000000000000e+02
5.790000000000000000e+02
4.340000000000000000e+02
2.860000000000000000e+02
4.660000000000000000e+02
5.880000000000000000e+02
5.670000000000000000e+02
4.590000000000000000e+02
4.390000000000000000e+02
3.850000000000000000e+02
3.230000000000000000e+02
4.500000000000000000e+02
5.520000000000000000e+02
4.530000000000000000e+02
4.070000000000000000e+02
3.830000000000000000e+02
3.350000000000000000e+02
2.960000000000000000e+02
3.970000000000000000e+02
4.310000000000000000e+02
3.820000000000000000e+02
3.320000000000000000e+02
3.430000000000000000e+02
2.990000000000000000e+02
2.240000000000000000e+02
2.690000000000000000e+02
3.580000000000000000e+02
3.100000000000000000e+02
3.010000000000000000e+02
3.120000000000000000e+02
2.400000000000000000e+02
1.950000000000000000e+02
2.780000000000000000e+02
3.780000000000000000e+02
3.420000000000000000e+02
3.440000000000000000e+02
4.010000000000000000e+02
3.820000000000000000e+02
3.110000000000000000e+02
4.220000000000000000e+02
5.330000000000000000e+02
4.820000000000000000e+02
4.160000000000000000e+02
4.640000000000000000e+02
4.760000000000000000e+02
3.340000000000000000e+02
4.590000000000000000e+02
5.780000000000000000e+02
5.300000000000000000e+02
5.420000000000000000e+02
5.830000000000000000e+02
5.460000000000000000e+02
4.180000000000000000e+02
5.540000000000000000e+02
7.850000000000000000e+02
6.850000000000000000e+02
8.090000000000000000e+02
7.790000000000000000e+02
8.200000000000000000e+02
6.650000000000000000e+02
8.560000000000000000e+02
1.141000000000000000e+03
1.034000000000000000e+03
9.980000000000000000e+02
1.084000000000000000e+03
1.138000000000000000e+03
9.200000000000000000e+02
1.260000000000000000e+03
1.670000000000000000e+03
1.563000000000000000e+03
1.664000000000000000e+03
1.691000000000000000e+03
1.531000000000000000e+03
1.280000000000000000e+03
1.775000000000000000e+03
2.116000000000000000e+03
2.035000000000000000e+03
2.003000000000000000e+03
1.794000000000000000e+03
1.659000000000000000e+03
1.274000000000000000e+03
1.457000000000000000e+03
1.908000000000000000e+03
2.359000000000000000e+03
2.142000000000000000e+03
2.227000000000000000e+03
1.877000000000000000e+03
1.687000000000000000e+03
2.103000000000000000e+03
2.431000000000000000e+03
2.325000000000000000e+03
2.282000000000000000e+03
2.207000000000000000e+03
1.847000000000000000e+03
1.586000000000000000e+03
2.126000000000000000e+03
2.337000000000000000e+03
2.228000000000000000e+03
2.016000000000000000e+03
2.087000000000000000e+03
1.695000000000000000e+03
1.341000000000000000e+03
1.793000000000000000e+03
2.079000000000000000e+03
1.866000000000000000e+03
1.704000000000000000e+03
1.589000000000000000e+03
1.336000000000000000e+03
1.059000000000000000e+03
1.281000000000000000e+03
1.537000000000000000e+03
1.131000000000000000e+03
1.113000000000000000e+03
1.025000000000000000e+03
8.860000000000000000e+02
6.210000000000000000e+02
7.980000000000000000e+02
9.480000000000000000e+02
7.630000000000000000e+02
7.110000000000000000e+02
6.660000000000000000e+02
5.460000000000000000e+02
4.240000000000000000e+02
5.090000000000000000e+02
5.520000000000000000e+02
4.970000000000000000e+02
4.270000000000000000e+02
3.970000000000000000e+02
3.000000000000000000e+02
2.760000000000000000e+02
3.120000000000000000e+02
3.400000000000000000e+02
2.970000000000000000e+02
2.520000000000000000e+02
2.770000000000000000e+02
1.950000000000000000e+02
1.590000000000000000e+02
2.170000000000000000e+02
2.040000000000000000e+02
1.950000000000000000e+02
0.000000000000000000e+00
3.380000000000000000e+02
1.680000000000000000e+02
1.100000000000000000e+02
1.480000000000000000e+02
1.550000000000000000e+02
1.170000000000000000e+02
1.220000000000000000e+02
6.500000000000000000e+01
7.200000000000000000e+01
5.600000000000000000e+01
7.400000000000000000e+01
1.040000000000000000e+02
7.700000000000000000e+01
8.800000000000000000e+01
1.010000000000000000e+02
7.400000000000000000e+01
5.700000000000000000e+01
7.100000000000000000e+01
7.000000000000000000e+01
7.400000000000000000e+01
7.600000000000000000e+01
6.700000000000000000e+01
6.500000000000000000e+01
7.000000000000000000e+01
8.000000000000000000e+01
9.900000000000000000e+01
9.400000000000000000e+01
7.100000000000000000e+01
9.400000000000000000e+01
9.600000000000000000e+01
5.400000000000000000e+01
8.100000000000000000e+01
9.800000000000000000e+01
9.900000000000000000e+01
8.400000000000000000e+01
7.500000000000000000e+01
8.900000000000000000e+01
9.100000000000000000e+01
9.800000000000000000e+01
1.370000000000000000e+02
1.350000000000000000e+02
1.290000000000000000e+02
1.100000000000000000e+02
1.460000000000000000e+02
1.250000000000000000e+02
1.530000000000000000e+02
1.540000000000000000e+02
1.830000000000000000e+02
1.550000000000000000e+02
0.000000000000000000e+00
3.020000000000000000e+02
1.350000000000000000e+02
-3.548300000000000000e+05
0.000000000000000000e+00
0.000000000000000000e+00
0.000000000000000000e+00
0.000000000000000000e+00
0.000000000000000000e+00
0.000000000000000000e+00
0.000000000000000000e+00
0.000000000000000000e+00
0.000000000000000000e+00
0.000000000000000000e+00
0.000000000000000000e+00
0.000000000000000000e+00
0.000000000000000000e+00
0.000000000000000000e+00
0.000000000000000000e+00
0.000000000000000000e+00
0.000000000000000000e+00
0.000000000000000000e+00
0.000000000000000000e+00
0.000000000000000000e+00
0.000000000000000000e+00
0.000000000000000000e+00
0.000000000000000000e+00
0.000000000000000000e+00
0.000000000000000000e+00
0.000000000000000000e+00
0.000000000000000000e+00
0.000000000000000000e+00
0.000000000000000000e+00
0.000000000000000000e+00
0.000000000000000000e+00
0.000000000000000000e+00
0.000000000000000000e+00
0.000000000000000000e+00
0.000000000000000000e+00
0.000000000000000000e+00
0.000000000000000000e+00
0.000000000000000000e+00
0.000000000000000000e+00
0.000000000000000000e+00
0.000000000000000000e+00
0.000000000000000000e+00
0.000000000000000000e+00
0.000000000000000000e+00
0.000000000000000000e+00
0.000000000000000000e+00
0.000000000000000000e+00
0.000000000000000000e+00
0.000000000000000000e+00
0.000000000000000000e+00
0.000000000000000000e+00
0.000000000000000000e+00
0.000000000000000000e+00
0.000000000000000000e+00
0.000000000000000000e+00
0.000000000000000000e+00
0.000000000000000000e+00
0.000000000000000000e+00
0.000000000000000000e+00
0.000000000000000000e+00
0.000000000000000000e+00
0.000000000000000000e+00
0.000000000000000000e+00
0.000000000000000000e+00
0.000000000000000000e+00
0.000000000000000000e+00
0.000000000000000000e+00
0.000000000000000000e+00
0.000000000000000000e+00
0.000000000000000000e+00
0.000000000000000000e+00
0.000000000000000000e+00
0.000000000000000000e+00
0.000000000000000000e+00
0.000000000000000000e+00
0.000000000000000000e+00
0.000000000000000000e+00
0.000000000000000000e+00
0.000000000000000000e+00
0.000000000000000000e+00
0.000000000000000000e+00
0.000000000000000000e+00
0.000000000000000000e+00
0.000000000000000000e+00
0.000000000000000000e+00
0.000000000000000000e+00
0.000000000000000000e+00
0.000000000000000000e+00
0.000000000000000000e+00
0.000000000000000000e+00
0.000000000000000000e+00
0.000000000000000000e+00
0.000000000000000000e+00
0.000000000000000000e+00
0.000000000000000000e+00
0.000000000000000000e+00
0.000000000000000000e+00
0.000000000000000000e+00
0.000000000000000000e+00
0.000000000000000000e+00
0.000000000000000000e+00
0.000000000000000000e+00
0.000000000000000000e+00
0.000000000000000000e+00
0.000000000000000000e+00
0.000000000000000000e+00
0.000000000000000000e+00
0.000000000000000000e+00
0.000000000000000000e+00
0.000000000000000000e+00
0.000000000000000000e+00
0.000000000000000000e+00
0.000000000000000000e+00
0.000000000000000000e+00
0.000000000000000000e+00
0.000000000000000000e+00
0.000000000000000000e+00
0.000000000000000000e+00
0.000000000000000000e+00
0.000000000000000000e+00
0.000000000000000000e+00
0.000000000000000000e+00
0.000000000000000000e+00
0.000000000000000000e+00
0.000000000000000000e+00
0.000000000000000000e+00
0.000000000000000000e+00
0.000000000000000000e+00
0.000000000000000000e+00
0.000000000000000000e+00
0.000000000000000000e+00
0.000000000000000000e+00
0.000000000000000000e+00
0.000000000000000000e+00
0.000000000000000000e+00
0.000000000000000000e+00
0.000000000000000000e+00
0.000000000000000000e+00
0.000000000000000000e+00
0.000000000000000000e+00
0.000000000000000000e+00
0.000000000000000000e+00
0.000000000000000000e+00
0.000000000000000000e+00
0.000000000000000000e+00
0.000000000000000000e+00
0.000000000000000000e+00
0.000000000000000000e+00
0.000000000000000000e+00
0.000000000000000000e+00
0.000000000000000000e+00
0.000000000000000000e+00
0.000000000000000000e+00
0.000000000000000000e+00
0.000000000000000000e+00
0.000000000000000000e+00
0.000000000000000000e+00
0.000000000000000000e+00
0.000000000000000000e+00
0.000000000000000000e+00
0.000000000000000000e+00
0.000000000000000000e+00
0.000000000000000000e+00
0.000000000000000000e+00
0.000000000000000000e+00
0.000000000000000000e+00
0.000000000000000000e+00
0.000000000000000000e+00
0.000000000000000000e+00
0.000000000000000000e+00
0.000000000000000000e+00
0.000000000000000000e+00
0.000000000000000000e+00
0.000000000000000000e+00
0.000000000000000000e+00
0.000000000000000000e+00
0.000000000000000000e+00
0.000000000000000000e+00
0.000000000000000000e+00
0.000000000000000000e+00
0.000000000000000000e+00
0.000000000000000000e+00
0.000000000000000000e+00
0.000000000000000000e+00
0.000000000000000000e+00
0.000000000000000000e+00
0.000000000000000000e+00
0.000000000000000000e+00
0.000000000000000000e+00
0.000000000000000000e+00
0.000000000000000000e+00
0.000000000000000000e+00
0.000000000000000000e+00
0.000000000000000000e+00
0.000000000000000000e+00
0.000000000000000000e+00
0.000000000000000000e+00
0.000000000000000000e+00
0.000000000000000000e+00
0.000000000000000000e+00
0.000000000000000000e+00
0.000000000000000000e+00
0.000000000000000000e+00
0.000000000000000000e+00
0.000000000000000000e+00
0.000000000000000000e+00
0.000000000000000000e+00
0.000000000000000000e+00
0.000000000000000000e+00
0.000000000000000000e+00
0.000000000000000000e+00
0.000000000000000000e+00
0.000000000000000000e+00
0.000000000000000000e+00
0.000000000000000000e+00
0.000000000000000000e+00
0.000000000000000000e+00
0.000000000000000000e+00
0.000000000000000000e+00
0.000000000000000000e+00
0.000000000000000000e+00
0.000000000000000000e+00
0.000000000000000000e+00
0.000000000000000000e+00
0.000000000000000000e+00
0.000000000000000000e+00
0.000000000000000000e+00
0.000000000000000000e+00
0.000000000000000000e+00
0.000000000000000000e+00
0.000000000000000000e+00
0.000000000000000000e+00
0.000000000000000000e+00
0.000000000000000000e+00
0.000000000000000000e+00
0.000000000000000000e+00
0.000000000000000000e+00
0.000000000000000000e+00
0.000000000000000000e+00
0.000000000000000000e+00
0.000000000000000000e+00
0.000000000000000000e+00
0.000000000000000000e+00
0.000000000000000000e+00
0.000000000000000000e+00
0.000000000000000000e+00
0.000000000000000000e+00
0.000000000000000000e+00
0.000000000000000000e+00
0.000000000000000000e+00
0.000000000000000000e+00
0.000000000000000000e+00
0.000000000000000000e+00
0.000000000000000000e+00
0.000000000000000000e+00
0.000000000000000000e+00
0.000000000000000000e+00
0.000000000000000000e+00
0.000000000000000000e+00
0.000000000000000000e+00
0.000000000000000000e+00
0.000000000000000000e+00
0.000000000000000000e+00
0.000000000000000000e+00
0.000000000000000000e+00
0.000000000000000000e+00
0.000000000000000000e+00
0.000000000000000000e+00
0.000000000000000000e+00
0.000000000000000000e+00
0.000000000000000000e+00
0.000000000000000000e+00
0.000000000000000000e+00
0.000000000000000000e+00
0.000000000000000000e+00
0.000000000000000000e+00
0.000000000000000000e+00
0.000000000000000000e+00
0.000000000000000000e+00
0.000000000000000000e+00
0.000000000000000000e+00
0.000000000000000000e+00
0.000000000000000000e+00
0.000000000000000000e+00
0.000000000000000000e+00
0.000000000000000000e+00
0.000000000000000000e+00
0.000000000000000000e+00
0.000000000000000000e+00
0.000000000000000000e+00
0.000000000000000000e+00
0.000000000000000000e+00
0.000000000000000000e+00
0.000000000000000000e+00
0.000000000000000000e+00
0.000000000000000000e+00
0.000000000000000000e+00
0.000000000000000000e+00
0.000000000000000000e+00
0.000000000000000000e+00
0.000000000000000000e+00
0.000000000000000000e+00
0.000000000000000000e+00
0.000000000000000000e+00
0.000000000000000000e+00
0.000000000000000000e+00
0.000000000000000000e+00
0.000000000000000000e+00
0.000000000000000000e+00
0.000000000000000000e+00
0.000000000000000000e+00
0.000000000000000000e+00
0.000000000000000000e+00
0.000000000000000000e+00
0.000000000000000000e+00
0.000000000000000000e+00
0.000000000000000000e+00
0.000000000000000000e+00
0.000000000000000000e+00
0.000000000000000000e+00
0.000000000000000000e+00
0.000000000000000000e+00
0.000000000000000000e+00
0.000000000000000000e+00
0.000000000000000000e+00
0.000000000000000000e+00
0.000000000000000000e+00
0.000000000000000000e+00
0.000000000000000000e+00
0.000000000000000000e+00
0.000000000000000000e+00
0.000000000000000000e+00
0.000000000000000000e+00
0.000000000000000000e+00
0.000000000000000000e+00
0.000000000000000000e+00
0.000000000000000000e+00
0.000000000000000000e+00
0.000000000000000000e+00
0.000000000000000000e+00
0.000000000000000000e+00
0.000000000000000000e+00
0.000000000000000000e+00
0.000000000000000000e+00
0.000000000000000000e+00
0.000000000000000000e+00
0.000000000000000000e+00
0.000000000000000000e+00
0.000000000000000000e+00
0.000000000000000000e+00
0.000000000000000000e+00
0.000000000000000000e+00
