-1.000528995720535459e+05
-1.013864815572802472e+05
-1.027581772173101781e+05
-1.041444419691305666e+05
-1.055352152537513175e+05
-1.069843953380345338e+05
-1.084453576110346330e+05
-1.143454339938611811e+05
-1.156790159790821053e+05
-1.170507116391136224e+05
-1.184369763909370376e+05
-1.198277496755594038e+05
-1.212769297598424891e+05
-1.227378920328420209e+05
-1.286379684156663570e+05
-1.299715504008842545e+05
-1.313432460609218106e+05
-1.327295108127435087e+05
-1.341202840973628627e+05
-1.355694641816444055e+05
-1.370304264546486665e+05
-1.429305028374739923e+05
-1.442640848226938106e+05
-1.456357804827252403e+05
-1.470220452345448430e+05
-1.484128185191660014e+05
-1.498619986034466710e+05
-1.513229608764465083e+05
-1.572230372592805652e+05
-1.585566192444989865e+05
-1.599283149045327154e+05
-1.613145796563561598e+05
-1.627053529409784242e+05
-1.641545330252549611e+05
-1.656154952982531395e+05
-1.715155716810868180e+05
-1.728491536663038423e+05
-1.742208493263404525e+05
-1.756071140781569702e+05
-1.769978873627818830e+05
-1.784470674470572267e+05
-1.799080297200605564e+05
-1.858081061028933618e+05
-1.871416880881104444e+05
-1.885133837481395749e+05
-1.898996484999634558e+05
-1.912904217845850217e+05
-1.927396018688621407e+05
-1.942005641418661107e+05
-2.001006405246926006e+05
-2.014342225099185889e+05
-2.028059181699473411e+05
-2.041921829217695922e+05
-2.055829562063884805e+05
-2.070321362906713039e+05
-2.084930985636737896e+05
-2.143931749464991735e+05
-2.157267569317204470e+05
-2.170984525917504798e+05
-2.184847173435760778e+05
