1.590687749091980004e+04
1.590766452494479381e+04
1.590758010000571630e+04
1.590801169240341733e+04
1.590822601624882554e+04
1.590734099469373541e+04
1.590627059962998828e+04
1.590536690198302495e+04
1.590380078349978976e+04
1.590163004565590745e+04
1.590023103865666963e+04
1.589885319702492052e+04
1.589659171912782767e+04
1.589433325280466488e+04
1.589239890311553609e+04
1.588992598414718304e+04
1.588693721953291242e+04
1.588477348260463077e+04
1.588264943045177279e+04
1.587962723779342014e+04
1.587656326305048060e+04
1.587375193537625091e+04
1.587030826059778155e+04
1.586623763067905202e+04
1.586286901205713730e+04
1.585941085644336454e+04
1.585492493445580658e+04
1.585027292418028810e+04
1.584576004832876606e+04
1.584051716786088218e+04
1.583457003124782750e+04
1.582927177347708130e+04
1.582385803071711598e+04
1.581741989622052643e+04
1.581084957688215400e+04
1.580448307271932754e+04
1.579748131615494458e+04
1.578989849884963587e+04
1.578311370745758904e+04
1.577638525941145963e+04
1.576882298668439580e+04
1.576133334585934426e+04
1.575426169170542016e+04
1.574677316168095786e+04
1.573892090499511141e+04
1.573207777869619895e+04
1.572549089821631605e+04
1.571825428203215415e+04
1.571125445616669458e+04
1.570481333923531383e+04
1.569806983560168010e+04
1.569104884770126955e+04
1.568509380541243627e+04
1.567942207407147180e+04
1.567309845450629291e+04
1.566698161488276128e+04
1.566136775027444310e+04
1.565537287461377855e+04
1.564900243574165870e+04
1.564358433425863404e+04
