0.000000000000000000e+00
0.000000000000000000e+00
0.000000000000000000e+00
0.000000000000000000e+00
0.000000000000000000e+00
0.000000000000000000e+00
0.000000000000000000e+00
0.000000000000000000e+00
0.000000000000000000e+00
0.000000000000000000e+00
0.000000000000000000e+00
0.000000000000000000e+00
0.000000000000000000e+00
0.000000000000000000e+00
0.000000000000000000e+00
0.000000000000000000e+00
0.000000000000000000e+00
0.000000000000000000e+00
0.000000000000000000e+00
0.000000000000000000e+00
0.000000000000000000e+00
0.000000000000000000e+00
0.000000000000000000e+00
0.000000000000000000e+00
0.000000000000000000e+00
0.000000000000000000e+00
0.000000000000000000e+00
0.000000000000000000e+00
0.000000000000000000e+00
0.000000000000000000e+00
0.000000000000000000e+00
0.000000000000000000e+00
0.000000000000000000e+00
0.000000000000000000e+00
0.000000000000000000e+00
0.000000000000000000e+00
0.000000000000000000e+00
0.000000000000000000e+00
0.000000000000000000e+00
0.000000000000000000e+00
0.000000000000000000e+00
0.000000000000000000e+00
0.000000000000000000e+00
0.000000000000000000e+00
0.000000000000000000e+00
0.000000000000000000e+00
0.000000000000000000e+00
0.000000000000000000e+00
0.000000000000000000e+00
0.000000000000000000e+00
0.000000000000000000e+00
0.000000000000000000e+00
0.000000000000000000e+00
0.000000000000000000e+00
0.000000000000000000e+00
0.000000000000000000e+00
0.000000000000000000e+00
0.000000000000000000e+00
0.000000000000000000e+00
0.000000000000000000e+00
0.000000000000000000e+00
0.000000000000000000e+00
0.000000000000000000e+00
0.000000000000000000e+00
0.000000000000000000e+00
0.000000000000000000e+00
0.000000000000000000e+00
0.000000000000000000e+00
0.000000000000000000e+00
1.000000000000000000e+00
1.000000000000000000e+00
1.000000000000000000e+00
2.000000000000000000e+00
2.000000000000000000e+00
5.000000000000000000e+00
5.000000000000000000e+00
5.000000000000000000e+00
5.000000000000000000e+00
5.000000000000000000e+00
5.000000000000000000e+00
5.000000000000000000e+00
5.000000000000000000e+00
5.000000000000000000e+00
1.800000000000000000e+01
1.800000000000000000e+01
1.800000000000000000e+01
1.800000000000000000e+01
1.800000000000000000e+01
1.800000000000000000e+01
2.700000000000000000e+01
2.700000000000000000e+01
2.700000000000000000e+01
2.700000000000000000e+01
2.700000000000000000e+01
2.700000000000000000e+01
3.300000000000000000e+01
3.300000000000000000e+01
3.300000000000000000e+01
3.300000000000000000e+01
3.300000000000000000e+01
4.200000000000000000e+01
4.200000000000000000e+01
4.200000000000000000e+01
5.000000000000000000e+01
5.000000000000000000e+01
5.000000000000000000e+01
5.300000000000000000e+01
6.200000000000000000e+01
6.200000000000000000e+01
6.200000000000000000e+01
6.200000000000000000e+01
7.600000000000000000e+01
8.300000000000000000e+01
8.300000000000000000e+01
8.300000000000000000e+01
8.300000000000000000e+01
8.300000000000000000e+01
8.300000000000000000e+01
8.300000000000000000e+01
5.700000000000000000e+01
6.100000000000000000e+01
6.100000000000000000e+01
6.100000000000000000e+01
8.200000000000000000e+01
8.400000000000000000e+01
1.180000000000000000e+02
1.340000000000000000e+02
1.340000000000000000e+02
1.360000000000000000e+02
1.360000000000000000e+02
1.430000000000000000e+02
1.470000000000000000e+02
1.480000000000000000e+02
1.480000000000000000e+02
1.510000000000000000e+02
1.510000000000000000e+02
1.510000000000000000e+02
1.510000000000000000e+02
1.860000000000000000e+02
1.880000000000000000e+02
1.880000000000000000e+02
1.880000000000000000e+02
2.170000000000000000e+02
2.220000000000000000e+02
2.280000000000000000e+02
2.320000000000000000e+02
2.360000000000000000e+02
2.370000000000000000e+02
2.380000000000000000e+02
2.470000000000000000e+02
2.470000000000000000e+02
2.530000000000000000e+02
2.530000000000000000e+02
2.720000000000000000e+02
2.770000000000000000e+02
2.880000000000000000e+02
2.920000000000000000e+02
2.950000000000000000e+02
3.060000000000000000e+02
3.230000000000000000e+02
3.330000000000000000e+02
3.330000000000000000e+02
3.330000000000000000e+02
3.330000000000000000e+02
3.330000000000000000e+02
3.330000000000000000e+02
3.330000000000000000e+02
3.330000000000000000e+02
3.330000000000000000e+02
3.330000000000000000e+02
3.330000000000000000e+02
5.570000000000000000e+02
5.570000000000000000e+02
5.570000000000000000e+02
5.570000000000000000e+02
5.570000000000000000e+02
5.570000000000000000e+02
7.820000000000000000e+02
7.820000000000000000e+02
7.820000000000000000e+02
7.820000000000000000e+02
7.820000000000000000e+02
7.820000000000000000e+02
9.180000000000000000e+02
9.180000000000000000e+02
9.180000000000000000e+02
1.036000000000000000e+03
1.036000000000000000e+03
1.036000000000000000e+03
1.036000000000000000e+03
1.036000000000000000e+03
1.036000000000000000e+03
1.036000000000000000e+03
1.036000000000000000e+03
1.036000000000000000e+03
1.036000000000000000e+03
1.600000000000000000e+03
1.600000000000000000e+03
1.600000000000000000e+03
1.600000000000000000e+03
1.600000000000000000e+03
1.600000000000000000e+03
1.681000000000000000e+03
1.681000000000000000e+03
1.681000000000000000e+03
1.681000000000000000e+03
1.690000000000000000e+03
1.690000000000000000e+03
1.690000000000000000e+03
1.690000000000000000e+03
1.690000000000000000e+03
1.705000000000000000e+03
1.705000000000000000e+03
1.705000000000000000e+03
1.705000000000000000e+03
1.705000000000000000e+03
1.705000000000000000e+03
1.738000000000000000e+03
1.738000000000000000e+03
1.738000000000000000e+03
1.738000000000000000e+03
1.738000000000000000e+03
1.738000000000000000e+03
1.738000000000000000e+03
1.738000000000000000e+03
1.738000000000000000e+03
1.738000000000000000e+03
1.793000000000000000e+03
1.793000000000000000e+03
1.793000000000000000e+03
1.793000000000000000e+03
1.793000000000000000e+03
1.793000000000000000e+03
1.793000000000000000e+03
1.793000000000000000e+03
1.942000000000000000e+03
1.942000000000000000e+03
1.942000000000000000e+03
1.942000000000000000e+03
1.950000000000000000e+03
1.950000000000000000e+03
1.950000000000000000e+03
1.950000000000000000e+03
1.954000000000000000e+03
1.954000000000000000e+03
1.954000000000000000e+03
1.954000000000000000e+03
1.960000000000000000e+03
1.960000000000000000e+03
1.960000000000000000e+03
1.960000000000000000e+03
1.960000000000000000e+03
1.973000000000000000e+03
1.973000000000000000e+03
1.973000000000000000e+03
1.973000000000000000e+03
1.973000000000000000e+03
1.973000000000000000e+03
1.973000000000000000e+03
1.973000000000000000e+03
1.973000000000000000e+03
1.973000000000000000e+03
1.973000000000000000e+03
1.973000000000000000e+03
1.973000000000000000e+03
1.973000000000000000e+03
2.330000000000000000e+03
2.330000000000000000e+03
2.330000000000000000e+03
2.330000000000000000e+03
2.330000000000000000e+03
2.330000000000000000e+03
2.330000000000000000e+03
2.330000000000000000e+03
2.330000000000000000e+03
2.330000000000000000e+03
2.330000000000000000e+03
2.330000000000000000e+03
2.330000000000000000e+03
2.330000000000000000e+03
2.330000000000000000e+03
2.330000000000000000e+03
2.330000000000000000e+03
2.418000000000000000e+03
2.455000000000000000e+03
2.455000000000000000e+03
2.455000000000000000e+03
2.455000000000000000e+03
2.466000000000000000e+03
2.466000000000000000e+03
2.466000000000000000e+03
2.466000000000000000e+03
2.515000000000000000e+03
2.515000000000000000e+03
2.515000000000000000e+03
2.515000000000000000e+03
2.515000000000000000e+03
2.515000000000000000e+03
2.515000000000000000e+03
2.579000000000000000e+03
2.579000000000000000e+03
2.579000000000000000e+03
2.579000000000000000e+03
2.579000000000000000e+03
2.579000000000000000e+03
2.579000000000000000e+03
2.579000000000000000e+03
2.579000000000000000e+03
2.579000000000000000e+03
2.579000000000000000e+03
2.579000000000000000e+03
2.819000000000000000e+03
2.819000000000000000e+03
2.839000000000000000e+03
2.839000000000000000e+03
2.839000000000000000e+03
2.907000000000000000e+03
2.907000000000000000e+03
2.907000000000000000e+03
2.907000000000000000e+03
2.922000000000000000e+03
2.922000000000000000e+03
2.972000000000000000e+03
2.972000000000000000e+03
2.972000000000000000e+03
2.972000000000000000e+03
2.972000000000000000e+03
2.972000000000000000e+03
2.972000000000000000e+03
2.972000000000000000e+03
2.972000000000000000e+03
2.972000000000000000e+03
2.972000000000000000e+03
3.061000000000000000e+03
3.061000000000000000e+03
3.061000000000000000e+03
3.061000000000000000e+03
3.061000000000000000e+03
3.061000000000000000e+03
3.061000000000000000e+03
3.061000000000000000e+03
3.061000000000000000e+03
3.061000000000000000e+03
3.061000000000000000e+03
3.061000000000000000e+03
3.061000000000000000e+03
3.061000000000000000e+03
3.061000000000000000e+03
3.061000000000000000e+03
3.185000000000000000e+03
3.185000000000000000e+03
3.185000000000000000e+03
3.185000000000000000e+03
3.185000000000000000e+03
3.185000000000000000e+03
3.222000000000000000e+03
3.222000000000000000e+03
3.222000000000000000e+03
3.222000000000000000e+03
3.245000000000000000e+03
3.245000000000000000e+03
3.245000000000000000e+03
3.245000000000000000e+03
3.245000000000000000e+03
3.284000000000000000e+03
3.284000000000000000e+03
3.317000000000000000e+03
3.317000000000000000e+03
3.317000000000000000e+03
3.317000000000000000e+03
3.317000000000000000e+03
3.317000000000000000e+03
3.398000000000000000e+03
3.398000000000000000e+03
3.398000000000000000e+03
3.421000000000000000e+03
3.421000000000000000e+03
3.421000000000000000e+03
3.552000000000000000e+03
3.552000000000000000e+03
3.563000000000000000e+03
3.563000000000000000e+03
3.563000000000000000e+03
3.563000000000000000e+03
3.563000000000000000e+03
3.772000000000000000e+03
3.772000000000000000e+03
3.772000000000000000e+03
3.772000000000000000e+03
3.772000000000000000e+03
3.960000000000000000e+03
3.960000000000000000e+03
4.119000000000000000e+03
4.119000000000000000e+03
4.119000000000000000e+03
4.119000000000000000e+03
4.248000000000000000e+03
4.248000000000000000e+03
4.248000000000000000e+03
4.248000000000000000e+03
4.248000000000000000e+03
4.248000000000000000e+03
4.248000000000000000e+03
4.248000000000000000e+03
4.248000000000000000e+03
4.248000000000000000e+03
4.963000000000000000e+03
4.963000000000000000e+03
4.963000000000000000e+03
4.963000000000000000e+03
4.963000000000000000e+03
5.383000000000000000e+03
5.383000000000000000e+03
5.552000000000000000e+03
5.552000000000000000e+03
5.552000000000000000e+03
5.552000000000000000e+03
5.552000000000000000e+03
5.552000000000000000e+03
5.552000000000000000e+03
5.552000000000000000e+03
5.552000000000000000e+03
5.552000000000000000e+03
5.552000000000000000e+03
5.552000000000000000e+03
5.552000000000000000e+03
5.552000000000000000e+03
5.552000000000000000e+03
6.452000000000000000e+03
6.452000000000000000e+03
6.452000000000000000e+03
6.452000000000000000e+03
6.452000000000000000e+03
6.452000000000000000e+03
6.452000000000000000e+03
6.452000000000000000e+03
6.452000000000000000e+03
6.452000000000000000e+03
6.452000000000000000e+03
6.452000000000000000e+03
6.452000000000000000e+03
6.452000000000000000e+03
6.452000000000000000e+03
6.452000000000000000e+03
6.452000000000000000e+03
6.452000000000000000e+03
6.452000000000000000e+03
6.452000000000000000e+03
6.728000000000000000e+03
6.728000000000000000e+03
6.728000000000000000e+03
6.728000000000000000e+03
6.728000000000000000e+03
6.728000000000000000e+03
7.510000000000000000e+03
7.510000000000000000e+03
7.510000000000000000e+03
7.510000000000000000e+03
7.510000000000000000e+03
7.510000000000000000e+03
7.510000000000000000e+03
7.510000000000000000e+03
7.580000000000000000e+03
7.580000000000000000e+03
7.580000000000000000e+03
7.580000000000000000e+03
7.580000000000000000e+03
7.652000000000000000e+03
7.652000000000000000e+03
7.652000000000000000e+03
7.652000000000000000e+03
7.652000000000000000e+03
7.652000000000000000e+03
7.652000000000000000e+03
7.652000000000000000e+03
7.652000000000000000e+03
7.652000000000000000e+03
7.652000000000000000e+03
7.652000000000000000e+03
7.652000000000000000e+03
7.652000000000000000e+03
7.652000000000000000e+03
7.893000000000000000e+03
7.893000000000000000e+03
7.893000000000000000e+03
7.893000000000000000e+03
7.893000000000000000e+03
7.893000000000000000e+03
7.893000000000000000e+03
7.893000000000000000e+03
7.893000000000000000e+03
7.893000000000000000e+03
7.893000000000000000e+03
7.893000000000000000e+03
7.893000000000000000e+03
7.893000000000000000e+03
7.893000000000000000e+03
7.893000000000000000e+03
7.893000000000000000e+03
7.893000000000000000e+03
7.893000000000000000e+03
7.893000000000000000e+03
7.893000000000000000e+03
7.893000000000000000e+03
7.979000000000000000e+03
7.979000000000000000e+03
7.979000000000000000e+03
7.979000000000000000e+03
7.979000000000000000e+03
7.979000000000000000e+03
7.979000000000000000e+03
7.979000000000000000e+03
7.979000000000000000e+03
7.979000000000000000e+03
7.979000000000000000e+03
7.979000000000000000e+03
7.979000000000000000e+03
8.000000000000000000e+03
8.000000000000000000e+03
8.000000000000000000e+03
8.000000000000000000e+03
8.000000000000000000e+03
8.000000000000000000e+03
8.000000000000000000e+03
8.000000000000000000e+03
8.000000000000000000e+03
8.000000000000000000e+03
8.000000000000000000e+03
8.000000000000000000e+03
8.000000000000000000e+03
8.000000000000000000e+03
8.000000000000000000e+03
8.000000000000000000e+03
8.000000000000000000e+03
8.000000000000000000e+03
8.000000000000000000e+03
8.000000000000000000e+03
8.000000000000000000e+03
8.000000000000000000e+03
8.081000000000000000e+03
8.081000000000000000e+03
8.081000000000000000e+03
8.081000000000000000e+03
8.081000000000000000e+03
8.081000000000000000e+03
8.081000000000000000e+03
8.081000000000000000e+03
8.125000000000000000e+03
8.125000000000000000e+03
8.125000000000000000e+03
8.125000000000000000e+03
8.125000000000000000e+03
8.125000000000000000e+03
8.136000000000000000e+03
8.136000000000000000e+03
8.136000000000000000e+03
8.136000000000000000e+03
8.136000000000000000e+03
8.136000000000000000e+03
8.136000000000000000e+03
8.136000000000000000e+03
0.000000000000000000e+00
0.000000000000000000e+00
0.000000000000000000e+00
0.000000000000000000e+00
0.000000000000000000e+00
0.000000000000000000e+00
0.000000000000000000e+00
0.000000000000000000e+00
0.000000000000000000e+00
0.000000000000000000e+00
0.000000000000000000e+00
0.000000000000000000e+00
0.000000000000000000e+00
0.000000000000000000e+00
0.000000000000000000e+00
0.000000000000000000e+00
0.000000000000000000e+00
0.000000000000000000e+00
0.000000000000000000e+00
0.000000000000000000e+00
0.000000000000000000e+00
0.000000000000000000e+00
0.000000000000000000e+00
0.000000000000000000e+00
0.000000000000000000e+00
0.000000000000000000e+00
0.000000000000000000e+00
0.000000000000000000e+00
0.000000000000000000e+00
0.000000000000000000e+00
0.000000000000000000e+00
0.000000000000000000e+00
0.000000000000000000e+00
0.000000000000000000e+00
0.000000000000000000e+00
0.000000000000000000e+00
0.000000000000000000e+00
0.000000000000000000e+00
0.000000000000000000e+00
0.000000000000000000e+00
0.000000000000000000e+00
0.000000000000000000e+00
0.000000000000000000e+00
0.000000000000000000e+00
0.000000000000000000e+00
0.000000000000000000e+00
0.000000000000000000e+00
0.000000000000000000e+00
0.000000000000000000e+00
0.000000000000000000e+00
0.000000000000000000e+00
0.000000000000000000e+00
0.000000000000000000e+00
0.000000000000000000e+00
0.000000000000000000e+00
0.000000000000000000e+00
0.000000000000000000e+00
0.000000000000000000e+00
0.000000000000000000e+00
0.000000000000000000e+00
0.000000000000000000e+00
0.000000000000000000e+00
0.000000000000000000e+00
0.000000000000000000e+00
0.000000000000000000e+00
0.000000000000000000e+00
0.000000000000000000e+00
0.000000000000000000e+00
0.000000000000000000e+00
0.000000000000000000e+00
0.000000000000000000e+00
0.000000000000000000e+00
0.000000000000000000e+00
0.000000000000000000e+00
0.000000000000000000e+00
0.000000000000000000e+00
0.000000000000000000e+00
0.000000000000000000e+00
0.000000000000000000e+00
0.000000000000000000e+00
0.000000000000000000e+00
0.000000000000000000e+00
0.000000000000000000e+00
0.000000000000000000e+00
0.000000000000000000e+00
0.000000000000000000e+00
0.000000000000000000e+00
0.000000000000000000e+00
0.000000000000000000e+00
0.000000000000000000e+00
0.000000000000000000e+00
0.000000000000000000e+00
0.000000000000000000e+00
0.000000000000000000e+00
0.000000000000000000e+00
0.000000000000000000e+00
0.000000000000000000e+00
0.000000000000000000e+00
0.000000000000000000e+00
0.000000000000000000e+00
0.000000000000000000e+00
0.000000000000000000e+00
0.000000000000000000e+00
0.000000000000000000e+00
0.000000000000000000e+00
0.000000000000000000e+00
0.000000000000000000e+00
0.000000000000000000e+00
0.000000000000000000e+00
0.000000000000000000e+00
0.000000000000000000e+00
0.000000000000000000e+00
0.000000000000000000e+00
0.000000000000000000e+00
0.000000000000000000e+00
0.000000000000000000e+00
0.000000000000000000e+00
0.000000000000000000e+00
0.000000000000000000e+00
0.000000000000000000e+00
0.000000000000000000e+00
0.000000000000000000e+00
0.000000000000000000e+00
0.000000000000000000e+00
0.000000000000000000e+00
0.000000000000000000e+00
0.000000000000000000e+00
0.000000000000000000e+00
0.000000000000000000e+00
0.000000000000000000e+00
0.000000000000000000e+00
0.000000000000000000e+00
0.000000000000000000e+00
0.000000000000000000e+00
0.000000000000000000e+00
0.000000000000000000e+00
0.000000000000000000e+00
0.000000000000000000e+00
0.000000000000000000e+00
0.000000000000000000e+00
0.000000000000000000e+00
0.000000000000000000e+00
0.000000000000000000e+00
0.000000000000000000e+00
0.000000000000000000e+00
0.000000000000000000e+00
0.000000000000000000e+00
0.000000000000000000e+00
0.000000000000000000e+00
0.000000000000000000e+00
0.000000000000000000e+00
0.000000000000000000e+00
0.000000000000000000e+00
0.000000000000000000e+00
0.000000000000000000e+00
0.000000000000000000e+00
0.000000000000000000e+00
0.000000000000000000e+00
0.000000000000000000e+00
0.000000000000000000e+00
0.000000000000000000e+00
0.000000000000000000e+00
0.000000000000000000e+00
0.000000000000000000e+00
0.000000000000000000e+00
0.000000000000000000e+00
0.000000000000000000e+00
0.000000000000000000e+00
0.000000000000000000e+00
0.000000000000000000e+00
0.000000000000000000e+00
0.000000000000000000e+00
0.000000000000000000e+00
0.000000000000000000e+00
0.000000000000000000e+00
0.000000000000000000e+00
0.000000000000000000e+00
0.000000000000000000e+00
0.000000000000000000e+00
0.000000000000000000e+00
0.000000000000000000e+00
0.000000000000000000e+00
0.000000000000000000e+00
0.000000000000000000e+00
0.000000000000000000e+00
0.000000000000000000e+00
0.000000000000000000e+00
0.000000000000000000e+00
0.000000000000000000e+00
0.000000000000000000e+00
0.000000000000000000e+00
0.000000000000000000e+00
0.000000000000000000e+00
0.000000000000000000e+00
0.000000000000000000e+00
0.000000000000000000e+00
0.000000000000000000e+00
0.000000000000000000e+00
0.000000000000000000e+00
0.000000000000000000e+00
0.000000000000000000e+00
0.000000000000000000e+00
0.000000000000000000e+00
0.000000000000000000e+00
0.000000000000000000e+00
0.000000000000000000e+00
0.000000000000000000e+00
0.000000000000000000e+00
0.000000000000000000e+00
0.000000000000000000e+00
0.000000000000000000e+00
0.000000000000000000e+00
0.000000000000000000e+00
0.000000000000000000e+00
0.000000000000000000e+00
0.000000000000000000e+00
0.000000000000000000e+00
0.000000000000000000e+00
0.000000000000000000e+00
0.000000000000000000e+00
0.000000000000000000e+00
0.000000000000000000e+00
0.000000000000000000e+00
0.000000000000000000e+00
0.000000000000000000e+00
0.000000000000000000e+00
0.000000000000000000e+00
0.000000000000000000e+00
0.000000000000000000e+00
0.000000000000000000e+00
0.000000000000000000e+00
0.000000000000000000e+00
0.000000000000000000e+00
0.000000000000000000e+00
0.000000000000000000e+00
0.000000000000000000e+00
0.000000000000000000e+00
0.000000000000000000e+00
0.000000000000000000e+00
0.000000000000000000e+00
0.000000000000000000e+00
0.000000000000000000e+00
0.000000000000000000e+00
0.000000000000000000e+00
0.000000000000000000e+00
0.000000000000000000e+00
0.000000000000000000e+00
0.000000000000000000e+00
0.000000000000000000e+00
0.000000000000000000e+00
0.000000000000000000e+00
0.000000000000000000e+00
0.000000000000000000e+00
0.000000000000000000e+00
0.000000000000000000e+00
0.000000000000000000e+00
0.000000000000000000e+00
0.000000000000000000e+00
0.000000000000000000e+00
0.000000000000000000e+00
0.000000000000000000e+00
0.000000000000000000e+00
0.000000000000000000e+00
0.000000000000000000e+00
0.000000000000000000e+00
0.000000000000000000e+00
0.000000000000000000e+00
0.000000000000000000e+00
0.000000000000000000e+00
0.000000000000000000e+00
0.000000000000000000e+00
0.000000000000000000e+00
0.000000000000000000e+00
0.000000000000000000e+00
0.000000000000000000e+00
0.000000000000000000e+00
0.000000000000000000e+00
0.000000000000000000e+00
0.000000000000000000e+00
0.000000000000000000e+00
0.000000000000000000e+00
0.000000000000000000e+00
0.000000000000000000e+00
0.000000000000000000e+00
0.000000000000000000e+00
0.000000000000000000e+00
0.000000000000000000e+00
0.000000000000000000e+00
0.000000000000000000e+00
0.000000000000000000e+00
0.000000000000000000e+00
0.000000000000000000e+00
0.000000000000000000e+00
0.000000000000000000e+00
0.000000000000000000e+00
0.000000000000000000e+00
0.000000000000000000e+00
0.000000000000000000e+00
0.000000000000000000e+00
0.000000000000000000e+00
0.000000000000000000e+00
0.000000000000000000e+00
0.000000000000000000e+00
0.000000000000000000e+00
0.000000000000000000e+00
0.000000000000000000e+00
0.000000000000000000e+00
0.000000000000000000e+00
0.000000000000000000e+00
0.000000000000000000e+00
0.000000000000000000e+00
0.000000000000000000e+00
0.000000000000000000e+00
0.000000000000000000e+00
0.000000000000000000e+00
0.000000000000000000e+00
0.000000000000000000e+00
0.000000000000000000e+00
0.000000000000000000e+00
0.000000000000000000e+00
0.000000000000000000e+00
0.000000000000000000e+00
0.000000000000000000e+00
0.000000000000000000e+00
0.000000000000000000e+00
0.000000000000000000e+00
0.000000000000000000e+00
0.000000000000000000e+00
0.000000000000000000e+00
0.000000000000000000e+00
0.000000000000000000e+00
0.000000000000000000e+00
0.000000000000000000e+00
0.000000000000000000e+00
0.000000000000000000e+00
0.000000000000000000e+00
0.000000000000000000e+00
0.000000000000000000e+00
0.000000000000000000e+00
0.000000000000000000e+00
0.000000000000000000e+00
0.000000000000000000e+00
0.000000000000000000e+00
0.000000000000000000e+00
0.000000000000000000e+00
0.000000000000000000e+00
0.000000000000000000e+00
0.000000000000000000e+00
0.000000000000000000e+00
0.000000000000000000e+00
0.000000000000000000e+00
0.000000000000000000e+00
0.000000000000000000e+00
0.000000000000000000e+00
0.000000000000000000e+00
0.000000000000000000e+00
0.000000000000000000e+00
0.000000000000000000e+00
0.000000000000000000e+00
0.000000000000000000e+00
0.000000000000000000e+00
0.000000000000000000e+00
0.000000000000000000e+00
0.000000000000000000e+00
0.000000000000000000e+00
0.000000000000000000e+00
0.000000000000000000e+00
0.000000000000000000e+00
0.000000000000000000e+00
0.000000000000000000e+00
0.000000000000000000e+00
0.000000000000000000e+00
0.000000000000000000e+00
0.000000000000000000e+00
0.000000000000000000e+00
0.000000000000000000e+00
0.000000000000000000e+00
0.000000000000000000e+00
0.000000000000000000e+00
0.000000000000000000e+00
0.000000000000000000e+00
0.000000000000000000e+00
0.000000000000000000e+00
0.000000000000000000e+00
0.000000000000000000e+00
0.000000000000000000e+00
0.000000000000000000e+00
0.000000000000000000e+00
0.000000000000000000e+00
0.000000000000000000e+00
0.000000000000000000e+00
0.000000000000000000e+00
0.000000000000000000e+00
0.000000000000000000e+00
0.000000000000000000e+00
0.000000000000000000e+00
0.000000000000000000e+00
0.000000000000000000e+00
0.000000000000000000e+00
0.000000000000000000e+00
0.000000000000000000e+00
0.000000000000000000e+00
0.000000000000000000e+00
0.000000000000000000e+00
0.000000000000000000e+00
0.000000000000000000e+00
0.000000000000000000e+00
0.000000000000000000e+00
0.000000000000000000e+00
0.000000000000000000e+00
0.000000000000000000e+00
0.000000000000000000e+00
0.000000000000000000e+00
0.000000000000000000e+00
0.000000000000000000e+00
0.000000000000000000e+00
0.000000000000000000e+00
0.000000000000000000e+00
0.000000000000000000e+00
0.000000000000000000e+00
0.000000000000000000e+00
0.000000000000000000e+00
0.000000000000000000e+00
0.000000000000000000e+00
0.000000000000000000e+00
0.000000000000000000e+00
0.000000000000000000e+00
0.000000000000000000e+00
0.000000000000000000e+00
0.000000000000000000e+00
0.000000000000000000e+00
0.000000000000000000e+00
0.000000000000000000e+00
0.000000000000000000e+00
0.000000000000000000e+00
0.000000000000000000e+00
0.000000000000000000e+00
0.000000000000000000e+00
0.000000000000000000e+00
0.000000000000000000e+00
0.000000000000000000e+00
0.000000000000000000e+00
0.000000000000000000e+00
0.000000000000000000e+00
0.000000000000000000e+00
0.000000000000000000e+00
0.000000000000000000e+00
0.000000000000000000e+00
0.000000000000000000e+00
0.000000000000000000e+00
0.000000000000000000e+00
0.000000000000000000e+00
0.000000000000000000e+00
0.000000000000000000e+00
0.000000000000000000e+00
0.000000000000000000e+00
0.000000000000000000e+00
0.000000000000000000e+00
0.000000000000000000e+00
0.000000000000000000e+00
0.000000000000000000e+00
0.000000000000000000e+00
0.000000000000000000e+00
0.000000000000000000e+00
0.000000000000000000e+00
0.000000000000000000e+00
0.000000000000000000e+00
0.000000000000000000e+00
0.000000000000000000e+00
0.000000000000000000e+00
0.000000000000000000e+00
0.000000000000000000e+00
0.000000000000000000e+00
0.000000000000000000e+00
0.000000000000000000e+00
0.000000000000000000e+00
0.000000000000000000e+00
0.000000000000000000e+00
0.000000000000000000e+00
0.000000000000000000e+00
0.000000000000000000e+00
0.000000000000000000e+00
0.000000000000000000e+00
0.000000000000000000e+00
0.000000000000000000e+00
0.000000000000000000e+00
0.000000000000000000e+00
0.000000000000000000e+00
0.000000000000000000e+00
0.000000000000000000e+00
0.000000000000000000e+00
0.000000000000000000e+00
0.000000000000000000e+00
0.000000000000000000e+00
0.000000000000000000e+00
0.000000000000000000e+00
0.000000000000000000e+00
0.000000000000000000e+00
0.000000000000000000e+00
0.000000000000000000e+00
0.000000000000000000e+00
0.000000000000000000e+00
0.000000000000000000e+00
0.000000000000000000e+00
0.000000000000000000e+00
0.000000000000000000e+00
0.000000000000000000e+00
0.000000000000000000e+00
0.000000000000000000e+00
0.000000000000000000e+00
0.000000000000000000e+00
0.000000000000000000e+00
0.000000000000000000e+00
0.000000000000000000e+00
0.000000000000000000e+00
0.000000000000000000e+00
0.000000000000000000e+00
0.000000000000000000e+00
0.000000000000000000e+00
0.000000000000000000e+00
0.000000000000000000e+00
0.000000000000000000e+00
0.000000000000000000e+00
0.000000000000000000e+00
