2.809518406763489838e+04
2.811361419612354075e+04
2.810179670443990835e+04
2.809140389262934332e+04
2.809955980140922475e+04
2.810961622769500173e+04
2.817754684127818837e+04
2.817239220370663679e+04
2.819065109030001986e+04
2.817785032352313647e+04
2.816573174222065791e+04
2.817150575053205466e+04
2.817862461853070272e+04
2.824317348937818679e+04
2.823431198398952620e+04
2.824866190382615605e+04
2.823187334656424355e+04
2.821580796936595652e+04
2.821778895421448397e+04
2.822137095508656421e+04
2.828272808329429245e+04
2.827109291423138347e+04
2.828314209619777102e+04
2.826456094140839195e+04
2.824722578246012563e+04
2.824845367883616200e+04
2.825177276383374556e+04
2.831331127886767717e+04
2.830223824910546318e+04
2.831515133265588520e+04
2.829764415708274464e+04
2.828149184415215495e+04
2.828390421136383156e+04
2.828829983374297080e+04
2.835069889821349352e+04
2.834016768557356772e+04
2.835321009262432199e+04
2.833533839147117396e+04
2.831826181664577962e+04
2.831914236825988701e+04
2.832137092741289962e+04
2.838096154479094548e+04
2.836699668431822647e+04
2.837601880129202618e+04
2.835360044016650863e+04
2.833153145265660351e+04
2.832707275621065492e+04
2.832372978202595550e+04
2.837764354625077249e+04
2.835803221673323424e+04
2.836157866052052850e+04
2.833399627531316946e+04
2.830721183244131316e+04
2.829861488345832913e+04
2.829182701281081245e+04
2.834308900076850841e+04
2.832169889281727228e+04
2.832439657407669074e+04
2.829692725128533857e+04
2.827122265211197373e+04
