1.616511356010883276e+02
1.615881749678599988e+02
1.613707565179592223e+02
1.612145203967864973e+02
1.611588100666433832e+02
1.610310212717097897e+02
1.611485003210235334e+02
1.609793879580540761e+02
1.609206223407589107e+02
1.607051454778981849e+02
1.605486245847824307e+02
1.604905228990660078e+02
1.603584365578598749e+02
1.604699785703595865e+02
1.602936067577772121e+02
1.602266098231395404e+02
1.600022965484704116e+02
1.598367002250188875e+02
1.597696334686807518e+02
1.596290105823764520e+02
1.597327189908825176e+02
1.595494370265745658e+02
1.594766125383674762e+02
1.592476475252830141e+02
1.590786009932670595e+02
1.590092451681501018e+02
1.588673920976112015e+02
1.589707719353616255e+02
1.587878598601404008e+02
1.587158656951876026e+02
1.584879309578222433e+02
1.583198450183348029e+02
1.582511149532924435e+02
1.581093055698088676e+02
1.582119303494586120e+02
1.580272897511673591e+02
1.579524704753683864e+02
1.577205500221054706e+02
1.575473179062144879e+02
1.574723478908510685e+02
1.573233375927035524e+02
1.574179961896591351e+02
1.572248767588274347e+02
1.571413670395907332e+02
1.569008832444130235e+02
1.567195786585365624e+02
1.566374018430751107e+02
1.564824213078540538e+02
1.565726979398910430e+02
1.563771022934530777e+02
1.562932911170564694e+02
1.560548883029878198e+02
1.558781825253690556e+02
1.558031768491386515e+02
1.556579075697729024e+02
1.557603138737129598e+02
1.555790556278329007e+02
1.555114937651359241e+02
1.552908784280959082e+02
1.551330569940145381e+02
