1.158428352443983567e+04
1.158431110562182039e+04
1.158229980232092385e+04
1.158213055094334231e+04
1.158411072043436798e+04
1.158648787777102552e+04
1.158907491873900835e+04
1.159526706901218677e+04
1.159656960058656659e+04
1.159568463729745963e+04
1.159646467437741921e+04
1.159919466372385978e+04
1.160210653383710633e+04
1.160500487735817296e+04
1.161128429289744599e+04
1.161245721412960847e+04
1.161124059446597676e+04
1.161150907371998073e+04
1.161357648678592523e+04
1.161570959834673522e+04
1.161775281791474663e+04
1.162314440901540729e+04
1.162344305760197858e+04
1.162141320421820637e+04
1.162097680559258879e+04
1.162249342688489560e+04
1.162427259053953821e+04
1.162619717749832853e+04
1.163173843431830937e+04
1.163248148812120962e+04
1.163120980672427686e+04
1.163185629746147424e+04
1.163478296787065665e+04
1.163829308958781621e+04
1.164225466950409100e+04
1.165011578264461059e+04
1.165343066211850783e+04
1.165494496954702481e+04
1.165854791850456786e+04
1.166455314669027757e+04
1.167121224496722971e+04
1.167833970928817325e+04
1.168932982815895593e+04
1.169568435659062925e+04
1.170009935422291710e+04
1.170641881442157865e+04
1.171491693565082824e+04
1.172381290145992898e+04
1.173289689715665008e+04
1.174554784285953974e+04
1.175326166690553873e+04
1.175873847714233125e+04
1.176583624421678542e+04
1.177485284336839868e+04
1.178404032437956812e+04
1.179323014915229578e+04
1.180584989582493654e+04
1.181345027997062789e+04
1.181879088361176946e+04
1.182579224511293432e+04
