0.000000000000000000e+00
0.000000000000000000e+00
0.000000000000000000e+00
0.000000000000000000e+00
0.000000000000000000e+00
0.000000000000000000e+00
0.000000000000000000e+00
0.000000000000000000e+00
0.000000000000000000e+00
0.000000000000000000e+00
0.000000000000000000e+00
0.000000000000000000e+00
0.000000000000000000e+00
0.000000000000000000e+00
0.000000000000000000e+00
0.000000000000000000e+00
0.000000000000000000e+00
0.000000000000000000e+00
0.000000000000000000e+00
0.000000000000000000e+00
0.000000000000000000e+00
0.000000000000000000e+00
0.000000000000000000e+00
0.000000000000000000e+00
0.000000000000000000e+00
0.000000000000000000e+00
0.000000000000000000e+00
0.000000000000000000e+00
0.000000000000000000e+00
0.000000000000000000e+00
0.000000000000000000e+00
0.000000000000000000e+00
0.000000000000000000e+00
0.000000000000000000e+00
0.000000000000000000e+00
0.000000000000000000e+00
0.000000000000000000e+00
0.000000000000000000e+00
0.000000000000000000e+00
0.000000000000000000e+00
0.000000000000000000e+00
0.000000000000000000e+00
0.000000000000000000e+00
0.000000000000000000e+00
0.000000000000000000e+00
0.000000000000000000e+00
0.000000000000000000e+00
0.000000000000000000e+00
0.000000000000000000e+00
0.000000000000000000e+00
0.000000000000000000e+00
0.000000000000000000e+00
0.000000000000000000e+00
0.000000000000000000e+00
0.000000000000000000e+00
0.000000000000000000e+00
0.000000000000000000e+00
1.000000000000000000e+00
2.000000000000000000e+00
2.000000000000000000e+00
3.000000000000000000e+00
4.000000000000000000e+00
5.000000000000000000e+00
6.000000000000000000e+00
8.000000000000000000e+00
1.200000000000000000e+01
1.600000000000000000e+01
2.000000000000000000e+01
2.800000000000000000e+01
2.900000000000000000e+01
3.700000000000000000e+01
5.000000000000000000e+01
6.000000000000000000e+01
7.900000000000000000e+01
9.400000000000000000e+01
1.250000000000000000e+02
1.410000000000000000e+02
1.740000000000000000e+02
1.940000000000000000e+02
2.330000000000000000e+02
2.730000000000000000e+02
2.960000000000000000e+02
3.320000000000000000e+02
4.060000000000000000e+02
4.490000000000000000e+02
4.860000000000000000e+02
5.460000000000000000e+02
6.500000000000000000e+02
6.860000000000000000e+02
7.120000000000000000e+02
8.570000000000000000e+02
9.700000000000000000e+02
1.069000000000000000e+03
1.221000000000000000e+03
1.305000000000000000e+03
1.351000000000000000e+03
1.434000000000000000e+03
1.569000000000000000e+03
1.732000000000000000e+03
1.859000000000000000e+03
1.972000000000000000e+03
2.061000000000000000e+03
2.154000000000000000e+03
2.271000000000000000e+03
2.507000000000000000e+03
2.704000000000000000e+03
2.961000000000000000e+03
3.160000000000000000e+03
3.353000000000000000e+03
3.465000000000000000e+03
3.573000000000000000e+03
3.926000000000000000e+03
4.220000000000000000e+03
4.477000000000000000e+03
4.767000000000000000e+03
5.045000000000000000e+03
5.177000000000000000e+03
5.332000000000000000e+03
5.666000000000000000e+03
6.090000000000000000e+03
6.510000000000000000e+03
6.989000000000000000e+03
7.179000000000000000e+03
7.394000000000000000e+03
7.633000000000000000e+03
8.134000000000000000e+03
8.597000000000000000e+03
9.044000000000000000e+03
9.415000000000000000e+03
9.779000000000000000e+03
9.930000000000000000e+03
1.016700000000000000e+04
1.063700000000000000e+04
1.172900000000000000e+04
1.254500000000000000e+04
1.317000000000000000e+04
1.351100000000000000e+04
1.369900000000000000e+04
1.405300000000000000e+04
1.464900000000000000e+04
1.535700000000000000e+04
1.594400000000000000e+04
1.644800000000000000e+04
1.687200000000000000e+04
1.714100000000000000e+04
1.758000000000000000e+04
1.831000000000000000e+04
1.908000000000000000e+04
1.974700000000000000e+04
2.039400000000000000e+04
2.078100000000000000e+04
2.182500000000000000e+04
2.258400000000000000e+04
2.337700000000000000e+04
2.432400000000000000e+04
2.506000000000000000e+04
2.577900000000000000e+04
2.638100000000000000e+04
2.664800000000000000e+04
2.712100000000000000e+04
2.776900000000000000e+04
2.851000000000000000e+04
2.918900000000000000e+04
2.984300000000000000e+04
3.036600000000000000e+04
3.063900000000000000e+04
3.111900000000000000e+04
3.201400000000000000e+04
3.279600000000000000e+04
3.352600000000000000e+04
3.419100000000000000e+04
3.473000000000000000e+04
3.500600000000000000e+04
3.549100000000000000e+04
3.632700000000000000e+04
3.690600000000000000e+04
3.757400000000000000e+04
3.831000000000000000e+04
3.888800000000000000e+04
3.918400000000000000e+04
3.948500000000000000e+04
4.040000000000000000e+04
4.119000000000000000e+04
4.190800000000000000e+04
4.264500000000000000e+04
4.337400000000000000e+04
4.368000000000000000e+04
4.402200000000000000e+04
4.487600000000000000e+04
4.536100000000000000e+04
4.600000000000000000e+04
4.668800000000000000e+04
4.747200000000000000e+04
4.774600000000000000e+04
4.801200000000000000e+04
4.886900000000000000e+04
4.969800000000000000e+04
5.051700000000000000e+04
5.131100000000000000e+04
5.200600000000000000e+04
5.229800000000000000e+04
5.300300000000000000e+04
5.392900000000000000e+04
5.466600000000000000e+04
5.529300000000000000e+04
5.590800000000000000e+04
5.654300000000000000e+04
5.675700000000000000e+04
5.702300000000000000e+04
5.777400000000000000e+04
5.848100000000000000e+04
5.910600000000000000e+04
5.961000000000000000e+04
6.025400000000000000e+04
6.048000000000000000e+04
6.080000000000000000e+04
6.145000000000000000e+04
6.207600000000000000e+04
6.259400000000000000e+04
6.314600000000000000e+04
6.381900000000000000e+04
6.415800000000000000e+04
6.441400000000000000e+04
6.524100000000000000e+04
6.581600000000000000e+04
6.632900000000000000e+04
6.685100000000000000e+04
6.732600000000000000e+04
6.755800000000000000e+04
6.778100000000000000e+04
6.848400000000000000e+04
6.904900000000000000e+04
6.964900000000000000e+04
7.018300000000000000e+04
7.060400000000000000e+04
7.082100000000000000e+04
7.104900000000000000e+04
7.167800000000000000e+04
7.197800000000000000e+04
7.217900000000000000e+04
7.280300000000000000e+04
7.325800000000000000e+04
7.349300000000000000e+04
7.369700000000000000e+04
7.434800000000000000e+04
7.494900000000000000e+04
7.543900000000000000e+04
7.584400000000000000e+04
7.624300000000000000e+04
7.643000000000000000e+04
7.660300000000000000e+04
7.716300000000000000e+04
7.764600000000000000e+04
7.807800000000000000e+04
7.849200000000000000e+04
7.888000000000000000e+04
7.908800000000000000e+04
8.187700000000000000e+04
8.234800000000000000e+04
8.272600000000000000e+04
8.309600000000000000e+04
8.349700000000000000e+04
8.364200000000000000e+04
8.378100000000000000e+04
8.394500000000000000e+04
8.442000000000000000e+04
8.489800000000000000e+04
8.528500000000000000e+04
8.570400000000000000e+04
8.605900000000000000e+04
8.616700000000000000e+04
8.633800000000000000e+04
8.689300000000000000e+04
8.741500000000000000e+04
8.741500000000000000e+04
8.831200000000000000e+04
8.874300000000000000e+04
8.892400000000000000e+04
8.917100000000000000e+04
8.981400000000000000e+04
9.030900000000000000e+04
9.077300000000000000e+04
9.128900000000000000e+04
9.175300000000000000e+04
9.189500000000000000e+04
9.210000000000000000e+04
9.259300000000000000e+04
9.322800000000000000e+04
9.377200000000000000e+04
9.432300000000000000e+04
9.480800000000000000e+04
9.502700000000000000e+04
9.522500000000000000e+04
9.584200000000000000e+04
9.643000000000000000e+04
9.705600000000000000e+04
9.762400000000000000e+04
9.825900000000000000e+04
9.854200000000000000e+04
9.886100000000000000e+04
9.902600000000000000e+04
9.952800000000000000e+04
1.001040000000000000e+05
1.008230000000000000e+05
1.013730000000000000e+05
1.016760000000000000e+05
1.019260000000000000e+05
1.027390000000000000e+05
1.035970000000000000e+05
1.042420000000000000e+05
1.048730000000000000e+05
1.054590000000000000e+05
1.056550000000000000e+05
1.059400000000000000e+05
1.067650000000000000e+05
1.075650000000000000e+05
1.081730000000000000e+05
1.088630000000000000e+05
1.094560000000000000e+05
1.097170000000000000e+05
1.100740000000000000e+05
1.108740000000000000e+05
1.116550000000000000e+05
1.123260000000000000e+05
1.130190000000000000e+05
1.137040000000000000e+05
1.139530000000000000e+05
1.142980000000000000e+05
1.150990000000000000e+05
1.157690000000000000e+05
1.164870000000000000e+05
1.172490000000000000e+05
1.178760000000000000e+05
1.182020000000000000e+05
1.185980000000000000e+05
1.194950000000000000e+05
1.203110000000000000e+05
1.211720000000000000e+05
1.218370000000000000e+05
1.220260000000000000e+05
1.224260000000000000e+05
1.228550000000000000e+05
1.238450000000000000e+05
1.248970000000000000e+05
1.258070000000000000e+05
1.265070000000000000e+05
1.268510000000000000e+05
1.272130000000000000e+05
1.277570000000000000e+05
1.288220000000000000e+05
1.299870000000000000e+05
1.310310000000000000e+05
1.320690000000000000e+05
1.332040000000000000e+05
1.337060000000000000e+05
1.343680000000000000e+05
1.356820000000000000e+05
1.369170000000000000e+05
1.379160000000000000e+05
1.390220000000000000e+05
1.402410000000000000e+05
1.407040000000000000e+05
1.412480000000000000e+05
1.428320000000000000e+05
1.443710000000000000e+05
1.461740000000000000e+05
1.476140000000000000e+05
1.490840000000000000e+05
1.496140000000000000e+05
1.502730000000000000e+05
1.520160000000000000e+05
1.536390000000000000e+05
1.551450000000000000e+05
1.565790000000000000e+05
1.580740000000000000e+05
1.585360000000000000e+05
1.591000000000000000e+05
1.595330000000000000e+05
1.612400000000000000e+05
1.612400000000000000e+05
1.642900000000000000e+05
1.657860000000000000e+05
1.662000000000000000e+05
1.667310000000000000e+05
1.684320000000000000e+05
1.697600000000000000e+05
1.712340000000000000e+05
1.725570000000000000e+05
1.737710000000000000e+05
1.742070000000000000e+05
1.746570000000000000e+05
1.759860000000000000e+05
1.770610000000000000e+05
1.781080000000000000e+05
1.789650000000000000e+05
1.797970000000000000e+05
1.801070000000000000e+05
1.805360000000000000e+05
1.818090000000000000e+05
1.828150000000000000e+05
1.836920000000000000e+05
1.844740000000000000e+05
1.852570000000000000e+05
1.857150000000000000e+05
1.861520000000000000e+05
1.871870000000000000e+05
1.880440000000000000e+05
1.888660000000000000e+05
1.895780000000000000e+05
1.903570000000000000e+05
1.906040000000000000e+05
1.909230000000000000e+05
1.917890000000000000e+05
1.924910000000000000e+05
1.931520000000000000e+05
1.938510000000000000e+05
1.944900000000000000e+05
1.947100000000000000e+05
1.949440000000000000e+05
1.951190000000000000e+05
1.959080000000000000e+05
1.966060000000000000e+05
1.972190000000000000e+05
1.978270000000000000e+05
1.980360000000000000e+05
1.982390000000000000e+05
1.990480000000000000e+05
1.996270000000000000e+05
2.002110000000000000e+05
2.008620000000000000e+05
2.014290000000000000e+05
2.016230000000000000e+05
2.018320000000000000e+05
2.026330000000000000e+05
2.032100000000000000e+05
2.036640000000000000e+05
2.038540000000000000e+05
2.040110000000000000e+05
2.041470000000000000e+05
2.043990000000000000e+05
2.049850000000000000e+05
2.055980000000000000e+05
2.061460000000000000e+05
2.070200000000000000e+05
2.092120000000000000e+05
2.093380000000000000e+05
2.097020000000000000e+05
2.102820000000000000e+05
2.108120000000000000e+05
2.112130000000000000e+05
2.116930000000000000e+05
2.122280000000000000e+05
2.123390000000000000e+05
2.124660000000000000e+05
2.130480000000000000e+05
2.135970000000000000e+05
2.140950000000000000e+05
2.145040000000000000e+05
2.148530000000000000e+05
2.149470000000000000e+05
2.151130000000000000e+05
2.155470000000000000e+05
2.159180000000000000e+05
2.164470000000000000e+05
2.169070000000000000e+05
2.171680000000000000e+05
2.172330000000000000e+05
2.173450000000000000e+05
2.177400000000000000e+05
2.180070000000000000e+05
2.181730000000000000e+05
2.186570000000000000e+05
2.189280000000000000e+05
2.189850000000000000e+05
2.190890000000000000e+05
2.193230000000000000e+05
2.195900000000000000e+05
2.199010000000000000e+05
2.201590000000000000e+05
2.203840000000000000e+05
2.204370000000000000e+05
2.204930000000000000e+05
2.207460000000000000e+05
2.208500000000000000e+05
2.210800000000000000e+05
2.212560000000000000e+05
2.215970000000000000e+05
2.216470000000000000e+05
2.216950000000000000e+05
2.219600000000000000e+05
2.222320000000000000e+05
2.226610000000000000e+05
2.230720000000000000e+05
2.234550000000000000e+05
2.235070000000000000e+05
2.235680000000000000e+05
2.278400000000000000e+05
2.281460000000000000e+05
2.283620000000000000e+05
2.285680000000000000e+05
2.287580000000000000e+05
2.288040000000000000e+05
2.288380000000000000e+05
2.291000000000000000e+05
2.293530000000000000e+05
2.295800000000000000e+05
2.298230000000000000e+05
2.300970000000000000e+05
2.301500000000000000e+05
2.301870000000000000e+05
2.304280000000000000e+05
2.306240000000000000e+05
2.307920000000000000e+05
2.309590000000000000e+05
2.309590000000000000e+05
2.311870000000000000e+05
2.312440000000000000e+05
2.315050000000000000e+05
2.318470000000000000e+05
2.320680000000000000e+05
2.323460000000000000e+05
2.325210000000000000e+05
2.325640000000000000e+05
2.326080000000000000e+05
2.328030000000000000e+05
2.330470000000000000e+05
2.332480000000000000e+05
2.334280000000000000e+05
2.335800000000000000e+05
2.336220000000000000e+05
2.336890000000000000e+05
2.339580000000000000e+05
2.341920000000000000e+05
2.344580000000000000e+05
2.346750000000000000e+05
2.349070000000000000e+05
2.349690000000000000e+05
2.350580000000000000e+05
2.352770000000000000e+05
2.355070000000000000e+05
2.357400000000000000e+05
2.360150000000000000e+05
2.362400000000000000e+05
2.363310000000000000e+05
2.364690000000000000e+05
2.368100000000000000e+05
2.372070000000000000e+05
2.376260000000000000e+05
2.376260000000000000e+05
2.383160000000000000e+05
2.384240000000000000e+05
2.385950000000000000e+05
2.390790000000000000e+05
2.396160000000000000e+05
2.399970000000000000e+05
2.404560000000000000e+05
2.409060000000000000e+05
2.410340000000000000e+05
2.412790000000000000e+05
2.419360000000000000e+05
2.425470000000000000e+05
2.431650000000000000e+05
2.437330000000000000e+05
2.442480000000000000e+05
2.444200000000000000e+05
2.446900000000000000e+05
2.454760000000000000e+05
2.462030000000000000e+05
2.468110000000000000e+05
2.474140000000000000e+05
2.481670000000000000e+05
2.481670000000000000e+05
2.486520000000000000e+05
2.495290000000000000e+05
2.504690000000000000e+05
2.513050000000000000e+05
2.520800000000000000e+05
2.529270000000000000e+05
2.531550000000000000e+05
2.535260000000000000e+05
2.544660000000000000e+05
2.554520000000000000e+05
2.562870000000000000e+05
2.571500000000000000e+05
2.579060000000000000e+05
2.581650000000000000e+05
2.584910000000000000e+05
2.593260000000000000e+05
2.605030000000000000e+05
2.614960000000000000e+05
2.622210000000000000e+05
2.628680000000000000e+05
2.631400000000000000e+05
2.634700000000000000e+05
2.645410000000000000e+05
2.654200000000000000e+05
2.661500000000000000e+05
2.661500000000000000e+05
2.675240000000000000e+05
2.677480000000000000e+05
2.679690000000000000e+05
2.690160000000000000e+05
2.699130000000000000e+05
2.703480000000000000e+05
2.705380000000000000e+05
2.705380000000000000e+05
2.715030000000000000e+05
2.717650000000000000e+05
2.725800000000000000e+05
2.733910000000000000e+05
2.741390000000000000e+05
2.747030000000000000e+05
2.747030000000000000e+05
2.754500000000000000e+05
2.756760000000000000e+05
2.763760000000000000e+05
2.769730000000000000e+05
2.775070000000000000e+05
2.779780000000000000e+05
2.785920000000000000e+05
2.785920000000000000e+05
2.791060000000000000e+05
2.791060000000000000e+05
2.798960000000000000e+05
2.811210000000000000e+05
2.816100000000000000e+05
2.816100000000000000e+05
2.820860000000000000e+05
2.822270000000000000e+05
2.827730000000000000e+05
2.831930000000000000e+05
2.835740000000000000e+05
2.840080000000000000e+05
2.843210000000000000e+05
2.843810000000000000e+05
2.844770000000000000e+05
2.849250000000000000e+05
2.853470000000000000e+05
2.856690000000000000e+05
2.859530000000000000e+05
2.862590000000000000e+05
2.862590000000000000e+05
2.864960000000000000e+05
2.864960000000000000e+05
2.868880000000000000e+05
2.876310000000000000e+05
2.879510000000000000e+05
2.882760000000000000e+05
2.883650000000000000e+05
2.883650000000000000e+05
2.884640000000000000e+05
2.887330000000000000e+05
2.888870000000000000e+05
2.891310000000000000e+05
2.896740000000000000e+05
2.897340000000000000e+05
2.897340000000000000e+05
2.901100000000000000e+05
2.901100000000000000e+05
2.906300000000000000e+05
2.906300000000000000e+05
2.908720000000000000e+05
2.910890000000000000e+05
2.911470000000000000e+05
2.912040000000000000e+05
2.915730000000000000e+05
2.919290000000000000e+05
2.919290000000000000e+05
2.921450000000000000e+05
2.923720000000000000e+05
2.925240000000000000e+05
2.925240000000000000e+05
2.928500000000000000e+05
2.934490000000000000e+05
2.936140000000000000e+05
2.936140000000000000e+05
2.938590000000000000e+05
2.939500000000000000e+05
2.939500000000000000e+05
2.944280000000000000e+05
2.944280000000000000e+05
2.949040000000000000e+05
2.949040000000000000e+05
2.952030000000000000e+05
2.953130000000000000e+05
2.953130000000000000e+05
2.956020000000000000e+05
2.961880000000000000e+05
2.961880000000000000e+05
2.963850000000000000e+05
2.966200000000000000e+05
2.966720000000000000e+05
2.967210000000000000e+05
2.971880000000000000e+05
2.973560000000000000e+05
2.973560000000000000e+05
2.975680000000000000e+05
2.978350000000000000e+05
2.979160000000000000e+05
2.979160000000000000e+05
2.981610000000000000e+05
2.983590000000000000e+05
2.986700000000000000e+05
2.987590000000000000e+05
2.987590000000000000e+05
