0.000000000000000000e+00
0.000000000000000000e+00
0.000000000000000000e+00
0.000000000000000000e+00
0.000000000000000000e+00
0.000000000000000000e+00
0.000000000000000000e+00
0.000000000000000000e+00
0.000000000000000000e+00
0.000000000000000000e+00
0.000000000000000000e+00
0.000000000000000000e+00
0.000000000000000000e+00
0.000000000000000000e+00
0.000000000000000000e+00
0.000000000000000000e+00
0.000000000000000000e+00
0.000000000000000000e+00
0.000000000000000000e+00
0.000000000000000000e+00
0.000000000000000000e+00
0.000000000000000000e+00
0.000000000000000000e+00
0.000000000000000000e+00
0.000000000000000000e+00
0.000000000000000000e+00
0.000000000000000000e+00
0.000000000000000000e+00
0.000000000000000000e+00
0.000000000000000000e+00
0.000000000000000000e+00
0.000000000000000000e+00
0.000000000000000000e+00
0.000000000000000000e+00
0.000000000000000000e+00
0.000000000000000000e+00
0.000000000000000000e+00
0.000000000000000000e+00
0.000000000000000000e+00
0.000000000000000000e+00
0.000000000000000000e+00
1.000000000000000000e+00
1.000000000000000000e+00
1.000000000000000000e+00
1.000000000000000000e+00
1.000000000000000000e+00
1.000000000000000000e+00
1.000000000000000000e+00
4.000000000000000000e+00
4.000000000000000000e+00
4.000000000000000000e+00
4.000000000000000000e+00
4.000000000000000000e+00
4.000000000000000000e+00
4.000000000000000000e+00
4.000000000000000000e+00
4.000000000000000000e+00
4.000000000000000000e+00
4.000000000000000000e+00
4.000000000000000000e+00
4.000000000000000000e+00
4.000000000000000000e+00
4.000000000000000000e+00
4.000000000000000000e+00
4.000000000000000000e+00
4.000000000000000000e+00
4.000000000000000000e+00
4.000000000000000000e+00
3.500000000000000000e+01
3.500000000000000000e+01
3.500000000000000000e+01
3.500000000000000000e+01
6.330000000000000000e+02
6.330000000000000000e+02
6.330000000000000000e+02
6.330000000000000000e+02
6.330000000000000000e+02
6.330000000000000000e+02
6.330000000000000000e+02
6.330000000000000000e+02
6.330000000000000000e+02
1.772000000000000000e+03
1.843000000000000000e+03
1.964000000000000000e+03
2.125000000000000000e+03
2.125000000000000000e+03
2.125000000000000000e+03
2.125000000000000000e+03
2.627000000000000000e+03
2.627000000000000000e+03
2.627000000000000000e+03
2.627000000000000000e+03
2.627000000000000000e+03
2.627000000000000000e+03
7.149000000000000000e+03
8.354000000000000000e+03
9.086000000000000000e+03
1.142300000000000000e+04
1.142300000000000000e+04
1.142300000000000000e+04
1.237700000000000000e+04
1.237700000000000000e+04
1.344700000000000000e+04
1.344700000000000000e+04
1.681000000000000000e+04
1.778100000000000000e+04
1.778100000000000000e+04
2.031400000000000000e+04
2.182400000000000000e+04
2.182400000000000000e+04
2.310000000000000000e+04
2.593500000000000000e+04
2.699000000000000000e+04
2.847500000000000000e+04
3.045100000000000000e+04
3.184800000000000000e+04
3.332900000000000000e+04
3.538800000000000000e+04
3.732500000000000000e+04
3.841900000000000000e+04
4.015200000000000000e+04
4.219100000000000000e+04
4.442400000000000000e+04
4.697900000000000000e+04
4.945200000000000000e+04
5.170800000000000000e+04
5.383400000000000000e+04
5.604100000000000000e+04
5.900300000000000000e+04
6.124700000000000000e+04
6.377200000000000000e+04
6.696500000000000000e+04
6.974900000000000000e+04
7.268000000000000000e+04
7.475800000000000000e+04
7.784100000000000000e+04
8.083000000000000000e+04
8.377500000000000000e+04
8.763300000000000000e+04
9.074800000000000000e+04
9.393000000000000000e+04
9.719800000000000000e+04
1.008760000000000000e+05
1.040780000000000000e+05
1.072980000000000000e+05
1.122920000000000000e+05
1.153940000000000000e+05
1.185040000000000000e+05
1.221800000000000000e+05
1.264380000000000000e+05
1.308540000000000000e+05
1.344950000000000000e+05
1.393830000000000000e+05
1.436460000000000000e+05
1.484870000000000000e+05
1.523620000000000000e+05
1.568270000000000000e+05
1.607210000000000000e+05
1.646460000000000000e+05
1.701470000000000000e+05
1.745380000000000000e+05
1.785260000000000000e+05
1.837570000000000000e+05
1.893450000000000000e+05
1.957240000000000000e+05
1.999140000000000000e+05
2.048260000000000000e+05
2.094370000000000000e+05
2.143160000000000000e+05
2.196280000000000000e+05
2.253560000000000000e+05
2.298560000000000000e+05
2.349050000000000000e+05
2.401010000000000000e+05
2.458300000000000000e+05
2.523680000000000000e+05
2.576810000000000000e+05
2.642020000000000000e+05
2.712390000000000000e+05
2.549410000000000000e+05
2.630910000000000000e+05
2.674070000000000000e+05
2.701470000000000000e+05
2.754540000000000000e+05
2.833820000000000000e+05
2.888190000000000000e+05
2.952220000000000000e+05
3.038100000000000000e+05
3.081420000000000000e+05
3.145380000000000000e+05
3.201000000000000000e+05
3.271150000000000000e+05
3.348670000000000000e+05
3.425270000000000000e+05
3.534420000000000000e+05
3.574440000000000000e+05
3.617640000000000000e+05
3.653110000000000000e+05
3.700980000000000000e+05
3.771250000000000000e+05
3.844320000000000000e+05
3.931600000000000000e+05
3.972780000000000000e+05
4.011820000000000000e+05
4.065830000000000000e+05
4.104790000000000000e+05
4.181640000000000000e+05
4.242980000000000000e+05
4.308400000000000000e+05
4.338090000000000000e+05
4.383750000000000000e+05
4.427820000000000000e+05
4.483440000000000000e+05
4.531040000000000000e+05
4.581230000000000000e+05
4.662090000000000000e+05
4.692060000000000000e+05
4.721970000000000000e+05
4.755320000000000000e+05
4.797700000000000000e+05
4.842830000000000000e+05
4.897240000000000000e+05
4.962220000000000000e+05
5.017220000000000000e+05
5.045410000000000000e+05
5.106260000000000000e+05
5.146630000000000000e+05
5.188440000000000000e+05
5.246690000000000000e+05
5.313340000000000000e+05
5.351410000000000000e+05
5.385140000000000000e+05
5.418040000000000000e+05
5.470880000000000000e+05
5.511130000000000000e+05
5.573810000000000000e+05
5.640530000000000000e+05
5.695460000000000000e+05
5.742030000000000000e+05
5.791450000000000000e+05
5.821090000000000000e+05
5.861540000000000000e+05
5.904590000000000000e+05
5.963170000000000000e+05
5.989530000000000000e+05
6.016110000000000000e+05
6.057960000000000000e+05
6.090410000000000000e+05
6.123610000000000000e+05
6.166960000000000000e+05
6.223980000000000000e+05
6.255120000000000000e+05
6.280070000000000000e+05
6.296300000000000000e+05
6.338060000000000000e+05
6.379930000000000000e+05
6.451230000000000000e+05
6.700340000000000000e+05
6.769230000000000000e+05
6.796930000000000000e+05
6.826040000000000000e+05
6.871230000000000000e+05
6.893770000000000000e+05
6.942140000000000000e+05
7.008260000000000000e+05
7.034570000000000000e+05
7.034890000000000000e+05
7.076310000000000000e+05
7.122500000000000000e+05
7.158480000000000000e+05
7.209730000000000000e+05
7.277590000000000000e+05
7.305940000000000000e+05
7.338970000000000000e+05
7.374370000000000000e+05
7.409340000000000000e+05
7.469390000000000000e+05
7.526910000000000000e+05
7.602590000000000000e+05
7.631050000000000000e+05
7.651280000000000000e+05
7.700070000000000000e+05
7.745670000000000000e+05
7.793710000000000000e+05
7.865160000000000000e+05
7.953560000000000000e+05
8.030860000000000000e+05
8.048870000000000000e+05
8.090630000000000000e+05
8.125560000000000000e+05
8.166590000000000000e+05
8.243550000000000000e+05
8.243550000000000000e+05
8.243550000000000000e+05
8.243550000000000000e+05
7.361970000000000000e+05
7.413400000000000000e+05
7.453610000000000000e+05
7.501900000000000000e+05
7.542000000000000000e+05
7.579510000000000000e+05
7.620250000000000000e+05
7.663610000000000000e+05
7.707280000000000000e+05
7.707280000000000000e+05
7.791040000000000000e+05
7.846930000000000000e+05
7.915160000000000000e+05
7.980370000000000000e+05
8.035810000000000000e+05
8.086180000000000000e+05
8.132540000000000000e+05
8.183970000000000000e+05
8.235860000000000000e+05
8.298170000000000000e+05
8.365670000000000000e+05
8.432310000000000000e+05
8.527190000000000000e+05
8.596430000000000000e+05
8.661860000000000000e+05
8.735550000000000000e+05
8.810500000000000000e+05
8.891680000000000000e+05
8.961300000000000000e+05
9.040420000000000000e+05
9.119650000000000000e+05
9.186810000000000000e+05
9.277540000000000000e+05
9.380890000000000000e+05
9.456730000000000000e+05
9.537620000000000000e+05
9.623970000000000000e+05
9.711150000000000000e+05
9.780020000000000000e+05
9.873280000000000000e+05
9.963020000000000000e+05
1.005248000000000000e+06
1.015256000000000000e+06
1.023916000000000000e+06
1.031864000000000000e+06
1.038766000000000000e+06
1.048539000000000000e+06
1.058429000000000000e+06
1.066771000000000000e+06
1.074795000000000000e+06
1.083768000000000000e+06
1.090905000000000000e+06
1.098431000000000000e+06
1.105834000000000000e+06
1.113137000000000000e+06
1.119968000000000000e+06
1.127471000000000000e+06
1.134877000000000000e+06
1.143254000000000000e+06
1.150422000000000000e+06
1.160373000000000000e+06
1.168354000000000000e+06
1.176658000000000000e+06
1.185621000000000000e+06
1.199810000000000000e+06
1.212403000000000000e+06
1.223108000000000000e+06
1.237321000000000000e+06
1.251782000000000000e+06
1.264780000000000000e+06
1.264780000000000000e+06
1.291940000000000000e+06
1.306138000000000000e+06
1.320448000000000000e+06
1.335876000000000000e+06
1.348660000000000000e+06
1.362525000000000000e+06
1.376073000000000000e+06
1.390906000000000000e+06
1.403064000000000000e+06
1.412393000000000000e+06
1.425748000000000000e+06
1.436482000000000000e+06
1.450237000000000000e+06
1.450237000000000000e+06
1.472151000000000000e+06
1.482138000000000000e+06
1.490077000000000000e+06
1.501580000000000000e+06
1.511199000000000000e+06
1.519572000000000000e+06
1.528304000000000000e+06
1.535786000000000000e+06
1.542991000000000000e+06
1.548174000000000000e+06
1.555923000000000000e+06
1.563992000000000000e+06
1.571071000000000000e+06
1.577838000000000000e+06
1.584704000000000000e+06
1.590696000000000000e+06
1.595320000000000000e+06
1.602024000000000000e+06
1.607869000000000000e+06
1.614614000000000000e+06
1.620008000000000000e+06
1.625328000000000000e+06
1.630002000000000000e+06
1.633900000000000000e+06
1.639943000000000000e+06
1.645312000000000000e+06
1.650230000000000000e+06
1.655549000000000000e+06
1.660786000000000000e+06
1.666658000000000000e+06
1.670431000000000000e+06
1.675996000000000000e+06
1.681336000000000000e+06
1.685996000000000000e+06
1.691093000000000000e+06
1.696739000000000000e+06
1.701216000000000000e+06
1.705743000000000000e+06
1.711931000000000000e+06
1.716135000000000000e+06
1.720430000000000000e+06
1.724794000000000000e+06
1.729269000000000000e+06
1.733089000000000000e+06
1.736159000000000000e+06
1.740254000000000000e+06
1.744262000000000000e+06
1.748317000000000000e+06
1.752125000000000000e+06
1.755798000000000000e+06
1.759123000000000000e+06
1.761786000000000000e+06
1.765244000000000000e+06
1.769256000000000000e+06
1.773236000000000000e+06
1.777697000000000000e+06
1.781629000000000000e+06
1.785643000000000000e+06
1.788209000000000000e+06
1.791894000000000000e+06
1.795213000000000000e+06
1.798657000000000000e+06
1.802033000000000000e+06
1.804914000000000000e+06
1.807676000000000000e+06
1.809921000000000000e+06
1.812694000000000000e+06
1.815237000000000000e+06
1.817866000000000000e+06
1.820959000000000000e+06
1.823732000000000000e+06
1.826646000000000000e+06
1.829480000000000000e+06
1.833132000000000000e+06
1.836377000000000000e+06
1.839381000000000000e+06
1.841964000000000000e+06
1.845008000000000000e+06
1.848177000000000000e+06
1.850680000000000000e+06
1.853789000000000000e+06
1.856543000000000000e+06
1.858844000000000000e+06
1.861861000000000000e+06
1.864914000000000000e+06
1.867191000000000000e+06
1.869529000000000000e+06
1.872375000000000000e+06
1.875211000000000000e+06
1.877347000000000000e+06
1.879713000000000000e+06
1.881818000000000000e+06
1.884008000000000000e+06
1.886233000000000000e+06
1.888638000000000000e+06
1.891052000000000000e+06
1.893236000000000000e+06
1.895483000000000000e+06
1.897587000000000000e+06
1.899742000000000000e+06
1.901322000000000000e+06
1.903494000000000000e+06
1.905591000000000000e+06
1.907538000000000000e+06
1.909187000000000000e+06
1.911033000000000000e+06
1.912690000000000000e+06
1.914101000000000000e+06
1.916144000000000000e+06
1.917958000000000000e+06
1.919821000000000000e+06
1.921510000000000000e+06
1.923744000000000000e+06
1.924865000000000000e+06
1.926287000000000000e+06
1.928467000000000000e+06
1.930608000000000000e+06
1.932457000000000000e+06
1.934541000000000000e+06
1.936266000000000000e+06
1.937977000000000000e+06
1.939596000000000000e+06
1.941913000000000000e+06
1.944267000000000000e+06
1.946477000000000000e+06
1.948267000000000000e+06
1.950419000000000000e+06
1.952381000000000000e+06
1.954251000000000000e+06
1.956575000000000000e+06
1.960033000000000000e+06
1.962152000000000000e+06
1.964300000000000000e+06
1.966702000000000000e+06
1.966702000000000000e+06
1.971470000000000000e+06
1.974255000000000000e+06
1.977071000000000000e+06
1.979823000000000000e+06
1.982674000000000000e+06
1.985459000000000000e+06
1.988096000000000000e+06
1.990610000000000000e+06
1.994014000000000000e+06
1.997381000000000000e+06
2.000530000000000000e+06
2.003477000000000000e+06
2.007339000000000000e+06
2.010754000000000000e+06
2.014868000000000000e+06
2.019048000000000000e+06
2.023270000000000000e+06
2.027541000000000000e+06
2.031875000000000000e+06
2.036776000000000000e+06
2.041418000000000000e+06
2.045818000000000000e+06
2.051357000000000000e+06
2.056317000000000000e+06
2.061595000000000000e+06
2.068175000000000000e+06
2.074145000000000000e+06
2.080483000000000000e+06
2.086657000000000000e+06
2.095953000000000000e+06
2.104298000000000000e+06
2.112815000000000000e+06
2.120815000000000000e+06
2.120815000000000000e+06
2.140327000000000000e+06
2.148642000000000000e+06
2.160130000000000000e+06
2.171095000000000000e+06
2.181291000000000000e+06
2.192477000000000000e+06
2.204109000000000000e+06
2.215884000000000000e+06
2.226594000000000000e+06
2.241868000000000000e+06
2.257443000000000000e+06
2.270427000000000000e+06
0.000000000000000000e+00
0.000000000000000000e+00
0.000000000000000000e+00
0.000000000000000000e+00
0.000000000000000000e+00
0.000000000000000000e+00
0.000000000000000000e+00
0.000000000000000000e+00
0.000000000000000000e+00
0.000000000000000000e+00
0.000000000000000000e+00
0.000000000000000000e+00
0.000000000000000000e+00
0.000000000000000000e+00
0.000000000000000000e+00
0.000000000000000000e+00
0.000000000000000000e+00
0.000000000000000000e+00
0.000000000000000000e+00
0.000000000000000000e+00
0.000000000000000000e+00
0.000000000000000000e+00
0.000000000000000000e+00
0.000000000000000000e+00
0.000000000000000000e+00
0.000000000000000000e+00
0.000000000000000000e+00
0.000000000000000000e+00
0.000000000000000000e+00
0.000000000000000000e+00
0.000000000000000000e+00
0.000000000000000000e+00
0.000000000000000000e+00
0.000000000000000000e+00
0.000000000000000000e+00
0.000000000000000000e+00
0.000000000000000000e+00
0.000000000000000000e+00
0.000000000000000000e+00
0.000000000000000000e+00
0.000000000000000000e+00
0.000000000000000000e+00
0.000000000000000000e+00
0.000000000000000000e+00
0.000000000000000000e+00
0.000000000000000000e+00
0.000000000000000000e+00
0.000000000000000000e+00
0.000000000000000000e+00
0.000000000000000000e+00
0.000000000000000000e+00
0.000000000000000000e+00
0.000000000000000000e+00
0.000000000000000000e+00
0.000000000000000000e+00
0.000000000000000000e+00
0.000000000000000000e+00
0.000000000000000000e+00
0.000000000000000000e+00
0.000000000000000000e+00
0.000000000000000000e+00
0.000000000000000000e+00
0.000000000000000000e+00
0.000000000000000000e+00
0.000000000000000000e+00
0.000000000000000000e+00
0.000000000000000000e+00
0.000000000000000000e+00
0.000000000000000000e+00
0.000000000000000000e+00
0.000000000000000000e+00
0.000000000000000000e+00
0.000000000000000000e+00
0.000000000000000000e+00
0.000000000000000000e+00
0.000000000000000000e+00
0.000000000000000000e+00
0.000000000000000000e+00
0.000000000000000000e+00
0.000000000000000000e+00
0.000000000000000000e+00
0.000000000000000000e+00
0.000000000000000000e+00
0.000000000000000000e+00
0.000000000000000000e+00
0.000000000000000000e+00
0.000000000000000000e+00
0.000000000000000000e+00
0.000000000000000000e+00
0.000000000000000000e+00
0.000000000000000000e+00
0.000000000000000000e+00
0.000000000000000000e+00
0.000000000000000000e+00
0.000000000000000000e+00
0.000000000000000000e+00
0.000000000000000000e+00
0.000000000000000000e+00
0.000000000000000000e+00
0.000000000000000000e+00
0.000000000000000000e+00
0.000000000000000000e+00
0.000000000000000000e+00
0.000000000000000000e+00
0.000000000000000000e+00
0.000000000000000000e+00
0.000000000000000000e+00
0.000000000000000000e+00
0.000000000000000000e+00
0.000000000000000000e+00
0.000000000000000000e+00
0.000000000000000000e+00
0.000000000000000000e+00
0.000000000000000000e+00
0.000000000000000000e+00
0.000000000000000000e+00
0.000000000000000000e+00
0.000000000000000000e+00
0.000000000000000000e+00
0.000000000000000000e+00
0.000000000000000000e+00
0.000000000000000000e+00
0.000000000000000000e+00
0.000000000000000000e+00
0.000000000000000000e+00
0.000000000000000000e+00
0.000000000000000000e+00
0.000000000000000000e+00
0.000000000000000000e+00
0.000000000000000000e+00
0.000000000000000000e+00
0.000000000000000000e+00
0.000000000000000000e+00
0.000000000000000000e+00
0.000000000000000000e+00
0.000000000000000000e+00
0.000000000000000000e+00
0.000000000000000000e+00
0.000000000000000000e+00
0.000000000000000000e+00
0.000000000000000000e+00
0.000000000000000000e+00
0.000000000000000000e+00
0.000000000000000000e+00
0.000000000000000000e+00
0.000000000000000000e+00
0.000000000000000000e+00
0.000000000000000000e+00
0.000000000000000000e+00
0.000000000000000000e+00
0.000000000000000000e+00
0.000000000000000000e+00
0.000000000000000000e+00
0.000000000000000000e+00
0.000000000000000000e+00
0.000000000000000000e+00
0.000000000000000000e+00
0.000000000000000000e+00
0.000000000000000000e+00
0.000000000000000000e+00
0.000000000000000000e+00
0.000000000000000000e+00
0.000000000000000000e+00
0.000000000000000000e+00
0.000000000000000000e+00
0.000000000000000000e+00
0.000000000000000000e+00
0.000000000000000000e+00
0.000000000000000000e+00
0.000000000000000000e+00
0.000000000000000000e+00
0.000000000000000000e+00
0.000000000000000000e+00
0.000000000000000000e+00
0.000000000000000000e+00
0.000000000000000000e+00
0.000000000000000000e+00
0.000000000000000000e+00
0.000000000000000000e+00
0.000000000000000000e+00
0.000000000000000000e+00
0.000000000000000000e+00
0.000000000000000000e+00
0.000000000000000000e+00
0.000000000000000000e+00
0.000000000000000000e+00
0.000000000000000000e+00
0.000000000000000000e+00
0.000000000000000000e+00
0.000000000000000000e+00
0.000000000000000000e+00
0.000000000000000000e+00
0.000000000000000000e+00
0.000000000000000000e+00
0.000000000000000000e+00
0.000000000000000000e+00
0.000000000000000000e+00
0.000000000000000000e+00
0.000000000000000000e+00
0.000000000000000000e+00
0.000000000000000000e+00
0.000000000000000000e+00
0.000000000000000000e+00
0.000000000000000000e+00
0.000000000000000000e+00
0.000000000000000000e+00
0.000000000000000000e+00
0.000000000000000000e+00
0.000000000000000000e+00
0.000000000000000000e+00
0.000000000000000000e+00
0.000000000000000000e+00
0.000000000000000000e+00
0.000000000000000000e+00
0.000000000000000000e+00
0.000000000000000000e+00
0.000000000000000000e+00
0.000000000000000000e+00
0.000000000000000000e+00
0.000000000000000000e+00
0.000000000000000000e+00
0.000000000000000000e+00
0.000000000000000000e+00
0.000000000000000000e+00
0.000000000000000000e+00
0.000000000000000000e+00
0.000000000000000000e+00
0.000000000000000000e+00
0.000000000000000000e+00
0.000000000000000000e+00
0.000000000000000000e+00
0.000000000000000000e+00
0.000000000000000000e+00
0.000000000000000000e+00
0.000000000000000000e+00
0.000000000000000000e+00
0.000000000000000000e+00
0.000000000000000000e+00
0.000000000000000000e+00
0.000000000000000000e+00
0.000000000000000000e+00
0.000000000000000000e+00
0.000000000000000000e+00
0.000000000000000000e+00
0.000000000000000000e+00
0.000000000000000000e+00
0.000000000000000000e+00
0.000000000000000000e+00
0.000000000000000000e+00
0.000000000000000000e+00
0.000000000000000000e+00
0.000000000000000000e+00
0.000000000000000000e+00
0.000000000000000000e+00
0.000000000000000000e+00
0.000000000000000000e+00
0.000000000000000000e+00
0.000000000000000000e+00
0.000000000000000000e+00
0.000000000000000000e+00
0.000000000000000000e+00
0.000000000000000000e+00
0.000000000000000000e+00
0.000000000000000000e+00
0.000000000000000000e+00
0.000000000000000000e+00
0.000000000000000000e+00
0.000000000000000000e+00
0.000000000000000000e+00
0.000000000000000000e+00
0.000000000000000000e+00
0.000000000000000000e+00
0.000000000000000000e+00
0.000000000000000000e+00
0.000000000000000000e+00
0.000000000000000000e+00
0.000000000000000000e+00
0.000000000000000000e+00
0.000000000000000000e+00
0.000000000000000000e+00
0.000000000000000000e+00
0.000000000000000000e+00
0.000000000000000000e+00
0.000000000000000000e+00
0.000000000000000000e+00
0.000000000000000000e+00
0.000000000000000000e+00
0.000000000000000000e+00
0.000000000000000000e+00
0.000000000000000000e+00
0.000000000000000000e+00
0.000000000000000000e+00
0.000000000000000000e+00
0.000000000000000000e+00
0.000000000000000000e+00
0.000000000000000000e+00
0.000000000000000000e+00
0.000000000000000000e+00
0.000000000000000000e+00
0.000000000000000000e+00
0.000000000000000000e+00
0.000000000000000000e+00
0.000000000000000000e+00
0.000000000000000000e+00
0.000000000000000000e+00
0.000000000000000000e+00
0.000000000000000000e+00
0.000000000000000000e+00
0.000000000000000000e+00
0.000000000000000000e+00
0.000000000000000000e+00
0.000000000000000000e+00
0.000000000000000000e+00
0.000000000000000000e+00
0.000000000000000000e+00
0.000000000000000000e+00
0.000000000000000000e+00
0.000000000000000000e+00
0.000000000000000000e+00
0.000000000000000000e+00
0.000000000000000000e+00
0.000000000000000000e+00
0.000000000000000000e+00
0.000000000000000000e+00
0.000000000000000000e+00
0.000000000000000000e+00
0.000000000000000000e+00
0.000000000000000000e+00
0.000000000000000000e+00
0.000000000000000000e+00
0.000000000000000000e+00
0.000000000000000000e+00
0.000000000000000000e+00
0.000000000000000000e+00
0.000000000000000000e+00
0.000000000000000000e+00
0.000000000000000000e+00
0.000000000000000000e+00
0.000000000000000000e+00
0.000000000000000000e+00
0.000000000000000000e+00
0.000000000000000000e+00
0.000000000000000000e+00
0.000000000000000000e+00
0.000000000000000000e+00
0.000000000000000000e+00
0.000000000000000000e+00
0.000000000000000000e+00
0.000000000000000000e+00
0.000000000000000000e+00
0.000000000000000000e+00
0.000000000000000000e+00
0.000000000000000000e+00
0.000000000000000000e+00
0.000000000000000000e+00
0.000000000000000000e+00
0.000000000000000000e+00
0.000000000000000000e+00
0.000000000000000000e+00
0.000000000000000000e+00
0.000000000000000000e+00
0.000000000000000000e+00
0.000000000000000000e+00
0.000000000000000000e+00
0.000000000000000000e+00
0.000000000000000000e+00
0.000000000000000000e+00
0.000000000000000000e+00
0.000000000000000000e+00
0.000000000000000000e+00
0.000000000000000000e+00
0.000000000000000000e+00
0.000000000000000000e+00
0.000000000000000000e+00
0.000000000000000000e+00
0.000000000000000000e+00
0.000000000000000000e+00
0.000000000000000000e+00
0.000000000000000000e+00
0.000000000000000000e+00
0.000000000000000000e+00
0.000000000000000000e+00
0.000000000000000000e+00
0.000000000000000000e+00
0.000000000000000000e+00
0.000000000000000000e+00
0.000000000000000000e+00
0.000000000000000000e+00
0.000000000000000000e+00
0.000000000000000000e+00
0.000000000000000000e+00
0.000000000000000000e+00
0.000000000000000000e+00
0.000000000000000000e+00
0.000000000000000000e+00
0.000000000000000000e+00
0.000000000000000000e+00
0.000000000000000000e+00
0.000000000000000000e+00
0.000000000000000000e+00
0.000000000000000000e+00
0.000000000000000000e+00
0.000000000000000000e+00
0.000000000000000000e+00
0.000000000000000000e+00
0.000000000000000000e+00
0.000000000000000000e+00
0.000000000000000000e+00
0.000000000000000000e+00
0.000000000000000000e+00
0.000000000000000000e+00
0.000000000000000000e+00
0.000000000000000000e+00
0.000000000000000000e+00
0.000000000000000000e+00
0.000000000000000000e+00
0.000000000000000000e+00
0.000000000000000000e+00
0.000000000000000000e+00
0.000000000000000000e+00
0.000000000000000000e+00
0.000000000000000000e+00
0.000000000000000000e+00
0.000000000000000000e+00
0.000000000000000000e+00
0.000000000000000000e+00
0.000000000000000000e+00
0.000000000000000000e+00
0.000000000000000000e+00
0.000000000000000000e+00
0.000000000000000000e+00
0.000000000000000000e+00
0.000000000000000000e+00
0.000000000000000000e+00
0.000000000000000000e+00
0.000000000000000000e+00
0.000000000000000000e+00
0.000000000000000000e+00
0.000000000000000000e+00
