0.000000000000000000e+00
0.000000000000000000e+00
0.000000000000000000e+00
0.000000000000000000e+00
0.000000000000000000e+00
0.000000000000000000e+00
0.000000000000000000e+00
0.000000000000000000e+00
0.000000000000000000e+00
0.000000000000000000e+00
0.000000000000000000e+00
0.000000000000000000e+00
0.000000000000000000e+00
0.000000000000000000e+00
0.000000000000000000e+00
0.000000000000000000e+00
0.000000000000000000e+00
0.000000000000000000e+00
0.000000000000000000e+00
0.000000000000000000e+00
0.000000000000000000e+00
0.000000000000000000e+00
0.000000000000000000e+00
0.000000000000000000e+00
0.000000000000000000e+00
0.000000000000000000e+00
0.000000000000000000e+00
0.000000000000000000e+00
0.000000000000000000e+00
0.000000000000000000e+00
0.000000000000000000e+00
0.000000000000000000e+00
0.000000000000000000e+00
0.000000000000000000e+00
0.000000000000000000e+00
0.000000000000000000e+00
0.000000000000000000e+00
1.000000000000000000e+00
3.000000000000000000e+00
1.000000000000000000e+00
0.000000000000000000e+00
0.000000000000000000e+00
0.000000000000000000e+00
0.000000000000000000e+00
1.000000000000000000e+00
0.000000000000000000e+00
1.000000000000000000e+00
0.000000000000000000e+00
0.000000000000000000e+00
1.000000000000000000e+00
4.000000000000000000e+00
1.400000000000000000e+01
1.500000000000000000e+01
1.200000000000000000e+01
2.900000000000000000e+01
1.100000000000000000e+01
2.500000000000000000e+01
4.600000000000000000e+01
3.900000000000000000e+01
4.800000000000000000e+01
6.500000000000000000e+01
5.100000000000000000e+01
3.800000000000000000e+01
7.000000000000000000e+01
1.100000000000000000e+02
1.320000000000000000e+02
1.310000000000000000e+02
1.450000000000000000e+02
1.010000000000000000e+02
1.210000000000000000e+02
1.630000000000000000e+02
1.320000000000000000e+02
1.780000000000000000e+02
2.020000000000000000e+02
2.530000000000000000e+02
2.960000000000000000e+02
3.460000000000000000e+02
3.960000000000000000e+02
2.600000000000000000e+02
4.030000000000000000e+02
3.750000000000000000e+02
4.420000000000000000e+02
3.530000000000000000e+02
3.850000000000000000e+02
4.480000000000000000e+02
4.500000000000000000e+02
5.780000000000000000e+02
6.220000000000000000e+02
7.640000000000000000e+02
5.110000000000000000e+02
7.290000000000000000e+02
1.043000000000000000e+03
1.089000000000000000e+03
1.239000000000000000e+03
9.700000000000000000e+02
8.350000000000000000e+02
8.520000000000000000e+02
1.223000000000000000e+03
1.047000000000000000e+03
1.425000000000000000e+03
1.515000000000000000e+03
1.349000000000000000e+03
1.383000000000000000e+03
1.434000000000000000e+03
1.120000000000000000e+03
1.609000000000000000e+03
1.982000000000000000e+03
1.906000000000000000e+03
1.938000000000000000e+03
1.562000000000000000e+03
1.305000000000000000e+03
1.997000000000000000e+03
1.862000000000000000e+03
2.409000000000000000e+03
2.437000000000000000e+03
2.112000000000000000e+03
2.075000000000000000e+03
2.414000000000000000e+03
2.713000000000000000e+03
2.248000000000000000e+03
2.973000000000000000e+03
2.960000000000000000e+03
3.329000000000000000e+03
2.764000000000000000e+03
2.485000000000000000e+03
3.455000000000000000e+03
3.463000000000000000e+03
3.377000000000000000e+03
3.227000000000000000e+03
2.885000000000000000e+03
3.152000000000000000e+03
2.771000000000000000e+03
3.891000000000000000e+03
3.912000000000000000e+03
4.442000000000000000e+03
4.346000000000000000e+03
3.593000000000000000e+03
3.484000000000000000e+03
2.999000000000000000e+03
4.199000000000000000e+03
4.883000000000000000e+03
4.790000000000000000e+03
5.222000000000000000e+03
3.494000000000000000e+03
4.147000000000000000e+03
3.427000000000000000e+03
4.599000000000000000e+03
4.930000000000000000e+03
5.662000000000000000e+03
5.030000000000000000e+03
4.717000000000000000e+03
5.343000000000000000e+03
4.577000000000000000e+03
6.288000000000000000e+03
5.437000000000000000e+03
6.104000000000000000e+03
5.441000000000000000e+03
4.410000000000000000e+03
4.050000000000000000e+03
3.805000000000000000e+03
5.432000000000000000e+03
5.681000000000000000e+03
6.741000000000000000e+03
6.740000000000000000e+03
6.914000000000000000e+03
4.683000000000000000e+03
4.902000000000000000e+03
6.258000000000000000e+03
6.995000000000000000e+03
7.280000000000000000e+03
6.891000000000000000e+03
6.094000000000000000e+03
4.482000000000000000e+03
4.685000000000000000e+03
7.051000000000000000e+03
6.149000000000000000e+03
6.406000000000000000e+03
7.257000000000000000e+03
7.615000000000000000e+03
5.311000000000000000e+03
5.172000000000000000e+03
6.859000000000000000e+03
6.019000000000000000e+03
8.438000000000000000e+03
7.573000000000000000e+03
6.751000000000000000e+03
5.480000000000000000e+03
4.973000000000000000e+03
7.208000000000000000e+03
5.752000000000000000e+03
7.730000000000000000e+03
8.458000000000000000e+03
9.556000000000000000e+03
4.853000000000000000e+03
4.767000000000000000e+03
6.148000000000000000e+03
6.139000000000000000e+03
6.590000000000000000e+03
6.717000000000000000e+03
6.495000000000000000e+03
4.376000000000000000e+03
5.558000000000000000e+03
6.686000000000000000e+03
5.858000000000000000e+03
7.371000000000000000e+03
5.618000000000000000e+03
6.345000000000000000e+03
4.448000000000000000e+03
3.571000000000000000e+03
5.506000000000000000e+03
5.792000000000000000e+03
6.775000000000000000e+03
5.928000000000000000e+03
6.482000000000000000e+03
3.948000000000000000e+03
3.541000000000000000e+03
4.916000000000000000e+03
5.267000000000000000e+03
6.026000000000000000e+03
5.824000000000000000e+03
5.974000000000000000e+03
4.129000000000000000e+03
3.719000000000000000e+03
6.476000000000000000e+03
4.921000000000000000e+03
5.937000000000000000e+03
6.196000000000000000e+03
6.319000000000000000e+03
4.614000000000000000e+03
3.486000000000000000e+03
5.351000000000000000e+03
4.461000000000000000e+03
5.043000000000000000e+03
5.935000000000000000e+03
5.674000000000000000e+03
4.408000000000000000e+03
3.335000000000000000e+03
4.771000000000000000e+03
4.444000000000000000e+03
3.182000000000000000e+03
4.841000000000000000e+03
5.167000000000000000e+03
3.542000000000000000e+03
2.917000000000000000e+03
4.683000000000000000e+03
4.786000000000000000e+03
5.408000000000000000e+03
5.401000000000000000e+03
5.573000000000000000e+03
3.886000000000000000e+03
3.400000000000000000e+03
4.446000000000000000e+03
5.053000000000000000e+03
5.099000000000000000e+03
4.775000000000000000e+03
4.863000000000000000e+03
3.712000000000000000e+03
2.811500000000000000e+04
4.828000000000000000e+03
4.580000000000000000e+03
5.300000000000000000e+03
5.532000000000000000e+03
4.308000000000000000e+03
3.175000000000000000e+03
3.542000000000000000e+03
4.295000000000000000e+03
4.056000000000000000e+03
5.514000000000000000e+03
6.751000000000000000e+03
5.447000000000000000e+03
4.119000000000000000e+03
3.699000000000000000e+03
5.788000000000000000e+03
6.845000000000000000e+03
6.612000000000000000e+03
6.604000000000000000e+03
6.025000000000000000e+03
4.360000000000000000e+03
4.166000000000000000e+03
5.942000000000000000e+03
5.595000000000000000e+03
5.948000000000000000e+03
6.000000000000000000e+03
6.151000000000000000e+03
4.430000000000000000e+03
3.763000000000000000e+03
5.250000000000000000e+03
5.225000000000000000e+03
5.567000000000000000e+03
5.931000000000000000e+03
6.810000000000000000e+03
5.887000000000000000e+03
4.960000000000000000e+03
5.746000000000000000e+03
7.646000000000000000e+03
5.658000000000000000e+03
5.558000000000000000e+03
5.860000000000000000e+03
3.269000000000000000e+03
2.874000000000000000e+03
1.757000000000000000e+03
3.918000000000000000e+03
4.472000000000000000e+03
6.426000000000000000e+03
6.719000000000000000e+03
9.187000000000000000e+03
7.483000000000000000e+03
1.079400000000000000e+04
1.033500000000000000e+04
8.107000000000000000e+03
1.208100000000000000e+04
1.072800000000000000e+04
5.668000000000000000e+03
6.472000000000000000e+03
8.819000000000000000e+03
1.125100000000000000e+04
1.103000000000000000e+04
1.212700000000000000e+04
1.162500000000000000e+04
7.455000000000000000e+03
6.399000000000000000e+03
1.100600000000000000e+04
1.197400000000000000e+04
1.189700000000000000e+04
1.225300000000000000e+04
1.205700000000000000e+04
8.608000000000000000e+03
5.930000000000000000e+03
1.122800000000000000e+04
1.029700000000000000e+04
1.179900000000000000e+04
1.224800000000000000e+04
1.212900000000000000e+04
6.870000000000000000e+03
5.370000000000000000e+03
1.251100000000000000e+04
1.165300000000000000e+04
1.248500000000000000e+04
9.679000000000000000e+03
4.974000000000000000e+03
6.217000000000000000e+03
5.996000000000000000e+03
1.209900000000000000e+04
1.240600000000000000e+04
1.215900000000000000e+04
1.109100000000000000e+04
6.359000000000000000e+03
5.211000000000000000e+03
6.464000000000000000e+03
1.127100000000000000e+04
1.334500000000000000e+04
1.373400000000000000e+04
1.436200000000000000e+04
1.610500000000000000e+04
1.000300000000000000e+04
7.594000000000000000e+03
1.439500000000000000e+04
1.587300000000000000e+04
1.646800000000000000e+04
2.136600000000000000e+04
2.052300000000000000e+04
1.117000000000000000e+04
8.074000000000000000e+03
1.889400000000000000e+04
2.054800000000000000e+04
2.233900000000000000e+04
2.100700000000000000e+04
2.005700000000000000e+04
1.087200000000000000e+04
8.521000000000000000e+03
1.716500000000000000e+04
1.794400000000000000e+04
1.867000000000000000e+04
1.637400000000000000e+04
1.533700000000000000e+04
7.030000000000000000e+03
5.448000000000000000e+03
4.384000000000000000e+03
1.215300000000000000e+04
0.000000000000000000e+00
2.662600000000000000e+04
1.320900000000000000e+04
6.065000000000000000e+03
3.868000000000000000e+03
1.073800000000000000e+04
1.113800000000000000e+04
1.067700000000000000e+04
1.038800000000000000e+04
9.741000000000000000e+03
4.099000000000000000e+03
3.098000000000000000e+03
8.683000000000000000e+03
8.988000000000000000e+03
9.099000000000000000e+03
7.829000000000000000e+03
7.785000000000000000e+03
3.104000000000000000e+03
2.252000000000000000e+03
8.634000000000000000e+03
8.642000000000000000e+03
8.462000000000000000e+03
7.512000000000000000e+03
7.246000000000000000e+03
2.810000000000000000e+03
2.343000000000000000e+03
7.913000000000000000e+03
7.793000000000000000e+03
7.521000000000000000e+03
6.797000000000000000e+03
6.561000000000000000e+03
2.734000000000000000e+03
1.877000000000000000e+03
7.407000000000000000e+03
6.602000000000000000e+03
6.469000000000000000e+03
6.816000000000000000e+03
6.104000000000000000e+03
2.415000000000000000e+03
1.439000000000000000e+03
1.278000000000000000e+03
6.455000000000000000e+03
6.726000000000000000e+03
5.722000000000000000e+03
5.729000000000000000e+03
2.133000000000000000e+03
1.388000000000000000e+03
5.881000000000000000e+03
5.714000000000000000e+03
5.787000000000000000e+03
5.303000000000000000e+03
5.059000000000000000e+03
1.646000000000000000e+03
1.293000000000000000e+03
5.067000000000000000e+03
5.977000000000000000e+03
5.381000000000000000e+03
3.089000000000000000e+03
1.838000000000000000e+03
1.263000000000000000e+03
1.247000000000000000e+03
4.804000000000000000e+03
5.370000000000000000e+03
5.140000000000000000e+03
5.045000000000000000e+03
6.356000000000000000e+03
1.793000000000000000e+03
1.627000000000000000e+03
4.512000000000000000e+03
4.894000000000000000e+03
4.189000000000000000e+03
4.504000000000000000e+03
4.157000000000000000e+03
1.506000000000000000e+03
1.308000000000000000e+03
4.262000000000000000e+03
4.639000000000000000e+03
3.708000000000000000e+03
3.911000000000000000e+03
3.308000000000000000e+03
1.653000000000000000e+03
1.143000000000000000e+03
3.592000000000000000e+03
3.818000000000000000e+03
3.990000000000000000e+03
3.821000000000000000e+03
3.025000000000000000e+03
1.093000000000000000e+03
1.027000000000000000e+03
3.064000000000000000e+03
3.021000000000000000e+03
2.846000000000000000e+03
3.043000000000000000e+03
2.743000000000000000e+03
1.175000000000000000e+03
7.040000000000000000e+02
1.897000000000000000e+03
3.090000000000000000e+03
3.632000000000000000e+03
2.880000000000000000e+03
2.695000000000000000e+03
1.233000000000000000e+03
8.220000000000000000e+02
2.767000000000000000e+03
2.000000000000000000e+03
2.628000000000000000e+03
2.604000000000000000e+03
2.586000000000000000e+03
1.274000000000000000e+03
7.030000000000000000e+02
2.483000000000000000e+03
2.932000000000000000e+03
3.050000000000000000e+03
3.006000000000000000e+03
2.725000000000000000e+03
1.307000000000000000e+03
9.320000000000000000e+02
6.917000000000000000e+03
3.269000000000000000e+03
2.894000000000000000e+03
2.809000000000000000e+03
2.071000000000000000e+03
1.979000000000000000e+03
8.810000000000000000e+02
3.449000000000000000e+03
3.855000000000000000e+03
3.672000000000000000e+03
3.282000000000000000e+03
3.649000000000000000e+03
1.707000000000000000e+03
1.175000000000000000e+03
4.250000000000000000e+03
3.789000000000000000e+03
4.253000000000000000e+03
4.098000000000000000e+03
0.000000000000000000e+00
5.542000000000000000e+03
1.268000000000000000e+03
4.233000000000000000e+03
4.963000000000000000e+03
5.340000000000000000e+03
5.270000000000000000e+03
5.051000000000000000e+03
2.384000000000000000e+03
1.661000000000000000e+03
5.711000000000000000e+03
6.105000000000000000e+03
6.081000000000000000e+03
5.842000000000000000e+03
6.265000000000000000e+03
2.611000000000000000e+03
1.805000000000000000e+03
7.989000000000000000e+03
8.507000000000000000e+03
9.452000000000000000e+03
9.319000000000000000e+03
9.581000000000000000e+03
3.779000000000000000e+03
3.074000000000000000e+03
1.113700000000000000e+04
1.211600000000000000e+04
1.282100000000000000e+04
1.242000000000000000e+04
1.263100000000000000e+04
4.438000000000000000e+03
5.307000000000000000e+03
1.385300000000000000e+04
1.519800000000000000e+04
1.624400000000000000e+04
0.000000000000000000e+00
3.224400000000000000e+04
6.535000000000000000e+03
5.920000000000000000e+03
1.740800000000000000e+04
1.902800000000000000e+04
1.922300000000000000e+04
1.934600000000000000e+04
1.880900000000000000e+04
6.740000000000000000e+03
6.506000000000000000e+03
1.891100000000000000e+04
2.068500000000000000e+04
2.156900000000000000e+04
2.156300000000000000e+04
2.001800000000000000e+04
7.573000000000000000e+03
6.513000000000000000e+03
1.955500000000000000e+04
2.271100000000000000e+04
2.497500000000000000e+04
2.275800000000000000e+04
2.364200000000000000e+04
0.000000000000000000e+00
1.646700000000000000e+04
1.481400000000000000e+04
2.895300000000000000e+04
2.316900000000000000e+04
2.173400000000000000e+04
2.030700000000000000e+04
7.658000000000000000e+03
6.543000000000000000e+03
1.826200000000000000e+04
2.125000000000000000e+04
2.063300000000000000e+04
1.955600000000000000e+04
1.754600000000000000e+04
6.837000000000000000e+03
5.564000000000000000e+03
1.114600000000000000e+04
1.733700000000000000e+04
1.813800000000000000e+04
1.740900000000000000e+04
1.558600000000000000e+04
7.504000000000000000e+03
5.127000000000000000e+03
1.578400000000000000e+04
1.587600000000000000e+04
1.482800000000000000e+04
0.000000000000000000e+00
2.674400000000000000e+04
5.139000000000000000e+03
4.161000000000000000e+03
1.292900000000000000e+04
1.321700000000000000e+04
7.040000000000000000e+03
3.754000000000000000e+03
0.000000000000000000e+00
1.669400000000000000e+04
3.367000000000000000e+03
1.252100000000000000e+04
1.160300000000000000e+04
1.180800000000000000e+04
1.013900000000000000e+04
0.000000000000000000e+00
1.368500000000000000e+04
3.007000000000000000e+03
9.792000000000000000e+03
9.796000000000000000e+03
8.828000000000000000e+03
7.388000000000000000e+03
7.369000000000000000e+03
0.000000000000000000e+00
5.262000000000000000e+03
0.000000000000000000e+00
7.682000000000000000e+03
1.531000000000000000e+04
7.158000000000000000e+03
0.000000000000000000e+00
8.843000000000000000e+03
2.007000000000000000e+03
7.187000000000000000e+03
6.320000000000000000e+03
5.825000000000000000e+03
5.286000000000000000e+03
5.203000000000000000e+03
1.993000000000000000e+03
1.413000000000000000e+03
4.220000000000000000e+03
5.069000000000000000e+03
4.798000000000000000e+03
4.653000000000000000e+03
4.452000000000000000e+03
0.000000000000000000e+00
2.787000000000000000e+03
0.000000000000000000e+00
4.538000000000000000e+03
9.300000000000000000e+03
4.001000000000000000e+03
3.478000000000000000e+03
1.446000000000000000e+03
0.000000000000000000e+00
9.940000000000000000e+02
3.588000000000000000e+03
2.660000000000000000e+03
3.763000000000000000e+03
7.188000000000000000e+03
1.382000000000000000e+03
0.000000000000000000e+00
4.473000000000000000e+03
0.000000000000000000e+00
7.049000000000000000e+03
0.000000000000000000e+00
3.353000000000000000e+03
3.130000000000000000e+03
9.420000000000000000e+02
7.750000000000000000e+02
4.571000000000000000e+03
3.915000000000000000e+03
0.000000000000000000e+00
3.837000000000000000e+03
3.306000000000000000e+03
2.141000000000000000e+03
0.000000000000000000e+00
3.698000000000000000e+03
8.415000000000000000e+03
3.445000000000000000e+03
0.000000000000000000e+00
2.956000000000000000e+03
1.774000000000000000e+03
0.000000000000000000e+00
6.652000000000000000e+03
0.000000000000000000e+00
6.234000000000000000e+03
0.000000000000000000e+00
3.811000000000000000e+03
7.520000000000000000e+02
0.000000000000000000e+00
3.304000000000000000e+03
6.395000000000000000e+03
0.000000000000000000e+00
2.992000000000000000e+03
2.655000000000000000e+03
8.550000000000000000e+02
7.710000000000000000e+02
5.651000000000000000e+03
2.627000000000000000e+03
0.000000000000000000e+00
2.750000000000000000e+03
2.530000000000000000e+03
1.557000000000000000e+03
0.000000000000000000e+00
2.980000000000000000e+03
3.319000000000000000e+03
6.883000000000000000e+03
2.916000000000000000e+03
0.000000000000000000e+00
8.030000000000000000e+02
9.430000000000000000e+02
4.426000000000000000e+03
5.290000000000000000e+03
1.806100000000000000e+04
9.193000000000000000e+03
1.671000000000000000e+03
2.877000000000000000e+03
1.518400000000000000e+04
2.062600000000000000e+04
2.582100000000000000e+04
2.802300000000000000e+04
3.067100000000000000e+04
1.159900000000000000e+04
0.000000000000000000e+00
4.467800000000000000e+04
4.418700000000000000e+04
4.352300000000000000e+04
0.000000000000000000e+00
9.140600000000000000e+04
1.913200000000000000e+04
1.710100000000000000e+04
0.000000000000000000e+00
1.098950000000000000e+05
0.000000000000000000e+00
1.002790000000000000e+05
0.000000000000000000e+00
7.224000000000000000e+04
1.793800000000000000e+04
4.490200000000000000e+04
0.000000000000000000e+00
4.862700000000000000e+04
9.426500000000000000e+04
4.258200000000000000e+04
1.392600000000000000e+04
1.252100000000000000e+04
4.309900000000000000e+04
0.000000000000000000e+00
4.218100000000000000e+04
7.817800000000000000e+04
3.524300000000000000e+04
1.023400000000000000e+04
9.242000000000000000e+03
6.343000000000000000e+03
2.489800000000000000e+04
0.000000000000000000e+00
3.426100000000000000e+04
5.758300000000000000e+04
0.000000000000000000e+00
8.854000000000000000e+03
7.831000000000000000e+03
4.430300000000000000e+04
2.156500000000000000e+04
0.000000000000000000e+00
4.130600000000000000e+04
5.714000000000000000e+03
0.000000000000000000e+00
4.832000000000000000e+03
3.698000000000000000e+04
1.825200000000000000e+04
1.563800000000000000e+04
1.345900000000000000e+04
3.519000000000000000e+03
2.524000000000000000e+03
1.311500000000000000e+04
0.000000000000000000e+00
1.234200000000000000e+04
1.055800000000000000e+04
9.748000000000000000e+03
1.059300000000000000e+04
1.684000000000000000e+03
8.939000000000000000e+03
8.385000000000000000e+03
7.878000000000000000e+03
0.000000000000000000e+00
1.376500000000000000e+04
1.191000000000000000e+03
1.018000000000000000e+03
0.000000000000000000e+00
6.025000000000000000e+03
1.108400000000000000e+04
0.000000000000000000e+00
4.860000000000000000e+03
4.114000000000000000e+03
9.010000000000000000e+02
1.225000000000000000e+03
0.000000000000000000e+00
4.251000000000000000e+03
6.736000000000000000e+03
0.000000000000000000e+00
3.855000000000000000e+03
6.570000000000000000e+02
2.758000000000000000e+03
0.000000000000000000e+00
5.224000000000000000e+03
2.538000000000000000e+03
3.303000000000000000e+03
8.390000000000000000e+02
7.060000000000000000e+02
4.223000000000000000e+03
1.214400000000000000e+04
3.221600000000000000e+04
4.325000000000000000e+03
2.767000000000000000e+03
3.370000000000000000e+02
2.810000000000000000e+02
6.480000000000000000e+02
7.490000000000000000e+02
4.640000000000000000e+02
4.010000000000000000e+02
1.192000000000000000e+03
1.000000000000000000e+03
0.000000000000000000e+00
1.602000000000000000e+03
1.290000000000000000e+03
1.075000000000000000e+03
0.000000000000000000e+00
1.793000000000000000e+03
3.570000000000000000e+02
1.400000000000000000e+02
1.190000000000000000e+03
1.464000000000000000e+03
1.232000000000000000e+03
9.580000000000000000e+02
9.110000000000000000e+02
0.000000000000000000e+00
4.000000000000000000e+02
-4.000000000000000000e+02
0.000000000000000000e+00
0.000000000000000000e+00
0.000000000000000000e+00
0.000000000000000000e+00
0.000000000000000000e+00
5.972000000000000000e+03
0.000000000000000000e+00
0.000000000000000000e+00
0.000000000000000000e+00
0.000000000000000000e+00
0.000000000000000000e+00
0.000000000000000000e+00
6.789000000000000000e+03
0.000000000000000000e+00
0.000000000000000000e+00
0.000000000000000000e+00
0.000000000000000000e+00
0.000000000000000000e+00
0.000000000000000000e+00
7.332000000000000000e+03
0.000000000000000000e+00
0.000000000000000000e+00
0.000000000000000000e+00
0.000000000000000000e+00
0.000000000000000000e+00
0.000000000000000000e+00
1.322300000000000000e+04
2.981000000000000000e+03
3.050000000000000000e+03
3.378000000000000000e+03
0.000000000000000000e+00
6.996000000000000000e+03
1.881000000000000000e+03
1.035000000000000000e+03
5.110000000000000000e+03
5.245000000000000000e+03
0.000000000000000000e+00
1.219400000000000000e+04
6.396000000000000000e+03
2.582000000000000000e+03
0.000000000000000000e+00
9.894000000000000000e+03
9.452000000000000000e+03
9.406000000000000000e+03
0.000000000000000000e+00
0.000000000000000000e+00
2.310900000000000000e+04
2.132000000000000000e+03
1.375200000000000000e+04
0.000000000000000000e+00
1.536400000000000000e+04
1.613300000000000000e+04
3.364600000000000000e+04
5.883000000000000000e+03
3.343000000000000000e+03
2.095900000000000000e+04
0.000000000000000000e+00
4.768500000000000000e+04
2.408700000000000000e+04
0.000000000000000000e+00
3.091100000000000000e+04
4.235000000000000000e+03
2.797300000000000000e+04
3.111600000000000000e+04
3.229500000000000000e+04
0.000000000000000000e+00
6.476400000000000000e+04
9.342000000000000000e+03
5.986000000000000000e+03
3.633400000000000000e+04
3.734600000000000000e+04
3.488500000000000000e+04
3.456700000000000000e+04
3.117300000000000000e+04
8.861000000000000000e+03
0.000000000000000000e+00
3.988100000000000000e+04
3.466100000000000000e+04
3.366000000000000000e+04
3.217500000000000000e+04
2.853900000000000000e+04
6.917000000000000000e+03
4.231000000000000000e+03
0.000000000000000000e+00
5.841300000000000000e+04
0.000000000000000000e+00
2.489300000000000000e+04
0.000000000000000000e+00
0.000000000000000000e+00
4.930200000000000000e+04
2.183100000000000000e+04
2.021000000000000000e+04
1.855600000000000000e+04
0.000000000000000000e+00
3.243400000000000000e+04
3.290000000000000000e+03
2.500000000000000000e+03
1.573800000000000000e+04
0.000000000000000000e+00
0.000000000000000000e+00
0.000000000000000000e+00
4.996000000000000000e+04
1.968000000000000000e+03
1.367000000000000000e+03
1.075200000000000000e+04
9.898000000000000000e+03
0.000000000000000000e+00
0.000000000000000000e+00
0.000000000000000000e+00
0.000000000000000000e+00
0.000000000000000000e+00
3.667500000000000000e+04
7.981000000000000000e+03
7.281000000000000000e+03
0.000000000000000000e+00
0.000000000000000000e+00
1.292000000000000000e+04
0.000000000000000000e+00
0.000000000000000000e+00
0.000000000000000000e+00
1.751400000000000000e+04
4.347000000000000000e+03
0.000000000000000000e+00
4.810000000000000000e+03
0.000000000000000000e+00
5.039000000000000000e+03
0.000000000000000000e+00
0.000000000000000000e+00
0.000000000000000000e+00
1.004900000000000000e+04
3.220000000000000000e+03
-1.410000000000000000e+02
5.880000000000000000e+02
0.000000000000000000e+00
0.000000000000000000e+00
0.000000000000000000e+00
9.828000000000000000e+03
0.000000000000000000e+00
0.000000000000000000e+00
3.439000000000000000e+03
