0.000000000000000000e+00
0.000000000000000000e+00
0.000000000000000000e+00
0.000000000000000000e+00
0.000000000000000000e+00
0.000000000000000000e+00
0.000000000000000000e+00
0.000000000000000000e+00
0.000000000000000000e+00
0.000000000000000000e+00
0.000000000000000000e+00
0.000000000000000000e+00
0.000000000000000000e+00
0.000000000000000000e+00
0.000000000000000000e+00
0.000000000000000000e+00
0.000000000000000000e+00
0.000000000000000000e+00
0.000000000000000000e+00
0.000000000000000000e+00
0.000000000000000000e+00
0.000000000000000000e+00
0.000000000000000000e+00
0.000000000000000000e+00
0.000000000000000000e+00
0.000000000000000000e+00
0.000000000000000000e+00
0.000000000000000000e+00
0.000000000000000000e+00
0.000000000000000000e+00
0.000000000000000000e+00
0.000000000000000000e+00
0.000000000000000000e+00
0.000000000000000000e+00
0.000000000000000000e+00
0.000000000000000000e+00
0.000000000000000000e+00
0.000000000000000000e+00
0.000000000000000000e+00
0.000000000000000000e+00
0.000000000000000000e+00
1.000000000000000000e+00
0.000000000000000000e+00
0.000000000000000000e+00
0.000000000000000000e+00
0.000000000000000000e+00
0.000000000000000000e+00
0.000000000000000000e+00
3.000000000000000000e+00
0.000000000000000000e+00
0.000000000000000000e+00
0.000000000000000000e+00
0.000000000000000000e+00
0.000000000000000000e+00
0.000000000000000000e+00
0.000000000000000000e+00
0.000000000000000000e+00
0.000000000000000000e+00
0.000000000000000000e+00
0.000000000000000000e+00
0.000000000000000000e+00
0.000000000000000000e+00
0.000000000000000000e+00
0.000000000000000000e+00
0.000000000000000000e+00
0.000000000000000000e+00
0.000000000000000000e+00
0.000000000000000000e+00
3.100000000000000000e+01
0.000000000000000000e+00
0.000000000000000000e+00
0.000000000000000000e+00
5.980000000000000000e+02
0.000000000000000000e+00
0.000000000000000000e+00
0.000000000000000000e+00
0.000000000000000000e+00
0.000000000000000000e+00
0.000000000000000000e+00
0.000000000000000000e+00
0.000000000000000000e+00
1.139000000000000000e+03
7.100000000000000000e+01
1.210000000000000000e+02
1.610000000000000000e+02
0.000000000000000000e+00
0.000000000000000000e+00
0.000000000000000000e+00
5.020000000000000000e+02
0.000000000000000000e+00
0.000000000000000000e+00
0.000000000000000000e+00
0.000000000000000000e+00
0.000000000000000000e+00
4.522000000000000000e+03
1.205000000000000000e+03
7.320000000000000000e+02
2.337000000000000000e+03
0.000000000000000000e+00
0.000000000000000000e+00
9.540000000000000000e+02
0.000000000000000000e+00
1.070000000000000000e+03
0.000000000000000000e+00
3.363000000000000000e+03
9.710000000000000000e+02
0.000000000000000000e+00
2.533000000000000000e+03
1.510000000000000000e+03
0.000000000000000000e+00
1.276000000000000000e+03
2.835000000000000000e+03
1.055000000000000000e+03
1.485000000000000000e+03
1.976000000000000000e+03
1.397000000000000000e+03
1.481000000000000000e+03
2.059000000000000000e+03
1.937000000000000000e+03
1.094000000000000000e+03
1.733000000000000000e+03
2.039000000000000000e+03
2.233000000000000000e+03
2.555000000000000000e+03
2.473000000000000000e+03
2.256000000000000000e+03
2.126000000000000000e+03
2.207000000000000000e+03
2.962000000000000000e+03
2.244000000000000000e+03
2.525000000000000000e+03
3.193000000000000000e+03
2.784000000000000000e+03
2.931000000000000000e+03
2.078000000000000000e+03
3.083000000000000000e+03
2.989000000000000000e+03
2.945000000000000000e+03
3.858000000000000000e+03
3.115000000000000000e+03
3.182000000000000000e+03
3.268000000000000000e+03
3.678000000000000000e+03
3.202000000000000000e+03
3.220000000000000000e+03
4.994000000000000000e+03
3.102000000000000000e+03
3.110000000000000000e+03
3.676000000000000000e+03
4.258000000000000000e+03
4.416000000000000000e+03
3.641000000000000000e+03
4.888000000000000000e+03
4.263000000000000000e+03
4.841000000000000000e+03
3.875000000000000000e+03
4.465000000000000000e+03
3.894000000000000000e+03
3.925000000000000000e+03
5.501000000000000000e+03
4.391000000000000000e+03
3.988000000000000000e+03
5.231000000000000000e+03
5.588000000000000000e+03
6.379000000000000000e+03
4.190000000000000000e+03
4.912000000000000000e+03
4.611000000000000000e+03
4.879000000000000000e+03
5.312000000000000000e+03
5.728000000000000000e+03
4.500000000000000000e+03
5.049000000000000000e+03
5.196000000000000000e+03
5.729000000000000000e+03
6.538000000000000000e+03
5.313000000000000000e+03
6.521000000000000000e+03
7.037000000000000000e+03
-1.629800000000000000e+04
8.150000000000000000e+03
4.316000000000000000e+03
2.740000000000000000e+03
5.307000000000000000e+03
7.928000000000000000e+03
5.437000000000000000e+03
6.403000000000000000e+03
8.588000000000000000e+03
4.332000000000000000e+03
6.396000000000000000e+03
5.562000000000000000e+03
7.015000000000000000e+03
7.752000000000000000e+03
7.660000000000000000e+03
1.091500000000000000e+04
4.002000000000000000e+03
4.320000000000000000e+03
3.547000000000000000e+03
4.787000000000000000e+03
7.027000000000000000e+03
7.307000000000000000e+03
8.728000000000000000e+03
4.118000000000000000e+03
3.904000000000000000e+03
5.401000000000000000e+03
3.896000000000000000e+03
7.685000000000000000e+03
6.134000000000000000e+03
6.542000000000000000e+03
2.969000000000000000e+03
4.566000000000000000e+03
4.407000000000000000e+03
5.562000000000000000e+03
4.760000000000000000e+03
5.019000000000000000e+03
8.086000000000000000e+03
2.997000000000000000e+03
2.991000000000000000e+03
3.335000000000000000e+03
4.238000000000000000e+03
4.513000000000000000e+03
5.441000000000000000e+03
6.498000000000000000e+03
5.500000000000000000e+03
2.819000000000000000e+03
6.085000000000000000e+03
4.037000000000000000e+03
4.181000000000000000e+03
5.825000000000000000e+03
6.665000000000000000e+03
3.807000000000000000e+03
3.373000000000000000e+03
3.290000000000000000e+03
5.284000000000000000e+03
4.025000000000000000e+03
6.268000000000000000e+03
6.672000000000000000e+03
5.493000000000000000e+03
4.657000000000000000e+03
4.942000000000000000e+03
2.964000000000000000e+03
4.045000000000000000e+03
4.305000000000000000e+03
5.858000000000000000e+03
2.636000000000000000e+03
2.658000000000000000e+03
4.185000000000000000e+03
3.245000000000000000e+03
3.320000000000000000e+03
4.335000000000000000e+03
5.702000000000000000e+03
3.114000000000000000e+03
2.495000000000000000e+03
1.623000000000000000e+03
4.176000000000000000e+03
4.187000000000000000e+03
7.130000000000000000e+03
2.491100000000000000e+04
6.889000000000000000e+03
2.770000000000000000e+03
2.911000000000000000e+03
4.519000000000000000e+03
2.254000000000000000e+03
4.837000000000000000e+03
6.612000000000000000e+03
2.631000000000000000e+03
3.200000000000000000e+01
4.142000000000000000e+03
4.619000000000000000e+03
3.598000000000000000e+03
5.125000000000000000e+03
6.786000000000000000e+03
2.835000000000000000e+03
3.303000000000000000e+03
3.540000000000000000e+03
3.497000000000000000e+03
6.005000000000000000e+03
5.752000000000000000e+03
7.568000000000000000e+03
2.846000000000000000e+03
2.023000000000000000e+03
4.879000000000000000e+03
4.560000000000000000e+03
4.804000000000000000e+03
7.145000000000000000e+03
8.840000000000000000e+03
7.730000000000000000e+03
1.801000000000000000e+03
4.176000000000000000e+03
3.493000000000000000e+03
4.103000000000000000e+03
7.696000000000000000e+03
0.000000000000000000e+00
0.000000000000000000e+00
0.000000000000000000e+00
-8.815800000000000000e+04
5.143000000000000000e+03
4.021000000000000000e+03
4.829000000000000000e+03
4.010000000000000000e+03
3.751000000000000000e+03
4.074000000000000000e+03
4.336000000000000000e+03
4.367000000000000000e+03
0.000000000000000000e+00
8.376000000000000000e+03
5.589000000000000000e+03
6.823000000000000000e+03
6.521000000000000000e+03
5.544000000000000000e+03
5.037000000000000000e+03
4.636000000000000000e+03
5.143000000000000000e+03
5.189000000000000000e+03
6.231000000000000000e+03
6.750000000000000000e+03
6.664000000000000000e+03
9.488000000000000000e+03
6.924000000000000000e+03
6.543000000000000000e+03
7.369000000000000000e+03
7.495000000000000000e+03
8.118000000000000000e+03
6.962000000000000000e+03
7.912000000000000000e+03
7.923000000000000000e+03
6.716000000000000000e+03
9.073000000000000000e+03
1.033500000000000000e+04
7.584000000000000000e+03
8.089000000000000000e+03
8.635000000000000000e+03
8.718000000000000000e+03
6.887000000000000000e+03
9.326000000000000000e+03
8.974000000000000000e+03
8.946000000000000000e+03
1.000800000000000000e+04
8.660000000000000000e+03
7.948000000000000000e+03
6.902000000000000000e+03
9.773000000000000000e+03
9.890000000000000000e+03
8.342000000000000000e+03
8.024000000000000000e+03
8.973000000000000000e+03
7.137000000000000000e+03
7.526000000000000000e+03
7.403000000000000000e+03
7.303000000000000000e+03
6.831000000000000000e+03
7.503000000000000000e+03
7.406000000000000000e+03
8.377000000000000000e+03
7.168000000000000000e+03
9.951000000000000000e+03
7.981000000000000000e+03
8.304000000000000000e+03
8.963000000000000000e+03
1.418900000000000000e+04
1.259300000000000000e+04
1.070500000000000000e+04
1.421300000000000000e+04
1.446100000000000000e+04
1.299800000000000000e+04
0.000000000000000000e+00
2.716000000000000000e+04
1.419800000000000000e+04
1.431000000000000000e+04
1.542800000000000000e+04
1.278400000000000000e+04
1.386500000000000000e+04
1.354800000000000000e+04
1.483300000000000000e+04
1.215800000000000000e+04
9.329000000000000000e+03
1.335500000000000000e+04
1.073400000000000000e+04
1.375500000000000000e+04
0.000000000000000000e+00
2.191400000000000000e+04
9.987000000000000000e+03
7.939000000000000000e+03
1.150300000000000000e+04
9.619000000000000000e+03
8.373000000000000000e+03
8.732000000000000000e+03
7.482000000000000000e+03
7.205000000000000000e+03
5.183000000000000000e+03
7.749000000000000000e+03
8.069000000000000000e+03
7.079000000000000000e+03
6.767000000000000000e+03
6.866000000000000000e+03
5.992000000000000000e+03
4.624000000000000000e+03
6.704000000000000000e+03
5.845000000000000000e+03
6.745000000000000000e+03
5.394000000000000000e+03
5.320000000000000000e+03
4.674000000000000000e+03
3.898000000000000000e+03
6.043000000000000000e+03
5.369000000000000000e+03
4.918000000000000000e+03
5.319000000000000000e+03
5.237000000000000000e+03
5.872000000000000000e+03
3.773000000000000000e+03
5.565000000000000000e+03
5.340000000000000000e+03
4.660000000000000000e+03
5.097000000000000000e+03
5.646000000000000000e+03
4.477000000000000000e+03
4.527000000000000000e+03
6.188000000000000000e+03
4.204000000000000000e+03
4.295000000000000000e+03
4.364000000000000000e+03
4.475000000000000000e+03
3.820000000000000000e+03
3.070000000000000000e+03
4.095000000000000000e+03
4.008000000000000000e+03
4.055000000000000000e+03
3.808000000000000000e+03
3.673000000000000000e+03
3.325000000000000000e+03
2.663000000000000000e+03
3.458000000000000000e+03
4.012000000000000000e+03
3.980000000000000000e+03
4.461000000000000000e+03
3.932000000000000000e+03
4.014000000000000000e+03
2.566000000000000000e+03
3.685000000000000000e+03
3.319000000000000000e+03
3.444000000000000000e+03
3.376000000000000000e+03
2.881000000000000000e+03
2.762000000000000000e+03
2.245000000000000000e+03
2.773000000000000000e+03
2.543000000000000000e+03
2.629000000000000000e+03
3.093000000000000000e+03
2.773000000000000000e+03
2.914000000000000000e+03
2.834000000000000000e+03
3.652000000000000000e+03
3.245000000000000000e+03
3.004000000000000000e+03
2.583000000000000000e+03
3.044000000000000000e+03
3.169000000000000000e+03
2.503000000000000000e+03
3.109000000000000000e+03
2.754000000000000000e+03
2.301000000000000000e+03
3.017000000000000000e+03
3.053000000000000000e+03
2.277000000000000000e+03
2.338000000000000000e+03
2.846000000000000000e+03
2.836000000000000000e+03
2.136000000000000000e+03
2.366000000000000000e+03
2.105000000000000000e+03
2.190000000000000000e+03
2.225000000000000000e+03
2.405000000000000000e+03
2.414000000000000000e+03
2.184000000000000000e+03
2.247000000000000000e+03
2.104000000000000000e+03
2.155000000000000000e+03
1.580000000000000000e+03
2.172000000000000000e+03
2.097000000000000000e+03
1.947000000000000000e+03
1.649000000000000000e+03
1.846000000000000000e+03
1.657000000000000000e+03
1.411000000000000000e+03
2.043000000000000000e+03
1.814000000000000000e+03
1.863000000000000000e+03
1.689000000000000000e+03
2.234000000000000000e+03
1.121000000000000000e+03
1.422000000000000000e+03
2.180000000000000000e+03
2.141000000000000000e+03
1.849000000000000000e+03
2.084000000000000000e+03
1.725000000000000000e+03
1.711000000000000000e+03
1.619000000000000000e+03
2.317000000000000000e+03
2.354000000000000000e+03
2.210000000000000000e+03
1.790000000000000000e+03
2.152000000000000000e+03
1.962000000000000000e+03
1.870000000000000000e+03
2.324000000000000000e+03
3.458000000000000000e+03
2.119000000000000000e+03
2.148000000000000000e+03
2.402000000000000000e+03
0.000000000000000000e+00
4.768000000000000000e+03
2.785000000000000000e+03
2.816000000000000000e+03
2.752000000000000000e+03
2.851000000000000000e+03
2.785000000000000000e+03
2.637000000000000000e+03
2.514000000000000000e+03
3.404000000000000000e+03
3.367000000000000000e+03
3.149000000000000000e+03
2.947000000000000000e+03
3.862000000000000000e+03
3.415000000000000000e+03
4.114000000000000000e+03
4.180000000000000000e+03
4.222000000000000000e+03
4.271000000000000000e+03
4.334000000000000000e+03
4.901000000000000000e+03
4.642000000000000000e+03
4.400000000000000000e+03
5.539000000000000000e+03
4.960000000000000000e+03
5.278000000000000000e+03
6.580000000000000000e+03
5.970000000000000000e+03
6.338000000000000000e+03
6.174000000000000000e+03
9.296000000000000000e+03
8.345000000000000000e+03
8.517000000000000000e+03
8.000000000000000000e+03
0.000000000000000000e+00
1.951200000000000000e+04
8.315000000000000000e+03
1.148800000000000000e+04
1.096500000000000000e+04
1.019600000000000000e+04
1.118600000000000000e+04
1.163200000000000000e+04
1.177500000000000000e+04
1.071000000000000000e+04
1.527400000000000000e+04
1.557500000000000000e+04
1.298400000000000000e+04
-2.270427000000000000e+06
0.000000000000000000e+00
0.000000000000000000e+00
0.000000000000000000e+00
0.000000000000000000e+00
0.000000000000000000e+00
0.000000000000000000e+00
0.000000000000000000e+00
0.000000000000000000e+00
0.000000000000000000e+00
0.000000000000000000e+00
0.000000000000000000e+00
0.000000000000000000e+00
0.000000000000000000e+00
0.000000000000000000e+00
0.000000000000000000e+00
0.000000000000000000e+00
0.000000000000000000e+00
0.000000000000000000e+00
0.000000000000000000e+00
0.000000000000000000e+00
0.000000000000000000e+00
0.000000000000000000e+00
0.000000000000000000e+00
0.000000000000000000e+00
0.000000000000000000e+00
0.000000000000000000e+00
0.000000000000000000e+00
0.000000000000000000e+00
0.000000000000000000e+00
0.000000000000000000e+00
0.000000000000000000e+00
0.000000000000000000e+00
0.000000000000000000e+00
0.000000000000000000e+00
0.000000000000000000e+00
0.000000000000000000e+00
0.000000000000000000e+00
0.000000000000000000e+00
0.000000000000000000e+00
0.000000000000000000e+00
0.000000000000000000e+00
0.000000000000000000e+00
0.000000000000000000e+00
0.000000000000000000e+00
0.000000000000000000e+00
0.000000000000000000e+00
0.000000000000000000e+00
0.000000000000000000e+00
0.000000000000000000e+00
0.000000000000000000e+00
0.000000000000000000e+00
0.000000000000000000e+00
0.000000000000000000e+00
0.000000000000000000e+00
0.000000000000000000e+00
0.000000000000000000e+00
0.000000000000000000e+00
0.000000000000000000e+00
0.000000000000000000e+00
0.000000000000000000e+00
0.000000000000000000e+00
0.000000000000000000e+00
0.000000000000000000e+00
0.000000000000000000e+00
0.000000000000000000e+00
0.000000000000000000e+00
0.000000000000000000e+00
0.000000000000000000e+00
0.000000000000000000e+00
0.000000000000000000e+00
0.000000000000000000e+00
0.000000000000000000e+00
0.000000000000000000e+00
0.000000000000000000e+00
0.000000000000000000e+00
0.000000000000000000e+00
0.000000000000000000e+00
0.000000000000000000e+00
0.000000000000000000e+00
0.000000000000000000e+00
0.000000000000000000e+00
0.000000000000000000e+00
0.000000000000000000e+00
0.000000000000000000e+00
0.000000000000000000e+00
0.000000000000000000e+00
0.000000000000000000e+00
0.000000000000000000e+00
0.000000000000000000e+00
0.000000000000000000e+00
0.000000000000000000e+00
0.000000000000000000e+00
0.000000000000000000e+00
0.000000000000000000e+00
0.000000000000000000e+00
0.000000000000000000e+00
0.000000000000000000e+00
0.000000000000000000e+00
0.000000000000000000e+00
0.000000000000000000e+00
0.000000000000000000e+00
0.000000000000000000e+00
0.000000000000000000e+00
0.000000000000000000e+00
0.000000000000000000e+00
0.000000000000000000e+00
0.000000000000000000e+00
0.000000000000000000e+00
0.000000000000000000e+00
0.000000000000000000e+00
0.000000000000000000e+00
0.000000000000000000e+00
0.000000000000000000e+00
0.000000000000000000e+00
0.000000000000000000e+00
0.000000000000000000e+00
0.000000000000000000e+00
0.000000000000000000e+00
0.000000000000000000e+00
0.000000000000000000e+00
0.000000000000000000e+00
0.000000000000000000e+00
0.000000000000000000e+00
0.000000000000000000e+00
0.000000000000000000e+00
0.000000000000000000e+00
0.000000000000000000e+00
0.000000000000000000e+00
0.000000000000000000e+00
0.000000000000000000e+00
0.000000000000000000e+00
0.000000000000000000e+00
0.000000000000000000e+00
0.000000000000000000e+00
0.000000000000000000e+00
0.000000000000000000e+00
0.000000000000000000e+00
0.000000000000000000e+00
0.000000000000000000e+00
0.000000000000000000e+00
0.000000000000000000e+00
0.000000000000000000e+00
0.000000000000000000e+00
0.000000000000000000e+00
0.000000000000000000e+00
0.000000000000000000e+00
0.000000000000000000e+00
0.000000000000000000e+00
0.000000000000000000e+00
0.000000000000000000e+00
0.000000000000000000e+00
0.000000000000000000e+00
0.000000000000000000e+00
0.000000000000000000e+00
0.000000000000000000e+00
0.000000000000000000e+00
0.000000000000000000e+00
0.000000000000000000e+00
0.000000000000000000e+00
0.000000000000000000e+00
0.000000000000000000e+00
0.000000000000000000e+00
0.000000000000000000e+00
0.000000000000000000e+00
0.000000000000000000e+00
0.000000000000000000e+00
0.000000000000000000e+00
0.000000000000000000e+00
0.000000000000000000e+00
0.000000000000000000e+00
0.000000000000000000e+00
0.000000000000000000e+00
0.000000000000000000e+00
0.000000000000000000e+00
0.000000000000000000e+00
0.000000000000000000e+00
0.000000000000000000e+00
0.000000000000000000e+00
0.000000000000000000e+00
0.000000000000000000e+00
0.000000000000000000e+00
0.000000000000000000e+00
0.000000000000000000e+00
0.000000000000000000e+00
0.000000000000000000e+00
0.000000000000000000e+00
0.000000000000000000e+00
0.000000000000000000e+00
0.000000000000000000e+00
0.000000000000000000e+00
0.000000000000000000e+00
0.000000000000000000e+00
0.000000000000000000e+00
0.000000000000000000e+00
0.000000000000000000e+00
0.000000000000000000e+00
0.000000000000000000e+00
0.000000000000000000e+00
0.000000000000000000e+00
0.000000000000000000e+00
0.000000000000000000e+00
0.000000000000000000e+00
0.000000000000000000e+00
0.000000000000000000e+00
0.000000000000000000e+00
0.000000000000000000e+00
0.000000000000000000e+00
0.000000000000000000e+00
0.000000000000000000e+00
0.000000000000000000e+00
0.000000000000000000e+00
0.000000000000000000e+00
0.000000000000000000e+00
0.000000000000000000e+00
0.000000000000000000e+00
0.000000000000000000e+00
0.000000000000000000e+00
0.000000000000000000e+00
0.000000000000000000e+00
0.000000000000000000e+00
0.000000000000000000e+00
0.000000000000000000e+00
0.000000000000000000e+00
0.000000000000000000e+00
0.000000000000000000e+00
0.000000000000000000e+00
0.000000000000000000e+00
0.000000000000000000e+00
0.000000000000000000e+00
0.000000000000000000e+00
0.000000000000000000e+00
0.000000000000000000e+00
0.000000000000000000e+00
0.000000000000000000e+00
0.000000000000000000e+00
0.000000000000000000e+00
0.000000000000000000e+00
0.000000000000000000e+00
0.000000000000000000e+00
0.000000000000000000e+00
0.000000000000000000e+00
0.000000000000000000e+00
0.000000000000000000e+00
0.000000000000000000e+00
0.000000000000000000e+00
0.000000000000000000e+00
0.000000000000000000e+00
0.000000000000000000e+00
0.000000000000000000e+00
0.000000000000000000e+00
0.000000000000000000e+00
0.000000000000000000e+00
0.000000000000000000e+00
0.000000000000000000e+00
0.000000000000000000e+00
0.000000000000000000e+00
0.000000000000000000e+00
0.000000000000000000e+00
0.000000000000000000e+00
0.000000000000000000e+00
0.000000000000000000e+00
0.000000000000000000e+00
0.000000000000000000e+00
0.000000000000000000e+00
0.000000000000000000e+00
0.000000000000000000e+00
0.000000000000000000e+00
0.000000000000000000e+00
0.000000000000000000e+00
0.000000000000000000e+00
0.000000000000000000e+00
0.000000000000000000e+00
0.000000000000000000e+00
0.000000000000000000e+00
0.000000000000000000e+00
0.000000000000000000e+00
0.000000000000000000e+00
0.000000000000000000e+00
0.000000000000000000e+00
0.000000000000000000e+00
0.000000000000000000e+00
0.000000000000000000e+00
0.000000000000000000e+00
0.000000000000000000e+00
0.000000000000000000e+00
0.000000000000000000e+00
0.000000000000000000e+00
0.000000000000000000e+00
0.000000000000000000e+00
0.000000000000000000e+00
0.000000000000000000e+00
0.000000000000000000e+00
0.000000000000000000e+00
0.000000000000000000e+00
0.000000000000000000e+00
0.000000000000000000e+00
0.000000000000000000e+00
0.000000000000000000e+00
0.000000000000000000e+00
0.000000000000000000e+00
0.000000000000000000e+00
0.000000000000000000e+00
0.000000000000000000e+00
0.000000000000000000e+00
0.000000000000000000e+00
0.000000000000000000e+00
0.000000000000000000e+00
0.000000000000000000e+00
0.000000000000000000e+00
0.000000000000000000e+00
0.000000000000000000e+00
0.000000000000000000e+00
0.000000000000000000e+00
0.000000000000000000e+00
0.000000000000000000e+00
0.000000000000000000e+00
0.000000000000000000e+00
0.000000000000000000e+00
0.000000000000000000e+00
0.000000000000000000e+00
0.000000000000000000e+00
0.000000000000000000e+00
0.000000000000000000e+00
0.000000000000000000e+00
0.000000000000000000e+00
0.000000000000000000e+00
0.000000000000000000e+00
0.000000000000000000e+00
0.000000000000000000e+00
0.000000000000000000e+00
0.000000000000000000e+00
0.000000000000000000e+00
0.000000000000000000e+00
0.000000000000000000e+00
0.000000000000000000e+00
0.000000000000000000e+00
0.000000000000000000e+00
0.000000000000000000e+00
0.000000000000000000e+00
0.000000000000000000e+00
0.000000000000000000e+00
0.000000000000000000e+00
0.000000000000000000e+00
0.000000000000000000e+00
0.000000000000000000e+00
0.000000000000000000e+00
0.000000000000000000e+00
0.000000000000000000e+00
0.000000000000000000e+00
0.000000000000000000e+00
0.000000000000000000e+00
0.000000000000000000e+00
0.000000000000000000e+00
0.000000000000000000e+00
0.000000000000000000e+00
0.000000000000000000e+00
0.000000000000000000e+00
0.000000000000000000e+00
0.000000000000000000e+00
0.000000000000000000e+00
0.000000000000000000e+00
0.000000000000000000e+00
0.000000000000000000e+00
0.000000000000000000e+00
0.000000000000000000e+00
0.000000000000000000e+00
0.000000000000000000e+00
0.000000000000000000e+00
0.000000000000000000e+00
0.000000000000000000e+00
0.000000000000000000e+00
