5.478140005083141517e+01
1.042990348938722889e+01
1.106655453664849276e+01
-1.082659543707674210e+01
-2.027955867457214367e+02
-1.721018466364046446e+02
5.166741536178955840e+01
4.381986490567531689e+01
-2.209934058994386774e+00
-3.057793863059687034e+00
-2.618096477433976332e+01
-2.190637213809003754e+02
-1.889061412922783063e+02
3.476393242272661155e+01
2.730993657877187530e+01
-1.778300520768178927e+01
-1.710693495893792004e+01
-3.808361899493124270e+01
-2.281715087310151091e+02
-1.945557315333833515e+02
3.323893353111482440e+01
3.056631901545418373e+01
-9.111247324834010897e+00
-2.422038096357946202e+00
-1.683743283498394305e+01
-1.998785235429155875e+02
-1.588054465056811182e+02
7.677059785255846691e+01
8.210684669012842107e+01
5.056035766457259939e+01
6.539064529333229814e+01
5.900910440220120279e+01
-1.162255071949045941e+02
-6.769419844508905726e+01
1.748725032469871223e+02
1.866163379490716068e+02
1.607849452752946888e+02
1.805366639373960140e+02
1.781919829281689545e+02
6.030869667483379715e+00
5.660726044777471344e+01
3.001406655814353712e+02
3.117390165869510383e+02
2.846330384151267481e+02
3.019814498337444775e+02
2.961224657616915010e+02
1.193708246009138776e+02
1.643316318045608853e+02
4.012909860481888700e+02
4.054375370388577267e+02
3.700952868803478282e+02
3.785269735549246661e+02
3.631835514277671564e+02
1.764990375905680651e+02
2.112020646348019568e+02
4.377041578822094152e+02
4.313189389154847504e+02
3.854926199081284039e+02
3.836051784596983794e+02
3.582177762770652976e+02
