5.822554523598282685e+03
4.916305499868649349e+03
4.374999830034558727e+03
-1.243381138336678669e+04
4.503609811931175500e+03
4.368606166560799466e+03
4.292799167729366673e+03
5.337525818034422628e+03
5.068923973706793731e+03
5.152679811695568787e+03
-1.106470330963993911e+04
6.410935521937798512e+03
6.743440296540893542e+03
7.049545717285169303e+03
8.378758285157484352e+03
8.288783950238188481e+03
8.440506558249810041e+03
-7.820629480145287744e+03
9.502215630137736298e+03
9.579179159368504770e+03
9.536667246210872690e+03
1.043689540506498088e+04
9.852882848504941649e+03
9.462919167308176839e+03
-7.368626618002984287e+03
9.374911623695052185e+03
8.883758072837106738e+03
8.304021265003735607e+03
8.716605610156060720e+03
7.711612210425711964e+03
6.982265665302387788e+03
-1.009474675299939918e+04
6.506556809511653228e+03
5.982423489884209630e+03
5.481505735710666158e+03
6.083695693010782634e+03
5.374559847707485460e+03
5.039409014018573544e+03
-1.155611488549164642e+04
5.600137015220881949e+03
5.688220468874540529e+03
5.838739150098112077e+03
7.112236140967171195e+03
7.074224454315292860e+03
7.389873280401036936e+03
-8.594787534479708484e+03
9.113908590421397093e+03
9.679229428564289265e+03
1.021719666325399885e+04
1.177642080222285949e+04
1.191349359964245195e+04
1.228794393086201308e+04
-3.756388265025077999e+03
1.377548857695591687e+04
1.405163999820508798e+04
1.419621116337989952e+04
1.526901454899276541e+04
1.484058280361642755e+04
1.458670331259596242e+04
-2.130697898199197880e+03
