0.000000000000000000e+00
0.000000000000000000e+00
0.000000000000000000e+00
0.000000000000000000e+00
0.000000000000000000e+00
0.000000000000000000e+00
0.000000000000000000e+00
0.000000000000000000e+00
0.000000000000000000e+00
0.000000000000000000e+00
0.000000000000000000e+00
0.000000000000000000e+00
0.000000000000000000e+00
0.000000000000000000e+00
0.000000000000000000e+00
0.000000000000000000e+00
0.000000000000000000e+00
0.000000000000000000e+00
0.000000000000000000e+00
0.000000000000000000e+00
0.000000000000000000e+00
0.000000000000000000e+00
0.000000000000000000e+00
0.000000000000000000e+00
0.000000000000000000e+00
0.000000000000000000e+00
0.000000000000000000e+00
0.000000000000000000e+00
0.000000000000000000e+00
0.000000000000000000e+00
0.000000000000000000e+00
0.000000000000000000e+00
0.000000000000000000e+00
0.000000000000000000e+00
0.000000000000000000e+00
0.000000000000000000e+00
0.000000000000000000e+00
0.000000000000000000e+00
0.000000000000000000e+00
0.000000000000000000e+00
0.000000000000000000e+00
0.000000000000000000e+00
0.000000000000000000e+00
0.000000000000000000e+00
0.000000000000000000e+00
0.000000000000000000e+00
0.000000000000000000e+00
0.000000000000000000e+00
0.000000000000000000e+00
0.000000000000000000e+00
0.000000000000000000e+00
0.000000000000000000e+00
0.000000000000000000e+00
0.000000000000000000e+00
0.000000000000000000e+00
0.000000000000000000e+00
0.000000000000000000e+00
0.000000000000000000e+00
0.000000000000000000e+00
0.000000000000000000e+00
0.000000000000000000e+00
0.000000000000000000e+00
0.000000000000000000e+00
0.000000000000000000e+00
0.000000000000000000e+00
0.000000000000000000e+00
0.000000000000000000e+00
0.000000000000000000e+00
0.000000000000000000e+00
0.000000000000000000e+00
0.000000000000000000e+00
0.000000000000000000e+00
0.000000000000000000e+00
1.000000000000000000e+00
1.000000000000000000e+00
9.000000000000000000e+00
1.200000000000000000e+01
1.600000000000000000e+01
2.200000000000000000e+01
2.200000000000000000e+01
2.200000000000000000e+01
2.200000000000000000e+01
2.600000000000000000e+01
3.400000000000000000e+01
3.400000000000000000e+01
3.400000000000000000e+01
3.400000000000000000e+01
4.100000000000000000e+01
4.200000000000000000e+01
5.600000000000000000e+01
5.700000000000000000e+01
7.300000000000000000e+01
7.700000000000000000e+01
8.700000000000000000e+01
9.100000000000000000e+01
1.120000000000000000e+02
1.130000000000000000e+02
1.220000000000000000e+02
1.290000000000000000e+02
1.350000000000000000e+02
1.960000000000000000e+02
2.060000000000000000e+02
2.130000000000000000e+02
2.230000000000000000e+02
2.280000000000000000e+02
2.610000000000000000e+02
2.710000000000000000e+02
2.850000000000000000e+02
2.980000000000000000e+02
3.510000000000000000e+02
3.770000000000000000e+02
3.980000000000000000e+02
4.120000000000000000e+02
4.360000000000000000e+02
4.550000000000000000e+02
4.790000000000000000e+02
4.940000000000000000e+02
5.120000000000000000e+02
5.290000000000000000e+02
5.430000000000000000e+02
5.580000000000000000e+02
5.600000000000000000e+02
5.740000000000000000e+02
5.970000000000000000e+02
6.040000000000000000e+02
6.170000000000000000e+02
6.320000000000000000e+02
6.520000000000000000e+02
6.690000000000000000e+02
6.960000000000000000e+02
7.160000000000000000e+02
7.440000000000000000e+02
7.690000000000000000e+02
7.880000000000000000e+02
8.060000000000000000e+02
8.160000000000000000e+02
8.450000000000000000e+02
8.730000000000000000e+02
9.160000000000000000e+02
9.310000000000000000e+02
9.480000000000000000e+02
9.890000000000000000e+02
1.023000000000000000e+03
1.058000000000000000e+03
1.088000000000000000e+03
1.125000000000000000e+03
1.145000000000000000e+03
1.168000000000000000e+03
1.192000000000000000e+03
1.217000000000000000e+03
1.255000000000000000e+03
1.255000000000000000e+03
1.266000000000000000e+03
1.302000000000000000e+03
1.354000000000000000e+03
1.383000000000000000e+03
1.387000000000000000e+03
1.398000000000000000e+03
1.432000000000000000e+03
1.447000000000000000e+03
1.474000000000000000e+03
1.483000000000000000e+03
1.502000000000000000e+03
1.507000000000000000e+03
1.516000000000000000e+03
1.527000000000000000e+03
1.547000000000000000e+03
1.556000000000000000e+03
1.597000000000000000e+03
1.621000000000000000e+03
1.650000000000000000e+03
1.683000000000000000e+03
1.694000000000000000e+03
1.730000000000000000e+03
1.748000000000000000e+03
1.764000000000000000e+03
1.777000000000000000e+03
1.791000000000000000e+03
1.809000000000000000e+03
1.828000000000000000e+03
1.851000000000000000e+03
1.856000000000000000e+03
1.869000000000000000e+03
1.889000000000000000e+03
1.901000000000000000e+03
1.907000000000000000e+03
1.911000000000000000e+03
1.913000000000000000e+03
1.919000000000000000e+03
1.927000000000000000e+03
1.931000000000000000e+03
1.937000000000000000e+03
1.937000000000000000e+03
1.943000000000000000e+03
1.943000000000000000e+03
1.946000000000000000e+03
1.950000000000000000e+03
1.954000000000000000e+03
1.956000000000000000e+03
1.960000000000000000e+03
1.962000000000000000e+03
1.969000000000000000e+03
1.973000000000000000e+03
1.977000000000000000e+03
1.979000000000000000e+03
1.979000000000000000e+03
1.986000000000000000e+03
1.987000000000000000e+03
1.987000000000000000e+03
1.990000000000000000e+03
1.993000000000000000e+03
1.993000000000000000e+03
2.007000000000000000e+03
2.010000000000000000e+03
2.018000000000000000e+03
2.025000000000000000e+03
2.041000000000000000e+03
2.052000000000000000e+03
2.054000000000000000e+03
2.055000000000000000e+03
2.121000000000000000e+03
2.169000000000000000e+03
2.169000000000000000e+03
2.178000000000000000e+03
2.185000000000000000e+03
2.203000000000000000e+03
2.220000000000000000e+03
2.233000000000000000e+03
2.238000000000000000e+03
2.246000000000000000e+03
2.258000000000000000e+03
2.267000000000000000e+03
2.269000000000000000e+03
2.271000000000000000e+03
2.276000000000000000e+03
2.285000000000000000e+03
2.289000000000000000e+03
2.302000000000000000e+03
2.311000000000000000e+03
2.311000000000000000e+03
2.332000000000000000e+03
2.349000000000000000e+03
2.372000000000000000e+03
2.377000000000000000e+03
2.380000000000000000e+03
2.382000000000000000e+03
2.391000000000000000e+03
2.402000000000000000e+03
2.410000000000000000e+03
2.420000000000000000e+03
2.439000000000000000e+03
2.443000000000000000e+03
2.453000000000000000e+03
2.460000000000000000e+03
2.467000000000000000e+03
2.476000000000000000e+03
2.479000000000000000e+03
2.482000000000000000e+03
2.494000000000000000e+03
2.502000000000000000e+03
2.506000000000000000e+03
2.514000000000000000e+03
2.525000000000000000e+03
2.527000000000000000e+03
2.533000000000000000e+03
2.544000000000000000e+03
2.550000000000000000e+03
2.559000000000000000e+03
2.563000000000000000e+03
2.570000000000000000e+03
2.586000000000000000e+03
2.588000000000000000e+03
2.593000000000000000e+03
2.599000000000000000e+03
2.608000000000000000e+03
2.620000000000000000e+03
2.636000000000000000e+03
2.661000000000000000e+03
2.664000000000000000e+03
2.665000000000000000e+03
2.667000000000000000e+03
2.686000000000000000e+03
2.746000000000000000e+03
2.753000000000000000e+03
2.758000000000000000e+03
2.769000000000000000e+03
2.775000000000000000e+03
2.791000000000000000e+03
2.807000000000000000e+03
2.817000000000000000e+03
2.822000000000000000e+03
2.828000000000000000e+03
2.832000000000000000e+03
2.905000000000000000e+03
2.909000000000000000e+03
2.923000000000000000e+03
2.926000000000000000e+03
2.937000000000000000e+03
2.949000000000000000e+03
2.965000000000000000e+03
2.972000000000000000e+03
2.983000000000000000e+03
2.997000000000000000e+03
3.003000000000000000e+03
3.012000000000000000e+03
3.024000000000000000e+03
3.044000000000000000e+03
3.054000000000000000e+03
3.060000000000000000e+03
3.076000000000000000e+03
3.091000000000000000e+03
3.138000000000000000e+03
3.178000000000000000e+03
3.206000000000000000e+03
3.241000000000000000e+03
3.263000000000000000e+03
3.281000000000000000e+03
3.307000000000000000e+03
3.334000000000000000e+03
3.369000000000000000e+03
3.377000000000000000e+03
3.416000000000000000e+03
3.454000000000000000e+03
3.502000000000000000e+03
3.537000000000000000e+03
3.566000000000000000e+03
3.591000000000000000e+03
3.630000000000000000e+03
3.697000000000000000e+03
3.702000000000000000e+03
3.718000000000000000e+03
3.771000000000000000e+03
3.794000000000000000e+03
3.839000000000000000e+03
3.858000000000000000e+03
3.884000000000000000e+03
3.927000000000000000e+03
3.968000000000000000e+03
4.026000000000000000e+03
4.204000000000000000e+03
4.421000000000000000e+03
4.452000000000000000e+03
4.492000000000000000e+03
4.548000000000000000e+03
4.650000000000000000e+03
4.694000000000000000e+03
4.807000000000000000e+03
4.913000000000000000e+03
4.994000000000000000e+03
5.070000000000000000e+03
5.110000000000000000e+03
5.161000000000000000e+03
5.224000000000000000e+03
5.266000000000000000e+03
5.291000000000000000e+03
5.326000000000000000e+03
5.354000000000000000e+03
5.374000000000000000e+03
5.414000000000000000e+03
5.478000000000000000e+03
5.531000000000000000e+03
5.562000000000000000e+03
5.589000000000000000e+03
5.647000000000000000e+03
5.658000000000000000e+03
5.666000000000000000e+03
5.683000000000000000e+03
5.705000000000000000e+03
5.717000000000000000e+03
5.731000000000000000e+03
5.731000000000000000e+03
5.870000000000000000e+03
5.883000000000000000e+03
5.899000000000000000e+03
5.937000000000000000e+03
5.945000000000000000e+03
5.959000000000000000e+03
5.970000000000000000e+03
6.011000000000000000e+03
6.025000000000000000e+03
6.037000000000000000e+03
6.054000000000000000e+03
6.066000000000000000e+03
6.071000000000000000e+03
6.090000000000000000e+03
6.100000000000000000e+03
6.110000000000000000e+03
6.154000000000000000e+03
6.165000000000000000e+03
6.196000000000000000e+03
6.200000000000000000e+03
6.206000000000000000e+03
6.247000000000000000e+03
6.247000000000000000e+03
6.262000000000000000e+03
6.263000000000000000e+03
6.298000000000000000e+03
6.303000000000000000e+03
6.305000000000000000e+03
6.346000000000000000e+03
6.352000000000000000e+03
6.355000000000000000e+03
6.402000000000000000e+03
6.402000000000000000e+03
6.408000000000000000e+03
6.414000000000000000e+03
6.418000000000000000e+03
6.424000000000000000e+03
6.435000000000000000e+03
6.439000000000000000e+03
6.441000000000000000e+03
6.450000000000000000e+03
6.450000000000000000e+03
6.452000000000000000e+03
6.466000000000000000e+03
6.475000000000000000e+03
6.483000000000000000e+03
6.503000000000000000e+03
6.511000000000000000e+03
6.526000000000000000e+03
6.556000000000000000e+03
6.574000000000000000e+03
6.603000000000000000e+03
6.610000000000000000e+03
6.628000000000000000e+03
6.644000000000000000e+03
6.661000000000000000e+03
6.680000000000000000e+03
6.718000000000000000e+03
6.751000000000000000e+03
6.763000000000000000e+03
6.785000000000000000e+03
6.790000000000000000e+03
6.800000000000000000e+03
6.830000000000000000e+03
6.863000000000000000e+03
6.901000000000000000e+03
6.926000000000000000e+03
6.959000000000000000e+03
6.989000000000000000e+03
7.009000000000000000e+03
7.033000000000000000e+03
7.057000000000000000e+03
7.081000000000000000e+03
7.101000000000000000e+03
7.143000000000000000e+03
7.166000000000000000e+03
7.194000000000000000e+03
7.238000000000000000e+03
7.261000000000000000e+03
7.309000000000000000e+03
7.385000000000000000e+03
7.432000000000000000e+03
7.493000000000000000e+03
7.613000000000000000e+03
7.646000000000000000e+03
7.732000000000000000e+03
7.804000000000000000e+03
7.989000000000000000e+03
8.071000000000000000e+03
8.183000000000000000e+03
8.313000000000000000e+03
8.358000000000000000e+03
8.467000000000000000e+03
8.560000000000000000e+03
8.685000000000000000e+03
8.733000000000000000e+03
8.759000000000000000e+03
8.808000000000000000e+03
8.856000000000000000e+03
8.878000000000000000e+03
8.937000000000000000e+03
8.981000000000000000e+03
9.010000000000000000e+03
9.039000000000000000e+03
9.073000000000000000e+03
9.113000000000000000e+03
9.123000000000000000e+03
9.157000000000000000e+03
9.178000000000000000e+03
9.227000000000000000e+03
9.290000000000000000e+03
9.309000000000000000e+03
9.347000000000000000e+03
9.388000000000000000e+03
9.418000000000000000e+03
9.431000000000000000e+03
9.442000000000000000e+03
9.486000000000000000e+03
9.504000000000000000e+03
9.514000000000000000e+03
9.523000000000000000e+03
9.559000000000000000e+03
9.690000000000000000e+03
9.700000000000000000e+03
9.733000000000000000e+03
9.737000000000000000e+03
9.740000000000000000e+03
9.757000000000000000e+03
9.767000000000000000e+03
9.844000000000000000e+03
9.873000000000000000e+03
9.880000000000000000e+03
9.882000000000000000e+03
9.892000000000000000e+03
9.901000000000000000e+03
9.903000000000000000e+03
9.937000000000000000e+03
9.959000000000000000e+03
9.959000000000000000e+03
9.985000000000000000e+03
9.986000000000000000e+03
1.000100000000000000e+04
1.001800000000000000e+04
1.002200000000000000e+04
1.003300000000000000e+04
1.003600000000000000e+04
1.003600000000000000e+04
1.004100000000000000e+04
1.004300000000000000e+04
1.004800000000000000e+04
1.005400000000000000e+04
1.005800000000000000e+04
1.005800000000000000e+04
1.005900000000000000e+04
1.005900000000000000e+04
1.006200000000000000e+04
1.006900000000000000e+04
1.007900000000000000e+04
1.008200000000000000e+04
1.008200000000000000e+04
1.008400000000000000e+04
1.008400000000000000e+04
1.009200000000000000e+04
1.009200000000000000e+04
1.010000000000000000e+04
1.010200000000000000e+04
1.040500000000000000e+04
1.065500000000000000e+04
1.090800000000000000e+04
1.116700000000000000e+04
1.116700000000000000e+04
1.167000000000000000e+04
1.187000000000000000e+04
1.187000000000000000e+04
1.237600000000000000e+04
1.262600000000000000e+04
1.286800000000000000e+04
1.311900000000000000e+04
1.352400000000000000e+04
1.392400000000000000e+04
1.392800000000000000e+04
1.393000000000000000e+04
1.393400000000000000e+04
1.393900000000000000e+04
1.394100000000000000e+04
1.394500000000000000e+04
1.394800000000000000e+04
1.395800000000000000e+04
1.396000000000000000e+04
1.396200000000000000e+04
0.000000000000000000e+00
0.000000000000000000e+00
0.000000000000000000e+00
0.000000000000000000e+00
0.000000000000000000e+00
0.000000000000000000e+00
0.000000000000000000e+00
0.000000000000000000e+00
0.000000000000000000e+00
0.000000000000000000e+00
0.000000000000000000e+00
0.000000000000000000e+00
0.000000000000000000e+00
0.000000000000000000e+00
0.000000000000000000e+00
0.000000000000000000e+00
0.000000000000000000e+00
0.000000000000000000e+00
0.000000000000000000e+00
0.000000000000000000e+00
0.000000000000000000e+00
0.000000000000000000e+00
0.000000000000000000e+00
0.000000000000000000e+00
0.000000000000000000e+00
0.000000000000000000e+00
0.000000000000000000e+00
0.000000000000000000e+00
0.000000000000000000e+00
0.000000000000000000e+00
0.000000000000000000e+00
0.000000000000000000e+00
0.000000000000000000e+00
0.000000000000000000e+00
0.000000000000000000e+00
0.000000000000000000e+00
0.000000000000000000e+00
0.000000000000000000e+00
0.000000000000000000e+00
0.000000000000000000e+00
0.000000000000000000e+00
0.000000000000000000e+00
0.000000000000000000e+00
0.000000000000000000e+00
0.000000000000000000e+00
0.000000000000000000e+00
0.000000000000000000e+00
0.000000000000000000e+00
0.000000000000000000e+00
0.000000000000000000e+00
0.000000000000000000e+00
0.000000000000000000e+00
0.000000000000000000e+00
0.000000000000000000e+00
0.000000000000000000e+00
0.000000000000000000e+00
0.000000000000000000e+00
0.000000000000000000e+00
0.000000000000000000e+00
0.000000000000000000e+00
0.000000000000000000e+00
0.000000000000000000e+00
0.000000000000000000e+00
0.000000000000000000e+00
0.000000000000000000e+00
0.000000000000000000e+00
0.000000000000000000e+00
0.000000000000000000e+00
0.000000000000000000e+00
0.000000000000000000e+00
0.000000000000000000e+00
0.000000000000000000e+00
0.000000000000000000e+00
0.000000000000000000e+00
0.000000000000000000e+00
0.000000000000000000e+00
0.000000000000000000e+00
0.000000000000000000e+00
0.000000000000000000e+00
0.000000000000000000e+00
0.000000000000000000e+00
0.000000000000000000e+00
0.000000000000000000e+00
0.000000000000000000e+00
0.000000000000000000e+00
0.000000000000000000e+00
0.000000000000000000e+00
0.000000000000000000e+00
0.000000000000000000e+00
0.000000000000000000e+00
0.000000000000000000e+00
0.000000000000000000e+00
0.000000000000000000e+00
0.000000000000000000e+00
0.000000000000000000e+00
0.000000000000000000e+00
0.000000000000000000e+00
0.000000000000000000e+00
0.000000000000000000e+00
0.000000000000000000e+00
0.000000000000000000e+00
0.000000000000000000e+00
0.000000000000000000e+00
0.000000000000000000e+00
0.000000000000000000e+00
0.000000000000000000e+00
0.000000000000000000e+00
0.000000000000000000e+00
0.000000000000000000e+00
0.000000000000000000e+00
0.000000000000000000e+00
0.000000000000000000e+00
0.000000000000000000e+00
0.000000000000000000e+00
0.000000000000000000e+00
0.000000000000000000e+00
0.000000000000000000e+00
0.000000000000000000e+00
0.000000000000000000e+00
0.000000000000000000e+00
0.000000000000000000e+00
0.000000000000000000e+00
0.000000000000000000e+00
0.000000000000000000e+00
0.000000000000000000e+00
0.000000000000000000e+00
0.000000000000000000e+00
0.000000000000000000e+00
0.000000000000000000e+00
0.000000000000000000e+00
0.000000000000000000e+00
0.000000000000000000e+00
0.000000000000000000e+00
0.000000000000000000e+00
0.000000000000000000e+00
0.000000000000000000e+00
0.000000000000000000e+00
0.000000000000000000e+00
0.000000000000000000e+00
0.000000000000000000e+00
0.000000000000000000e+00
0.000000000000000000e+00
0.000000000000000000e+00
0.000000000000000000e+00
0.000000000000000000e+00
0.000000000000000000e+00
0.000000000000000000e+00
0.000000000000000000e+00
0.000000000000000000e+00
0.000000000000000000e+00
0.000000000000000000e+00
0.000000000000000000e+00
0.000000000000000000e+00
0.000000000000000000e+00
0.000000000000000000e+00
0.000000000000000000e+00
0.000000000000000000e+00
0.000000000000000000e+00
0.000000000000000000e+00
0.000000000000000000e+00
0.000000000000000000e+00
0.000000000000000000e+00
0.000000000000000000e+00
0.000000000000000000e+00
0.000000000000000000e+00
0.000000000000000000e+00
0.000000000000000000e+00
0.000000000000000000e+00
0.000000000000000000e+00
0.000000000000000000e+00
0.000000000000000000e+00
0.000000000000000000e+00
0.000000000000000000e+00
0.000000000000000000e+00
0.000000000000000000e+00
0.000000000000000000e+00
0.000000000000000000e+00
0.000000000000000000e+00
0.000000000000000000e+00
0.000000000000000000e+00
0.000000000000000000e+00
0.000000000000000000e+00
0.000000000000000000e+00
0.000000000000000000e+00
0.000000000000000000e+00
0.000000000000000000e+00
0.000000000000000000e+00
0.000000000000000000e+00
0.000000000000000000e+00
0.000000000000000000e+00
0.000000000000000000e+00
0.000000000000000000e+00
0.000000000000000000e+00
0.000000000000000000e+00
0.000000000000000000e+00
0.000000000000000000e+00
0.000000000000000000e+00
0.000000000000000000e+00
0.000000000000000000e+00
0.000000000000000000e+00
0.000000000000000000e+00
0.000000000000000000e+00
0.000000000000000000e+00
0.000000000000000000e+00
0.000000000000000000e+00
0.000000000000000000e+00
0.000000000000000000e+00
0.000000000000000000e+00
0.000000000000000000e+00
0.000000000000000000e+00
0.000000000000000000e+00
0.000000000000000000e+00
0.000000000000000000e+00
0.000000000000000000e+00
0.000000000000000000e+00
0.000000000000000000e+00
0.000000000000000000e+00
0.000000000000000000e+00
0.000000000000000000e+00
0.000000000000000000e+00
0.000000000000000000e+00
0.000000000000000000e+00
0.000000000000000000e+00
0.000000000000000000e+00
0.000000000000000000e+00
0.000000000000000000e+00
0.000000000000000000e+00
0.000000000000000000e+00
0.000000000000000000e+00
0.000000000000000000e+00
0.000000000000000000e+00
0.000000000000000000e+00
0.000000000000000000e+00
0.000000000000000000e+00
0.000000000000000000e+00
0.000000000000000000e+00
0.000000000000000000e+00
0.000000000000000000e+00
0.000000000000000000e+00
0.000000000000000000e+00
0.000000000000000000e+00
0.000000000000000000e+00
0.000000000000000000e+00
0.000000000000000000e+00
0.000000000000000000e+00
0.000000000000000000e+00
0.000000000000000000e+00
0.000000000000000000e+00
0.000000000000000000e+00
0.000000000000000000e+00
0.000000000000000000e+00
0.000000000000000000e+00
0.000000000000000000e+00
0.000000000000000000e+00
0.000000000000000000e+00
0.000000000000000000e+00
0.000000000000000000e+00
0.000000000000000000e+00
0.000000000000000000e+00
0.000000000000000000e+00
0.000000000000000000e+00
0.000000000000000000e+00
0.000000000000000000e+00
0.000000000000000000e+00
0.000000000000000000e+00
0.000000000000000000e+00
0.000000000000000000e+00
0.000000000000000000e+00
0.000000000000000000e+00
0.000000000000000000e+00
0.000000000000000000e+00
0.000000000000000000e+00
0.000000000000000000e+00
0.000000000000000000e+00
0.000000000000000000e+00
0.000000000000000000e+00
0.000000000000000000e+00
0.000000000000000000e+00
0.000000000000000000e+00
0.000000000000000000e+00
0.000000000000000000e+00
0.000000000000000000e+00
0.000000000000000000e+00
0.000000000000000000e+00
0.000000000000000000e+00
0.000000000000000000e+00
0.000000000000000000e+00
0.000000000000000000e+00
0.000000000000000000e+00
0.000000000000000000e+00
0.000000000000000000e+00
0.000000000000000000e+00
0.000000000000000000e+00
0.000000000000000000e+00
0.000000000000000000e+00
0.000000000000000000e+00
0.000000000000000000e+00
0.000000000000000000e+00
0.000000000000000000e+00
0.000000000000000000e+00
0.000000000000000000e+00
0.000000000000000000e+00
0.000000000000000000e+00
0.000000000000000000e+00
0.000000000000000000e+00
0.000000000000000000e+00
0.000000000000000000e+00
0.000000000000000000e+00
0.000000000000000000e+00
0.000000000000000000e+00
0.000000000000000000e+00
0.000000000000000000e+00
0.000000000000000000e+00
0.000000000000000000e+00
0.000000000000000000e+00
0.000000000000000000e+00
0.000000000000000000e+00
0.000000000000000000e+00
0.000000000000000000e+00
0.000000000000000000e+00
0.000000000000000000e+00
0.000000000000000000e+00
0.000000000000000000e+00
0.000000000000000000e+00
0.000000000000000000e+00
0.000000000000000000e+00
0.000000000000000000e+00
0.000000000000000000e+00
0.000000000000000000e+00
0.000000000000000000e+00
0.000000000000000000e+00
0.000000000000000000e+00
0.000000000000000000e+00
0.000000000000000000e+00
0.000000000000000000e+00
0.000000000000000000e+00
0.000000000000000000e+00
0.000000000000000000e+00
0.000000000000000000e+00
0.000000000000000000e+00
0.000000000000000000e+00
0.000000000000000000e+00
0.000000000000000000e+00
0.000000000000000000e+00
0.000000000000000000e+00
0.000000000000000000e+00
0.000000000000000000e+00
0.000000000000000000e+00
0.000000000000000000e+00
0.000000000000000000e+00
0.000000000000000000e+00
0.000000000000000000e+00
0.000000000000000000e+00
0.000000000000000000e+00
0.000000000000000000e+00
0.000000000000000000e+00
0.000000000000000000e+00
0.000000000000000000e+00
0.000000000000000000e+00
0.000000000000000000e+00
0.000000000000000000e+00
0.000000000000000000e+00
0.000000000000000000e+00
0.000000000000000000e+00
0.000000000000000000e+00
0.000000000000000000e+00
0.000000000000000000e+00
0.000000000000000000e+00
0.000000000000000000e+00
0.000000000000000000e+00
0.000000000000000000e+00
0.000000000000000000e+00
0.000000000000000000e+00
0.000000000000000000e+00
0.000000000000000000e+00
0.000000000000000000e+00
0.000000000000000000e+00
0.000000000000000000e+00
0.000000000000000000e+00
0.000000000000000000e+00
0.000000000000000000e+00
0.000000000000000000e+00
0.000000000000000000e+00
0.000000000000000000e+00
0.000000000000000000e+00
0.000000000000000000e+00
0.000000000000000000e+00
0.000000000000000000e+00
0.000000000000000000e+00
0.000000000000000000e+00
0.000000000000000000e+00
0.000000000000000000e+00
0.000000000000000000e+00
0.000000000000000000e+00
0.000000000000000000e+00
0.000000000000000000e+00
0.000000000000000000e+00
0.000000000000000000e+00
0.000000000000000000e+00
0.000000000000000000e+00
0.000000000000000000e+00
0.000000000000000000e+00
0.000000000000000000e+00
0.000000000000000000e+00
0.000000000000000000e+00
0.000000000000000000e+00
0.000000000000000000e+00
0.000000000000000000e+00
0.000000000000000000e+00
0.000000000000000000e+00
0.000000000000000000e+00
0.000000000000000000e+00
0.000000000000000000e+00
0.000000000000000000e+00
0.000000000000000000e+00
0.000000000000000000e+00
0.000000000000000000e+00
0.000000000000000000e+00
0.000000000000000000e+00
0.000000000000000000e+00
0.000000000000000000e+00
0.000000000000000000e+00
0.000000000000000000e+00
0.000000000000000000e+00
0.000000000000000000e+00
0.000000000000000000e+00
0.000000000000000000e+00
0.000000000000000000e+00
0.000000000000000000e+00
0.000000000000000000e+00
0.000000000000000000e+00
0.000000000000000000e+00
0.000000000000000000e+00
0.000000000000000000e+00
0.000000000000000000e+00
0.000000000000000000e+00
0.000000000000000000e+00
0.000000000000000000e+00
0.000000000000000000e+00
0.000000000000000000e+00
0.000000000000000000e+00
0.000000000000000000e+00
0.000000000000000000e+00
0.000000000000000000e+00
0.000000000000000000e+00
0.000000000000000000e+00
0.000000000000000000e+00
0.000000000000000000e+00
0.000000000000000000e+00
0.000000000000000000e+00
0.000000000000000000e+00
0.000000000000000000e+00
0.000000000000000000e+00
0.000000000000000000e+00
0.000000000000000000e+00
0.000000000000000000e+00
0.000000000000000000e+00
0.000000000000000000e+00
0.000000000000000000e+00
0.000000000000000000e+00
0.000000000000000000e+00
0.000000000000000000e+00
0.000000000000000000e+00
0.000000000000000000e+00
0.000000000000000000e+00
0.000000000000000000e+00
0.000000000000000000e+00
0.000000000000000000e+00
0.000000000000000000e+00
0.000000000000000000e+00
0.000000000000000000e+00
0.000000000000000000e+00
0.000000000000000000e+00
0.000000000000000000e+00
0.000000000000000000e+00
0.000000000000000000e+00
0.000000000000000000e+00
0.000000000000000000e+00
0.000000000000000000e+00
0.000000000000000000e+00
0.000000000000000000e+00
0.000000000000000000e+00
0.000000000000000000e+00
0.000000000000000000e+00
0.000000000000000000e+00
0.000000000000000000e+00
0.000000000000000000e+00
0.000000000000000000e+00
0.000000000000000000e+00
0.000000000000000000e+00
0.000000000000000000e+00
0.000000000000000000e+00
0.000000000000000000e+00
0.000000000000000000e+00
0.000000000000000000e+00
0.000000000000000000e+00
0.000000000000000000e+00
0.000000000000000000e+00
0.000000000000000000e+00
0.000000000000000000e+00
0.000000000000000000e+00
0.000000000000000000e+00
0.000000000000000000e+00
0.000000000000000000e+00
0.000000000000000000e+00
0.000000000000000000e+00
0.000000000000000000e+00
0.000000000000000000e+00
0.000000000000000000e+00
0.000000000000000000e+00
0.000000000000000000e+00
0.000000000000000000e+00
0.000000000000000000e+00
0.000000000000000000e+00
0.000000000000000000e+00
0.000000000000000000e+00
0.000000000000000000e+00
0.000000000000000000e+00
0.000000000000000000e+00
0.000000000000000000e+00
0.000000000000000000e+00
0.000000000000000000e+00
0.000000000000000000e+00
0.000000000000000000e+00
0.000000000000000000e+00
0.000000000000000000e+00
0.000000000000000000e+00
0.000000000000000000e+00
0.000000000000000000e+00
0.000000000000000000e+00
0.000000000000000000e+00
0.000000000000000000e+00
0.000000000000000000e+00
0.000000000000000000e+00
0.000000000000000000e+00
0.000000000000000000e+00
0.000000000000000000e+00
0.000000000000000000e+00
0.000000000000000000e+00
0.000000000000000000e+00
0.000000000000000000e+00
0.000000000000000000e+00
0.000000000000000000e+00
0.000000000000000000e+00
0.000000000000000000e+00
0.000000000000000000e+00
0.000000000000000000e+00
0.000000000000000000e+00
0.000000000000000000e+00
0.000000000000000000e+00
0.000000000000000000e+00
0.000000000000000000e+00
0.000000000000000000e+00
0.000000000000000000e+00
0.000000000000000000e+00
0.000000000000000000e+00
0.000000000000000000e+00
0.000000000000000000e+00
0.000000000000000000e+00
0.000000000000000000e+00
0.000000000000000000e+00
0.000000000000000000e+00
0.000000000000000000e+00
0.000000000000000000e+00
0.000000000000000000e+00
0.000000000000000000e+00
0.000000000000000000e+00
0.000000000000000000e+00
0.000000000000000000e+00
0.000000000000000000e+00
0.000000000000000000e+00
