3.190112857687758515e+04
3.186920669119388549e+04
3.183319604449911640e+04
3.179892411390595589e+04
3.176429564101843425e+04
3.172358587965072365e+04
3.169166810550675291e+04
3.165509816868384223e+04
3.162723077182776615e+04
3.159425611043858225e+04
3.156226752686431428e+04
3.152944917381300547e+04
3.149036017151312990e+04
3.146015339115396273e+04
3.142565186590193116e+04
3.140045770665030795e+04
3.137098232285332415e+04
3.134350872996106045e+04
3.131637503313083289e+04
3.128425562786406590e+04
3.126237826937532373e+04
3.123759999483899446e+04
3.122351672426423102e+04
3.120649525767003797e+04
3.119273833991409992e+04
3.118047174967027968e+04
3.116422980197835568e+04
3.115907725222818044e+04
3.115169041455625847e+04
3.115547214752732179e+04
3.115658925551186258e+04
3.116104281650332268e+04
3.116686024545210603e+04
3.116838535228889668e+04
3.118050427267784471e+04
3.118972999758733204e+04
3.120932009225924048e+04
3.122531611611748303e+04
3.124361524287571228e+04
3.126216290297337036e+04
3.127524274348022300e+04
3.129770184007523494e+04
3.131603396145236547e+04
3.134349556530089103e+04
3.136614313653365753e+04
3.138990247275405272e+04
3.141275884737327578e+04
3.142904445236293395e+04
3.145366115685235127e+04
3.147316147479118445e+04
3.150086250189175553e+04
3.152288149923268793e+04
3.154520377890094824e+04
3.156587185483473877e+04
3.157927227531733661e+04
3.160035816955581322e+04
3.161573038025878850e+04
3.163875190492287584e+04
3.165558427142377695e+04
3.167225643962283357e+04
