-4.463039633831624542e+02
-4.497020697864307976e+02
-4.559310505296598421e+02
-4.553666183947954096e+02
-4.471231608763901022e+02
-5.387182267640242799e+02
-5.292903408899403530e+02
-5.099196095167300200e+02
-4.870259188864994258e+02
-4.635518239619974565e+02
-4.307928344845557831e+02
-3.888451101939057253e+02
-4.462393565112882925e+02
-4.031275183277394945e+02
-3.515726795980364159e+02
-2.989178915805465522e+02
-2.489418949865590776e+02
-1.936652339538399019e+02
-1.337774643040804676e+02
-1.782548183192805027e+02
-1.275353592780272720e+02
-7.380232219958361384e+01
-2.435149863265235126e+01
1.724939028541245989e+01
5.934600922618312779e+01
1.017570312568210511e+02
3.613916180852777416e+01
6.279110714829744211e+01
9.034646846185205504e+01
1.123804608940818071e+02
1.262233263598634494e+02
1.411179605558407957e+02
1.577522214169713379e+02
6.859784075469099207e+01
7.469026395222567771e+01
8.530011150978430123e+01
9.452178453257090496e+01
1.000725977513840235e+02
1.114403527837205274e+02
1.294100779371051431e+02
4.640197559704006380e+01
6.325487931401869446e+01
8.890575168956115704e+01
1.169904487729346556e+02
1.446587148514665842e+02
1.807407912396728307e+02
2.252957440955602806e+02
1.699728586439809987e+02
2.148196578268215262e+02
2.679863050983692574e+02
3.223508423662839277e+02
3.743574726365537799e+02
4.322045600431114281e+02
4.954118062028568374e+02
4.551973883617034744e+02
5.112981561601760632e+02
5.716822997145775389e+02
6.291787168789223870e+02
6.803151959803810769e+02
7.335021251769561559e+02
