0.000000000000000000e+00
0.000000000000000000e+00
0.000000000000000000e+00
0.000000000000000000e+00
0.000000000000000000e+00
0.000000000000000000e+00
0.000000000000000000e+00
0.000000000000000000e+00
0.000000000000000000e+00
0.000000000000000000e+00
0.000000000000000000e+00
0.000000000000000000e+00
0.000000000000000000e+00
0.000000000000000000e+00
0.000000000000000000e+00
0.000000000000000000e+00
0.000000000000000000e+00
0.000000000000000000e+00
0.000000000000000000e+00
0.000000000000000000e+00
0.000000000000000000e+00
0.000000000000000000e+00
0.000000000000000000e+00
0.000000000000000000e+00
0.000000000000000000e+00
0.000000000000000000e+00
0.000000000000000000e+00
0.000000000000000000e+00
0.000000000000000000e+00
0.000000000000000000e+00
0.000000000000000000e+00
0.000000000000000000e+00
0.000000000000000000e+00
0.000000000000000000e+00
0.000000000000000000e+00
0.000000000000000000e+00
0.000000000000000000e+00
0.000000000000000000e+00
0.000000000000000000e+00
0.000000000000000000e+00
0.000000000000000000e+00
0.000000000000000000e+00
0.000000000000000000e+00
0.000000000000000000e+00
0.000000000000000000e+00
0.000000000000000000e+00
0.000000000000000000e+00
0.000000000000000000e+00
0.000000000000000000e+00
0.000000000000000000e+00
0.000000000000000000e+00
0.000000000000000000e+00
0.000000000000000000e+00
0.000000000000000000e+00
0.000000000000000000e+00
0.000000000000000000e+00
0.000000000000000000e+00
0.000000000000000000e+00
0.000000000000000000e+00
0.000000000000000000e+00
0.000000000000000000e+00
0.000000000000000000e+00
0.000000000000000000e+00
1.000000000000000000e+00
1.000000000000000000e+00
2.000000000000000000e+00
2.000000000000000000e+00
6.000000000000000000e+00
6.000000000000000000e+00
6.000000000000000000e+00
6.000000000000000000e+00
7.000000000000000000e+00
8.000000000000000000e+00
9.000000000000000000e+00
9.000000000000000000e+00
9.000000000000000000e+00
9.000000000000000000e+00
1.000000000000000000e+01
1.000000000000000000e+01
1.200000000000000000e+01
1.200000000000000000e+01
1.200000000000000000e+01
1.200000000000000000e+01
1.400000000000000000e+01
1.700000000000000000e+01
2.200000000000000000e+01
2.200000000000000000e+01
2.200000000000000000e+01
4.200000000000000000e+01
4.200000000000000000e+01
4.300000000000000000e+01
4.300000000000000000e+01
4.300000000000000000e+01
4.300000000000000000e+01
5.300000000000000000e+01
5.600000000000000000e+01
5.800000000000000000e+01
5.800000000000000000e+01
6.100000000000000000e+01
6.100000000000000000e+01
6.100000000000000000e+01
6.400000000000000000e+01
6.400000000000000000e+01
6.400000000000000000e+01
6.400000000000000000e+01
1.080000000000000000e+02
1.080000000000000000e+02
1.080000000000000000e+02
1.080000000000000000e+02
1.140000000000000000e+02
1.250000000000000000e+02
1.250000000000000000e+02
1.360000000000000000e+02
1.390000000000000000e+02
1.400000000000000000e+02
1.400000000000000000e+02
1.400000000000000000e+02
1.400000000000000000e+02
1.400000000000000000e+02
1.460000000000000000e+02
1.560000000000000000e+02
1.590000000000000000e+02
1.590000000000000000e+02
1.650000000000000000e+02
1.650000000000000000e+02
1.750000000000000000e+02
1.750000000000000000e+02
1.750000000000000000e+02
1.770000000000000000e+02
1.910000000000000000e+02
1.910000000000000000e+02
1.990000000000000000e+02
2.000000000000000000e+02
2.000000000000000000e+02
2.030000000000000000e+02
2.050000000000000000e+02
2.120000000000000000e+02
2.120000000000000000e+02
2.120000000000000000e+02
2.120000000000000000e+02
2.120000000000000000e+02
2.120000000000000000e+02
2.120000000000000000e+02
2.120000000000000000e+02
2.120000000000000000e+02
2.760000000000000000e+02
2.760000000000000000e+02
2.760000000000000000e+02
2.760000000000000000e+02
2.820000000000000000e+02
3.010000000000000000e+02
3.030000000000000000e+02
3.080000000000000000e+02
3.130000000000000000e+02
3.130000000000000000e+02
3.130000000000000000e+02
3.130000000000000000e+02
3.130000000000000000e+02
3.130000000000000000e+02
3.130000000000000000e+02
3.130000000000000000e+02
3.130000000000000000e+02
3.130000000000000000e+02
3.130000000000000000e+02
3.130000000000000000e+02
3.130000000000000000e+02
3.130000000000000000e+02
3.590000000000000000e+02
3.590000000000000000e+02
3.590000000000000000e+02
3.590000000000000000e+02
3.590000000000000000e+02
3.590000000000000000e+02
3.590000000000000000e+02
3.590000000000000000e+02
3.590000000000000000e+02
3.730000000000000000e+02
3.730000000000000000e+02
3.730000000000000000e+02
3.730000000000000000e+02
3.730000000000000000e+02
3.820000000000000000e+02
3.820000000000000000e+02
3.820000000000000000e+02
3.850000000000000000e+02
3.850000000000000000e+02
3.850000000000000000e+02
3.910000000000000000e+02
3.910000000000000000e+02
3.910000000000000000e+02
3.910000000000000000e+02
3.910000000000000000e+02
3.910000000000000000e+02
3.910000000000000000e+02
3.910000000000000000e+02
3.910000000000000000e+02
3.910000000000000000e+02
3.910000000000000000e+02
3.910000000000000000e+02
3.950000000000000000e+02
3.950000000000000000e+02
3.950000000000000000e+02
3.980000000000000000e+02
4.010000000000000000e+02
4.010000000000000000e+02
4.010000000000000000e+02
4.010000000000000000e+02
4.010000000000000000e+02
4.030000000000000000e+02
4.060000000000000000e+02
4.060000000000000000e+02
4.080000000000000000e+02
4.080000000000000000e+02
4.080000000000000000e+02
4.080000000000000000e+02
4.080000000000000000e+02
4.100000000000000000e+02
4.100000000000000000e+02
4.110000000000000000e+02
4.110000000000000000e+02
4.110000000000000000e+02
4.110000000000000000e+02
4.110000000000000000e+02
4.140000000000000000e+02
4.150000000000000000e+02
4.150000000000000000e+02
4.150000000000000000e+02
4.150000000000000000e+02
4.150000000000000000e+02
4.150000000000000000e+02
4.150000000000000000e+02
4.150000000000000000e+02
4.150000000000000000e+02
4.150000000000000000e+02
4.150000000000000000e+02
4.150000000000000000e+02
4.150000000000000000e+02
4.150000000000000000e+02
4.150000000000000000e+02
4.150000000000000000e+02
4.160000000000000000e+02
4.160000000000000000e+02
4.160000000000000000e+02
4.160000000000000000e+02
4.160000000000000000e+02
4.160000000000000000e+02
4.180000000000000000e+02
4.180000000000000000e+02
4.180000000000000000e+02
4.180000000000000000e+02
4.180000000000000000e+02
4.180000000000000000e+02
4.180000000000000000e+02
4.180000000000000000e+02
4.200000000000000000e+02
4.200000000000000000e+02
4.200000000000000000e+02
4.200000000000000000e+02
4.200000000000000000e+02
4.200000000000000000e+02
4.230000000000000000e+02
4.230000000000000000e+02
4.230000000000000000e+02
4.230000000000000000e+02
4.230000000000000000e+02
4.230000000000000000e+02
4.230000000000000000e+02
4.230000000000000000e+02
4.230000000000000000e+02
4.230000000000000000e+02
4.230000000000000000e+02
4.240000000000000000e+02
4.250000000000000000e+02
4.250000000000000000e+02
4.250000000000000000e+02
4.250000000000000000e+02
4.250000000000000000e+02
4.250000000000000000e+02
4.260000000000000000e+02
4.260000000000000000e+02
4.260000000000000000e+02
4.260000000000000000e+02
4.260000000000000000e+02
4.260000000000000000e+02
4.290000000000000000e+02
4.290000000000000000e+02
4.290000000000000000e+02
4.290000000000000000e+02
4.290000000000000000e+02
4.290000000000000000e+02
4.290000000000000000e+02
4.330000000000000000e+02
4.330000000000000000e+02
4.330000000000000000e+02
4.330000000000000000e+02
4.330000000000000000e+02
4.330000000000000000e+02
4.330000000000000000e+02
4.330000000000000000e+02
4.330000000000000000e+02
4.330000000000000000e+02
4.330000000000000000e+02
4.350000000000000000e+02
4.350000000000000000e+02
4.350000000000000000e+02
4.350000000000000000e+02
4.350000000000000000e+02
4.360000000000000000e+02
4.370000000000000000e+02
4.370000000000000000e+02
4.370000000000000000e+02
4.370000000000000000e+02
4.370000000000000000e+02
4.370000000000000000e+02
4.410000000000000000e+02
4.410000000000000000e+02
4.410000000000000000e+02
4.430000000000000000e+02
4.430000000000000000e+02
4.430000000000000000e+02
4.430000000000000000e+02
4.430000000000000000e+02
4.430000000000000000e+02
4.430000000000000000e+02
4.430000000000000000e+02
4.430000000000000000e+02
4.430000000000000000e+02
4.430000000000000000e+02
4.450000000000000000e+02
4.450000000000000000e+02
4.450000000000000000e+02
4.450000000000000000e+02
4.450000000000000000e+02
4.480000000000000000e+02
4.480000000000000000e+02
4.480000000000000000e+02
4.480000000000000000e+02
4.480000000000000000e+02
4.480000000000000000e+02
4.480000000000000000e+02
4.480000000000000000e+02
4.480000000000000000e+02
4.480000000000000000e+02
4.480000000000000000e+02
4.480000000000000000e+02
4.480000000000000000e+02
4.480000000000000000e+02
4.480000000000000000e+02
4.480000000000000000e+02
4.480000000000000000e+02
4.480000000000000000e+02
4.480000000000000000e+02
4.480000000000000000e+02
4.480000000000000000e+02
4.480000000000000000e+02
4.480000000000000000e+02
4.510000000000000000e+02
4.510000000000000000e+02
4.510000000000000000e+02
4.510000000000000000e+02
4.550000000000000000e+02
4.550000000000000000e+02
4.550000000000000000e+02
4.550000000000000000e+02
4.550000000000000000e+02
4.550000000000000000e+02
4.550000000000000000e+02
4.620000000000000000e+02
4.620000000000000000e+02
4.620000000000000000e+02
4.620000000000000000e+02
4.620000000000000000e+02
4.620000000000000000e+02
4.620000000000000000e+02
4.620000000000000000e+02
4.620000000000000000e+02
4.620000000000000000e+02
4.740000000000000000e+02
4.740000000000000000e+02
4.740000000000000000e+02
4.740000000000000000e+02
4.740000000000000000e+02
4.740000000000000000e+02
4.740000000000000000e+02
4.740000000000000000e+02
4.740000000000000000e+02
4.740000000000000000e+02
4.790000000000000000e+02
4.790000000000000000e+02
4.790000000000000000e+02
4.790000000000000000e+02
4.790000000000000000e+02
4.790000000000000000e+02
5.230000000000000000e+02
5.230000000000000000e+02
5.230000000000000000e+02
5.230000000000000000e+02
5.230000000000000000e+02
5.230000000000000000e+02
5.230000000000000000e+02
5.510000000000000000e+02
5.510000000000000000e+02
5.510000000000000000e+02
5.510000000000000000e+02
5.510000000000000000e+02
5.510000000000000000e+02
5.510000000000000000e+02
5.510000000000000000e+02
5.510000000000000000e+02
5.510000000000000000e+02
5.510000000000000000e+02
5.660000000000000000e+02
5.660000000000000000e+02
5.660000000000000000e+02
6.010000000000000000e+02
6.010000000000000000e+02
6.010000000000000000e+02
6.010000000000000000e+02
6.010000000000000000e+02
6.010000000000000000e+02
6.010000000000000000e+02
6.010000000000000000e+02
6.010000000000000000e+02
6.010000000000000000e+02
6.010000000000000000e+02
6.010000000000000000e+02
6.010000000000000000e+02
6.010000000000000000e+02
6.010000000000000000e+02
7.210000000000000000e+02
7.210000000000000000e+02
7.210000000000000000e+02
7.210000000000000000e+02
7.210000000000000000e+02
7.210000000000000000e+02
8.510000000000000000e+02
8.510000000000000000e+02
8.510000000000000000e+02
8.510000000000000000e+02
8.510000000000000000e+02
8.510000000000000000e+02
8.510000000000000000e+02
9.190000000000000000e+02
9.190000000000000000e+02
9.190000000000000000e+02
9.190000000000000000e+02
9.190000000000000000e+02
9.190000000000000000e+02
9.190000000000000000e+02
9.190000000000000000e+02
9.190000000000000000e+02
9.390000000000000000e+02
9.390000000000000000e+02
9.390000000000000000e+02
9.390000000000000000e+02
9.390000000000000000e+02
9.390000000000000000e+02
9.910000000000000000e+02
9.910000000000000000e+02
9.910000000000000000e+02
9.910000000000000000e+02
9.910000000000000000e+02
9.910000000000000000e+02
1.107000000000000000e+03
1.107000000000000000e+03
1.107000000000000000e+03
1.107000000000000000e+03
1.107000000000000000e+03
1.107000000000000000e+03
1.107000000000000000e+03
1.152000000000000000e+03
1.152000000000000000e+03
1.152000000000000000e+03
1.152000000000000000e+03
1.152000000000000000e+03
1.152000000000000000e+03
1.152000000000000000e+03
1.152000000000000000e+03
1.152000000000000000e+03
1.152000000000000000e+03
1.152000000000000000e+03
1.152000000000000000e+03
1.189000000000000000e+03
1.189000000000000000e+03
1.189000000000000000e+03
1.239000000000000000e+03
1.239000000000000000e+03
1.239000000000000000e+03
1.239000000000000000e+03
1.239000000000000000e+03
1.270000000000000000e+03
1.270000000000000000e+03
1.270000000000000000e+03
1.275000000000000000e+03
1.275000000000000000e+03
1.275000000000000000e+03
1.275000000000000000e+03
1.275000000000000000e+03
1.275000000000000000e+03
1.275000000000000000e+03
1.275000000000000000e+03
1.275000000000000000e+03
1.275000000000000000e+03
1.302000000000000000e+03
1.302000000000000000e+03
1.302000000000000000e+03
1.310000000000000000e+03
1.310000000000000000e+03
1.310000000000000000e+03
1.310000000000000000e+03
1.310000000000000000e+03
1.313000000000000000e+03
1.313000000000000000e+03
1.313000000000000000e+03
1.313000000000000000e+03
1.313000000000000000e+03
1.313000000000000000e+03
1.320000000000000000e+03
1.320000000000000000e+03
1.320000000000000000e+03
1.320000000000000000e+03
1.320000000000000000e+03
1.320000000000000000e+03
1.320000000000000000e+03
1.324000000000000000e+03
1.324000000000000000e+03
1.324000000000000000e+03
1.324000000000000000e+03
1.324000000000000000e+03
1.324000000000000000e+03
1.324000000000000000e+03
1.324000000000000000e+03
1.324000000000000000e+03
1.324000000000000000e+03
1.324000000000000000e+03
1.324000000000000000e+03
1.324000000000000000e+03
1.324000000000000000e+03
1.324000000000000000e+03
1.324000000000000000e+03
1.324000000000000000e+03
1.330000000000000000e+03
1.330000000000000000e+03
1.330000000000000000e+03
1.330000000000000000e+03
1.330000000000000000e+03
1.330000000000000000e+03
1.332000000000000000e+03
1.334000000000000000e+03
1.334000000000000000e+03
1.334000000000000000e+03
1.334000000000000000e+03
1.334000000000000000e+03
1.334000000000000000e+03
1.334000000000000000e+03
1.334000000000000000e+03
1.334000000000000000e+03
1.334000000000000000e+03
1.334000000000000000e+03
1.334000000000000000e+03
1.334000000000000000e+03
1.334000000000000000e+03
1.334000000000000000e+03
1.334000000000000000e+03
1.334000000000000000e+03
1.334000000000000000e+03
1.334000000000000000e+03
1.338000000000000000e+03
1.338000000000000000e+03
1.338000000000000000e+03
1.338000000000000000e+03
1.338000000000000000e+03
1.338000000000000000e+03
1.338000000000000000e+03
1.338000000000000000e+03
1.338000000000000000e+03
1.338000000000000000e+03
1.338000000000000000e+03
1.338000000000000000e+03
1.338000000000000000e+03
1.338000000000000000e+03
1.338000000000000000e+03
1.350000000000000000e+03
1.350000000000000000e+03
1.350000000000000000e+03
1.350000000000000000e+03
1.350000000000000000e+03
1.350000000000000000e+03
1.357000000000000000e+03
1.357000000000000000e+03
1.357000000000000000e+03
1.357000000000000000e+03
1.357000000000000000e+03
1.357000000000000000e+03
1.357000000000000000e+03
1.357000000000000000e+03
1.357000000000000000e+03
1.357000000000000000e+03
1.357000000000000000e+03
1.357000000000000000e+03
1.357000000000000000e+03
1.357000000000000000e+03
1.368000000000000000e+03
1.368000000000000000e+03
1.368000000000000000e+03
1.368000000000000000e+03
1.368000000000000000e+03
1.368000000000000000e+03
1.368000000000000000e+03
1.368000000000000000e+03
1.368000000000000000e+03
1.368000000000000000e+03
1.368000000000000000e+03
1.368000000000000000e+03
1.368000000000000000e+03
1.368000000000000000e+03
1.459000000000000000e+03
1.459000000000000000e+03
1.459000000000000000e+03
1.459000000000000000e+03
1.459000000000000000e+03
1.459000000000000000e+03
1.459000000000000000e+03
1.517000000000000000e+03
1.517000000000000000e+03
1.517000000000000000e+03
1.517000000000000000e+03
1.517000000000000000e+03
1.517000000000000000e+03
1.517000000000000000e+03
1.550000000000000000e+03
1.550000000000000000e+03
1.550000000000000000e+03
1.550000000000000000e+03
1.550000000000000000e+03
1.550000000000000000e+03
1.600000000000000000e+03
1.600000000000000000e+03
1.600000000000000000e+03
1.600000000000000000e+03
1.600000000000000000e+03
1.600000000000000000e+03
1.600000000000000000e+03
1.600000000000000000e+03
1.686000000000000000e+03
1.686000000000000000e+03
1.686000000000000000e+03
1.686000000000000000e+03
1.686000000000000000e+03
1.686000000000000000e+03
1.686000000000000000e+03
1.731000000000000000e+03
1.731000000000000000e+03
1.731000000000000000e+03
1.731000000000000000e+03
1.731000000000000000e+03
1.731000000000000000e+03
1.731000000000000000e+03
1.758000000000000000e+03
1.770000000000000000e+03
1.770000000000000000e+03
1.770000000000000000e+03
1.770000000000000000e+03
1.770000000000000000e+03
1.770000000000000000e+03
1.770000000000000000e+03
1.770000000000000000e+03
1.770000000000000000e+03
1.770000000000000000e+03
1.770000000000000000e+03
1.770000000000000000e+03
1.770000000000000000e+03
1.791000000000000000e+03
1.791000000000000000e+03
1.791000000000000000e+03
1.791000000000000000e+03
1.791000000000000000e+03
1.791000000000000000e+03
1.791000000000000000e+03
1.804000000000000000e+03
1.804000000000000000e+03
1.804000000000000000e+03
1.804000000000000000e+03
1.804000000000000000e+03
1.804000000000000000e+03
1.804000000000000000e+03
1.823000000000000000e+03
1.823000000000000000e+03
1.823000000000000000e+03
1.823000000000000000e+03
1.823000000000000000e+03
1.823000000000000000e+03
1.836000000000000000e+03
1.836000000000000000e+03
1.836000000000000000e+03
1.836000000000000000e+03
1.836000000000000000e+03
1.836000000000000000e+03
1.841000000000000000e+03
1.841000000000000000e+03
1.846000000000000000e+03
1.851000000000000000e+03
1.851000000000000000e+03
1.851000000000000000e+03
1.851000000000000000e+03
1.851000000000000000e+03
1.851000000000000000e+03
1.851000000000000000e+03
1.851000000000000000e+03
1.851000000000000000e+03
1.851000000000000000e+03
1.851000000000000000e+03
1.851000000000000000e+03
1.851000000000000000e+03
1.851000000000000000e+03
1.851000000000000000e+03
1.853000000000000000e+03
1.853000000000000000e+03
1.853000000000000000e+03
1.853000000000000000e+03
1.853000000000000000e+03
1.853000000000000000e+03
1.853000000000000000e+03
1.853000000000000000e+03
1.853000000000000000e+03
1.853000000000000000e+03
1.853000000000000000e+03
1.853000000000000000e+03
1.853000000000000000e+03
1.853000000000000000e+03
1.867000000000000000e+03
1.867000000000000000e+03
1.867000000000000000e+03
1.867000000000000000e+03
1.867000000000000000e+03
1.867000000000000000e+03
1.867000000000000000e+03
1.867000000000000000e+03
1.867000000000000000e+03
1.867000000000000000e+03
1.880000000000000000e+03
1.880000000000000000e+03
1.880000000000000000e+03
1.880000000000000000e+03
1.880000000000000000e+03
1.880000000000000000e+03
1.880000000000000000e+03
1.907000000000000000e+03
1.907000000000000000e+03
1.907000000000000000e+03
1.907000000000000000e+03
1.915000000000000000e+03
1.915000000000000000e+03
1.915000000000000000e+03
1.915000000000000000e+03
1.915000000000000000e+03
1.915000000000000000e+03
1.920000000000000000e+03
1.920000000000000000e+03
1.920000000000000000e+03
1.920000000000000000e+03
1.920000000000000000e+03
1.920000000000000000e+03
1.920000000000000000e+03
1.923000000000000000e+03
1.923000000000000000e+03
1.923000000000000000e+03
1.923000000000000000e+03
1.923000000000000000e+03
1.923000000000000000e+03
1.923000000000000000e+03
1.926000000000000000e+03
1.926000000000000000e+03
1.926000000000000000e+03
1.926000000000000000e+03
1.926000000000000000e+03
1.926000000000000000e+03
1.926000000000000000e+03
1.926000000000000000e+03
1.926000000000000000e+03
1.926000000000000000e+03
1.926000000000000000e+03
1.926000000000000000e+03
1.926000000000000000e+03
1.926000000000000000e+03
1.926000000000000000e+03
1.926000000000000000e+03
1.926000000000000000e+03
1.927000000000000000e+03
1.927000000000000000e+03
1.927000000000000000e+03
1.927000000000000000e+03
1.927000000000000000e+03
1.927000000000000000e+03
1.927000000000000000e+03
1.927000000000000000e+03
1.927000000000000000e+03
1.927000000000000000e+03
1.927000000000000000e+03
1.927000000000000000e+03
1.927000000000000000e+03
1.927000000000000000e+03
1.927000000000000000e+03
1.927000000000000000e+03
1.927000000000000000e+03
1.927000000000000000e+03
1.927000000000000000e+03
1.927000000000000000e+03
1.927000000000000000e+03
1.927000000000000000e+03
1.927000000000000000e+03
1.927000000000000000e+03
1.927000000000000000e+03
1.927000000000000000e+03
1.927000000000000000e+03
1.927000000000000000e+03
1.927000000000000000e+03
1.927000000000000000e+03
1.927000000000000000e+03
1.927000000000000000e+03
1.927000000000000000e+03
1.927000000000000000e+03
1.927000000000000000e+03
1.927000000000000000e+03
1.927000000000000000e+03
1.927000000000000000e+03
1.927000000000000000e+03
1.927000000000000000e+03
1.927000000000000000e+03
1.927000000000000000e+03
1.927000000000000000e+03
1.927000000000000000e+03
1.927000000000000000e+03
1.927000000000000000e+03
1.927000000000000000e+03
1.927000000000000000e+03
1.927000000000000000e+03
1.927000000000000000e+03
1.927000000000000000e+03
1.927000000000000000e+03
1.927000000000000000e+03
1.927000000000000000e+03
1.927000000000000000e+03
1.927000000000000000e+03
1.927000000000000000e+03
1.927000000000000000e+03
1.927000000000000000e+03
1.927000000000000000e+03
1.927000000000000000e+03
1.927000000000000000e+03
1.927000000000000000e+03
1.927000000000000000e+03
1.927000000000000000e+03
1.927000000000000000e+03
1.930000000000000000e+03
1.930000000000000000e+03
1.930000000000000000e+03
1.930000000000000000e+03
1.930000000000000000e+03
1.930000000000000000e+03
1.930000000000000000e+03
1.930000000000000000e+03
1.930000000000000000e+03
1.930000000000000000e+03
1.930000000000000000e+03
1.930000000000000000e+03
1.930000000000000000e+03
1.930000000000000000e+03
1.930000000000000000e+03
1.930000000000000000e+03
1.930000000000000000e+03
1.930000000000000000e+03
1.930000000000000000e+03
1.930000000000000000e+03
1.930000000000000000e+03
1.930000000000000000e+03
1.930000000000000000e+03
1.930000000000000000e+03
1.930000000000000000e+03
1.930000000000000000e+03
1.930000000000000000e+03
1.930000000000000000e+03
1.930000000000000000e+03
1.930000000000000000e+03
1.930000000000000000e+03
1.930000000000000000e+03
1.930000000000000000e+03
1.930000000000000000e+03
1.931000000000000000e+03
1.931000000000000000e+03
1.931000000000000000e+03
1.931000000000000000e+03
1.931000000000000000e+03
1.931000000000000000e+03
1.931000000000000000e+03
1.931000000000000000e+03
1.931000000000000000e+03
1.931000000000000000e+03
1.931000000000000000e+03
1.931000000000000000e+03
1.931000000000000000e+03
1.931000000000000000e+03
1.931000000000000000e+03
1.931000000000000000e+03
1.931000000000000000e+03
1.931000000000000000e+03
1.931000000000000000e+03
1.931000000000000000e+03
1.931000000000000000e+03
1.931000000000000000e+03
1.931000000000000000e+03
1.931000000000000000e+03
1.931000000000000000e+03
1.931000000000000000e+03
1.931000000000000000e+03
1.931000000000000000e+03
1.931000000000000000e+03
1.931000000000000000e+03
1.931000000000000000e+03
1.931000000000000000e+03
1.931000000000000000e+03
1.931000000000000000e+03
1.931000000000000000e+03
1.931000000000000000e+03
1.931000000000000000e+03
1.931000000000000000e+03
1.931000000000000000e+03
1.931000000000000000e+03
1.931000000000000000e+03
1.931000000000000000e+03
1.931000000000000000e+03
1.931000000000000000e+03
1.931000000000000000e+03
1.933000000000000000e+03
1.933000000000000000e+03
1.933000000000000000e+03
1.933000000000000000e+03
1.933000000000000000e+03
1.933000000000000000e+03
1.933000000000000000e+03
1.933000000000000000e+03
1.933000000000000000e+03
1.933000000000000000e+03
1.933000000000000000e+03
1.933000000000000000e+03
1.933000000000000000e+03
1.933000000000000000e+03
