2.432735983073519321e+02
2.099934599832482149e+02
1.198473650014919087e+02
1.564554342130722944e+02
2.333005563864247165e+02
3.455629315504457963e+02
4.823456783542300172e+02
2.441729587736895724e+02
2.108928204496508556e+02
1.207467254677472681e+02
1.573547946798573776e+02
2.341999168530944075e+02
3.464622920172541285e+02
4.832450388205782019e+02
2.450723192407680244e+02
2.117921809160535247e+02
1.216460859343111167e+02
1.582541551459113123e+02
2.350992773194138294e+02
3.473616524829211585e+02
4.841443992869263866e+02
2.459716797071399412e+02
2.126915413824562506e+02
1.225454464008749085e+02
1.591535156126963670e+02
2.359986377858965625e+02
3.482610129497294906e+02
4.850437597534029237e+02
2.468710401735119433e+02
2.135909018493048848e+02
1.234448068674322201e+02
1.600528760794813365e+02
2.368979982522159844e+02
3.491603734162722503e+02
4.859431202198795177e+02
2.477704006398495267e+02
2.144902623155173842e+02
1.243441673336875795e+02
1.609522365455353565e+02
2.377973587188857323e+02
3.500597338828149532e+02
4.868424806866044037e+02
2.486697611062558622e+02
2.153896227821102514e+02
1.252435278002513712e+02
1.618515970123203260e+02
2.386967191846678418e+02
3.509590943493576560e+02
4.877418411529525883e+02
2.495691215725935308e+02
2.162889832485129205e+02
1.261428882668152198e+02
1.627509574786832331e+02
2.395960796516878304e+02
3.518584548161660450e+02
4.886412016195574779e+02
2.504684820389311142e+02
2.171883437151713849e+02
1.270422487333790400e+02
1.636503179451026995e+02
