0.000000000000000000e+00
0.000000000000000000e+00
0.000000000000000000e+00
0.000000000000000000e+00
0.000000000000000000e+00
0.000000000000000000e+00
0.000000000000000000e+00
0.000000000000000000e+00
0.000000000000000000e+00
0.000000000000000000e+00
0.000000000000000000e+00
0.000000000000000000e+00
0.000000000000000000e+00
0.000000000000000000e+00
0.000000000000000000e+00
0.000000000000000000e+00
0.000000000000000000e+00
0.000000000000000000e+00
0.000000000000000000e+00
0.000000000000000000e+00
0.000000000000000000e+00
0.000000000000000000e+00
0.000000000000000000e+00
0.000000000000000000e+00
0.000000000000000000e+00
0.000000000000000000e+00
0.000000000000000000e+00
0.000000000000000000e+00
0.000000000000000000e+00
0.000000000000000000e+00
0.000000000000000000e+00
0.000000000000000000e+00
0.000000000000000000e+00
0.000000000000000000e+00
0.000000000000000000e+00
0.000000000000000000e+00
0.000000000000000000e+00
0.000000000000000000e+00
0.000000000000000000e+00
0.000000000000000000e+00
0.000000000000000000e+00
0.000000000000000000e+00
0.000000000000000000e+00
0.000000000000000000e+00
0.000000000000000000e+00
0.000000000000000000e+00
0.000000000000000000e+00
0.000000000000000000e+00
0.000000000000000000e+00
0.000000000000000000e+00
0.000000000000000000e+00
0.000000000000000000e+00
0.000000000000000000e+00
0.000000000000000000e+00
0.000000000000000000e+00
0.000000000000000000e+00
0.000000000000000000e+00
0.000000000000000000e+00
0.000000000000000000e+00
0.000000000000000000e+00
1.000000000000000000e+00
1.000000000000000000e+00
1.000000000000000000e+00
1.000000000000000000e+00
1.000000000000000000e+00
1.000000000000000000e+00
1.000000000000000000e+00
1.000000000000000000e+00
1.000000000000000000e+00
2.000000000000000000e+00
2.000000000000000000e+00
2.000000000000000000e+00
3.000000000000000000e+00
3.000000000000000000e+00
3.000000000000000000e+00
4.000000000000000000e+00
4.000000000000000000e+00
4.000000000000000000e+00
5.000000000000000000e+00
5.000000000000000000e+00
5.000000000000000000e+00
6.000000000000000000e+00
6.000000000000000000e+00
6.000000000000000000e+00
1.200000000000000000e+01
1.200000000000000000e+01
2.000000000000000000e+01
2.200000000000000000e+01
2.200000000000000000e+01
2.300000000000000000e+01
2.600000000000000000e+01
2.600000000000000000e+01
3.500000000000000000e+01
4.100000000000000000e+01
4.200000000000000000e+01
4.200000000000000000e+01
4.200000000000000000e+01
5.000000000000000000e+01
5.800000000000000000e+01
6.400000000000000000e+01
7.300000000000000000e+01
7.800000000000000000e+01
7.800000000000000000e+01
7.800000000000000000e+01
8.100000000000000000e+01
8.200000000000000000e+01
8.200000000000000000e+01
8.200000000000000000e+01
8.200000000000000000e+01
8.200000000000000000e+01
8.500000000000000000e+01
8.500000000000000000e+01
8.700000000000000000e+01
8.700000000000000000e+01
8.700000000000000000e+01
8.700000000000000000e+01
8.700000000000000000e+01
8.700000000000000000e+01
8.700000000000000000e+01
9.000000000000000000e+01
9.000000000000000000e+01
9.000000000000000000e+01
9.000000000000000000e+01
9.000000000000000000e+01
9.000000000000000000e+01
9.000000000000000000e+01
9.000000000000000000e+01
9.000000000000000000e+01
9.000000000000000000e+01
9.000000000000000000e+01
9.000000000000000000e+01
9.000000000000000000e+01
9.000000000000000000e+01
9.000000000000000000e+01
9.200000000000000000e+01
9.300000000000000000e+01
9.300000000000000000e+01
9.300000000000000000e+01
9.300000000000000000e+01
9.300000000000000000e+01
9.300000000000000000e+01
9.300000000000000000e+01
9.300000000000000000e+01
9.300000000000000000e+01
9.300000000000000000e+01
9.300000000000000000e+01
9.400000000000000000e+01
9.400000000000000000e+01
9.400000000000000000e+01
9.400000000000000000e+01
9.400000000000000000e+01
9.400000000000000000e+01
9.500000000000000000e+01
9.500000000000000000e+01
9.500000000000000000e+01
9.500000000000000000e+01
9.500000000000000000e+01
9.500000000000000000e+01
9.500000000000000000e+01
9.500000000000000000e+01
9.500000000000000000e+01
9.500000000000000000e+01
9.500000000000000000e+01
9.500000000000000000e+01
9.500000000000000000e+01
9.500000000000000000e+01
9.500000000000000000e+01
9.500000000000000000e+01
9.500000000000000000e+01
9.600000000000000000e+01
9.600000000000000000e+01
9.600000000000000000e+01
9.700000000000000000e+01
9.700000000000000000e+01
9.700000000000000000e+01
9.700000000000000000e+01
9.800000000000000000e+01
9.800000000000000000e+01
9.800000000000000000e+01
9.800000000000000000e+01
1.000000000000000000e+02
1.000000000000000000e+02
1.000000000000000000e+02
1.000000000000000000e+02
1.000000000000000000e+02
1.040000000000000000e+02
1.040000000000000000e+02
1.040000000000000000e+02
1.040000000000000000e+02
1.050000000000000000e+02
1.050000000000000000e+02
1.050000000000000000e+02
1.050000000000000000e+02
1.050000000000000000e+02
1.050000000000000000e+02
1.050000000000000000e+02
1.050000000000000000e+02
1.050000000000000000e+02
1.050000000000000000e+02
1.120000000000000000e+02
1.130000000000000000e+02
1.130000000000000000e+02
1.130000000000000000e+02
1.140000000000000000e+02
1.140000000000000000e+02
1.140000000000000000e+02
1.140000000000000000e+02
1.140000000000000000e+02
1.140000000000000000e+02
1.140000000000000000e+02
1.140000000000000000e+02
1.150000000000000000e+02
1.160000000000000000e+02
1.160000000000000000e+02
1.160000000000000000e+02
1.160000000000000000e+02
1.160000000000000000e+02
1.160000000000000000e+02
1.160000000000000000e+02
1.160000000000000000e+02
1.160000000000000000e+02
1.160000000000000000e+02
1.160000000000000000e+02
1.160000000000000000e+02
9.100000000000000000e+01
9.400000000000000000e+01
9.700000000000000000e+01
1.020000000000000000e+02
1.020000000000000000e+02
1.020000000000000000e+02
1.070000000000000000e+02
1.070000000000000000e+02
1.070000000000000000e+02
1.230000000000000000e+02
1.230000000000000000e+02
1.280000000000000000e+02
1.320000000000000000e+02
1.330000000000000000e+02
1.370000000000000000e+02
1.470000000000000000e+02
1.520000000000000000e+02
1.520000000000000000e+02
1.530000000000000000e+02
1.590000000000000000e+02
1.630000000000000000e+02
1.650000000000000000e+02
1.660000000000000000e+02
1.670000000000000000e+02
1.690000000000000000e+02
1.690000000000000000e+02
1.740000000000000000e+02
1.780000000000000000e+02
1.810000000000000000e+02
1.870000000000000000e+02
1.880000000000000000e+02
1.880000000000000000e+02
1.890000000000000000e+02
1.930000000000000000e+02
1.980000000000000000e+02
2.020000000000000000e+02
2.070000000000000000e+02
2.090000000000000000e+02
2.090000000000000000e+02
2.090000000000000000e+02
2.130000000000000000e+02
2.170000000000000000e+02
2.170000000000000000e+02
2.170000000000000000e+02
2.170000000000000000e+02
2.170000000000000000e+02
2.170000000000000000e+02
2.220000000000000000e+02
2.270000000000000000e+02
2.310000000000000000e+02
2.330000000000000000e+02
2.410000000000000000e+02
2.440000000000000000e+02
2.440000000000000000e+02
2.500000000000000000e+02
2.560000000000000000e+02
2.560000000000000000e+02
2.640000000000000000e+02
2.730000000000000000e+02
2.730000000000000000e+02
2.740000000000000000e+02
2.810000000000000000e+02
2.930000000000000000e+02
2.930000000000000000e+02
3.180000000000000000e+02
3.310000000000000000e+02
3.310000000000000000e+02
3.450000000000000000e+02
3.690000000000000000e+02
3.780000000000000000e+02
3.900000000000000000e+02
4.080000000000000000e+02
4.260000000000000000e+02
4.460000000000000000e+02
4.500000000000000000e+02
4.620000000000000000e+02
4.670000000000000000e+02
4.870000000000000000e+02
4.970000000000000000e+02
5.040000000000000000e+02
5.070000000000000000e+02
5.120000000000000000e+02
5.180000000000000000e+02
5.230000000000000000e+02
5.300000000000000000e+02
5.300000000000000000e+02
5.320000000000000000e+02
5.370000000000000000e+02
5.370000000000000000e+02
5.560000000000000000e+02
5.590000000000000000e+02
5.630000000000000000e+02
5.700000000000000000e+02
5.710000000000000000e+02
5.720000000000000000e+02
5.740000000000000000e+02
5.770000000000000000e+02
5.800000000000000000e+02
5.850000000000000000e+02
5.910000000000000000e+02
5.940000000000000000e+02
5.960000000000000000e+02
5.970000000000000000e+02
6.050000000000000000e+02
6.090000000000000000e+02
6.110000000000000000e+02
6.110000000000000000e+02
6.160000000000000000e+02
6.160000000000000000e+02
6.210000000000000000e+02
6.310000000000000000e+02
6.360000000000000000e+02
6.460000000000000000e+02
6.590000000000000000e+02
6.640000000000000000e+02
6.730000000000000000e+02
6.730000000000000000e+02
6.860000000000000000e+02
6.920000000000000000e+02
7.040000000000000000e+02
7.080000000000000000e+02
7.180000000000000000e+02
7.250000000000000000e+02
7.330000000000000000e+02
7.430000000000000000e+02
7.630000000000000000e+02
7.730000000000000000e+02
7.930000000000000000e+02
8.140000000000000000e+02
8.300000000000000000e+02
8.500000000000000000e+02
8.830000000000000000e+02
9.000000000000000000e+02
9.260000000000000000e+02
9.470000000000000000e+02
9.620000000000000000e+02
9.770000000000000000e+02
9.950000000000000000e+02
1.013000000000000000e+03
1.036000000000000000e+03
1.050000000000000000e+03
1.058000000000000000e+03
1.078000000000000000e+03
1.100000000000000000e+03
1.121000000000000000e+03
1.140000000000000000e+03
1.160000000000000000e+03
1.180000000000000000e+03
1.198000000000000000e+03
1.198000000000000000e+03
1.245000000000000000e+03
1.257000000000000000e+03
1.283000000000000000e+03
1.295000000000000000e+03
1.320000000000000000e+03
1.332000000000000000e+03
1.350000000000000000e+03
1.362000000000000000e+03
1.380000000000000000e+03
1.403000000000000000e+03
1.411000000000000000e+03
1.435000000000000000e+03
1.455000000000000000e+03
1.490000000000000000e+03
1.510000000000000000e+03
1.530000000000000000e+03
1.545000000000000000e+03
1.562000000000000000e+03
1.590000000000000000e+03
1.610000000000000000e+03
1.634000000000000000e+03
1.644000000000000000e+03
1.650000000000000000e+03
1.657000000000000000e+03
1.669000000000000000e+03
1.683000000000000000e+03
1.690000000000000000e+03
1.692000000000000000e+03
1.704000000000000000e+03
1.710000000000000000e+03
1.720000000000000000e+03
1.720000000000000000e+03
1.754000000000000000e+03
1.770000000000000000e+03
1.810000000000000000e+03
1.820000000000000000e+03
1.835000000000000000e+03
1.850000000000000000e+03
1.869000000000000000e+03
1.875000000000000000e+03
1.885000000000000000e+03
1.895000000000000000e+03
1.905000000000000000e+03
1.912000000000000000e+03
1.922000000000000000e+03
1.932000000000000000e+03
1.945000000000000000e+03
1.960000000000000000e+03
1.970000000000000000e+03
1.990000000000000000e+03
2.007000000000000000e+03
2.020000000000000000e+03
2.030000000000000000e+03
2.040000000000000000e+03
2.047000000000000000e+03
2.052000000000000000e+03
2.057000000000000000e+03
2.070000000000000000e+03
2.090000000000000000e+03
2.110000000000000000e+03
2.115000000000000000e+03
2.128000000000000000e+03
2.143000000000000000e+03
2.155000000000000000e+03
2.175000000000000000e+03
2.190000000000000000e+03
2.200000000000000000e+03
2.205000000000000000e+03
2.213000000000000000e+03
2.220000000000000000e+03
2.230000000000000000e+03
2.242000000000000000e+03
2.247000000000000000e+03
2.260000000000000000e+03
2.266000000000000000e+03
2.268000000000000000e+03
2.276000000000000000e+03
2.282000000000000000e+03
2.292000000000000000e+03
2.304000000000000000e+03
2.306000000000000000e+03
2.308000000000000000e+03
2.311000000000000000e+03
2.317000000000000000e+03
2.327000000000000000e+03
2.330000000000000000e+03
2.334000000000000000e+03
2.338000000000000000e+03
2.342000000000000000e+03
2.358000000000000000e+03
2.368000000000000000e+03
2.369000000000000000e+03
2.371000000000000000e+03
2.380000000000000000e+03
2.390000000000000000e+03
2.393000000000000000e+03
2.397000000000000000e+03
2.402000000000000000e+03
2.407000000000000000e+03
2.413000000000000000e+03
2.420000000000000000e+03
2.423000000000000000e+03
2.427000000000000000e+03
2.428000000000000000e+03
2.428000000000000000e+03
2.434000000000000000e+03
2.434000000000000000e+03
2.446000000000000000e+03
2.447000000000000000e+03
2.450000000000000000e+03
2.457000000000000000e+03
2.458000000000000000e+03
2.459000000000000000e+03
2.460000000000000000e+03
2.460000000000000000e+03
2.461000000000000000e+03
2.461000000000000000e+03
2.462000000000000000e+03
2.463000000000000000e+03
2.463000000000000000e+03
2.466000000000000000e+03
2.467000000000000000e+03
2.467000000000000000e+03
2.467000000000000000e+03
2.468000000000000000e+03
2.469000000000000000e+03
2.469000000000000000e+03
2.469000000000000000e+03
2.469000000000000000e+03
2.469000000000000000e+03
2.469000000000000000e+03
2.473000000000000000e+03
2.473000000000000000e+03
2.473000000000000000e+03
2.473000000000000000e+03
2.473000000000000000e+03
2.473000000000000000e+03
2.473000000000000000e+03
2.473000000000000000e+03
2.473000000000000000e+03
2.474000000000000000e+03
2.474000000000000000e+03
2.481000000000000000e+03
2.487000000000000000e+03
2.491000000000000000e+03
2.496000000000000000e+03
2.499000000000000000e+03
2.499000000000000000e+03
2.504000000000000000e+03
2.514000000000000000e+03
2.515000000000000000e+03
2.520000000000000000e+03
2.521000000000000000e+03
2.528000000000000000e+03
2.533000000000000000e+03
2.537000000000000000e+03
2.539000000000000000e+03
2.541000000000000000e+03
2.541000000000000000e+03
2.542000000000000000e+03
2.542000000000000000e+03
2.542000000000000000e+03
2.542000000000000000e+03
2.548000000000000000e+03
2.552000000000000000e+03
2.555000000000000000e+03
2.558000000000000000e+03
2.562000000000000000e+03
2.563000000000000000e+03
2.570000000000000000e+03
2.574000000000000000e+03
2.587000000000000000e+03
2.597000000000000000e+03
2.609000000000000000e+03
2.617000000000000000e+03
2.617000000000000000e+03
2.627000000000000000e+03
2.646000000000000000e+03
2.652000000000000000e+03
2.674000000000000000e+03
2.685000000000000000e+03
2.700000000000000000e+03
2.707000000000000000e+03
2.715000000000000000e+03
2.729000000000000000e+03
2.744000000000000000e+03
2.759000000000000000e+03
0.000000000000000000e+00
0.000000000000000000e+00
0.000000000000000000e+00
0.000000000000000000e+00
0.000000000000000000e+00
0.000000000000000000e+00
0.000000000000000000e+00
0.000000000000000000e+00
0.000000000000000000e+00
0.000000000000000000e+00
0.000000000000000000e+00
0.000000000000000000e+00
0.000000000000000000e+00
0.000000000000000000e+00
0.000000000000000000e+00
0.000000000000000000e+00
0.000000000000000000e+00
0.000000000000000000e+00
0.000000000000000000e+00
0.000000000000000000e+00
0.000000000000000000e+00
0.000000000000000000e+00
0.000000000000000000e+00
0.000000000000000000e+00
0.000000000000000000e+00
0.000000000000000000e+00
0.000000000000000000e+00
0.000000000000000000e+00
0.000000000000000000e+00
0.000000000000000000e+00
0.000000000000000000e+00
0.000000000000000000e+00
0.000000000000000000e+00
0.000000000000000000e+00
0.000000000000000000e+00
0.000000000000000000e+00
0.000000000000000000e+00
0.000000000000000000e+00
0.000000000000000000e+00
0.000000000000000000e+00
0.000000000000000000e+00
0.000000000000000000e+00
0.000000000000000000e+00
0.000000000000000000e+00
0.000000000000000000e+00
0.000000000000000000e+00
0.000000000000000000e+00
0.000000000000000000e+00
0.000000000000000000e+00
0.000000000000000000e+00
0.000000000000000000e+00
0.000000000000000000e+00
0.000000000000000000e+00
0.000000000000000000e+00
0.000000000000000000e+00
0.000000000000000000e+00
0.000000000000000000e+00
0.000000000000000000e+00
0.000000000000000000e+00
0.000000000000000000e+00
0.000000000000000000e+00
0.000000000000000000e+00
0.000000000000000000e+00
0.000000000000000000e+00
0.000000000000000000e+00
0.000000000000000000e+00
0.000000000000000000e+00
0.000000000000000000e+00
0.000000000000000000e+00
0.000000000000000000e+00
0.000000000000000000e+00
0.000000000000000000e+00
0.000000000000000000e+00
0.000000000000000000e+00
0.000000000000000000e+00
0.000000000000000000e+00
0.000000000000000000e+00
0.000000000000000000e+00
0.000000000000000000e+00
0.000000000000000000e+00
0.000000000000000000e+00
0.000000000000000000e+00
0.000000000000000000e+00
0.000000000000000000e+00
0.000000000000000000e+00
0.000000000000000000e+00
0.000000000000000000e+00
0.000000000000000000e+00
0.000000000000000000e+00
0.000000000000000000e+00
0.000000000000000000e+00
0.000000000000000000e+00
0.000000000000000000e+00
0.000000000000000000e+00
0.000000000000000000e+00
0.000000000000000000e+00
0.000000000000000000e+00
0.000000000000000000e+00
0.000000000000000000e+00
0.000000000000000000e+00
0.000000000000000000e+00
0.000000000000000000e+00
0.000000000000000000e+00
0.000000000000000000e+00
0.000000000000000000e+00
0.000000000000000000e+00
0.000000000000000000e+00
0.000000000000000000e+00
0.000000000000000000e+00
0.000000000000000000e+00
0.000000000000000000e+00
0.000000000000000000e+00
0.000000000000000000e+00
0.000000000000000000e+00
0.000000000000000000e+00
0.000000000000000000e+00
0.000000000000000000e+00
0.000000000000000000e+00
0.000000000000000000e+00
0.000000000000000000e+00
0.000000000000000000e+00
0.000000000000000000e+00
0.000000000000000000e+00
0.000000000000000000e+00
0.000000000000000000e+00
0.000000000000000000e+00
0.000000000000000000e+00
0.000000000000000000e+00
0.000000000000000000e+00
0.000000000000000000e+00
0.000000000000000000e+00
0.000000000000000000e+00
0.000000000000000000e+00
0.000000000000000000e+00
0.000000000000000000e+00
0.000000000000000000e+00
0.000000000000000000e+00
0.000000000000000000e+00
0.000000000000000000e+00
0.000000000000000000e+00
0.000000000000000000e+00
0.000000000000000000e+00
0.000000000000000000e+00
0.000000000000000000e+00
0.000000000000000000e+00
0.000000000000000000e+00
0.000000000000000000e+00
0.000000000000000000e+00
0.000000000000000000e+00
0.000000000000000000e+00
0.000000000000000000e+00
0.000000000000000000e+00
0.000000000000000000e+00
0.000000000000000000e+00
0.000000000000000000e+00
0.000000000000000000e+00
0.000000000000000000e+00
0.000000000000000000e+00
0.000000000000000000e+00
0.000000000000000000e+00
0.000000000000000000e+00
0.000000000000000000e+00
0.000000000000000000e+00
0.000000000000000000e+00
0.000000000000000000e+00
0.000000000000000000e+00
0.000000000000000000e+00
0.000000000000000000e+00
0.000000000000000000e+00
0.000000000000000000e+00
0.000000000000000000e+00
0.000000000000000000e+00
0.000000000000000000e+00
0.000000000000000000e+00
0.000000000000000000e+00
0.000000000000000000e+00
0.000000000000000000e+00
0.000000000000000000e+00
0.000000000000000000e+00
0.000000000000000000e+00
0.000000000000000000e+00
0.000000000000000000e+00
0.000000000000000000e+00
0.000000000000000000e+00
0.000000000000000000e+00
0.000000000000000000e+00
0.000000000000000000e+00
0.000000000000000000e+00
0.000000000000000000e+00
0.000000000000000000e+00
0.000000000000000000e+00
0.000000000000000000e+00
0.000000000000000000e+00
0.000000000000000000e+00
0.000000000000000000e+00
0.000000000000000000e+00
0.000000000000000000e+00
0.000000000000000000e+00
0.000000000000000000e+00
0.000000000000000000e+00
0.000000000000000000e+00
0.000000000000000000e+00
0.000000000000000000e+00
0.000000000000000000e+00
0.000000000000000000e+00
0.000000000000000000e+00
0.000000000000000000e+00
0.000000000000000000e+00
0.000000000000000000e+00
0.000000000000000000e+00
0.000000000000000000e+00
0.000000000000000000e+00
0.000000000000000000e+00
0.000000000000000000e+00
0.000000000000000000e+00
0.000000000000000000e+00
0.000000000000000000e+00
0.000000000000000000e+00
0.000000000000000000e+00
0.000000000000000000e+00
0.000000000000000000e+00
0.000000000000000000e+00
0.000000000000000000e+00
0.000000000000000000e+00
0.000000000000000000e+00
0.000000000000000000e+00
0.000000000000000000e+00
0.000000000000000000e+00
0.000000000000000000e+00
0.000000000000000000e+00
0.000000000000000000e+00
0.000000000000000000e+00
0.000000000000000000e+00
0.000000000000000000e+00
0.000000000000000000e+00
0.000000000000000000e+00
0.000000000000000000e+00
0.000000000000000000e+00
0.000000000000000000e+00
0.000000000000000000e+00
0.000000000000000000e+00
0.000000000000000000e+00
0.000000000000000000e+00
0.000000000000000000e+00
0.000000000000000000e+00
0.000000000000000000e+00
0.000000000000000000e+00
0.000000000000000000e+00
0.000000000000000000e+00
0.000000000000000000e+00
0.000000000000000000e+00
0.000000000000000000e+00
0.000000000000000000e+00
0.000000000000000000e+00
0.000000000000000000e+00
0.000000000000000000e+00
0.000000000000000000e+00
0.000000000000000000e+00
0.000000000000000000e+00
0.000000000000000000e+00
0.000000000000000000e+00
0.000000000000000000e+00
0.000000000000000000e+00
0.000000000000000000e+00
0.000000000000000000e+00
0.000000000000000000e+00
0.000000000000000000e+00
0.000000000000000000e+00
0.000000000000000000e+00
0.000000000000000000e+00
0.000000000000000000e+00
0.000000000000000000e+00
0.000000000000000000e+00
0.000000000000000000e+00
0.000000000000000000e+00
0.000000000000000000e+00
0.000000000000000000e+00
0.000000000000000000e+00
0.000000000000000000e+00
0.000000000000000000e+00
0.000000000000000000e+00
0.000000000000000000e+00
0.000000000000000000e+00
0.000000000000000000e+00
0.000000000000000000e+00
0.000000000000000000e+00
0.000000000000000000e+00
0.000000000000000000e+00
0.000000000000000000e+00
0.000000000000000000e+00
0.000000000000000000e+00
0.000000000000000000e+00
0.000000000000000000e+00
0.000000000000000000e+00
0.000000000000000000e+00
0.000000000000000000e+00
0.000000000000000000e+00
0.000000000000000000e+00
0.000000000000000000e+00
0.000000000000000000e+00
0.000000000000000000e+00
0.000000000000000000e+00
0.000000000000000000e+00
0.000000000000000000e+00
0.000000000000000000e+00
0.000000000000000000e+00
0.000000000000000000e+00
0.000000000000000000e+00
0.000000000000000000e+00
0.000000000000000000e+00
0.000000000000000000e+00
0.000000000000000000e+00
0.000000000000000000e+00
0.000000000000000000e+00
0.000000000000000000e+00
0.000000000000000000e+00
0.000000000000000000e+00
0.000000000000000000e+00
0.000000000000000000e+00
0.000000000000000000e+00
0.000000000000000000e+00
0.000000000000000000e+00
0.000000000000000000e+00
0.000000000000000000e+00
0.000000000000000000e+00
0.000000000000000000e+00
0.000000000000000000e+00
0.000000000000000000e+00
0.000000000000000000e+00
0.000000000000000000e+00
0.000000000000000000e+00
0.000000000000000000e+00
0.000000000000000000e+00
0.000000000000000000e+00
0.000000000000000000e+00
0.000000000000000000e+00
0.000000000000000000e+00
0.000000000000000000e+00
0.000000000000000000e+00
0.000000000000000000e+00
0.000000000000000000e+00
0.000000000000000000e+00
0.000000000000000000e+00
0.000000000000000000e+00
0.000000000000000000e+00
0.000000000000000000e+00
0.000000000000000000e+00
0.000000000000000000e+00
0.000000000000000000e+00
0.000000000000000000e+00
0.000000000000000000e+00
0.000000000000000000e+00
0.000000000000000000e+00
0.000000000000000000e+00
0.000000000000000000e+00
0.000000000000000000e+00
0.000000000000000000e+00
0.000000000000000000e+00
0.000000000000000000e+00
0.000000000000000000e+00
0.000000000000000000e+00
0.000000000000000000e+00
0.000000000000000000e+00
0.000000000000000000e+00
0.000000000000000000e+00
0.000000000000000000e+00
0.000000000000000000e+00
0.000000000000000000e+00
0.000000000000000000e+00
0.000000000000000000e+00
0.000000000000000000e+00
0.000000000000000000e+00
0.000000000000000000e+00
0.000000000000000000e+00
0.000000000000000000e+00
0.000000000000000000e+00
0.000000000000000000e+00
0.000000000000000000e+00
0.000000000000000000e+00
0.000000000000000000e+00
0.000000000000000000e+00
