-7.103672497192599167e+02
-7.225133773125490961e+02
-7.337345399626052540e+02
-7.737086166275255437e+02
-7.853314414952335483e+02
-7.978579821034505812e+02
-8.106447362193983963e+02
-8.288269102327592464e+02
-8.409730378260027237e+02
-8.521942004760929876e+02
-8.921682771410173700e+02
-9.037911020086943381e+02
-9.163176426168947728e+02
-9.291043967328560029e+02
-9.472865707462024147e+02
-9.594326983394842046e+02
-9.706538609895759464e+02
-1.010627937654453831e+03
-1.022250762522188097e+03
-1.034777303130387509e+03
-1.047564057246345783e+03
-1.065746231259699471e+03
-1.077892358852973757e+03
-1.089113521503063794e+03
-1.129087598167944179e+03
-1.140710423035651274e+03
-1.153236963643856143e+03
-1.166023717759835790e+03
-1.184205891773189478e+03
-1.196352019366475815e+03
-1.207573182016561077e+03
-1.247547258681432368e+03
-1.259170083549114679e+03
-1.271696624157359338e+03
-1.284483378273325570e+03
-1.302665552286657203e+03
-1.314811679879931944e+03
-1.326032842530046537e+03
-1.366006919194925104e+03
-1.377629744062623786e+03
-1.390156284670825471e+03
-1.402943038786788293e+03
-1.421125212800129475e+03
-1.433271340393387845e+03
-1.444492503043486749e+03
-1.484466579708411928e+03
-1.496089404576103789e+03
-1.508615945184320708e+03
-1.521402699300305358e+03
-1.539584873313646540e+03
-1.551731000906890131e+03
-1.562952163556971982e+03
-1.602926240221903527e+03
-1.614549065089578562e+03
-1.627075605697813444e+03
-1.639862359813750345e+03
-1.658044533827116538e+03
-1.670190661420348533e+03
-1.681411824070469720e+03
-1.721385900735390351e+03
