-8.650748223519286739e+00
-9.816439831295443952e+00
-9.701566964208168997e+00
-3.784869796561814326e+01
-9.529272128503780692e+00
-1.044815418504148319e+01
-1.074444412519114245e+01
-9.087548472855043968e+00
-1.025324008055912905e+01
-1.013836721351466252e+01
-3.828549821491447602e+01
-9.966072377765366141e+00
-1.088495443427933118e+01
-1.118124437444821240e+01
-9.524348722075050233e+00
-1.069004032986808284e+01
-1.057516746282115250e+01
-3.872229846421362964e+01
-1.040287262708367422e+01
-1.132175468361414161e+01
-1.161804462376431779e+01
-9.961148971410796804e+00
-1.112684057912510127e+01
-1.101196771212764958e+01
-3.915909871351254878e+01
-1.083967287634527210e+01
-1.175855493290047704e+01
-1.205484487308040720e+01
-1.039794922072381311e+01
-1.156364082847930064e+01
-1.144876796145782549e+01
-3.959589896280628807e+01
-1.127647312560685933e+01
-1.219535518218715708e+01
-1.249164512239651259e+01
-1.083474947000168243e+01
-1.200044107774298574e+01
-1.188556821076431191e+01
-4.003269921210521431e+01
-1.171327337497358556e+01
-1.263215543147348541e+01
-1.292844537165359142e+01
-1.127154971927956595e+01
-1.243724132700666907e+01
-1.232236845999121577e+01
-4.046949946140154708e+01
-1.215007362426353765e+01
-1.306895568080831538e+01
-1.336524562102871982e+01
-1.170834996865046662e+01
-1.287404157636087909e+01
-1.275916870929770752e+01
-4.090629971069787274e+01
-1.258687387355347020e+01
-1.350575593014314535e+01
-1.380204587025697904e+01
-1.214515021792833771e+01
-1.331084182562457485e+01
-1.319596895862788344e+01
-4.134309995999419129e+01
