6.474407967868231140e+01
6.486519707489925679e+01
6.494741477521635886e+01
6.497324228380219324e+01
6.501259146006140099e+01
6.501636289930269186e+01
6.504793834935874486e+01
6.509049437327377063e+01
6.520486825625938820e+01
6.528259213819829654e+01
6.530622306068802629e+01
6.534563694453686367e+01
6.535161418418761059e+01
6.538733409998270929e+01
6.543569346048455770e+01
6.555717998522140988e+01
6.564291663274977395e+01
6.567500410219726348e+01
6.572282922573441510e+01
6.573666653161056672e+01
6.577918975496886844e+01
6.583280800146003742e+01
6.595755693826663446e+01
6.604416026903791703e+01
6.607438837644610885e+01
6.611738128593898978e+01
6.612326274327895703e+01
6.615466174817946410e+01
6.619405588029187015e+01
6.630166650163047848e+01
6.636852088963645713e+01
6.637680807794019699e+01
6.639619555205682389e+01
6.637743368831816326e+01
6.638386447483802044e+01
6.639874914372116166e+01
6.648314518085406633e+01
6.652894822907700245e+01
6.651922619037786433e+01
6.652451325540589266e+01
6.649639136594753097e+01
6.649897628534374405e+01
6.651622354288092254e+01
6.660978533757527487e+01
6.667203450039890811e+01
6.668638335080930801e+01
6.672356563720964573e+01
6.673520944544583244e+01
6.678531853416832575e+01
6.685757754324745861e+01
6.701321223094257107e+01
6.714402079621189046e+01
6.723270396661044401e+01
6.734916177665446924e+01
6.744408455326455964e+01
6.758045510649913012e+01
6.774087703036747143e+01
6.798545966199199597e+01
6.820487509881665744e+01
6.838071426660272323e+01
