4.270348138797162392e+02
1.842476113879553168e+02
1.343520014348939355e+02
1.082928894800239732e+02
6.915994031948471843e+01
-6.320244789835754773e+00
-7.591861911008458037e+02
9.474457305336071045e+01
-1.623998886547776692e+02
-2.152262974666611512e+02
-2.321820669569692086e+02
-2.499141633960111903e+02
-2.917957288071996800e+02
-9.993369212982876206e+02
-8.919708692528405436e+01
-2.804478092630707238e+02
-2.592304112049779405e+02
-1.958288983158724648e+02
-1.289864887117212504e+02
-8.438153719442649958e+01
-7.059805571447939201e+02
2.870130774404363478e+02
1.729635543884063225e+02
2.632148093450564375e+02
3.850876103300704472e+02
4.976314819811919392e+02
5.732137624071376649e+02
-3.377374319083564558e+01
9.561891918555899110e+02
8.205997288925108251e+02
8.703783401539677698e+02
9.328890985846503554e+02
9.677030210946579700e+02
9.481862645031009151e+02
2.301934693643421781e+02
1.095146118774046272e+03
8.228436645697731819e+02
7.268615400940512927e+02
6.375132267801150192e+02
5.175469050342489936e+02
3.436601182496617639e+02
-5.248854284200000393e+02
1.967329083832770209e+02
-2.083727099607200728e+02
-4.234839858724236592e+02
-6.153925594750157870e+02
-8.187762118196196752e+02
-1.054749860618253933e+03
-1.962307494811811239e+03
-1.255371695705461889e+03
-1.650099673512497930e+03
-1.829588636641666426e+03
-1.961000600690199008e+03
-2.079933792387791982e+03
-2.208955379699631976e+03
-2.989012091381535356e+03
-2.136436129251546390e+03
-2.370196376684829829e+03
-2.376539086395950108e+03
-2.326039775394060598e+03
