3.546254686084901550e+03
3.547194761062207817e+03
3.547284360191336873e+03
3.556301643164751567e+03
3.556980718004022947e+03
3.557938772874678307e+03
3.559155122440610285e+03
3.560249064957957671e+03
3.560459479168963298e+03
3.560001080398184058e+03
3.568668527953813737e+03
3.569208117757610125e+03
3.570244295896454787e+03
3.571758227269434883e+03
3.573365335738544218e+03
3.574294760093162040e+03
3.574745654943528734e+03
3.584491532404817008e+03
3.586252376080002705e+03
3.588621754414510633e+03
3.591546152948407780e+03
3.594603421563288066e+03
3.596983255624561480e+03
3.598844610347819980e+03
3.609921210978741783e+03
3.612894854533518810e+03
3.616323693030730283e+03
3.620122680376987319e+03
3.623843042607962161e+03
3.626653656130986292e+03
3.628699202316443461e+03
3.639706234354684511e+03
3.642356830688011996e+03
3.645217009517428323e+03
3.648217077716457879e+03
3.650930772025958959e+03
3.652556082533365043e+03
3.653272639293754764e+03
3.662846817407441449e+03
3.664004260675725163e+03
3.665357029868910104e+03
3.666882585323651710e+03
3.668201501933014697e+03
3.668556849353407870e+03
3.668170162456728576e+03
3.676845201523383366e+03
3.677339245122880129e+03
3.678289161840125416e+03
3.679689506699690355e+03
3.681169571313622782e+03
3.681972345318355110e+03
3.682310331774643601e+03
3.691969425905013850e+03
3.693680601779195968e+03
3.696046646352856442e+03
3.699021171591184611e+03
3.702186810519897790e+03
3.704735524082203028e+03
3.706825924075694729e+03
3.718188778446737615e+03
