4.898730769283581139e+03
4.923100768518111181e+03
4.943936900478328425e+03
4.965863130679647838e+03
4.987929373103820581e+03
5.010507078380765051e+03
5.035503416898926844e+03
5.066345112637183774e+03
5.090715111871705631e+03
5.111551243831921965e+03
5.133477474033251383e+03
5.155543716457406845e+03
5.178121421734362229e+03
5.203117760252523112e+03
5.233959455990788229e+03
5.258329455225310085e+03
5.279165587185514596e+03
5.301091817386846742e+03
5.323158059811007661e+03
5.345735765087953951e+03
5.370732103606125747e+03
5.401573799344363579e+03
5.425943798578908172e+03
5.446779930539109955e+03
5.468706160740443011e+03
5.490772403164603929e+03
5.513350108441556586e+03
5.538346446959725654e+03
5.569188142697966214e+03
5.593558141932499893e+03
5.614394273892698948e+03
5.636320504094042008e+03
5.658386746518193831e+03
5.680964451795156492e+03
5.705960790313324651e+03
5.736802486051564301e+03
5.761172485286091614e+03
5.782008617246312497e+03
5.803934847447633729e+03
5.826001089871793738e+03
5.848578795148745485e+03
5.873575133666927286e+03
5.904416829405145108e+03
5.928786828639689702e+03
5.949622960599904218e+03
5.971549190801233635e+03
5.993615433225383640e+03
6.016193138502346301e+03
6.041189477020501727e+03
6.072031172758746834e+03
6.096401171993280514e+03
6.117237303953495939e+03
6.139163534154833542e+03
6.161229776578989004e+03
6.183807481855939841e+03
6.208803820374106181e+03
6.239645516112346741e+03
6.264015515346878601e+03
6.284851647307093117e+03
6.306777877508421625e+03
