1.692039190095395611e+02
1.728572856229046124e+02
1.868056277392461766e+02
2.016111001740139557e+02
2.161254075102621073e+02
2.293404098246579963e+02
2.420817983021291866e+02
2.556670341622989326e+02
2.575725631968026619e+02
2.690425515285845108e+02
2.806694751927634570e+02
2.913528885353499618e+02
3.001491892642728772e+02
3.079639659584574929e+02
3.162081516587577994e+02
3.124630399990757041e+02
3.180864664617705557e+02
3.237905556014800368e+02
3.285974368510061367e+02
3.316858315376856581e+02
3.340801864450797893e+02
3.373036692082628178e+02
3.290401731031172403e+02
3.307377216482176436e+02
3.331837557973379944e+02
3.354587798828602558e+02
3.367813318407777388e+02
3.381960033464742992e+02
3.412258612304814847e+02
3.335344384040009231e+02
3.365296892212979287e+02
3.409403801291218770e+02
3.457713636063623994e+02
3.501506572389997132e+02
3.550199955000770728e+02
3.617901347757285748e+02
3.580059982585575540e+02
3.649539655773702407e+02
3.732416821019151030e+02
3.817567369592283058e+02
3.895170324859865332e+02
3.973644163523958355e+02
4.066227662210608287e+02
4.047655312744428784e+02
4.130249640789754721e+02
4.219733594111082766e+02
4.304826056759309836e+02
4.375748445406511564e+02
4.441158001396455006e+02
4.514719754698931524e+02
4.471767455932470625e+02
4.525376232890434949e+02
4.582150717097860593e+02
4.631792417271711884e+02
4.665575137233357168e+02
4.693244989548746844e+02
4.729557987811377870e+02
4.650906559722348561e+02
4.671358791564322246e+02
4.698415180254188499e+02
