0.000000000000000000e+00
0.000000000000000000e+00
0.000000000000000000e+00
0.000000000000000000e+00
0.000000000000000000e+00
0.000000000000000000e+00
0.000000000000000000e+00
0.000000000000000000e+00
0.000000000000000000e+00
0.000000000000000000e+00
0.000000000000000000e+00
0.000000000000000000e+00
0.000000000000000000e+00
0.000000000000000000e+00
0.000000000000000000e+00
0.000000000000000000e+00
0.000000000000000000e+00
0.000000000000000000e+00
0.000000000000000000e+00
0.000000000000000000e+00
0.000000000000000000e+00
0.000000000000000000e+00
0.000000000000000000e+00
0.000000000000000000e+00
0.000000000000000000e+00
0.000000000000000000e+00
0.000000000000000000e+00
0.000000000000000000e+00
0.000000000000000000e+00
0.000000000000000000e+00
0.000000000000000000e+00
0.000000000000000000e+00
0.000000000000000000e+00
0.000000000000000000e+00
0.000000000000000000e+00
0.000000000000000000e+00
0.000000000000000000e+00
0.000000000000000000e+00
0.000000000000000000e+00
0.000000000000000000e+00
0.000000000000000000e+00
0.000000000000000000e+00
0.000000000000000000e+00
0.000000000000000000e+00
0.000000000000000000e+00
0.000000000000000000e+00
0.000000000000000000e+00
0.000000000000000000e+00
0.000000000000000000e+00
0.000000000000000000e+00
0.000000000000000000e+00
0.000000000000000000e+00
1.000000000000000000e+00
0.000000000000000000e+00
0.000000000000000000e+00
2.000000000000000000e+00
0.000000000000000000e+00
0.000000000000000000e+00
0.000000000000000000e+00
0.000000000000000000e+00
0.000000000000000000e+00
0.000000000000000000e+00
4.900000000000000000e+01
0.000000000000000000e+00
1.100000000000000000e+01
9.000000000000000000e+00
0.000000000000000000e+00
0.000000000000000000e+00
1.560000000000000000e+02
1.200000000000000000e+01
8.000000000000000000e+00
8.000000000000000000e+00
1.000000000000000000e+01
1.300000000000000000e+01
1.000000000000000000e+00
4.500000000000000000e+01
1.300000000000000000e+01
2.000000000000000000e+01
7.000000000000000000e+00
1.000000000000000000e+01
6.500000000000000000e+01
2.800000000000000000e+01
4.700000000000000000e+01
4.400000000000000000e+01
3.700000000000000000e+01
3.500000000000000000e+01
3.500000000000000000e+01
1.900000000000000000e+01
2.400000000000000000e+01
2.800000000000000000e+01
1.030000000000000000e+02
3.200000000000000000e+01
4.700000000000000000e+01
5.700000000000000000e+01
5.400000000000000000e+01
7.700000000000000000e+01
3.300000000000000000e+01
2.200000000000000000e+01
3.000000000000000000e+01
6.400000000000000000e+01
3.600000000000000000e+01
2.800000000000000000e+01
3.400000000000000000e+01
8.800000000000000000e+01
3.000000000000000000e+01
5.200000000000000000e+01
7.700000000000000000e+01
5.800000000000000000e+01
6.900000000000000000e+01
2.900000000000000000e+01
8.000000000000000000e+01
2.500000000000000000e+01
4.040000000000000000e+02
1.190000000000000000e+02
1.120000000000000000e+02
3.700000000000000000e+01
3.500000000000000000e+01
5.600000000000000000e+01
2.470000000000000000e+02
6.100000000000000000e+01
9.900000000000000000e+01
3.000000000000000000e+01
4.680000000000000000e+02
2.020000000000000000e+02
2.670000000000000000e+02
1.680000000000000000e+02
1.820000000000000000e+02
2.680000000000000000e+02
1.710000000000000000e+02
0.000000000000000000e+00
5.480000000000000000e+02
1.850000000000000000e+02
1.880000000000000000e+02
1.870000000000000000e+02
9.700000000000000000e+01
9.500000000000000000e+01
9.200000000000000000e+01
7.290000000000000000e+02
3.960000000000000000e+02
2.630000000000000000e+02
4.230000000000000000e+02
3.410000000000000000e+02
4.110000000000000000e+02
3.400000000000000000e+02
4.810000000000000000e+02
3.270000000000000000e+02
2.830000000000000000e+02
3.380000000000000000e+02
2.090000000000000000e+02
1.130000000000000000e+03
3.550000000000000000e+02
5.220000000000000000e+02
4.250000000000000000e+02
4.230000000000000000e+02
2.400000000000000000e+02
9.720000000000000000e+02
3.628000000000000000e+03
7.270000000000000000e+02
9.910000000000000000e+02
1.004000000000000000e+03
8.900000000000000000e+02
1.012000000000000000e+03
1.146000000000000000e+03
1.038000000000000000e+03
7.060000000000000000e+02
1.667000000000000000e+03
9.340000000000000000e+02
1.564000000000000000e+03
6.407000000000000000e+03
1.811000000000000000e+03
6.710000000000000000e+02
2.424000000000000000e+03
1.286000000000000000e+03
1.479000000000000000e+03
1.294000000000000000e+03
1.831000000000000000e+03
1.822000000000000000e+03
6.600000000000000000e+02
2.827000000000000000e+03
1.498000000000000000e+03
1.808000000000000000e+03
2.685000000000000000e+03
1.933000000000000000e+03
2.284000000000000000e+03
2.632000000000000000e+03
2.575000000000000000e+03
2.496000000000000000e+03
2.057000000000000000e+03
2.508000000000000000e+03
2.772000000000000000e+03
2.741000000000000000e+03
3.184000000000000000e+03
2.719000000000000000e+03
2.527000000000000000e+03
2.276000000000000000e+03
2.827000000000000000e+03
2.819000000000000000e+03
2.904000000000000000e+03
3.445000000000000000e+03
4.945000000000000000e+03
0.000000000000000000e+00
0.000000000000000000e+00
7.314700000000000000e+04
5.894000000000000000e+03
5.151000000000000000e+03
6.571000000000000000e+03
6.692000000000000000e+03
6.005000000000000000e+03
6.148000000000000000e+03
5.681000000000000000e+03
5.194000000000000000e+03
4.926000000000000000e+03
6.155000000000000000e+03
5.975000000000000000e+03
5.619000000000000000e+03
5.389000000000000000e+03
6.413000000000000000e+03
5.599000000000000000e+03
5.657000000000000000e+03
5.707000000000000000e+03
7.055000000000000000e+03
6.787000000000000000e+03
7.188000000000000000e+03
7.181000000000000000e+03
7.154000000000000000e+03
6.931000000000000000e+03
9.160000000000000000e+03
8.760000000000000000e+03
8.751000000000000000e+03
8.256000000000000000e+03
9.202000000000000000e+03
1.590000000000000000e+04
7.608000000000000000e+03
1.002300000000000000e+04
9.650000000000000000e+03
9.742000000000000000e+03
9.440000000000000000e+03
9.930000000000000000e+03
9.380000000000000000e+03
8.084000000000000000e+03
1.093900000000000000e+04
1.079100000000000000e+04
1.015400000000000000e+04
2.033200000000000000e+04
8.665000000000000000e+03
8.258000000000000000e+03
1.110300000000000000e+04
1.033500000000000000e+04
9.565000000000000000e+03
9.446000000000000000e+03
1.078000000000000000e+04
9.142000000000000000e+03
8.788000000000000000e+03
8.495000000000000000e+03
1.137500000000000000e+04
1.159900000000000000e+04
1.055800000000000000e+04
1.234500000000000000e+04
1.125500000000000000e+04
1.045300000000000000e+04
1.411900000000000000e+04
1.229700000000000000e+04
1.232300000000000000e+04
1.191600000000000000e+04
1.120200000000000000e+04
9.653000000000000000e+03
8.911000000000000000e+03
1.371300000000000000e+04
1.364200000000000000e+04
1.267300000000000000e+04
1.279100000000000000e+04
0.000000000000000000e+00
2.568200000000000000e+04
1.087300000000000000e+04
1.133400000000000000e+04
1.484100000000000000e+04
1.441800000000000000e+04
1.370600000000000000e+04
1.476700000000000000e+04
1.175800000000000000e+04
9.803000000000000000e+03
1.498700000000000000e+04
1.496700000000000000e+04
1.283800000000000000e+04
1.137700000000000000e+04
1.270000000000000000e+04
1.126200000000000000e+04
8.369000000000000000e+03
1.249000000000000000e+04
1.210000000000000000e+04
1.107600000000000000e+04
9.598000000000000000e+03
1.066600000000000000e+04
8.320000000000000000e+03
0.000000000000000000e+00
1.828300000000000000e+04
1.029700000000000000e+04
8.889000000000000000e+03
9.736000000000000000e+03
1.109400000000000000e+04
8.637000000000000000e+03
7.641000000000000000e+03
1.104000000000000000e+04
1.030500000000000000e+04
9.234000000000000000e+03
8.439000000000000000e+03
8.308000000000000000e+03
6.834000000000000000e+03
6.650000000000000000e+03
9.378000000000000000e+03
8.595000000000000000e+03
7.620000000000000000e+03
6.966000000000000000e+03
7.384000000000000000e+03
6.024000000000000000e+03
5.107000000000000000e+03
6.317000000000000000e+03
7.280000000000000000e+03
6.830000000000000000e+03
5.907000000000000000e+03
6.004000000000000000e+03
4.891000000000000000e+03
5.901000000000000000e+03
6.699000000000000000e+03
6.605000000000000000e+03
5.368000000000000000e+03
5.157000000000000000e+03
4.803000000000000000e+03
4.180000000000000000e+03
3.614000000000000000e+03
4.642000000000000000e+03
4.199000000000000000e+03
5.862000000000000000e+03
5.729000000000000000e+03
6.055000000000000000e+03
5.325000000000000000e+03
4.551000000000000000e+03
0.000000000000000000e+00
0.000000000000000000e+00
1.795000000000000000e+04
5.699000000000000000e+03
6.754000000000000000e+03
6.205000000000000000e+03
5.791000000000000000e+03
0.000000000000000000e+00
0.000000000000000000e+00
2.041600000000000000e+04
5.868000000000000000e+03
5.123000000000000000e+03
8.533000000000000000e+03
7.432000000000000000e+03
1.074600000000000000e+04
1.010200000000000000e+04
9.434000000000000000e+03
7.420000000000000000e+03
6.965000000000000000e+03
9.146000000000000000e+03
8.562000000000000000e+03
1.306700000000000000e+04
1.247300000000000000e+04
1.114100000000000000e+04
1.036100000000000000e+04
1.130300000000000000e+04
9.605000000000000000e+03
9.400000000000000000e+03
1.198200000000000000e+04
1.107100000000000000e+04
9.842000000000000000e+03
9.481000000000000000e+03
1.037800000000000000e+04
8.028000000000000000e+03
8.008000000000000000e+03
1.058300000000000000e+04
1.031300000000000000e+04
9.409000000000000000e+03
8.782000000000000000e+03
8.349000000000000000e+03
8.769000000000000000e+03
6.440000000000000000e+03
9.497000000000000000e+03
9.057000000000000000e+03
8.297000000000000000e+03
6.906000000000000000e+03
7.213000000000000000e+03
6.143000000000000000e+03
5.799000000000000000e+03
8.140000000000000000e+03
7.900000000000000000e+03
6.805000000000000000e+03
6.153000000000000000e+03
6.324000000000000000e+03
4.849000000000000000e+03
4.587000000000000000e+03
6.573000000000000000e+03
6.194000000000000000e+03
5.788000000000000000e+03
5.068000000000000000e+03
5.712000000000000000e+03
5.685000000000000000e+03
4.670000000000000000e+03
4.164000000000000000e+03
6.102000000000000000e+03
6.253000000000000000e+03
5.934000000000000000e+03
6.317000000000000000e+03
5.598000000000000000e+03
4.653000000000000000e+03
6.788000000000000000e+03
6.468000000000000000e+03
5.472000000000000000e+03
5.499000000000000000e+03
5.724000000000000000e+03
5.051000000000000000e+03
5.049000000000000000e+03
6.822000000000000000e+03
6.404000000000000000e+03
6.291000000000000000e+03
5.746000000000000000e+03
6.312000000000000000e+03
5.379000000000000000e+03
4.527000000000000000e+03
6.756000000000000000e+03
6.852000000000000000e+03
6.935000000000000000e+03
6.489000000000000000e+03
7.533000000000000000e+03
6.271000000000000000e+03
5.078000000000000000e+03
7.437000000000000000e+03
8.007000000000000000e+03
7.749000000000000000e+03
7.287000000000000000e+03
8.741000000000000000e+03
7.597000000000000000e+03
6.763000000000000000e+03
9.650000000000000000e+03
9.688000000000000000e+03
8.686000000000000000e+03
9.840000000000000000e+03
1.302900000000000000e+04
1.053600000000000000e+04
1.058000000000000000e+04
1.435800000000000000e+04
1.494300000000000000e+04
1.385700000000000000e+04
1.535700000000000000e+04
1.398400000000000000e+04
1.575100000000000000e+04
1.561100000000000000e+04
2.174600000000000000e+04
2.387500000000000000e+04
1.970100000000000000e+04
2.036300000000000000e+04
2.221200000000000000e+04
2.147000000000000000e+04
1.682200000000000000e+04
2.511800000000000000e+04
2.472100000000000000e+04
2.176300000000000000e+04
2.189000000000000000e+04
2.383700000000000000e+04
2.121900000000000000e+04
1.894100000000000000e+04
2.591300000000000000e+04
2.622900000000000000e+04
2.105300000000000000e+04
2.083800000000000000e+04
2.187500000000000000e+04
1.938600000000000000e+04
1.700700000000000000e+04
2.276500000000000000e+04
2.067200000000000000e+04
2.042600000000000000e+04
1.883700000000000000e+04
1.989300000000000000e+04
1.730600000000000000e+04
1.497700000000000000e+04
2.209400000000000000e+04
2.170900000000000000e+04
2.080200000000000000e+04
1.865300000000000000e+04
2.066800000000000000e+04
1.905800000000000000e+04
1.682500000000000000e+04
2.598400000000000000e+04
2.501100000000000000e+04
2.315300000000000000e+04
2.365100000000000000e+04
2.623400000000000000e+04
2.447700000000000000e+04
2.362800000000000000e+04
3.818600000000000000e+04
3.336900000000000000e+04
3.562400000000000000e+04
3.060100000000000000e+04
3.153400000000000000e+04
3.073500000000000000e+04
2.797900000000000000e+04
2.912100000000000000e+04
2.670000000000000000e+04
3.236300000000000000e+04
3.153300000000000000e+04
3.111500000000000000e+04
2.566300000000000000e+04
2.308400000000000000e+04
3.050700000000000000e+04
2.927000000000000000e+04
2.661600000000000000e+04
2.606200000000000000e+04
2.744400000000000000e+04
2.317400000000000000e+04
2.001100000000000000e+04
2.636700000000000000e+04
2.598300000000000000e+04
2.377600000000000000e+04
2.210800000000000000e+04
2.062200000000000000e+04
1.755400000000000000e+04
1.593400000000000000e+04
2.331000000000000000e+04
2.265600000000000000e+04
2.005700000000000000e+04
1.716400000000000000e+04
1.879800000000000000e+04
1.593700000000000000e+04
1.467600000000000000e+04
1.513200000000000000e+04
2.204300000000000000e+04
2.272800000000000000e+04
1.918200000000000000e+04
1.985000000000000000e+04
1.669000000000000000e+04
1.393200000000000000e+04
2.021600000000000000e+04
1.950600000000000000e+04
1.873700000000000000e+04
1.796700000000000000e+04
1.791900000000000000e+04
1.377000000000000000e+04
1.181000000000000000e+04
1.914600000000000000e+04
1.755600000000000000e+04
1.606400000000000000e+04
1.552600000000000000e+04
1.312000000000000000e+04
1.318000000000000000e+04
1.087600000000000000e+04
1.608200000000000000e+04
1.703400000000000000e+04
1.534900000000000000e+04
1.364800000000000000e+04
1.415300000000000000e+04
1.178500000000000000e+04
9.337000000000000000e+03
1.364500000000000000e+04
1.413300000000000000e+04
1.251500000000000000e+04
1.158000000000000000e+04
1.374100000000000000e+04
1.115300000000000000e+04
9.808000000000000000e+03
-4.615834000000000000e+06
0.000000000000000000e+00
0.000000000000000000e+00
0.000000000000000000e+00
0.000000000000000000e+00
0.000000000000000000e+00
0.000000000000000000e+00
0.000000000000000000e+00
0.000000000000000000e+00
0.000000000000000000e+00
0.000000000000000000e+00
0.000000000000000000e+00
0.000000000000000000e+00
0.000000000000000000e+00
0.000000000000000000e+00
0.000000000000000000e+00
0.000000000000000000e+00
0.000000000000000000e+00
0.000000000000000000e+00
0.000000000000000000e+00
0.000000000000000000e+00
0.000000000000000000e+00
0.000000000000000000e+00
0.000000000000000000e+00
0.000000000000000000e+00
0.000000000000000000e+00
0.000000000000000000e+00
0.000000000000000000e+00
0.000000000000000000e+00
0.000000000000000000e+00
0.000000000000000000e+00
0.000000000000000000e+00
0.000000000000000000e+00
0.000000000000000000e+00
0.000000000000000000e+00
0.000000000000000000e+00
0.000000000000000000e+00
0.000000000000000000e+00
0.000000000000000000e+00
0.000000000000000000e+00
0.000000000000000000e+00
0.000000000000000000e+00
0.000000000000000000e+00
0.000000000000000000e+00
0.000000000000000000e+00
0.000000000000000000e+00
0.000000000000000000e+00
0.000000000000000000e+00
0.000000000000000000e+00
0.000000000000000000e+00
0.000000000000000000e+00
0.000000000000000000e+00
0.000000000000000000e+00
0.000000000000000000e+00
0.000000000000000000e+00
0.000000000000000000e+00
0.000000000000000000e+00
0.000000000000000000e+00
0.000000000000000000e+00
0.000000000000000000e+00
0.000000000000000000e+00
0.000000000000000000e+00
0.000000000000000000e+00
0.000000000000000000e+00
0.000000000000000000e+00
0.000000000000000000e+00
0.000000000000000000e+00
0.000000000000000000e+00
0.000000000000000000e+00
0.000000000000000000e+00
0.000000000000000000e+00
0.000000000000000000e+00
0.000000000000000000e+00
0.000000000000000000e+00
0.000000000000000000e+00
0.000000000000000000e+00
0.000000000000000000e+00
0.000000000000000000e+00
0.000000000000000000e+00
0.000000000000000000e+00
0.000000000000000000e+00
0.000000000000000000e+00
0.000000000000000000e+00
0.000000000000000000e+00
0.000000000000000000e+00
0.000000000000000000e+00
0.000000000000000000e+00
0.000000000000000000e+00
0.000000000000000000e+00
0.000000000000000000e+00
0.000000000000000000e+00
0.000000000000000000e+00
0.000000000000000000e+00
0.000000000000000000e+00
0.000000000000000000e+00
0.000000000000000000e+00
0.000000000000000000e+00
0.000000000000000000e+00
0.000000000000000000e+00
0.000000000000000000e+00
0.000000000000000000e+00
0.000000000000000000e+00
0.000000000000000000e+00
0.000000000000000000e+00
0.000000000000000000e+00
0.000000000000000000e+00
0.000000000000000000e+00
0.000000000000000000e+00
0.000000000000000000e+00
0.000000000000000000e+00
0.000000000000000000e+00
0.000000000000000000e+00
0.000000000000000000e+00
0.000000000000000000e+00
0.000000000000000000e+00
0.000000000000000000e+00
0.000000000000000000e+00
0.000000000000000000e+00
0.000000000000000000e+00
0.000000000000000000e+00
0.000000000000000000e+00
0.000000000000000000e+00
0.000000000000000000e+00
0.000000000000000000e+00
0.000000000000000000e+00
0.000000000000000000e+00
0.000000000000000000e+00
0.000000000000000000e+00
0.000000000000000000e+00
0.000000000000000000e+00
0.000000000000000000e+00
0.000000000000000000e+00
0.000000000000000000e+00
0.000000000000000000e+00
0.000000000000000000e+00
0.000000000000000000e+00
0.000000000000000000e+00
0.000000000000000000e+00
0.000000000000000000e+00
0.000000000000000000e+00
0.000000000000000000e+00
0.000000000000000000e+00
0.000000000000000000e+00
0.000000000000000000e+00
0.000000000000000000e+00
0.000000000000000000e+00
0.000000000000000000e+00
0.000000000000000000e+00
0.000000000000000000e+00
0.000000000000000000e+00
0.000000000000000000e+00
0.000000000000000000e+00
0.000000000000000000e+00
0.000000000000000000e+00
0.000000000000000000e+00
0.000000000000000000e+00
0.000000000000000000e+00
0.000000000000000000e+00
0.000000000000000000e+00
0.000000000000000000e+00
0.000000000000000000e+00
0.000000000000000000e+00
0.000000000000000000e+00
0.000000000000000000e+00
0.000000000000000000e+00
0.000000000000000000e+00
0.000000000000000000e+00
0.000000000000000000e+00
0.000000000000000000e+00
0.000000000000000000e+00
0.000000000000000000e+00
0.000000000000000000e+00
0.000000000000000000e+00
0.000000000000000000e+00
0.000000000000000000e+00
0.000000000000000000e+00
0.000000000000000000e+00
0.000000000000000000e+00
0.000000000000000000e+00
0.000000000000000000e+00
0.000000000000000000e+00
0.000000000000000000e+00
0.000000000000000000e+00
0.000000000000000000e+00
0.000000000000000000e+00
0.000000000000000000e+00
0.000000000000000000e+00
0.000000000000000000e+00
0.000000000000000000e+00
0.000000000000000000e+00
0.000000000000000000e+00
0.000000000000000000e+00
0.000000000000000000e+00
0.000000000000000000e+00
0.000000000000000000e+00
0.000000000000000000e+00
0.000000000000000000e+00
0.000000000000000000e+00
0.000000000000000000e+00
0.000000000000000000e+00
0.000000000000000000e+00
0.000000000000000000e+00
0.000000000000000000e+00
0.000000000000000000e+00
0.000000000000000000e+00
0.000000000000000000e+00
0.000000000000000000e+00
0.000000000000000000e+00
0.000000000000000000e+00
0.000000000000000000e+00
0.000000000000000000e+00
0.000000000000000000e+00
0.000000000000000000e+00
0.000000000000000000e+00
0.000000000000000000e+00
0.000000000000000000e+00
0.000000000000000000e+00
0.000000000000000000e+00
0.000000000000000000e+00
0.000000000000000000e+00
0.000000000000000000e+00
0.000000000000000000e+00
0.000000000000000000e+00
0.000000000000000000e+00
0.000000000000000000e+00
0.000000000000000000e+00
0.000000000000000000e+00
0.000000000000000000e+00
0.000000000000000000e+00
0.000000000000000000e+00
0.000000000000000000e+00
0.000000000000000000e+00
0.000000000000000000e+00
0.000000000000000000e+00
0.000000000000000000e+00
0.000000000000000000e+00
0.000000000000000000e+00
0.000000000000000000e+00
0.000000000000000000e+00
0.000000000000000000e+00
0.000000000000000000e+00
0.000000000000000000e+00
0.000000000000000000e+00
0.000000000000000000e+00
0.000000000000000000e+00
0.000000000000000000e+00
0.000000000000000000e+00
0.000000000000000000e+00
0.000000000000000000e+00
0.000000000000000000e+00
0.000000000000000000e+00
0.000000000000000000e+00
0.000000000000000000e+00
0.000000000000000000e+00
0.000000000000000000e+00
0.000000000000000000e+00
0.000000000000000000e+00
0.000000000000000000e+00
0.000000000000000000e+00
0.000000000000000000e+00
0.000000000000000000e+00
0.000000000000000000e+00
0.000000000000000000e+00
0.000000000000000000e+00
0.000000000000000000e+00
0.000000000000000000e+00
0.000000000000000000e+00
0.000000000000000000e+00
0.000000000000000000e+00
0.000000000000000000e+00
0.000000000000000000e+00
0.000000000000000000e+00
0.000000000000000000e+00
0.000000000000000000e+00
0.000000000000000000e+00
0.000000000000000000e+00
0.000000000000000000e+00
0.000000000000000000e+00
0.000000000000000000e+00
0.000000000000000000e+00
0.000000000000000000e+00
0.000000000000000000e+00
0.000000000000000000e+00
0.000000000000000000e+00
0.000000000000000000e+00
0.000000000000000000e+00
0.000000000000000000e+00
0.000000000000000000e+00
0.000000000000000000e+00
0.000000000000000000e+00
0.000000000000000000e+00
0.000000000000000000e+00
0.000000000000000000e+00
0.000000000000000000e+00
0.000000000000000000e+00
0.000000000000000000e+00
0.000000000000000000e+00
0.000000000000000000e+00
0.000000000000000000e+00
0.000000000000000000e+00
0.000000000000000000e+00
0.000000000000000000e+00
0.000000000000000000e+00
0.000000000000000000e+00
0.000000000000000000e+00
0.000000000000000000e+00
0.000000000000000000e+00
0.000000000000000000e+00
0.000000000000000000e+00
0.000000000000000000e+00
0.000000000000000000e+00
0.000000000000000000e+00
0.000000000000000000e+00
0.000000000000000000e+00
0.000000000000000000e+00
0.000000000000000000e+00
0.000000000000000000e+00
0.000000000000000000e+00
0.000000000000000000e+00
0.000000000000000000e+00
0.000000000000000000e+00
0.000000000000000000e+00
0.000000000000000000e+00
0.000000000000000000e+00
0.000000000000000000e+00
0.000000000000000000e+00
0.000000000000000000e+00
0.000000000000000000e+00
0.000000000000000000e+00
0.000000000000000000e+00
0.000000000000000000e+00
0.000000000000000000e+00
0.000000000000000000e+00
0.000000000000000000e+00
0.000000000000000000e+00
0.000000000000000000e+00
0.000000000000000000e+00
0.000000000000000000e+00
0.000000000000000000e+00
0.000000000000000000e+00
0.000000000000000000e+00
