-5.023593770725031209e+04
-7.001680858697628537e+03
-7.098551432357283375e+03
-7.650106434263341725e+03
-7.143557850526482071e+03
-6.454315938965271016e+03
-7.277775827068278886e+03
-4.872397931990055804e+04
-4.338980071261554258e+03
-3.426462417697850469e+03
-3.141044364962690452e+03
-1.995243977052341506e+03
-8.832402708225345123e+02
-1.512086661055551303e+03
-4.299602662562759360e+04
1.122249652237447663e+03
1.549854253446896109e+03
1.150030088099712884e+03
1.434591724741345388e+03
1.539366370222625847e+03
-2.079975818359362165e+02
-4.288347296426219691e+04
1.084986823086728691e+01
-7.763011363521763997e+02
-2.340396050467688838e+03
-3.129995995286923062e+03
-3.972592531468982997e+03
-6.507985198347061669e+03
-4.978477787777977937e+04
-7.283763189507923016e+03
-8.241680413105332264e+03
-9.746708817578670278e+03
-1.024760540575807318e+04
-1.057954851747513021e+04
-1.239727848485557115e+04
-5.477112306958960835e+04
-1.120969139808098771e+04
-1.098274341222982002e+04
-1.121562459019517701e+04
-1.039720831826789436e+04
-9.404445188698075071e+03
-9.934151527424599408e+03
-5.109766799076570896e+04
-6.442215692463900268e+03
-5.272499887751924689e+03
-4.743991875842884838e+03
-3.369869005243894208e+03
-2.044744956904660285e+03
-2.475849839854636230e+03
-4.377731161449709907e+04
5.086202654894132138e+02
1.089853248145202087e+03
8.308036667211745225e+02
1.244852560575476673e+03
1.469790927936472144e+03
-1.643802199911169737e+02
-4.273091522571633686e+04
2.711412803578023158e+02
-4.061648023080397252e+02
-1.854784788027502145e+03
