1.219340935839804879e+05
1.050869037271116395e+05
1.187412841647879395e+05
1.332191895540225669e+05
1.478567201887928240e+05
1.629900061123621708e+05
1.784025185005420935e+05
1.941070777793095331e+05
1.795200163251852791e+05
1.941768758649318770e+05
2.083800352716021880e+05
2.214814427666500269e+05
2.338678792925835296e+05
2.454066137775206880e+05
2.562247737265580508e+05
2.358799726909481105e+05
2.440716855068376753e+05
2.512839013730266015e+05
2.570623825497861253e+05
2.619941238477967272e+05
2.661470514456173987e+05
2.698434662285922095e+05
2.428249532987042621e+05
2.449584214751422987e+05
2.468739633189220622e+05
2.482380065854707500e+05
2.497294737083399377e+05
2.514770839458197588e+05
2.538313712627773348e+05
2.265291772771303949e+05
2.294002895134046266e+05
2.330068905754102743e+05
2.369192337597764854e+05
2.416951776849371963e+05
2.473216045949596446e+05
2.539911629878173699e+05
2.312719432019739761e+05
2.388195919748567103e+05
2.470223589637625555e+05
2.552823151274096163e+05
2.640002023928861599e+05
2.730217739703238476e+05
2.824189136533927522e+05
2.616630081231360382e+05
2.703399655034442549e+05
2.787972857148003532e+05
2.864263630630582338e+05
2.936474508165253792e+05
3.003551481015275931e+05
3.066977289738878608e+05
2.822478486988779041e+05
2.867141090297861956e+05
2.905840012607373064e+05
2.934015418145793374e+05
2.957471812605480081e+05
2.976780102792435791e+05
2.995017524824657012e+05
2.709422506716579082e+05
2.718460959325729054e+05
2.728210767161994008e+05
