0.000000000000000000e+00
0.000000000000000000e+00
0.000000000000000000e+00
0.000000000000000000e+00
1.000000000000000000e+00
1.000000000000000000e+00
2.000000000000000000e+00
2.000000000000000000e+00
2.000000000000000000e+00
4.000000000000000000e+00
4.000000000000000000e+00
4.000000000000000000e+00
4.000000000000000000e+00
4.000000000000000000e+00
5.000000000000000000e+00
5.000000000000000000e+00
7.000000000000000000e+00
7.000000000000000000e+00
7.000000000000000000e+00
7.000000000000000000e+00
7.000000000000000000e+00
7.000000000000000000e+00
7.000000000000000000e+00
7.000000000000000000e+00
7.000000000000000000e+00
7.000000000000000000e+00
8.000000000000000000e+00
8.000000000000000000e+00
8.000000000000000000e+00
8.000000000000000000e+00
9.000000000000000000e+00
9.000000000000000000e+00
9.000000000000000000e+00
1.000000000000000000e+01
1.200000000000000000e+01
1.200000000000000000e+01
1.400000000000000000e+01
1.500000000000000000e+01
2.100000000000000000e+01
2.600000000000000000e+01
3.200000000000000000e+01
3.700000000000000000e+01
4.200000000000000000e+01
4.600000000000000000e+01
6.000000000000000000e+01
6.400000000000000000e+01
7.400000000000000000e+01
8.800000000000000000e+01
9.200000000000000000e+01
1.270000000000000000e+02
1.410000000000000000e+02
2.130000000000000000e+02
2.360000000000000000e+02
2.960000000000000000e+02
4.500000000000000000e+02
5.320000000000000000e+02
7.320000000000000000e+02
9.210000000000000000e+02
1.175000000000000000e+03
1.653000000000000000e+03
2.045000000000000000e+03
2.600000000000000000e+03
3.185000000000000000e+03
3.683000000000000000e+03
4.550000000000000000e+03
5.248000000000000000e+03
6.085000000000000000e+03
7.015000000000000000e+03
8.121000000000000000e+03
9.246000000000000000e+03
1.052700000000000000e+04
1.221900000000000000e+04
1.355900000000000000e+04
1.490600000000000000e+04
1.615900000000000000e+04
1.752100000000000000e+04
1.885800000000000000e+04
2.015400000000000000e+04
2.153300000000000000e+04
2.277700000000000000e+04
2.408400000000000000e+04
2.530300000000000000e+04
2.693700000000000000e+04
2.856300000000000000e+04
3.022300000000000000e+04
3.191100000000000000e+04
3.394500000000000000e+04
3.535500000000000000e+04
3.704300000000000000e+04
3.871200000000000000e+04
4.035400000000000000e+04
4.216800000000000000e+04
4.412100000000000000e+04
4.597600000000000000e+04
4.755300000000000000e+04
4.886600000000000000e+04
5.050700000000000000e+04
5.217800000000000000e+04
5.381100000000000000e+04
5.550800000000000000e+04
5.727700000000000000e+04
5.882100000000000000e+04
6.016200000000000000e+04
6.156900000000000000e+04
6.294200000000000000e+04
6.451500000000000000e+04
6.587900000000000000e+04
6.725700000000000000e+04
6.844100000000000000e+04
6.950500000000000000e+04
7.061500000000000000e+04
7.183200000000000000e+04
7.302700000000000000e+04
7.414400000000000000e+04
7.535500000000000000e+04
7.653900000000000000e+04
7.767100000000000000e+04
7.870400000000000000e+04
7.981200000000000000e+04
8.106500000000000000e+04
8.224200000000000000e+04
8.335700000000000000e+04
8.430300000000000000e+04
8.535200000000000000e+04
8.629900000000000000e+04
8.706900000000000000e+04
8.792000000000000000e+04
8.876500000000000000e+04
8.956400000000000000e+04
9.031500000000000000e+04
9.095700000000000000e+04
9.174800000000000000e+04
9.244100000000000000e+04
9.310200000000000000e+04
9.374000000000000000e+04
9.433700000000000000e+04
9.507900000000000000e+04
9.568500000000000000e+04
9.615000000000000000e+04
9.658600000000000000e+04
9.707400000000000000e+04
9.748900000000000000e+04
9.789600000000000000e+04
9.832600000000000000e+04
9.866900000000000000e+04
9.903900000000000000e+04
9.940100000000000000e+04
9.979100000000000000e+04
1.001730000000000000e+05
1.005480000000000000e+05
1.009090000000000000e+05
1.012160000000000000e+05
1.015320000000000000e+05
1.019030000000000000e+05
1.022180000000000000e+05
1.025460000000000000e+05
1.028030000000000000e+05
1.031290000000000000e+05
1.034050000000000000e+05
1.038200000000000000e+05
1.041360000000000000e+05
1.043580000000000000e+05
1.047110000000000000e+05
1.050310000000000000e+05
1.052470000000000000e+05
1.054440000000000000e+05
1.058370000000000000e+05
1.061160000000000000e+05
1.064010000000000000e+05
1.067650000000000000e+05
1.070980000000000000e+05
1.073290000000000000e+05
1.075340000000000000e+05
1.080740000000000000e+05
1.084880000000000000e+05
1.088470000000000000e+05
1.092800000000000000e+05
1.097400000000000000e+05
1.101000000000000000e+05
1.104010000000000000e+05
1.111680000000000000e+05
1.117110000000000000e+05
1.121190000000000000e+05
1.127680000000000000e+05
1.132720000000000000e+05
1.136400000000000000e+05
1.139730000000000000e+05
1.146030000000000000e+05
1.149610000000000000e+05
1.154380000000000000e+05
1.158620000000000000e+05
1.163280000000000000e+05
1.165990000000000000e+05
1.168350000000000000e+05
1.170910000000000000e+05
1.177910000000000000e+05
1.181560000000000000e+05
1.184890000000000000e+05
1.189330000000000000e+05
1.191570000000000000e+05
1.193800000000000000e+05
1.200050000000000000e+05
1.203030000000000000e+05
1.206360000000000000e+05
1.211050000000000000e+05
1.215110000000000000e+05
1.217340000000000000e+05
1.219090000000000000e+05
1.220940000000000000e+05
1.230060000000000000e+05
1.233510000000000000e+05
1.235700000000000000e+05
1.242650000000000000e+05
1.244900000000000000e+05
1.247590000000000000e+05
1.254860000000000000e+05
1.258440000000000000e+05
1.262760000000000000e+05
1.267180000000000000e+05
1.272690000000000000e+05
1.276200000000000000e+05
1.278810000000000000e+05
1.288790000000000000e+05
1.293880000000000000e+05
1.299380000000000000e+05
1.305480000000000000e+05
1.311790000000000000e+05
1.315710000000000000e+05
1.319600000000000000e+05
1.323720000000000000e+05
1.338170000000000000e+05
1.342370000000000000e+05
1.351370000000000000e+05
1.359260000000000000e+05
1.364920000000000000e+05
1.370470000000000000e+05
1.383990000000000000e+05
1.392210000000000000e+05
1.401650000000000000e+05
1.411370000000000000e+05
1.423710000000000000e+05
1.433040000000000000e+05
1.442200000000000000e+05
1.458780000000000000e+05
1.471590000000000000e+05
1.484660000000000000e+05
1.498030000000000000e+05
1.514190000000000000e+05
1.528490000000000000e+05
1.542570000000000000e+05
1.565920000000000000e+05
1.584110000000000000e+05
1.603870000000000000e+05
1.621880000000000000e+05
1.644290000000000000e+05
1.662890000000000000e+05
1.679440000000000000e+05
1.704020000000000000e+05
1.724020000000000000e+05
1.742780000000000000e+05
1.767330000000000000e+05
1.793290000000000000e+05
1.812040000000000000e+05
1.830270000000000000e+05
1.847620000000000000e+05
1.881310000000000000e+05
1.905290000000000000e+05
1.930540000000000000e+05
1.955070000000000000e+05
1.973690000000000000e+05
1.992050000000000000e+05
2.023020000000000000e+05
2.048050000000000000e+05
2.073850000000000000e+05
2.097980000000000000e+05
2.127870000000000000e+05
2.148430000000000000e+05
2.169340000000000000e+05
2.212240000000000000e+05
2.239050000000000000e+05
2.266660000000000000e+05
2.296560000000000000e+05
2.329580000000000000e+05
2.353890000000000000e+05
2.377780000000000000e+05
2.410590000000000000e+05
2.459240000000000000e+05
2.488270000000000000e+05
2.525950000000000000e+05
2.571290000000000000e+05
2.613790000000000000e+05
2.653430000000000000e+05
2.700030000000000000e+05
2.744480000000000000e+05
2.784840000000000000e+05
2.839680000000000000e+05
2.887830000000000000e+05
2.931910000000000000e+05
2.972350000000000000e+05
3.031550000000000000e+05
3.075740000000000000e+05
3.122400000000000000e+05
3.169860000000000000e+05
3.218390000000000000e+05
3.267580000000000000e+05
3.316030000000000000e+05
3.385700000000000000e+05
3.435790000000000000e+05
3.488830000000000000e+05
3.543890000000000000e+05
3.603600000000000000e+05
3.660540000000000000e+05
3.715090000000000000e+05
3.793030000000000000e+05
3.849720000000000000e+05
3.913110000000000000e+05
3.978380000000000000e+05
4.045610000000000000e+05
4.105190000000000000e+05
4.166280000000000000e+05
4.245520000000000000e+05
4.306250000000000000e+05
4.369380000000000000e+05
4.435950000000000000e+05
4.505650000000000000e+05
4.566650000000000000e+05
4.623240000000000000e+05
4.707150000000000000e+05
4.771150000000000000e+05
4.837520000000000000e+05
4.912210000000000000e+05
4.982730000000000000e+05
5.045370000000000000e+05
5.105590000000000000e+05
5.180770000000000000e+05
5.242440000000000000e+05
5.310650000000000000e+05
5.379090000000000000e+05
5.435580000000000000e+05
5.487030000000000000e+05
5.544100000000000000e+05
5.596970000000000000e+05
5.685330000000000000e+05
5.763000000000000000e+05
5.832330000000000000e+05
5.884510000000000000e+05
5.950540000000000000e+05
6.043300000000000000e+05
6.141040000000000000e+05
6.214040000000000000e+05
6.297800000000000000e+05
6.384310000000000000e+05
6.478040000000000000e+05
6.548090000000000000e+05
6.617630000000000000e+05
6.698870000000000000e+05
6.764290000000000000e+05
6.832270000000000000e+05
6.906040000000000000e+05
6.973840000000000000e+05
7.035610000000000000e+05
7.097620000000000000e+05
7.159210000000000000e+05
7.207320000000000000e+05
7.265500000000000000e+05
7.326760000000000000e+05
7.385360000000000000e+05
7.433050000000000000e+05
7.478650000000000000e+05
7.535080000000000000e+05
7.577040000000000000e+05
7.618530000000000000e+05
7.666480000000000000e+05
7.713290000000000000e+05
7.754500000000000000e+05
7.790290000000000000e+05
7.837300000000000000e+05
7.866720000000000000e+05
7.899360000000000000e+05
7.940060000000000000e+05
7.981460000000000000e+05
8.012890000000000000e+05
8.042480000000000000e+05
8.080340000000000000e+05
8.108540000000000000e+05
8.142120000000000000e+05
8.172870000000000000e+05
8.204680000000000000e+05
8.232980000000000000e+05
8.255430000000000000e+05
8.274390000000000000e+05
8.314560000000000000e+05
8.340430000000000000e+05
8.373170000000000000e+05
8.403840000000000000e+05
8.430480000000000000e+05
8.455490000000000000e+05
8.492450000000000000e+05
8.520900000000000000e+05
8.549940000000000000e+05
8.580390000000000000e+05
8.612820000000000000e+05
8.638500000000000000e+05
8.660020000000000000e+05
8.695720000000000000e+05
8.724610000000000000e+05
8.752280000000000000e+05
8.782110000000000000e+05
8.814860000000000000e+05
8.838050000000000000e+05
8.861950000000000000e+05
8.903560000000000000e+05
8.933240000000000000e+05
8.964710000000000000e+05
8.995070000000000000e+05
9.030410000000000000e+05
9.058940000000000000e+05
9.087840000000000000e+05
9.126530000000000000e+05
9.156330000000000000e+05
9.190310000000000000e+05
9.227000000000000000e+05
9.269540000000000000e+05
9.303120000000000000e+05
9.335980000000000000e+05
9.385260000000000000e+05
9.422420000000000000e+05
9.465390000000000000e+05
9.517930000000000000e+05
9.569410000000000000e+05
9.612950000000000000e+05
9.655230000000000000e+05
9.718880000000000000e+05
9.769010000000000000e+05
9.828200000000000000e+05
9.886350000000000000e+05
9.932840000000000000e+05
9.991540000000000000e+05
1.003570000000000000e+06
1.010980000000000000e+06
1.021684000000000000e+06
1.029204000000000000e+06
1.037296000000000000e+06
1.046734000000000000e+06
1.053872000000000000e+06
1.061452000000000000e+06
1.072130000000000000e+06
1.079724000000000000e+06
1.088272000000000000e+06
1.098003000000000000e+06
1.107278000000000000e+06
1.114620000000000000e+06
1.122147000000000000e+06
1.132524000000000000e+06
1.139881000000000000e+06
1.148285000000000000e+06
1.156502000000000000e+06
1.165123000000000000e+06
1.172639000000000000e+06
1.179498000000000000e+06
1.188508000000000000e+06
1.195765000000000000e+06
1.203487000000000000e+06
1.211906000000000000e+06
1.220378000000000000e+06
1.227807000000000000e+06
1.234733000000000000e+06
1.243845000000000000e+06
1.250657000000000000e+06
1.258014000000000000e+06
1.266137000000000000e+06
1.274073000000000000e+06
1.280731000000000000e+06
1.287175000000000000e+06
1.294712000000000000e+06
1.300269000000000000e+06
1.306576000000000000e+06
1.313324000000000000e+06
1.319265000000000000e+06
1.324439000000000000e+06
1.329183000000000000e+06
1.334734000000000000e+06
1.338807000000000000e+06
1.343270000000000000e+06
1.348341000000000000e+06
1.352819000000000000e+06
1.356453000000000000e+06
1.359740000000000000e+06
1.362546000000000000e+06
1.366078000000000000e+06
1.368823000000000000e+06
1.371767000000000000e+06
1.374948000000000000e+06
1.377300000000000000e+06
1.379495000000000000e+06
1.382077000000000000e+06
1.383788000000000000e+06
1.385858000000000000e+06
1.388029000000000000e+06
1.390047000000000000e+06
1.391700000000000000e+06
1.393061000000000000e+06
1.394613000000000000e+06
1.395930000000000000e+06
1.397297000000000000e+06
1.398802000000000000e+06
1.400222000000000000e+06
1.401464000000000000e+06
1.402558000000000000e+06
1.403701000000000000e+06
1.404588000000000000e+06
1.405625000000000000e+06
1.406739000000000000e+06
1.407749000000000000e+06
1.408565000000000000e+06
1.409234000000000000e+06
1.410009000000000000e+06
1.410660000000000000e+06
1.411330000000000000e+06
1.412036000000000000e+06
1.412626000000000000e+06
1.413247000000000000e+06
1.413731000000000000e+06
1.414461000000000000e+06
1.415151000000000000e+06
1.415652000000000000e+06
1.416026000000000000e+06
1.416684000000000000e+06
1.417059000000000000e+06
1.417407000000000000e+06
1.418016000000000000e+06
1.418450000000000000e+06
1.418970000000000000e+06
1.419544000000000000e+06
1.420089000000000000e+06
1.420458000000000000e+06
1.420764000000000000e+06
1.421220000000000000e+06
1.421572000000000000e+06
1.421915000000000000e+06
1.422306000000000000e+06
1.422659000000000000e+06
1.423028000000000000e+06
1.423368000000000000e+06
1.423922000000000000e+06
1.424238000000000000e+06
1.424735000000000000e+06
1.425118000000000000e+06
1.425724000000000000e+06
1.426121000000000000e+06
1.426451000000000000e+06
1.427383000000000000e+06
1.427933000000000000e+06
1.428696000000000000e+06
1.429597000000000000e+06
1.430496000000000000e+06
1.431027000000000000e+06
1.431464000000000000e+06
1.431818000000000000e+06
1.433795000000000000e+06
1.434754000000000000e+06
1.436198000000000000e+06
1.437715000000000000e+06
1.438467000000000000e+06
1.439265000000000000e+06
1.442109000000000000e+06
1.443448000000000000e+06
1.445317000000000000e+06
1.447456000000000000e+06
1.449860000000000000e+06
1.450999000000000000e+06
1.451974000000000000e+06
1.455964000000000000e+06
1.457778000000000000e+06
1.460185000000000000e+06
1.462918000000000000e+06
1.465909000000000000e+06
1.467348000000000000e+06
1.468753000000000000e+06
1.473669000000000000e+06
1.476170000000000000e+06
1.479331000000000000e+06
1.482698000000000000e+06
1.486454000000000000e+06
1.488248000000000000e+06
1.489825000000000000e+06
1.496326000000000000e+06
1.499186000000000000e+06
1.503047000000000000e+06
1.507076000000000000e+06
1.511238000000000000e+06
1.513209000000000000e+06
1.515198000000000000e+06
1.516725000000000000e+06
1.525659000000000000e+06
1.529313000000000000e+06
1.533501000000000000e+06
1.538131000000000000e+06
1.539361000000000000e+06
1.542348000000000000e+06
1.551146000000000000e+06
1.555131000000000000e+06
1.559415000000000000e+06
1.564116000000000000e+06
1.569194000000000000e+06
1.571358000000000000e+06
1.573358000000000000e+06
1.581939000000000000e+06
1.585767000000000000e+06
1.589639000000000000e+06
1.594242000000000000e+06
1.598847000000000000e+06
1.600109000000000000e+06
1.601420000000000000e+06
1.612436000000000000e+06
1.615921000000000000e+06
1.620191000000000000e+06
1.623900000000000000e+06
1.629247000000000000e+06
1.631219000000000000e+06
1.632753000000000000e+06
1.640830000000000000e+06
1.643497000000000000e+06
1.647224000000000000e+06
1.651300000000000000e+06
1.655433000000000000e+06
1.657308000000000000e+06
1.659051000000000000e+06
1.660533000000000000e+06
1.667668000000000000e+06
1.670299000000000000e+06
1.673457000000000000e+06
1.676883000000000000e+06
1.678562000000000000e+06
1.679937000000000000e+06
1.685428000000000000e+06
1.687647000000000000e+06
1.690310000000000000e+06
1.693181000000000000e+06
1.695847000000000000e+06
1.697661000000000000e+06
1.699277000000000000e+06
1.702653000000000000e+06
1.704403000000000000e+06
1.706914000000000000e+06
1.709557000000000000e+06
1.712146000000000000e+06
1.713883000000000000e+06
1.715462000000000000e+06
1.718510000000000000e+06
1.720346000000000000e+06
1.722596000000000000e+06
1.725184000000000000e+06
1.727718000000000000e+06
1.729128000000000000e+06
1.730519000000000000e+06
1.735117000000000000e+06
1.737462000000000000e+06
1.740038000000000000e+06
1.741595000000000000e+06
1.745408000000000000e+06
1.746925000000000000e+06
1.748400000000000000e+06
1.752549000000000000e+06
1.754387000000000000e+06
1.756825000000000000e+06
1.759564000000000000e+06
1.762439000000000000e+06
1.764302000000000000e+06
1.765902000000000000e+06
1.770114000000000000e+06
1.772331000000000000e+06
1.774958000000000000e+06
1.779126000000000000e+06
1.782179000000000000e+06
1.784362000000000000e+06
1.786299000000000000e+06
1.790154000000000000e+06
1.792511000000000000e+06
1.795641000000000000e+06
1.798875000000000000e+06
1.802362000000000000e+06
1.805072000000000000e+06
1.807701000000000000e+06
1.812229000000000000e+06
1.815226000000000000e+06
1.818748000000000000e+06
1.823012000000000000e+06
1.825936000000000000e+06
1.831729000000000000e+06
1.835218000000000000e+06
1.841151000000000000e+06
1.845545000000000000e+06
1.851401000000000000e+06
1.858528000000000000e+06
1.867657000000000000e+06
1.875210000000000000e+06
1.883955000000000000e+06
1.898308000000000000e+06
1.910080000000000000e+06
1.925042000000000000e+06
1.945707000000000000e+06
1.969551000000000000e+06
1.989748000000000000e+06
2.008031000000000000e+06
2.029044000000000000e+06
2.053595000000000000e+06
2.102482000000000000e+06
2.142153000000000000e+06
2.182760000000000000e+06
2.219811000000000000e+06
2.253626000000000000e+06
2.292919000000000000e+06
2.340761000000000000e+06
2.379115000000000000e+06
2.420789000000000000e+06
2.465300000000000000e+06
2.496203000000000000e+06
2.525386000000000000e+06
2.584277000000000000e+06
2.615169000000000000e+06
2.648208000000000000e+06
2.679219000000000000e+06
2.719532000000000000e+06
2.738532000000000000e+06
2.756782000000000000e+06
2.800886000000000000e+06
2.821804000000000000e+06
2.844397000000000000e+06
2.867929000000000000e+06
2.890916000000000000e+06
2.905428000000000000e+06
2.911261000000000000e+06
2.932025000000000000e+06
2.960588000000000000e+06
2.966448000000000000e+06
2.997728000000000000e+06
3.015416000000000000e+06
3.025283000000000000e+06
3.033824000000000000e+06
3.055581000000000000e+06
3.066278000000000000e+06
3.081616000000000000e+06
3.095641000000000000e+06
3.109754000000000000e+06
3.117218000000000000e+06
3.123560000000000000e+06
3.139383000000000000e+06
3.148406000000000000e+06
3.159212000000000000e+06
