0.000000000000000000e+00
0.000000000000000000e+00
0.000000000000000000e+00
0.000000000000000000e+00
0.000000000000000000e+00
0.000000000000000000e+00
0.000000000000000000e+00
0.000000000000000000e+00
0.000000000000000000e+00
0.000000000000000000e+00
0.000000000000000000e+00
0.000000000000000000e+00
0.000000000000000000e+00
0.000000000000000000e+00
0.000000000000000000e+00
0.000000000000000000e+00
0.000000000000000000e+00
0.000000000000000000e+00
0.000000000000000000e+00
0.000000000000000000e+00
0.000000000000000000e+00
0.000000000000000000e+00
0.000000000000000000e+00
0.000000000000000000e+00
0.000000000000000000e+00
0.000000000000000000e+00
0.000000000000000000e+00
0.000000000000000000e+00
0.000000000000000000e+00
0.000000000000000000e+00
0.000000000000000000e+00
0.000000000000000000e+00
0.000000000000000000e+00
0.000000000000000000e+00
0.000000000000000000e+00
0.000000000000000000e+00
0.000000000000000000e+00
0.000000000000000000e+00
0.000000000000000000e+00
0.000000000000000000e+00
0.000000000000000000e+00
0.000000000000000000e+00
0.000000000000000000e+00
0.000000000000000000e+00
0.000000000000000000e+00
0.000000000000000000e+00
0.000000000000000000e+00
1.000000000000000000e+00
1.000000000000000000e+00
1.000000000000000000e+00
1.000000000000000000e+00
1.000000000000000000e+00
1.000000000000000000e+00
1.000000000000000000e+00
4.000000000000000000e+00
6.000000000000000000e+00
1.100000000000000000e+01
1.100000000000000000e+01
1.500000000000000000e+01
1.900000000000000000e+01
2.200000000000000000e+01
2.900000000000000000e+01
3.400000000000000000e+01
4.700000000000000000e+01
5.900000000000000000e+01
6.600000000000000000e+01
8.300000000000000000e+01
9.800000000000000000e+01
1.170000000000000000e+02
1.520000000000000000e+02
1.750000000000000000e+02
2.240000000000000000e+02
2.770000000000000000e+02
3.600000000000000000e+02
4.350000000000000000e+02
5.020000000000000000e+02
5.800000000000000000e+02
6.690000000000000000e+02
7.720000000000000000e+02
8.670000000000000000e+02
9.860000000000000000e+02
1.095000000000000000e+03
1.225000000000000000e+03
1.361000000000000000e+03
1.515000000000000000e+03
1.651000000000000000e+03
1.798000000000000000e+03
1.937000000000000000e+03
2.107000000000000000e+03
2.251000000000000000e+03
2.412000000000000000e+03
2.576000000000000000e+03
2.757000000000000000e+03
2.931000000000000000e+03
3.112000000000000000e+03
3.249000000000000000e+03
3.428000000000000000e+03
3.635000000000000000e+03
3.843000000000000000e+03
4.056000000000000000e+03
4.237000000000000000e+03
4.413000000000000000e+03
4.559000000000000000e+03
4.765000000000000000e+03
4.937000000000000000e+03
5.109000000000000000e+03
5.257000000000000000e+03
5.415000000000000000e+03
5.577000000000000000e+03
5.705000000000000000e+03
5.837000000000000000e+03
5.980000000000000000e+03
6.092000000000000000e+03
6.214000000000000000e+03
6.338000000000000000e+03
6.453000000000000000e+03
6.543000000000000000e+03
6.638000000000000000e+03
6.715000000000000000e+03
6.833000000000000000e+03
6.933000000000000000e+03
7.036000000000000000e+03
7.129000000000000000e+03
7.218000000000000000e+03
7.312000000000000000e+03
7.400000000000000000e+03
7.497000000000000000e+03
7.614000000000000000e+03
7.714000000000000000e+03
7.772000000000000000e+03
7.828000000000000000e+03
7.875000000000000000e+03
7.926000000000000000e+03
7.982000000000000000e+03
8.047000000000000000e+03
8.092000000000000000e+03
8.152000000000000000e+03
8.193000000000000000e+03
8.239000000000000000e+03
8.275000000000000000e+03
8.305000000000000000e+03
8.337000000000000000e+03
8.367000000000000000e+03
8.395000000000000000e+03
8.418000000000000000e+03
8.445000000000000000e+03
8.464000000000000000e+03
8.485000000000000000e+03
8.495000000000000000e+03
8.519000000000000000e+03
8.554000000000000000e+03
8.575000000000000000e+03
8.589000000000000000e+03
8.613000000000000000e+03
8.641000000000000000e+03
8.661000000000000000e+03
8.668000000000000000e+03
8.680000000000000000e+03
8.690000000000000000e+03
8.707000000000000000e+03
8.722000000000000000e+03
8.732000000000000000e+03
8.749000000000000000e+03
8.755000000000000000e+03
8.764000000000000000e+03
8.769000000000000000e+03
8.782000000000000000e+03
8.790000000000000000e+03
8.807000000000000000e+03
8.818000000000000000e+03
8.829000000000000000e+03
8.838000000000000000e+03
8.842000000000000000e+03
8.850000000000000000e+03
8.854000000000000000e+03
8.868000000000000000e+03
8.879000000000000000e+03
8.892000000000000000e+03
8.896000000000000000e+03
8.900000000000000000e+03
8.904000000000000000e+03
8.909000000000000000e+03
8.914000000000000000e+03
8.922000000000000000e+03
8.928000000000000000e+03
8.931000000000000000e+03
8.935000000000000000e+03
8.948000000000000000e+03
8.957000000000000000e+03
8.962000000000000000e+03
8.975000000000000000e+03
8.981000000000000000e+03
8.985000000000000000e+03
8.988000000000000000e+03
8.988000000000000000e+03
8.997000000000000000e+03
9.002000000000000000e+03
9.009000000000000000e+03
9.014000000000000000e+03
9.017000000000000000e+03
9.021000000000000000e+03
9.028000000000000000e+03
9.034000000000000000e+03
9.039000000000000000e+03
9.044000000000000000e+03
9.048000000000000000e+03
9.054000000000000000e+03
9.059000000000000000e+03
9.061000000000000000e+03
9.074000000000000000e+03
9.079000000000000000e+03
9.082000000000000000e+03
9.096000000000000000e+03
9.097000000000000000e+03
9.101000000000000000e+03
9.109000000000000000e+03
9.114000000000000000e+03
9.118000000000000000e+03
9.123000000000000000e+03
9.135000000000000000e+03
9.137000000000000000e+03
9.139000000000000000e+03
9.147000000000000000e+03
9.151000000000000000e+03
9.153000000000000000e+03
9.158000000000000000e+03
9.158000000000000000e+03
9.159000000000000000e+03
9.161000000000000000e+03
9.163000000000000000e+03
9.170000000000000000e+03
9.174000000000000000e+03
9.182000000000000000e+03
9.181000000000000000e+03
9.184000000000000000e+03
9.188000000000000000e+03
9.200000000000000000e+03
9.207000000000000000e+03
9.212000000000000000e+03
9.219000000000000000e+03
9.229000000000000000e+03
9.236000000000000000e+03
9.239000000000000000e+03
9.250000000000000000e+03
9.258000000000000000e+03
9.267000000000000000e+03
9.276000000000000000e+03
9.283000000000000000e+03
9.288000000000000000e+03
9.294000000000000000e+03
9.311000000000000000e+03
9.325000000000000000e+03
9.343000000000000000e+03
9.359000000000000000e+03
9.449000000000000000e+03
9.501000000000000000e+03
9.519000000000000000e+03
9.544000000000000000e+03
9.566000000000000000e+03
9.585000000000000000e+03
9.603000000000000000e+03
9.617000000000000000e+03
9.643000000000000000e+03
9.657000000000000000e+03
9.672000000000000000e+03
9.700000000000000000e+03
9.723000000000000000e+03
9.740000000000000000e+03
9.770000000000000000e+03
9.787000000000000000e+03
9.805000000000000000e+03
9.838000000000000000e+03
9.855000000000000000e+03
9.893000000000000000e+03
9.924000000000000000e+03
9.953000000000000000e+03
9.980000000000000000e+03
1.000900000000000000e+04
1.004300000000000000e+04
1.007000000000000000e+04
1.010700000000000000e+04
1.014000000000000000e+04
1.018500000000000000e+04
1.022600000000000000e+04
1.026300000000000000e+04
1.029200000000000000e+04
1.034900000000000000e+04
1.039100000000000000e+04
1.043400000000000000e+04
1.049000000000000000e+04
1.053700000000000000e+04
1.058900000000000000e+04
1.064700000000000000e+04
1.070900000000000000e+04
1.077000000000000000e+04
1.084600000000000000e+04
1.089500000000000000e+04
1.095800000000000000e+04
1.103100000000000000e+04
1.110500000000000000e+04
1.117100000000000000e+04
1.127300000000000000e+04
1.134600000000000000e+04
1.141100000000000000e+04
1.147900000000000000e+04
1.153700000000000000e+04
1.161400000000000000e+04
1.170500000000000000e+04
1.179800000000000000e+04
1.188400000000000000e+04
1.196700000000000000e+04
1.204000000000000000e+04
1.211700000000000000e+04
1.222300000000000000e+04
1.230000000000000000e+04
1.240700000000000000e+04
1.249800000000000000e+04
1.259400000000000000e+04
1.267300000000000000e+04
1.275300000000000000e+04
1.287800000000000000e+04
1.297400000000000000e+04
1.308400000000000000e+04
1.320700000000000000e+04
1.334000000000000000e+04
1.343700000000000000e+04
1.351800000000000000e+04
1.366100000000000000e+04
1.376800000000000000e+04
1.389600000000000000e+04
1.404400000000000000e+04
1.416600000000000000e+04
1.426800000000000000e+04
1.435700000000000000e+04
1.446700000000000000e+04
1.458800000000000000e+04
1.473300000000000000e+04
1.487700000000000000e+04
1.498300000000000000e+04
1.508300000000000000e+04
1.520600000000000000e+04
1.531800000000000000e+04
1.552000000000000000e+04
1.562500000000000000e+04
1.573600000000000000e+04
1.581900000000000000e+04
1.592200000000000000e+04
1.599200000000000000e+04
1.622400000000000000e+04
1.637000000000000000e+04
1.650600000000000000e+04
1.668900000000000000e+04
1.681900000000000000e+04
1.694900000000000000e+04
1.706500000000000000e+04
1.719000000000000000e+04
1.733800000000000000e+04
1.751900000000000000e+04
1.766600000000000000e+04
1.784300000000000000e+04
1.795700000000000000e+04
1.809700000000000000e+04
1.822200000000000000e+04
1.836000000000000000e+04
1.854800000000000000e+04
1.868800000000000000e+04
1.886400000000000000e+04
1.898100000000000000e+04
1.911100000000000000e+04
1.923700000000000000e+04
1.938000000000000000e+04
1.946500000000000000e+04
1.966500000000000000e+04
1.980200000000000000e+04
1.994300000000000000e+04
2.003300000000000000e+04
2.013700000000000000e+04
2.021400000000000000e+04
2.035600000000000000e+04
2.051400000000000000e+04
2.061000000000000000e+04
2.070300000000000000e+04
2.076800000000000000e+04
2.083600000000000000e+04
2.091000000000000000e+04
2.100500000000000000e+04
2.108900000000000000e+04
2.116300000000000000e+04
2.122900000000000000e+04
2.129400000000000000e+04
2.132500000000000000e+04
2.139800000000000000e+04
2.143600000000000000e+04
2.149900000000000000e+04
2.157700000000000000e+04
2.163100000000000000e+04
2.167500000000000000e+04
2.172400000000000000e+04
2.176300000000000000e+04
2.180800000000000000e+04
2.186600000000000000e+04
2.191600000000000000e+04
2.196100000000000000e+04
2.199500000000000000e+04
2.201800000000000000e+04
2.204600000000000000e+04
2.210600000000000000e+04
2.215200000000000000e+04
2.219300000000000000e+04
2.221400000000000000e+04
2.224000000000000000e+04
2.227700000000000000e+04
2.230500000000000000e+04
2.233600000000000000e+04
2.237200000000000000e+04
2.240500000000000000e+04
2.243500000000000000e+04
2.246400000000000000e+04
2.249600000000000000e+04
2.252000000000000000e+04
2.255500000000000000e+04
2.259100000000000000e+04
2.261800000000000000e+04
2.264400000000000000e+04
2.267700000000000000e+04
2.271700000000000000e+04
2.273600000000000000e+04
2.276000000000000000e+04
2.279100000000000000e+04
2.282700000000000000e+04
2.285300000000000000e+04
2.288100000000000000e+04
2.290100000000000000e+04
2.292700000000000000e+04
2.296000000000000000e+04
2.300300000000000000e+04
2.303200000000000000e+04
2.305100000000000000e+04
2.307500000000000000e+04
2.309600000000000000e+04
2.314200000000000000e+04
2.317400000000000000e+04
2.321200000000000000e+04
2.325200000000000000e+04
2.328800000000000000e+04
2.331600000000000000e+04
2.335700000000000000e+04
2.339300000000000000e+04
2.344600000000000000e+04
2.350100000000000000e+04
2.354200000000000000e+04
2.359000000000000000e+04
2.362400000000000000e+04
2.366800000000000000e+04
2.371400000000000000e+04
2.376400000000000000e+04
2.382300000000000000e+04
2.388400000000000000e+04
2.392800000000000000e+04
2.396600000000000000e+04
2.402500000000000000e+04
2.406600000000000000e+04
2.411800000000000000e+04
2.417000000000000000e+04
2.422000000000000000e+04
2.426200000000000000e+04
2.430100000000000000e+04
2.434300000000000000e+04
2.439700000000000000e+04
2.445100000000000000e+04
2.449000000000000000e+04
2.453000000000000000e+04
2.456900000000000000e+04
2.462700000000000000e+04
2.468300000000000000e+04
2.471500000000000000e+04
2.476900000000000000e+04
2.482600000000000000e+04
2.487000000000000000e+04
2.490900000000000000e+04
2.494900000000000000e+04
2.498300000000000000e+04
2.501900000000000000e+04
2.506700000000000000e+04
2.511200000000000000e+04
2.516300000000000000e+04
2.520400000000000000e+04
2.523200000000000000e+04
2.526200000000000000e+04
2.532500000000000000e+04
2.536200000000000000e+04
2.541200000000000000e+04
2.544100000000000000e+04
2.547900000000000000e+04
2.551300000000000000e+04
2.554800000000000000e+04
2.556700000000000000e+04
2.561300000000000000e+04
2.564500000000000000e+04
2.568000000000000000e+04
2.571300000000000000e+04
2.572500000000000000e+04
2.576200000000000000e+04
2.579200000000000000e+04
2.584400000000000000e+04
2.587400000000000000e+04
2.588700000000000000e+04
2.591500000000000000e+04
2.593200000000000000e+04
2.594600000000000000e+04
2.597300000000000000e+04
2.600200000000000000e+04
2.601300000000000000e+04
2.602400000000000000e+04
2.605500000000000000e+04
2.607700000000000000e+04
2.608800000000000000e+04
2.615600000000000000e+04
2.617600000000000000e+04
2.619300000000000000e+04
2.619800000000000000e+04
2.621500000000000000e+04
2.622800000000000000e+04
2.623900000000000000e+04
2.627500000000000000e+04
2.629600000000000000e+04
2.631500000000000000e+04
2.633900000000000000e+04
2.634900000000000000e+04
2.636100000000000000e+04
2.636900000000000000e+04
2.638200000000000000e+04
2.638800000000000000e+04
2.640600000000000000e+04
2.642000000000000000e+04
2.642900000000000000e+04
2.643700000000000000e+04
2.644000000000000000e+04
2.645100000000000000e+04
2.645900000000000000e+04
2.647300000000000000e+04
2.649000000000000000e+04
2.649400000000000000e+04
2.650100000000000000e+04
2.650500000000000000e+04
2.650900000000000000e+04
2.651300000000000000e+04
2.652700000000000000e+04
2.654000000000000000e+04
2.654500000000000000e+04
2.654900000000000000e+04
2.655400000000000000e+04
2.656100000000000000e+04
2.657100000000000000e+04
2.657700000000000000e+04
2.659300000000000000e+04
2.659900000000000000e+04
2.660100000000000000e+04
2.660200000000000000e+04
2.660800000000000000e+04
2.661900000000000000e+04
2.663800000000000000e+04
2.665500000000000000e+04
2.666400000000000000e+04
2.667000000000000000e+04
2.667900000000000000e+04
2.668400000000000000e+04
2.668900000000000000e+04
2.669300000000000000e+04
2.669900000000000000e+04
2.670200000000000000e+04
2.670100000000000000e+04
2.670500000000000000e+04
2.672000000000000000e+04
2.676200000000000000e+04
2.678400000000000000e+04
2.679000000000000000e+04
2.679100000000000000e+04
2.679300000000000000e+04
2.681500000000000000e+04
2.684900000000000000e+04
2.685600000000000000e+04
2.686500000000000000e+04
2.689100000000000000e+04
2.689900000000000000e+04
2.690200000000000000e+04
2.691900000000000000e+04
2.693300000000000000e+04
2.696300000000000000e+04
2.699200000000000000e+04
2.700700000000000000e+04
2.701700000000000000e+04
2.702200000000000000e+04
2.702500000000000000e+04
2.706800000000000000e+04
2.710800000000000000e+04
2.713500000000000000e+04
2.717100000000000000e+04
2.718700000000000000e+04
2.719900000000000000e+04
2.723900000000000000e+04
2.726400000000000000e+04
2.730600000000000000e+04
2.732600000000000000e+04
2.737100000000000000e+04
2.738500000000000000e+04
2.739600000000000000e+04
2.743500000000000000e+04
2.748900000000000000e+04
2.753800000000000000e+04
2.758200000000000000e+04
2.762100000000000000e+04
2.763600000000000000e+04
2.764600000000000000e+04
2.770000000000000000e+04
2.775600000000000000e+04
2.782000000000000000e+04
2.786300000000000000e+04
2.792200000000000000e+04
2.794600000000000000e+04
2.795400000000000000e+04
2.800300000000000000e+04
2.805100000000000000e+04
2.811300000000000000e+04
2.814200000000000000e+04
2.818700000000000000e+04
2.819600000000000000e+04
2.820400000000000000e+04
2.821600000000000000e+04
2.829100000000000000e+04
2.837000000000000000e+04
2.842200000000000000e+04
2.846900000000000000e+04
2.848300000000000000e+04
2.849400000000000000e+04
2.856500000000000000e+04
2.860400000000000000e+04
2.864500000000000000e+04
2.866800000000000000e+04
2.873000000000000000e+04
2.874600000000000000e+04
2.875000000000000000e+04
2.880600000000000000e+04
2.884200000000000000e+04
2.888200000000000000e+04
2.892900000000000000e+04
2.895300000000000000e+04
2.896500000000000000e+04
2.897000000000000000e+04
2.902400000000000000e+04
2.905700000000000000e+04
2.909600000000000000e+04
2.911600000000000000e+04
2.913300000000000000e+04
2.914000000000000000e+04
2.915100000000000000e+04
2.919400000000000000e+04
2.921800000000000000e+04
2.925100000000000000e+04
2.926700000000000000e+04
2.931000000000000000e+04
2.932500000000000000e+04
2.933800000000000000e+04
2.938500000000000000e+04
2.940400000000000000e+04
2.943200000000000000e+04
2.946300000000000000e+04
2.948200000000000000e+04
2.949200000000000000e+04
2.949900000000000000e+04
2.952700000000000000e+04
2.955600000000000000e+04
2.958100000000000000e+04
2.960100000000000000e+04
2.961900000000000000e+04
2.962900000000000000e+04
2.963400000000000000e+04
2.967100000000000000e+04
2.968800000000000000e+04
2.971500000000000000e+04
2.973800000000000000e+04
2.975800000000000000e+04
2.976700000000000000e+04
2.976900000000000000e+04
2.980100000000000000e+04
2.982800000000000000e+04
2.985300000000000000e+04
2.987700000000000000e+04
2.990100000000000000e+04
2.991100000000000000e+04
2.992000000000000000e+04
2.994200000000000000e+04
2.997000000000000000e+04
2.999500000000000000e+04
3.001300000000000000e+04
3.003300000000000000e+04
3.004100000000000000e+04
3.004600000000000000e+04
3.006400000000000000e+04
3.008600000000000000e+04
3.011400000000000000e+04
3.013200000000000000e+04
3.014600000000000000e+04
3.015300000000000000e+04
3.016300000000000000e+04
3.019000000000000000e+04
3.021900000000000000e+04
3.025400000000000000e+04
3.028100000000000000e+04
3.031900000000000000e+04
3.034000000000000000e+04
3.037000000000000000e+04
3.040000000000000000e+04
3.043600000000000000e+04
3.052500000000000000e+04
3.058500000000000000e+04
3.066800000000000000e+04
3.069900000000000000e+04
3.076500000000000000e+04
3.086100000000000000e+04
3.095700000000000000e+04
3.108100000000000000e+04
3.119100000000000000e+04
3.132400000000000000e+04
3.146400000000000000e+04
3.152900000000000000e+04
3.167600000000000000e+04
3.182700000000000000e+04
3.200600000000000000e+04
3.221700000000000000e+04
3.238000000000000000e+04
3.250400000000000000e+04
3.256000000000000000e+04
3.271500000000000000e+04
3.296200000000000000e+04
3.305900000000000000e+04
3.336800000000000000e+04
3.352300000000000000e+04
3.364700000000000000e+04
3.372200000000000000e+04
3.387000000000000000e+04
3.403200000000000000e+04
3.420700000000000000e+04
3.437800000000000000e+04
3.453600000000000000e+04
3.463500000000000000e+04
3.471900000000000000e+04
3.484500000000000000e+04
3.496900000000000000e+04
3.511400000000000000e+04
3.523100000000000000e+04
3.537200000000000000e+04
3.543900000000000000e+04
3.547000000000000000e+04
3.557200000000000000e+04
3.567400000000000000e+04
3.578700000000000000e+04
3.587600000000000000e+04
3.595500000000000000e+04
3.597100000000000000e+04
3.600000000000000000e+04
3.600500000000000000e+04
3.611700000000000000e+04
3.621300000000000000e+04
