0.000000000000000000e+00
0.000000000000000000e+00
0.000000000000000000e+00
0.000000000000000000e+00
1.000000000000000000e+00
0.000000000000000000e+00
1.000000000000000000e+00
0.000000000000000000e+00
0.000000000000000000e+00
2.000000000000000000e+00
0.000000000000000000e+00
0.000000000000000000e+00
0.000000000000000000e+00
0.000000000000000000e+00
1.000000000000000000e+00
0.000000000000000000e+00
2.000000000000000000e+00
0.000000000000000000e+00
0.000000000000000000e+00
0.000000000000000000e+00
0.000000000000000000e+00
0.000000000000000000e+00
0.000000000000000000e+00
0.000000000000000000e+00
0.000000000000000000e+00
0.000000000000000000e+00
1.000000000000000000e+00
0.000000000000000000e+00
0.000000000000000000e+00
0.000000000000000000e+00
1.000000000000000000e+00
0.000000000000000000e+00
0.000000000000000000e+00
1.000000000000000000e+00
2.000000000000000000e+00
0.000000000000000000e+00
2.000000000000000000e+00
1.000000000000000000e+00
6.000000000000000000e+00
5.000000000000000000e+00
6.000000000000000000e+00
5.000000000000000000e+00
5.000000000000000000e+00
4.000000000000000000e+00
1.400000000000000000e+01
4.000000000000000000e+00
1.000000000000000000e+01
1.400000000000000000e+01
4.000000000000000000e+00
3.500000000000000000e+01
1.400000000000000000e+01
7.200000000000000000e+01
2.300000000000000000e+01
6.000000000000000000e+01
1.540000000000000000e+02
8.200000000000000000e+01
2.000000000000000000e+02
1.890000000000000000e+02
2.540000000000000000e+02
4.780000000000000000e+02
3.920000000000000000e+02
5.550000000000000000e+02
5.850000000000000000e+02
5.120000000000000000e+02
8.530000000000000000e+02
7.070000000000000000e+02
8.280000000000000000e+02
9.080000000000000000e+02
1.147000000000000000e+03
1.106000000000000000e+03
1.281000000000000000e+03
1.692000000000000000e+03
1.340000000000000000e+03
1.358000000000000000e+03
1.242000000000000000e+03
1.366000000000000000e+03
1.333000000000000000e+03
1.307000000000000000e+03
1.375000000000000000e+03
1.237000000000000000e+03
1.307000000000000000e+03
1.219000000000000000e+03
1.634000000000000000e+03
1.627000000000000000e+03
1.659000000000000000e+03
1.688000000000000000e+03
2.034000000000000000e+03
1.410000000000000000e+03
1.688000000000000000e+03
1.669000000000000000e+03
1.642000000000000000e+03
1.814000000000000000e+03
1.953000000000000000e+03
1.855000000000000000e+03
1.577000000000000000e+03
1.313000000000000000e+03
1.641000000000000000e+03
1.671000000000000000e+03
1.633000000000000000e+03
1.697000000000000000e+03
1.769000000000000000e+03
1.544000000000000000e+03
1.341000000000000000e+03
1.407000000000000000e+03
1.373000000000000000e+03
1.573000000000000000e+03
1.364000000000000000e+03
1.378000000000000000e+03
1.184000000000000000e+03
1.064000000000000000e+03
1.110000000000000000e+03
1.217000000000000000e+03
1.195000000000000000e+03
1.117000000000000000e+03
1.211000000000000000e+03
1.184000000000000000e+03
1.132000000000000000e+03
1.033000000000000000e+03
1.108000000000000000e+03
1.253000000000000000e+03
1.177000000000000000e+03
1.115000000000000000e+03
9.460000000000000000e+02
1.049000000000000000e+03
9.470000000000000000e+02
7.700000000000000000e+02
8.510000000000000000e+02
8.450000000000000000e+02
7.990000000000000000e+02
7.510000000000000000e+02
6.420000000000000000e+02
7.910000000000000000e+02
6.930000000000000000e+02
6.610000000000000000e+02
6.380000000000000000e+02
5.970000000000000000e+02
7.420000000000000000e+02
6.060000000000000000e+02
4.650000000000000000e+02
4.360000000000000000e+02
4.880000000000000000e+02
4.150000000000000000e+02
4.070000000000000000e+02
4.300000000000000000e+02
3.430000000000000000e+02
3.700000000000000000e+02
3.620000000000000000e+02
3.900000000000000000e+02
3.820000000000000000e+02
3.750000000000000000e+02
3.610000000000000000e+02
3.070000000000000000e+02
3.160000000000000000e+02
3.710000000000000000e+02
3.150000000000000000e+02
3.280000000000000000e+02
2.570000000000000000e+02
3.260000000000000000e+02
2.760000000000000000e+02
4.150000000000000000e+02
3.160000000000000000e+02
2.220000000000000000e+02
3.530000000000000000e+02
3.200000000000000000e+02
2.160000000000000000e+02
1.970000000000000000e+02
3.930000000000000000e+02
2.790000000000000000e+02
2.850000000000000000e+02
3.640000000000000000e+02
3.330000000000000000e+02
2.310000000000000000e+02
2.050000000000000000e+02
5.400000000000000000e+02
4.140000000000000000e+02
3.590000000000000000e+02
4.330000000000000000e+02
4.600000000000000000e+02
3.600000000000000000e+02
3.010000000000000000e+02
7.670000000000000000e+02
5.430000000000000000e+02
4.080000000000000000e+02
6.490000000000000000e+02
5.040000000000000000e+02
3.680000000000000000e+02
3.330000000000000000e+02
6.300000000000000000e+02
3.580000000000000000e+02
4.770000000000000000e+02
4.240000000000000000e+02
4.660000000000000000e+02
2.710000000000000000e+02
2.360000000000000000e+02
2.560000000000000000e+02
7.000000000000000000e+02
3.650000000000000000e+02
3.330000000000000000e+02
4.440000000000000000e+02
2.240000000000000000e+02
2.230000000000000000e+02
6.250000000000000000e+02
2.980000000000000000e+02
3.330000000000000000e+02
4.690000000000000000e+02
4.060000000000000000e+02
2.230000000000000000e+02
1.750000000000000000e+02
1.850000000000000000e+02
9.120000000000000000e+02
3.450000000000000000e+02
2.190000000000000000e+02
6.950000000000000000e+02
2.250000000000000000e+02
2.690000000000000000e+02
7.260000000000000000e+02
3.590000000000000000e+02
4.320000000000000000e+02
4.420000000000000000e+02
5.510000000000000000e+02
3.510000000000000000e+02
2.610000000000000000e+02
9.980000000000000000e+02
5.090000000000000000e+02
5.500000000000000000e+02
6.100000000000000000e+02
6.310000000000000000e+02
3.920000000000000000e+02
3.890000000000000000e+02
4.120000000000000000e+02
1.445000000000000000e+03
4.200000000000000000e+02
9.000000000000000000e+02
7.890000000000000000e+02
5.660000000000000000e+02
5.550000000000000000e+02
1.352000000000000000e+03
8.220000000000000000e+02
9.440000000000000000e+02
9.720000000000000000e+02
1.234000000000000000e+03
9.330000000000000000e+02
9.160000000000000000e+02
1.658000000000000000e+03
1.281000000000000000e+03
1.307000000000000000e+03
1.337000000000000000e+03
1.616000000000000000e+03
1.430000000000000000e+03
1.408000000000000000e+03
2.335000000000000000e+03
1.819000000000000000e+03
1.976000000000000000e+03
1.801000000000000000e+03
2.241000000000000000e+03
1.860000000000000000e+03
1.655000000000000000e+03
2.458000000000000000e+03
2.000000000000000000e+03
1.876000000000000000e+03
2.455000000000000000e+03
2.596000000000000000e+03
1.875000000000000000e+03
1.823000000000000000e+03
1.735000000000000000e+03
3.369000000000000000e+03
2.398000000000000000e+03
2.525000000000000000e+03
2.453000000000000000e+03
1.898000000000000000e+03
1.800000000000000000e+03
3.097000000000000000e+03
2.503000000000000000e+03
2.580000000000000000e+03
2.413000000000000000e+03
2.989000000000000000e+03
2.056000000000000000e+03
2.091000000000000000e+03
4.290000000000000000e+03
2.681000000000000000e+03
2.761000000000000000e+03
2.990000000000000000e+03
3.302000000000000000e+03
2.431000000000000000e+03
2.389000000000000000e+03
3.281000000000000000e+03
4.865000000000000000e+03
2.903000000000000000e+03
3.768000000000000000e+03
4.534000000000000000e+03
4.250000000000000000e+03
3.964000000000000000e+03
4.660000000000000000e+03
4.445000000000000000e+03
4.036000000000000000e+03
5.484000000000000000e+03
4.815000000000000000e+03
4.408000000000000000e+03
4.044000000000000000e+03
5.920000000000000000e+03
4.419000000000000000e+03
4.666000000000000000e+03
4.746000000000000000e+03
4.853000000000000000e+03
4.919000000000000000e+03
4.845000000000000000e+03
6.967000000000000000e+03
5.009000000000000000e+03
5.304000000000000000e+03
5.506000000000000000e+03
5.971000000000000000e+03
5.694000000000000000e+03
5.455000000000000000e+03
7.794000000000000000e+03
5.669000000000000000e+03
6.339000000000000000e+03
6.526000000000000000e+03
6.723000000000000000e+03
5.958000000000000000e+03
6.109000000000000000e+03
7.924000000000000000e+03
6.073000000000000000e+03
6.313000000000000000e+03
6.657000000000000000e+03
6.969000000000000000e+03
6.100000000000000000e+03
5.659000000000000000e+03
8.391000000000000000e+03
6.400000000000000000e+03
6.637000000000000000e+03
7.469000000000000000e+03
7.052000000000000000e+03
6.264000000000000000e+03
6.022000000000000000e+03
7.518000000000000000e+03
6.168000000000000000e+03
6.821000000000000000e+03
6.844000000000000000e+03
5.878000000000000000e+03
5.277000000000000000e+03
5.346000000000000000e+03
5.381000000000000000e+03
8.742000000000000000e+03
7.767000000000000000e+03
6.933000000000000000e+03
5.503000000000000000e+03
6.318000000000000000e+03
9.274000000000000000e+03
9.777000000000000000e+03
7.300000000000000000e+03
8.376000000000000000e+03
8.652000000000000000e+03
9.373000000000000000e+03
7.008000000000000000e+03
7.261000000000000000e+03
7.817000000000000000e+03
6.542000000000000000e+03
6.798000000000000000e+03
7.377000000000000000e+03
6.776000000000000000e+03
6.177000000000000000e+03
6.201000000000000000e+03
6.159000000000000000e+03
4.811000000000000000e+03
5.818000000000000000e+03
6.126000000000000000e+03
5.860000000000000000e+03
4.769000000000000000e+03
4.560000000000000000e+03
5.643000000000000000e+03
4.196000000000000000e+03
4.149000000000000000e+03
4.795000000000000000e+03
4.681000000000000000e+03
4.121000000000000000e+03
3.579000000000000000e+03
4.701000000000000000e+03
2.942000000000000000e+03
3.264000000000000000e+03
4.070000000000000000e+03
4.140000000000000000e+03
3.143000000000000000e+03
2.959000000000000000e+03
3.786000000000000000e+03
2.820000000000000000e+03
3.358000000000000000e+03
3.075000000000000000e+03
3.181000000000000000e+03
2.830000000000000000e+03
2.245000000000000000e+03
2.039000000000000000e+03
3.874000000000000000e+03
2.587000000000000000e+03
3.274000000000000000e+03
3.067000000000000000e+03
2.664000000000000000e+03
2.501000000000000000e+03
3.696000000000000000e+03
2.845000000000000000e+03
2.904000000000000000e+03
3.045000000000000000e+03
3.243000000000000000e+03
2.568000000000000000e+03
2.152000000000000000e+03
3.570000000000000000e+03
2.889000000000000000e+03
2.767000000000000000e+03
2.983000000000000000e+03
3.273000000000000000e+03
2.321000000000000000e+03
2.390000000000000000e+03
4.160000000000000000e+03
2.969000000000000000e+03
3.146000000000000000e+03
3.037000000000000000e+03
3.534000000000000000e+03
2.853000000000000000e+03
2.887000000000000000e+03
3.872000000000000000e+03
2.980000000000000000e+03
3.398000000000000000e+03
3.669000000000000000e+03
4.254000000000000000e+03
3.358000000000000000e+03
3.286000000000000000e+03
4.927000000000000000e+03
3.717000000000000000e+03
4.294000000000000000e+03
5.257000000000000000e+03
5.148000000000000000e+03
4.354000000000000000e+03
4.228000000000000000e+03
6.367000000000000000e+03
5.011000000000000000e+03
5.919000000000000000e+03
5.815000000000000000e+03
4.649000000000000000e+03
5.870000000000000000e+03
4.416000000000000000e+03
7.410000000000000000e+03
1.070600000000000000e+04
7.518000000000000000e+03
8.106000000000000000e+03
9.423000000000000000e+03
7.140000000000000000e+03
7.578000000000000000e+03
1.067900000000000000e+04
7.594000000000000000e+03
8.554000000000000000e+03
9.735000000000000000e+03
9.274000000000000000e+03
7.589000000000000000e+03
7.269000000000000000e+03
1.038000000000000000e+04
7.357000000000000000e+03
8.403000000000000000e+03
8.227000000000000000e+03
8.616000000000000000e+03
7.511000000000000000e+03
6.859000000000000000e+03
9.010000000000000000e+03
7.257000000000000000e+03
7.722000000000000000e+03
8.419000000000000000e+03
8.472000000000000000e+03
7.429000000000000000e+03
6.925000000000000000e+03
9.124000000000000000e+03
6.801000000000000000e+03
7.374000000000000000e+03
8.130000000000000000e+03
7.912000000000000000e+03
6.658000000000000000e+03
6.444000000000000000e+03
7.544000000000000000e+03
5.559000000000000000e+03
6.328000000000000000e+03
6.724000000000000000e+03
5.944000000000000000e+03
5.165000000000000000e+03
4.744000000000000000e+03
5.554000000000000000e+03
4.070000000000000000e+03
4.463000000000000000e+03
5.071000000000000000e+03
4.478000000000000000e+03
3.634000000000000000e+03
3.287000000000000000e+03
2.806000000000000000e+03
3.532000000000000000e+03
2.745000000000000000e+03
2.944000000000000000e+03
3.181000000000000000e+03
2.352000000000000000e+03
2.195000000000000000e+03
2.582000000000000000e+03
1.711000000000000000e+03
2.072000000000000000e+03
2.169000000000000000e+03
2.018000000000000000e+03
1.653000000000000000e+03
1.361000000000000000e+03
1.552000000000000000e+03
1.317000000000000000e+03
1.384000000000000000e+03
1.503000000000000000e+03
1.410000000000000000e+03
1.237000000000000000e+03
1.094000000000000000e+03
1.143000000000000000e+03
8.860000000000000000e+02
1.038000000000000000e+03
1.114000000000000000e+03
1.010000000000000000e+03
8.160000000000000000e+02
6.690000000000000000e+02
7.540000000000000000e+02
6.700000000000000000e+02
6.720000000000000000e+02
7.060000000000000000e+02
5.880000000000000000e+02
6.230000000000000000e+02
4.840000000000000000e+02
7.300000000000000000e+02
6.900000000000000000e+02
5.010000000000000000e+02
3.740000000000000000e+02
6.580000000000000000e+02
3.750000000000000000e+02
3.480000000000000000e+02
6.090000000000000000e+02
4.270000000000000000e+02
5.270000000000000000e+02
5.740000000000000000e+02
5.450000000000000000e+02
3.690000000000000000e+02
3.060000000000000000e+02
4.540000000000000000e+02
3.540000000000000000e+02
3.320000000000000000e+02
4.020000000000000000e+02
3.530000000000000000e+02
3.690000000000000000e+02
3.400000000000000000e+02
5.540000000000000000e+02
3.160000000000000000e+02
4.970000000000000000e+02
3.830000000000000000e+02
6.060000000000000000e+02
3.970000000000000000e+02
3.300000000000000000e+02
9.320000000000000000e+02
5.500000000000000000e+02
7.630000000000000000e+02
9.010000000000000000e+02
8.990000000000000000e+02
5.310000000000000000e+02
4.370000000000000000e+02
3.540000000000000000e+02
1.977000000000000000e+03
9.590000000000000000e+02
1.444000000000000000e+03
1.517000000000000000e+03
7.520000000000000000e+02
7.980000000000000000e+02
2.844000000000000000e+03
1.339000000000000000e+03
1.869000000000000000e+03
2.136000000000000000e+03
2.407000000000000000e+03
1.139000000000000000e+03
9.750000000000000000e+02
3.992000000000000000e+03
1.813000000000000000e+03
2.407000000000000000e+03
2.732000000000000000e+03
2.991000000000000000e+03
1.439000000000000000e+03
1.405000000000000000e+03
4.934000000000000000e+03
2.312000000000000000e+03
3.332000000000000000e+03
3.367000000000000000e+03
3.756000000000000000e+03
1.794000000000000000e+03
1.577000000000000000e+03
6.501000000000000000e+03
2.860000000000000000e+03
3.861000000000000000e+03
4.029000000000000000e+03
4.162000000000000000e+03
1.971000000000000000e+03
1.989000000000000000e+03
1.527000000000000000e+03
8.934000000000000000e+03
3.646000000000000000e+03
4.195000000000000000e+03
4.631000000000000000e+03
1.230000000000000000e+03
2.987000000000000000e+03
8.797000000000000000e+03
3.985000000000000000e+03
4.285000000000000000e+03
4.701000000000000000e+03
5.078000000000000000e+03
2.164000000000000000e+03
2.000000000000000000e+03
8.578000000000000000e+03
3.831000000000000000e+03
3.872000000000000000e+03
4.603000000000000000e+03
4.605000000000000000e+03
1.262000000000000000e+03
1.311000000000000000e+03
1.101300000000000000e+04
3.488000000000000000e+03
4.270000000000000000e+03
3.709000000000000000e+03
5.347000000000000000e+03
1.972000000000000000e+03
1.534000000000000000e+03
8.077000000000000000e+03
2.667000000000000000e+03
3.725000000000000000e+03
4.078000000000000000e+03
4.133000000000000000e+03
1.875000000000000000e+03
1.743000000000000000e+03
1.482000000000000000e+03
7.135000000000000000e+03
2.609000000000000000e+03
3.180000000000000000e+03
3.426000000000000000e+03
1.679000000000000000e+03
1.375000000000000000e+03
5.487000000000000000e+03
2.222000000000000000e+03
2.664000000000000000e+03
2.871000000000000000e+03
2.666000000000000000e+03
1.814000000000000000e+03
1.616000000000000000e+03
3.376000000000000000e+03
1.750000000000000000e+03
2.511000000000000000e+03
2.643000000000000000e+03
2.589000000000000000e+03
1.737000000000000000e+03
1.579000000000000000e+03
3.048000000000000000e+03
1.836000000000000000e+03
2.249000000000000000e+03
2.589000000000000000e+03
2.534000000000000000e+03
1.410000000000000000e+03
1.391000000000000000e+03
4.598000000000000000e+03
2.344000000000000000e+03
2.577000000000000000e+03
1.557000000000000000e+03
3.813000000000000000e+03
1.517000000000000000e+03
1.475000000000000000e+03
4.080000000000000000e+03
1.907000000000000000e+03
2.438000000000000000e+03
2.738000000000000000e+03
2.876000000000000000e+03
1.863000000000000000e+03
1.600000000000000000e+03
4.212000000000000000e+03
2.217000000000000000e+03
2.627000000000000000e+03
4.168000000000000000e+03
3.053000000000000000e+03
2.183000000000000000e+03
1.937000000000000000e+03
3.855000000000000000e+03
2.357000000000000000e+03
3.130000000000000000e+03
3.234000000000000000e+03
3.487000000000000000e+03
2.710000000000000000e+03
2.628000000000000000e+03
4.529000000000000000e+03
2.997000000000000000e+03
3.522000000000000000e+03
4.264000000000000000e+03
2.924000000000000000e+03
5.793000000000000000e+03
3.489000000000000000e+03
5.933000000000000000e+03
4.394000000000000000e+03
5.855000000000000000e+03
7.128000000000000000e+03
9.129000000000000000e+03
7.552000000000000000e+03
8.746000000000000000e+03
1.435300000000000000e+04
1.177200000000000000e+04
1.496200000000000000e+04
2.066500000000000000e+04
2.404900000000000000e+04
2.043800000000000000e+04
1.843400000000000000e+04
2.114900000000000000e+04
2.381800000000000000e+04
4.888700000000000000e+04
3.967100000000000000e+04
4.060700000000000000e+04
3.705100000000000000e+04
3.381500000000000000e+04
3.929300000000000000e+04
4.784200000000000000e+04
3.835400000000000000e+04
4.167400000000000000e+04
4.451100000000000000e+04
3.090300000000000000e+04
2.918300000000000000e+04
5.889100000000000000e+04
3.089100000000000000e+04
3.304000000000000000e+04
3.100100000000000000e+04
4.032300000000000000e+04
1.900000000000000000e+04
1.825000000000000000e+04
4.410400000000000000e+04
2.091800000000000000e+04
2.259200000000000000e+04
2.353100000000000000e+04
2.298900000000000000e+04
1.451200000000000000e+04
7.475000000000000000e+03
1.912100000000000000e+04
2.856400000000000000e+04
7.106000000000000000e+03
3.003400000000000000e+04
1.768800000000000000e+04
9.867000000000000000e+03
8.541000000000000000e+03
2.175700000000000000e+04
1.069700000000000000e+04
1.533800000000000000e+04
1.402300000000000000e+04
1.411500000000000000e+04
7.464000000000000000e+03
6.342000000000000000e+03
1.582300000000000000e+04
9.023000000000000000e+03
1.080600000000000000e+04
1.092300000000000000e+04
7.664000000000000000e+03
1.079000000000000000e+04
4.401000000000000000e+03
1.251900000000000000e+04
5.808000000000000000e+03
8.177000000000000000e+03
7.254000000000000000e+03
7.255000000000000000e+03
3.980000000000000000e+03
3.163000000000000000e+03
2.818000000000000000e+03
8.547000000000000000e+03
9.211000000000000000e+03
5.644000000000000000e+03
9.462000000000000000e+03
2.338000000000000000e+03
4.212000000000000000e+03
