0.000000000000000000e+00
0.000000000000000000e+00
0.000000000000000000e+00
0.000000000000000000e+00
0.000000000000000000e+00
0.000000000000000000e+00
0.000000000000000000e+00
0.000000000000000000e+00
0.000000000000000000e+00
0.000000000000000000e+00
0.000000000000000000e+00
0.000000000000000000e+00
0.000000000000000000e+00
0.000000000000000000e+00
0.000000000000000000e+00
0.000000000000000000e+00
0.000000000000000000e+00
0.000000000000000000e+00
0.000000000000000000e+00
0.000000000000000000e+00
0.000000000000000000e+00
0.000000000000000000e+00
0.000000000000000000e+00
0.000000000000000000e+00
0.000000000000000000e+00
0.000000000000000000e+00
0.000000000000000000e+00
0.000000000000000000e+00
0.000000000000000000e+00
0.000000000000000000e+00
0.000000000000000000e+00
0.000000000000000000e+00
0.000000000000000000e+00
0.000000000000000000e+00
0.000000000000000000e+00
0.000000000000000000e+00
0.000000000000000000e+00
0.000000000000000000e+00
0.000000000000000000e+00
0.000000000000000000e+00
0.000000000000000000e+00
0.000000000000000000e+00
0.000000000000000000e+00
0.000000000000000000e+00
0.000000000000000000e+00
0.000000000000000000e+00
0.000000000000000000e+00
0.000000000000000000e+00
0.000000000000000000e+00
0.000000000000000000e+00
0.000000000000000000e+00
0.000000000000000000e+00
0.000000000000000000e+00
0.000000000000000000e+00
0.000000000000000000e+00
0.000000000000000000e+00
0.000000000000000000e+00
0.000000000000000000e+00
0.000000000000000000e+00
0.000000000000000000e+00
0.000000000000000000e+00
0.000000000000000000e+00
2.000000000000000000e+00
2.000000000000000000e+00
2.000000000000000000e+00
2.000000000000000000e+00
2.000000000000000000e+00
2.000000000000000000e+00
2.000000000000000000e+00
2.000000000000000000e+00
2.000000000000000000e+00
3.000000000000000000e+00
3.000000000000000000e+00
3.000000000000000000e+00
3.000000000000000000e+00
3.000000000000000000e+00
3.000000000000000000e+00
3.000000000000000000e+00
3.000000000000000000e+00
3.000000000000000000e+00
3.000000000000000000e+00
3.000000000000000000e+00
3.000000000000000000e+00
3.000000000000000000e+00
3.000000000000000000e+00
4.000000000000000000e+00
4.000000000000000000e+00
6.000000000000000000e+00
6.000000000000000000e+00
6.000000000000000000e+00
6.000000000000000000e+00
6.000000000000000000e+00
7.000000000000000000e+00
7.000000000000000000e+00
7.000000000000000000e+00
8.000000000000000000e+00
8.000000000000000000e+00
8.000000000000000000e+00
8.000000000000000000e+00
8.000000000000000000e+00
8.000000000000000000e+00
8.000000000000000000e+00
8.000000000000000000e+00
8.000000000000000000e+00
8.000000000000000000e+00
8.000000000000000000e+00
9.000000000000000000e+00
9.000000000000000000e+00
1.000000000000000000e+01
1.100000000000000000e+01
1.100000000000000000e+01
1.100000000000000000e+01
1.100000000000000000e+01
1.200000000000000000e+01
1.300000000000000000e+01
1.300000000000000000e+01
1.300000000000000000e+01
1.300000000000000000e+01
1.300000000000000000e+01
1.400000000000000000e+01
1.400000000000000000e+01
1.400000000000000000e+01
1.400000000000000000e+01
1.400000000000000000e+01
1.400000000000000000e+01
1.400000000000000000e+01
1.400000000000000000e+01
1.400000000000000000e+01
1.400000000000000000e+01
1.400000000000000000e+01
1.400000000000000000e+01
1.600000000000000000e+01
1.600000000000000000e+01
1.600000000000000000e+01
1.600000000000000000e+01
1.600000000000000000e+01
1.600000000000000000e+01
1.600000000000000000e+01
1.600000000000000000e+01
1.600000000000000000e+01
1.700000000000000000e+01
1.700000000000000000e+01
1.700000000000000000e+01
1.700000000000000000e+01
1.700000000000000000e+01
1.700000000000000000e+01
1.800000000000000000e+01
1.900000000000000000e+01
1.900000000000000000e+01
1.900000000000000000e+01
1.900000000000000000e+01
1.900000000000000000e+01
2.100000000000000000e+01
2.100000000000000000e+01
2.100000000000000000e+01
2.100000000000000000e+01
2.200000000000000000e+01
2.200000000000000000e+01
2.400000000000000000e+01
2.400000000000000000e+01
2.400000000000000000e+01
2.400000000000000000e+01
2.400000000000000000e+01
2.500000000000000000e+01
2.500000000000000000e+01
2.500000000000000000e+01
2.500000000000000000e+01
2.500000000000000000e+01
2.500000000000000000e+01
2.500000000000000000e+01
2.500000000000000000e+01
2.500000000000000000e+01
2.600000000000000000e+01
2.800000000000000000e+01
2.900000000000000000e+01
3.100000000000000000e+01
3.100000000000000000e+01
3.200000000000000000e+01
3.200000000000000000e+01
3.500000000000000000e+01
4.200000000000000000e+01
5.700000000000000000e+01
6.400000000000000000e+01
6.900000000000000000e+01
7.200000000000000000e+01
7.200000000000000000e+01
7.500000000000000000e+01
1.010000000000000000e+02
1.040000000000000000e+02
1.040000000000000000e+02
1.640000000000000000e+02
1.660000000000000000e+02
1.710000000000000000e+02
1.870000000000000000e+02
1.870000000000000000e+02
2.110000000000000000e+02
5.560000000000000000e+02
5.630000000000000000e+02
5.750000000000000000e+02
5.750000000000000000e+02
7.040000000000000000e+02
7.150000000000000000e+02
7.150000000000000000e+02
8.350000000000000000e+02
8.480000000000000000e+02
8.480000000000000000e+02
2.352000000000000000e+03
2.370000000000000000e+03
2.379000000000000000e+03
2.407000000000000000e+03
2.426000000000000000e+03
2.442000000000000000e+03
2.457000000000000000e+03
2.460000000000000000e+03
2.509000000000000000e+03
2.563000000000000000e+03
2.732000000000000000e+03
2.734000000000000000e+03
2.776000000000000000e+03
2.789000000000000000e+03
2.817000000000000000e+03
2.929000000000000000e+03
3.327000000000000000e+03
3.379000000000000000e+03
3.454000000000000000e+03
3.483000000000000000e+03
3.611000000000000000e+03
3.643000000000000000e+03
3.786000000000000000e+03
3.806000000000000000e+03
3.981000000000000000e+03
4.640000000000000000e+03
4.767000000000000000e+03
4.898000000000000000e+03
5.811000000000000000e+03
6.543000000000000000e+03
6.693000000000000000e+03
7.358000000000000000e+03
7.502000000000000000e+03
7.685000000000000000e+03
7.947000000000000000e+03
7.969000000000000000e+03
8.033000000000000000e+03
8.112000000000000000e+03
8.359000000000000000e+03
8.431000000000000000e+03
8.482000000000000000e+03
8.569000000000000000e+03
8.749000000000000000e+03
8.776000000000000000e+03
8.787000000000000000e+03
8.937000000000000000e+03
9.014000000000000000e+03
9.083000000000000000e+03
9.351000000000000000e+03
9.419000000000000000e+03
9.429000000000000000e+03
9.451000000000000000e+03
9.611000000000000000e+03
9.673000000000000000e+03
9.759000000000000000e+03
9.778000000000000000e+03
9.807000000000000000e+03
9.817000000000000000e+03
9.913000000000000000e+03
1.012000000000000000e+04
1.014500000000000000e+04
1.032900000000000000e+04
1.036000000000000000e+04
1.041900000000000000e+04
1.042200000000000000e+04
1.042600000000000000e+04
1.052800000000000000e+04
1.058700000000000000e+04
1.060900000000000000e+04
1.074800000000000000e+04
1.077500000000000000e+04
1.077900000000000000e+04
1.081300000000000000e+04
1.087800000000000000e+04
1.092900000000000000e+04
1.097200000000000000e+04
1.100000000000000000e+04
1.103600000000000000e+04
1.103800000000000000e+04
1.120100000000000000e+04
1.130400000000000000e+04
1.134400000000000000e+04
1.143800000000000000e+04
1.157800000000000000e+04
1.160200000000000000e+04
1.160500000000000000e+04
1.162000000000000000e+04
1.170100000000000000e+04
1.173900000000000000e+04
1.218800000000000000e+04
1.224300000000000000e+04
1.246700000000000000e+04
1.268000000000000000e+04
1.284300000000000000e+04
1.314000000000000000e+04
1.315200000000000000e+04
1.318200000000000000e+04
1.319100000000000000e+04
1.320900000000000000e+04
1.322500000000000000e+04
1.323400000000000000e+04
1.327200000000000000e+04
1.333900000000000000e+04
1.335500000000000000e+04
1.338800000000000000e+04
1.341200000000000000e+04
1.343900000000000000e+04
1.353500000000000000e+04
1.360000000000000000e+04
1.369700000000000000e+04
1.377400000000000000e+04
1.387400000000000000e+04
1.390800000000000000e+04
1.393900000000000000e+04
1.394900000000000000e+04
1.400400000000000000e+04
1.419500000000000000e+04
1.421800000000000000e+04
1.433200000000000000e+04
1.458200000000000000e+04
1.468400000000000000e+04
1.483700000000000000e+04
1.498100000000000000e+04
1.519600000000000000e+04
1.537300000000000000e+04
1.562600000000000000e+04
1.584900000000000000e+04
1.596700000000000000e+04
1.604100000000000000e+04
1.631700000000000000e+04
1.689200000000000000e+04
1.719800000000000000e+04
1.760200000000000000e+04
1.785100000000000000e+04
1.803900000000000000e+04
1.827700000000000000e+04
1.874300000000000000e+04
1.965500000000000000e+04
2.007600000000000000e+04
2.072700000000000000e+04
2.093100000000000000e+04
2.105500000000000000e+04
2.116700000000000000e+04
2.177700000000000000e+04
2.220000000000000000e+04
2.266600000000000000e+04
2.317700000000000000e+04
2.391200000000000000e+04
2.429200000000000000e+04
2.446200000000000000e+04
2.493800000000000000e+04
2.540800000000000000e+04
2.584500000000000000e+04
2.625400000000000000e+04
2.646800000000000000e+04
2.693100000000000000e+04
2.749300000000000000e+04
2.785800000000000000e+04
2.822600000000000000e+04
2.923000000000000000e+04
2.957100000000000000e+04
2.983100000000000000e+04
3.002000000000000000e+04
3.027000000000000000e+04
3.043200000000000000e+04
3.121000000000000000e+04
3.140900000000000000e+04
3.165200000000000000e+04
3.229500000000000000e+04
3.237800000000000000e+04
3.256400000000000000e+04
3.273900000000000000e+04
3.277700000000000000e+04
3.287200000000000000e+04
3.322000000000000000e+04
3.335900000000000000e+04
3.345400000000000000e+04
3.357300000000000000e+04
3.367500000000000000e+04
3.377800000000000000e+04
3.395000000000000000e+04
3.400200000000000000e+04
3.409900000000000000e+04
3.414100000000000000e+04
3.426100000000000000e+04
3.436300000000000000e+04
3.444000000000000000e+04
3.457600000000000000e+04
3.488700000000000000e+04
3.503500000000000000e+04
3.509000000000000000e+04
3.527300000000000000e+04
3.541900000000000000e+04
3.575000000000000000e+04
3.578800000000000000e+04
3.599400000000000000e+04
3.622000000000000000e+04
3.626100000000000000e+04
3.633500000000000000e+04
3.649800000000000000e+04
3.698000000000000000e+04
3.704300000000000000e+04
3.725900000000000000e+04
3.736600000000000000e+04
3.752000000000000000e+04
3.757800000000000000e+04
3.789300000000000000e+04
3.804300000000000000e+04
3.810400000000000000e+04
3.821700000000000000e+04
3.826400000000000000e+04
3.847000000000000000e+04
3.851400000000000000e+04
3.879300000000000000e+04
3.894200000000000000e+04
3.910500000000000000e+04
3.922100000000000000e+04
3.928200000000000000e+04
3.935000000000000000e+04
3.950400000000000000e+04
3.969400000000000000e+04
3.997600000000000000e+04
4.088400000000000000e+04
4.115300000000000000e+04
4.129200000000000000e+04
4.139800000000000000e+04
4.145500000000000000e+04
4.167600000000000000e+04
4.184800000000000000e+04
4.191000000000000000e+04
4.212100000000000000e+04
4.226400000000000000e+04
4.234600000000000000e+04
4.235800000000000000e+04
4.264100000000000000e+04
4.330600000000000000e+04
4.335400000000000000e+04
4.348300000000000000e+04
4.355500000000000000e+04
4.364000000000000000e+04
4.372100000000000000e+04
4.398400000000000000e+04
4.416200000000000000e+04
4.432200000000000000e+04
4.439200000000000000e+04
4.443700000000000000e+04
4.452500000000000000e+04
4.476000000000000000e+04
4.495300000000000000e+04
4.503900000000000000e+04
4.513600000000000000e+04
4.527800000000000000e+04
4.533400000000000000e+04
4.555800000000000000e+04
4.564200000000000000e+04
4.574000000000000000e+04
4.590900000000000000e+04
4.590900000000000000e+04
4.602100000000000000e+04
4.623800000000000000e+04
4.623800000000000000e+04
4.623800000000000000e+04
4.623800000000000000e+04
4.668300000000000000e+04
4.692200000000000000e+04
4.714600000000000000e+04
4.717300000000000000e+04
4.730000000000000000e+04
4.738400000000000000e+04
4.751800000000000000e+04
4.769800000000000000e+04
4.777600000000000000e+04
4.777600000000000000e+04
4.794600000000000000e+04
4.824700000000000000e+04
4.835500000000000000e+04
4.844500000000000000e+04
4.853100000000000000e+04
4.853100000000000000e+04
4.895100000000000000e+04
4.913800000000000000e+04
4.921300000000000000e+04
4.936000000000000000e+04
4.955000000000000000e+04
4.959600000000000000e+04
4.967000000000000000e+04
5.005300000000000000e+04
5.024100000000000000e+04
5.044300000000000000e+04
5.067500000000000000e+04
5.094800000000000000e+04
5.104800000000000000e+04
5.117700000000000000e+04
5.182100000000000000e+04
5.188200000000000000e+04
5.203200000000000000e+04
5.239000000000000000e+04
5.264600000000000000e+04
5.276900000000000000e+04
5.314300000000000000e+04
5.373400000000000000e+04
5.413700000000000000e+04
5.453500000000000000e+04
5.518700000000000000e+04
5.553800000000000000e+04
5.553800000000000000e+04
5.771600000000000000e+04
5.771600000000000000e+04
5.897000000000000000e+04
5.924900000000000000e+04
6.048400000000000000e+04
6.048400000000000000e+04
6.121100000000000000e+04
6.202600000000000000e+04
6.226000000000000000e+04
6.335700000000000000e+04
6.393200000000000000e+04
6.490000000000000000e+04
6.490000000000000000e+04
6.733000000000000000e+04
6.778000000000000000e+04
6.871000000000000000e+04
6.967200000000000000e+04
7.038300000000000000e+04
7.077300000000000000e+04
7.151800000000000000e+04
7.527200000000000000e+04
7.585000000000000000e+04
7.610200000000000000e+04
7.687100000000000000e+04
7.795700000000000000e+04
7.857900000000000000e+04
7.890800000000000000e+04
8.042100000000000000e+04
8.240500000000000000e+04
8.461300000000000000e+04
8.666600000000000000e+04
8.731300000000000000e+04
8.777800000000000000e+04
8.901000000000000000e+04
9.019900000000000000e+04
9.044800000000000000e+04
9.076100000000000000e+04
9.203000000000000000e+04
9.287900000000000000e+04
9.313600000000000000e+04
9.350800000000000000e+04
9.393100000000000000e+04
9.441200000000000000e+04
9.455600000000000000e+04
9.525000000000000000e+04
9.591300000000000000e+04
9.621900000000000000e+04
9.634100000000000000e+04
9.656800000000000000e+04
0.000000000000000000e+00
0.000000000000000000e+00
0.000000000000000000e+00
0.000000000000000000e+00
0.000000000000000000e+00
0.000000000000000000e+00
0.000000000000000000e+00
0.000000000000000000e+00
0.000000000000000000e+00
0.000000000000000000e+00
0.000000000000000000e+00
0.000000000000000000e+00
0.000000000000000000e+00
0.000000000000000000e+00
0.000000000000000000e+00
0.000000000000000000e+00
0.000000000000000000e+00
0.000000000000000000e+00
0.000000000000000000e+00
0.000000000000000000e+00
0.000000000000000000e+00
0.000000000000000000e+00
0.000000000000000000e+00
0.000000000000000000e+00
0.000000000000000000e+00
0.000000000000000000e+00
0.000000000000000000e+00
0.000000000000000000e+00
0.000000000000000000e+00
0.000000000000000000e+00
0.000000000000000000e+00
0.000000000000000000e+00
0.000000000000000000e+00
