-1.049653779758357501e+02
-2.753440177693127566e+01
-1.021220731022139148e+03
-9.622674796164760380e+01
-6.171188246530206811e+01
-1.210109246902824509e+02
-1.253397617595762057e+02
-1.106284202354226665e+02
-3.319744403534895127e+01
-1.026883773282911761e+03
-1.018897902221417695e+02
-6.737492472731403836e+01
-1.266739669537180362e+02
-1.310028040227452379e+02
-1.162914624979696754e+02
-3.886048629642940000e+01
-1.032546815543684488e+03
-1.075528324826360063e+02
-7.303796698932603704e+01
-1.323370092118612149e+02
-1.366658462828721099e+02
-1.219545047575564496e+02
-4.452352855825949973e+01
-1.038209857804456988e+03
-1.132158747448851557e+02
-7.870100924805637987e+01
-1.380000514733221166e+02
-1.423288885429990955e+02
-1.276175470186232985e+02
-5.018657081859009850e+01
-1.043872900065169233e+03
-1.188789170063614762e+02
-8.436405151006829328e+01
-1.436630937347831036e+02
-1.479919308031259391e+02
-1.332805892798972991e+02
-5.584961308042016981e+01
-1.049535942325941960e+03
-1.245419592658736008e+02
-9.002709377043953509e+01
-1.493261359962441759e+02
-1.536549730651701111e+02
-1.389436315409642759e+02
-6.151265534225052534e+01
-1.055198984586714232e+03
-1.302050015263676812e+02
-9.569013603093694087e+01
-1.549891782543874115e+02
-1.593180153233799672e+02
-1.446066738005511638e+02
-6.717569760258109568e+01
-1.060862026847297557e+03
-1.358680437868618469e+02
-1.013531782913080121e+02
-1.606522205138737718e+02
-1.649810575854239687e+02
-1.502697160616179985e+02
-7.283873986174839388e+01
-1.066525069108199204e+03
-1.415310860473559273e+02
