1.478080693922273349e+05
1.482543459760541155e+05
1.487671482286979735e+05
1.492569843955915421e+05
1.498023074540703674e+05
1.503192855491858500e+05
1.508153658732842305e+05
1.515185377152985893e+05
1.519648142991251370e+05
1.524776165517691697e+05
1.529674527186627383e+05
1.535127757771418255e+05
1.540297538722571044e+05
1.545258341963556304e+05
1.552290060383698437e+05
1.556752826221963333e+05
1.561880848748404824e+05
1.566779210417337308e+05
1.572232441002126143e+05
1.577402221953280387e+05
1.582363025194263319e+05
1.589394743614407780e+05
1.593857509452675586e+05
1.598985531979115913e+05
1.603883893648052763e+05
1.609337124232839851e+05
1.614506905183992349e+05
1.619467708424976736e+05
1.626499426845121488e+05
1.630962192683387548e+05
1.636090215209829330e+05
1.640988576878762979e+05
1.646441807463552395e+05
1.651611588414704893e+05
1.656572391655689571e+05
1.663604110075833742e+05
1.668066875914097764e+05
1.673194898440540128e+05
1.678093260109472612e+05
1.683546490694263193e+05
1.688716271645417146e+05
1.693677074886402115e+05
1.700708793306545704e+05
1.705171559144813218e+05
1.710299581671252963e+05
1.715197943340185448e+05
1.720651173924974282e+05
1.725820954876128235e+05
1.730781758117111167e+05
1.737813476537258539e+05
1.742276242375524016e+05
1.747404264901964634e+05
1.752302626570898574e+05
1.757755857155688573e+05
1.762925638106843689e+05
1.767886441347824584e+05
1.774918159767970792e+05
1.779380925606235687e+05
1.784508948132675432e+05
1.789407309801609954e+05
