3.697025304636092642e+02
3.447946071525679486e+02
4.311802901713050460e+02
4.353187140134670017e+02
5.460379269843276688e+02
5.597583142440211077e+02
5.862603084236259292e+02
5.701648929308722700e+02
5.426071782668810783e+02
6.238024130740553801e+02
6.202153694177807211e+02
7.207269947144970956e+02
7.218568398098085481e+02
7.335287564040569350e+02
7.005484249825509551e+02
6.542730726217230313e+02
7.151728421398092905e+02
6.899948697519702137e+02
7.679240959526590586e+02
7.457994625020603507e+02
7.338731393345390188e+02
6.772814964423768060e+02
6.077083332923942862e+02
6.459399758374776184e+02
5.990234385411813491e+02
6.564218046651913028e+02
6.152255914191797501e+02
5.859078401262364650e+02
5.137917233067219058e+02
4.307112370991479793e+02
4.575646230011784041e+02
4.014717280318525923e+02
4.519294462830625889e+02
4.060239770848080525e+02
3.741875888861140425e+02
3.016686119447024339e+02
2.201951440154907118e+02
2.505320160869021322e+02
1.996421205991375700e+02
2.568461318731788765e+02
2.190392374187575228e+02
1.964524525892418296e+02
1.341271281260835622e+02
6.358302726513592518e+01
1.053794206845853125e+02
6.628021406675615879e+01
1.354170634168833089e+02
1.095090368395939322e+02
9.862635093539383035e+01
4.766676329103137988e+01
-1.197501402369394441e+01
4.015457246590523255e+01
1.073331193185582322e+01
8.882611898212168455e+01
7.110402258707865997e+01
6.760683756215327378e+01
2.321816326935559260e+01
-3.066685672827507858e+01
2.641851039315471183e+01
1.176023936365311329e+00
