1.836972886045565995e-02
6.519992576062375381e-03
6.520535088642934185e-03
1.829595686099331348e-02
6.521548106037968612e-03
6.522051915233178371e-03
6.522516991553008875e-03
1.851553944492138892e-02
6.665803160499466674e-03
6.666345673108099376e-03
1.844176744542358470e-02
6.667358690448910684e-03
6.667862499669162911e-03
6.668327576013992515e-03
1.866135002937355930e-02
6.811613744969030257e-03
6.812156257543245177e-03
1.858757802986779270e-02
6.813169274886914442e-03
6.813673084105583734e-03
6.814138160448687288e-03
1.880716061380183560e-02
6.957424329406122418e-03
6.957966842008410369e-03
1.873338861431200417e-02
6.958979859324917333e-03
6.959483668541694042e-03
6.959948744896525194e-03
1.895297119823011189e-02
7.103234913813293201e-03
7.103777426413540250e-03
1.887919919871810723e-02
7.104790443735854201e-03
7.105294252977900626e-03
7.105759329296615703e-03
1.909878178265838819e-02
7.249045498280306740e-03
7.249588010846743161e-03
1.902500978318648686e-02
7.250601028173858827e-03
7.251104837413883432e-03
7.251569913744452742e-03
1.924459236712411717e-02
7.394856082687477523e-03
7.395398595281889829e-03
1.917082036760652669e-02
7.396411612598333477e-03
7.396915421850303388e-03
7.397380498179149250e-03
1.939040295152849244e-02
7.540666667094648307e-03
7.541209179717036498e-03
1.931663095205073122e-02
7.542222197070302253e-03
7.542726006286288795e-03
7.543191082640127686e-03
1.953621353598066629e-02
7.686477251531743937e-03
7.687019764120218285e-03
1.946244153647077452e-02
