5.243511799718222477e+01
8.951766158351892955e+01
7.092433309927892537e+01
8.428091901629089477e+01
6.725810402856423309e+01
6.355289239745611241e+01
4.563615271205962642e+01
3.971982470764065454e+01
7.589352896090393585e+01
5.647064174956793892e+01
6.908310127075053231e+01
5.140694259611027661e+01
4.714366988924486890e+01
2.876776430780766702e+01
2.249386600159380123e+01
5.841337056956832186e+01
3.884050162159645225e+01
5.140712484756901546e+01
3.378830006831627486e+01
2.968367882449506467e+01
1.156504492660567607e+01
5.643535387474479137e+00
4.200628115784846983e+01
2.296252843721297765e+01
3.613850519290071617e+01
1.920302870465257783e+01
1.584896116274150302e+01
-1.459189654981952078e+00
-6.517987477011900843e+00
3.075163686513503336e+01
1.265057205735173618e+01
2.679645979840898917e+01
1.084937106874369661e+01
8.493332299704981381e+00
-7.816001438714165417e+00
-1.188398903097802872e+01
2.635977755422078772e+01
9.207738191465079325e+00
2.426937798539796276e+01
9.196984609071625627e+00
7.667256149836447321e+00
-7.870944166244663087e+00
-1.122915009245297391e+01
2.765756682908667585e+01
1.107693711410425763e+01
2.663457686056958451e+01
1.197980895806898971e+01
1.078732698641570309e+01
-4.495003403020183086e+00
-7.678670902691537847e+00
3.130236390207491937e+01
1.473801783299834867e+01
3.023716309075937758e+01
1.545342693500441200e+01
1.406681736907805380e+01
-1.468530775893715834e+00
-4.956954692215793656e+00
3.367552959486719288e+01
1.672747113856575751e+01
3.181694162478385479e+01
