4.600961887589126854e+04
4.606281381354191399e+04
4.611297833285332308e+04
4.614064117629687098e+04
4.616132903519789397e+04
4.622952981079091114e+04
4.627511119291372597e+04
4.632219072776050598e+04
4.636508301338009915e+04
4.640362599818618037e+04
4.641849683182612353e+04
4.642538278541849286e+04
4.647894017192893807e+04
4.650920862999334349e+04
4.654047705591055274e+04
4.656722692736444878e+04
4.658945508784623235e+04
4.658798652129388938e+04
4.657864269867811527e+04
4.661619847514655703e+04
4.663079493110316253e+04
4.664680445386948850e+04
4.665877379746136285e+04
4.666674716616792284e+04
4.665157981212238519e+04
4.662910767486125405e+04
4.665410597540588788e+04
4.665670408216756914e+04
4.666125286189043254e+04
4.666227016513158014e+04
4.665976640220911213e+04
4.663456061116018100e+04
4.660245246093279275e+04
4.661818302401075925e+04
4.661185156620226917e+04
4.660778450799911661e+04
4.660048216058406251e+04
4.658994515958943521e+04
4.655699097966352565e+04
4.651742596922145458e+04
4.652600575017974916e+04
4.651285125483272714e+04
4.650231659144500009e+04
4.648893439011892042e+04
4.647274061001146765e+04
4.643458925637683569e+04
4.639032251736835315e+04
4.639472923870699015e+04
4.637795908192987554e+04
4.636438862916627841e+04
4.634856515281651082e+04
4.633053009129993006e+04
4.629113273075415054e+04
4.624619964370656089e+04
4.625049283227664273e+04
4.623412393854299444e+04
4.622142078888734250e+04
4.620687198143821297e+04
4.619045153574006690e+04
4.615293407046604261e+04
