8.508373123711075736e-02
7.371710064196593248e-02
7.782768903750064693e-02
7.365119191985609881e-02
1.240711359445603457e-01
7.160901827850617296e-02
8.937306530061021881e-02
1.071725569826395552e-01
9.218256285830875307e-02
9.235056472396199756e-02
8.404206294181404413e-02
1.302731230375087368e-01
7.369640023874610146e-02
8.754589623056244219e-02
1.017475139227901060e-01
8.358036707212079808e-02
8.108041907164156847e-02
7.068363233872453077e-02
1.154566525591894655e-01
5.808161414746014495e-02
7.180034979647224869e-02
8.652507773055899409e-02
6.950051052705133459e-02
6.870892663733482730e-02
6.051533386966335970e-02
1.079006796936944623e-01
5.344961037867957537e-02
7.029796525048376266e-02
8.824697389943068904e-02
7.442898855170801409e-02
7.671617866545715758e-02
7.136920404522673067e-02
1.212737129060637575e-01
6.893106631611817248e-02
8.740838556974299400e-02
1.064548141311923157e-01
9.316876594216301488e-02
9.540754425744116252e-02
8.943632312422904185e-02
1.381643331024245136e-01
8.413466717717806020e-02
1.004728367341778811e-01
1.170010202063207772e-01
1.009028431154364303e-01
1.001301544263457771e-01
9.104888330541653640e-02
1.366719181976686071e-01
7.964552966270334322e-02
9.319457422197396923e-02
1.072335277475101739e-01
8.902828831262971088e-02
8.660030675073294992e-02
7.637021162957106923e-02
1.213889399065452290e-01
6.432294869683964633e-02
7.839878239818007244e-02
9.351406259452602066e-02
7.689984090899928959e-02
7.652585469878217528e-02
6.874581594732287471e-02
