3.993432083899517870e+00
3.977267506646239070e+00
3.971374676507740009e+00
3.965378652267998127e+00
3.959211359439371414e+00
3.952896277789365254e+00
3.977193144240459333e+00
3.991144993667047114e+00
3.974980416413750550e+00
3.969087586275261259e+00
3.963091562035523818e+00
3.956924269206897105e+00
3.950609187556920698e+00
3.974906054008001011e+00
3.988857903434577246e+00
3.972693326181331752e+00
3.966800496042794943e+00
3.960804471803046400e+00
3.954637178974412137e+00
3.948322097324444613e+00
3.972618963775456535e+00
3.986570813202106489e+00
3.970406235948856555e+00
3.964513405810315749e+00
3.958517381570570315e+00
3.952350088741928058e+00
3.946035007091935221e+00
3.970331873542979562e+00
3.984283722969617969e+00
3.968119145716354268e+00
3.962226315577836999e+00
3.956230291338113325e+00
3.950062998509443535e+00
3.943747916859474678e+00
3.968044783310540335e+00
3.981996632737147657e+00
3.965832055483879515e+00
3.959939225345370684e+00
3.953943201105637240e+00
3.947775908276968782e+00
3.941460826627014136e+00
3.965757693078101553e+00
3.979709542504686670e+00
3.963544965251390995e+00
3.957652135112898151e+00
3.951656110873159822e+00
3.945488818044474932e+00
3.939173736394489200e+00
3.963470602845625024e+00
3.977422452272215914e+00
3.961257875018902475e+00
3.955365044880425618e+00
3.949369020640682404e+00
3.943201727812051693e+00
3.936886646162028658e+00
3.961183512613185798e+00
3.975135362039727394e+00
3.958970784786414399e+00
3.953077954647953085e+00
3.947081930408208095e+00
