4.369862139126890616e-02
4.994957723927052201e-02
3.099943898439010137e-02
2.508046962775620226e-02
2.583143677958901069e-02
6.509537529452305571e-02
4.739908610992749072e-02
4.927188402982206339e-02
5.745937512958852050e-02
4.035338097933331702e-02
3.612069807806352062e-02
3.833914779271466178e-02
7.879736688504029862e-02
6.197612805291750904e-02
6.436864434793966583e-02
7.269558767303076208e-02
5.533589809364301837e-02
5.045604318086824303e-02
5.164616573257312798e-02
9.071956577714487824e-02
7.219331501923195726e-02
7.260747897704548925e-02
7.873871039407183414e-02
5.902933499103590886e-02
5.171464268264312769e-02
5.045688439473733355e-02
8.714248812895665497e-02
6.636036399988387569e-02
6.471884663770395563e-02
6.905711095501534946e-02
4.787225175266739130e-02
3.944480449238922659e-02
3.747126433832217302e-02
7.386016503008574485e-02
5.320962464414494969e-02
5.212393217785767086e-02
5.742502387124939073e-02
3.758003958276245893e-02
3.082772327734203954e-02
3.081219872420207229e-02
6.938064399628515733e-02
5.106272304230280445e-02
5.238929016028830155e-02
6.010615064286720793e-02
4.260399676383046230e-02
3.804720872188184499e-02
4.000997622121166275e-02
8.027619024394569425e-02
6.332089296291244784e-02
6.563073722284906708e-02
7.391918243158607238e-02
5.655749937402881206e-02
5.170423818070013500e-02
5.294159218312268628e-02
9.207509747477689299e-02
7.361445996682017268e-02
7.409297873332533479e-02
8.028132290386591485e-02
6.061677719271142684e-02
5.333066377441029321e-02
