4.204137741994803946e+03
3.492428628462066627e+03
3.785856269353791504e+03
4.125067637451591509e+03
4.494954856207483317e+03
4.821815287158438878e+03
5.261807820310345051e+03
5.759742897293261194e+03
5.245165909937975812e+03
5.725543767235372798e+03
6.235402654594301566e+03
6.753939471438583496e+03
7.202372099130467177e+03
7.732567626428985022e+03
8.285980433811213516e+03
7.789854879829919810e+03
8.250498370489127410e+03
8.702469842365406294e+03
9.126204270481201092e+03
9.445337661482026306e+03
9.815272179135077749e+03
1.018201502507339683e+04
9.478248693562238259e+03
9.716442327044933336e+03
9.937854100826734793e+03
1.012995094947674079e+04
1.022351642582305794e+04
1.038099310446494928e+04
1.055510014146606409e+04
9.684690604542724031e+03
9.787665082547491693e+03
9.909797857793433650e+03
1.004200767941051708e+04
1.011734884162173512e+04
1.029927291928215345e+04
1.054020461044711919e+04
9.777397939260130443e+03
1.002588970792880173e+04
1.032740558131381840e+04
1.066774868079414227e+04
1.097394302631821120e+04
1.140267770629463848e+04
1.189908977572345248e+04
1.139284587157793067e+04
1.189133254429647241e+04
1.242880338195062723e+04
1.298400530448434074e+04
1.347754890613826501e+04
1.406056153598588207e+04
1.467365442342256392e+04
1.424315785247291933e+04
1.477442929796367753e+04
1.530107857976297237e+04
1.580262959035773383e+04
1.620188194840394499e+04
1.665351109738281957e+04
1.710293935744939881e+04
1.648243448235376854e+04
1.680424446293368965e+04
1.710961763476370834e+04
