1.352969949226310220e+01
1.246329836790649814e+01
1.318569462364222389e+01
1.353988762158488690e+01
1.281608554545100453e+01
1.352198134450120648e+01
1.343209877296568422e+01
1.387437220935106197e+01
1.280797108499232095e+01
1.353036734072963654e+01
1.388456033867367267e+01
1.316075826253987735e+01
1.386665406159055358e+01
1.377677149005339174e+01
1.421904492643956885e+01
1.315264380208074613e+01
1.387504005781705807e+01
1.422923305576169639e+01
1.350543097962459171e+01
1.421132677867766780e+01
1.412144420714116322e+01
1.456371764352753040e+01
1.349731651916656894e+01
1.421971277490447960e+01
1.457390577284709110e+01
1.385010369671346453e+01
1.455599949576362562e+01
1.446611692422892581e+01
1.490839036061427691e+01
1.384198923625668165e+01
1.456438549199453547e+01
1.491857848993850588e+01
1.419477641380233024e+01
1.490067221285185539e+01
1.481078964131669728e+01
1.525306307770101633e+01
1.418666195334250979e+01
1.490905820907680024e+01
1.526325120702390059e+01
1.453944913088912649e+01
1.524534492994009049e+01
1.515546235840334788e+01
1.559773579479074535e+01
1.453133467042832727e+01
1.525373092616685788e+01
1.560792392411192431e+01
1.488412184797591564e+01
1.559001764702719584e+01
1.550013507549117620e+01
1.594240851187870511e+01
1.487600738751844531e+01
1.559840364325427942e+01
1.595259664119993737e+01
1.522879456506434970e+01
1.593469036411655182e+01
1.584480779257888372e+01
1.628708122896545518e+01
1.522068010460426990e+01
1.594307636034182352e+01
1.629726935828796286e+01
