2.097725924390389082e+03
2.107067246167948269e+03
2.117202140236111518e+03
2.127573072908666290e+03
2.137123347643180750e+03
2.147358367386921600e+03
2.157492757245681332e+03
2.168553247215869305e+03
2.177894568993429402e+03
2.188029463061592196e+03
2.198400395734146514e+03
2.207950670468661883e+03
2.218185690212402278e+03
2.228320080071161556e+03
2.239380570041349529e+03
2.248721891818906897e+03
2.258856785887072874e+03
2.269227718559627192e+03
2.278777993294142561e+03
2.289013013037881592e+03
2.299147402896642689e+03
2.310207892866827933e+03
2.319549214644390304e+03
2.329684108712550824e+03
2.340055041385105596e+03
2.349605316119620056e+03
2.359840335863361361e+03
2.369974725722118819e+03
2.381035215692309521e+03
2.390376537469870527e+03
2.400511431538031957e+03
2.410882364210585820e+03
2.420432638945099825e+03
2.430667658688840220e+03
2.440802048547599497e+03
2.451862538517790199e+03
2.461203860295350296e+03
2.471338754363513544e+03
2.481709687036065588e+03
2.491259961770579139e+03
2.501494981514319988e+03
2.511629371373081995e+03
2.522689861343269058e+03
2.532031183120830519e+03
2.542166077188990585e+03
2.552537009861545812e+03
2.562087284596057998e+03
2.572322304339800667e+03
2.582456694198562218e+03
2.593517184168749736e+03
2.602858505946309833e+03
2.612993400014471717e+03
2.623364332687023762e+03
2.632914607421537312e+03
2.643149627165281345e+03
2.653284017024041532e+03
2.664344506994228595e+03
2.673685828771789602e+03
2.683820722839951486e+03
2.694191655512506713e+03
