0.000000000000000000e+00
0.000000000000000000e+00
0.000000000000000000e+00
0.000000000000000000e+00
0.000000000000000000e+00
0.000000000000000000e+00
0.000000000000000000e+00
0.000000000000000000e+00
0.000000000000000000e+00
0.000000000000000000e+00
0.000000000000000000e+00
0.000000000000000000e+00
0.000000000000000000e+00
0.000000000000000000e+00
0.000000000000000000e+00
0.000000000000000000e+00
0.000000000000000000e+00
0.000000000000000000e+00
0.000000000000000000e+00
0.000000000000000000e+00
0.000000000000000000e+00
0.000000000000000000e+00
0.000000000000000000e+00
0.000000000000000000e+00
0.000000000000000000e+00
0.000000000000000000e+00
0.000000000000000000e+00
0.000000000000000000e+00
0.000000000000000000e+00
0.000000000000000000e+00
0.000000000000000000e+00
0.000000000000000000e+00
0.000000000000000000e+00
0.000000000000000000e+00
0.000000000000000000e+00
0.000000000000000000e+00
0.000000000000000000e+00
0.000000000000000000e+00
0.000000000000000000e+00
0.000000000000000000e+00
0.000000000000000000e+00
0.000000000000000000e+00
0.000000000000000000e+00
0.000000000000000000e+00
0.000000000000000000e+00
0.000000000000000000e+00
0.000000000000000000e+00
0.000000000000000000e+00
0.000000000000000000e+00
0.000000000000000000e+00
0.000000000000000000e+00
0.000000000000000000e+00
0.000000000000000000e+00
0.000000000000000000e+00
2.000000000000000000e+00
1.000000000000000000e+00
0.000000000000000000e+00
0.000000000000000000e+00
0.000000000000000000e+00
0.000000000000000000e+00
0.000000000000000000e+00
0.000000000000000000e+00
2.000000000000000000e+00
2.000000000000000000e+00
4.000000000000000000e+00
0.000000000000000000e+00
4.000000000000000000e+00
0.000000000000000000e+00
4.000000000000000000e+00
6.000000000000000000e+00
0.000000000000000000e+00
0.000000000000000000e+00
1.000000000000000000e+00
4.000000000000000000e+00
3.000000000000000000e+00
0.000000000000000000e+00
0.000000000000000000e+00
0.000000000000000000e+00
0.000000000000000000e+00
0.000000000000000000e+00
3.000000000000000000e+00
3.000000000000000000e+00
3.000000000000000000e+00
0.000000000000000000e+00
7.000000000000000000e+00
0.000000000000000000e+00
9.000000000000000000e+00
8.000000000000000000e+00
9.000000000000000000e+00
1.000000000000000000e+01
2.000000000000000000e+00
5.000000000000000000e+00
1.600000000000000000e+01
4.000000000000000000e+00
1.000000000000000000e+00
9.000000000000000000e+00
9.000000000000000000e+00
8.000000000000000000e+00
1.100000000000000000e+01
1.000000000000000000e+01
1.400000000000000000e+01
3.000000000000000000e+00
8.860000000000000000e+02
1.460000000000000000e+02
1.940000000000000000e+02
0.000000000000000000e+00
5.070000000000000000e+02
1.910000000000000000e+02
3.130000000000000000e+02
2.360000000000000000e+02
2.520000000000000000e+02
2.450000000000000000e+02
2.140000000000000000e+02
0.000000000000000000e+00
5.210000000000000000e+02
2.350000000000000000e+02
2.560000000000000000e+02
2.120000000000000000e+02
4.080000000000000000e+02
2.140000000000000000e+02
3.950000000000000000e+02
5.880000000000000000e+02
2.960000000000000000e+02
4.150000000000000000e+02
4.330000000000000000e+02
2.450000000000000000e+02
3.460000000000000000e+02
5.000000000000000000e+02
5.900000000000000000e+02
3.600000000000000000e+02
4.060000000000000000e+02
8.160000000000000000e+02
5.230000000000000000e+02
4.700000000000000000e+02
5.710000000000000000e+02
6.430000000000000000e+02
5.210000000000000000e+02
5.780000000000000000e+02
6.570000000000000000e+02
7.770000000000000000e+02
5.630000000000000000e+02
8.470000000000000000e+02
5.020000000000000000e+02
5.790000000000000000e+02
9.020000000000000000e+02
1.000000000000000000e+00
1.753300000000000000e+04
1.925000000000000000e+03
1.975000000000000000e+03
2.781000000000000000e+03
1.048000000000000000e+03
1.084000000000000000e+03
1.678000000000000000e+03
8.800000000000000000e+02
2.031000000000000000e+03
1.829000000000000000e+03
1.638000000000000000e+03
1.185000000000000000e+03
1.409000000000000000e+03
2.053000000000000000e+03
1.844000000000000000e+03
2.484000000000000000e+03
4.334000000000000000e+03
1.606000000000000000e+03
2.673000000000000000e+03
1.904000000000000000e+03
3.524000000000000000e+03
1.953000000000000000e+03
2.736000000000000000e+03
3.706000000000000000e+03
1.862000000000000000e+03
1.628000000000000000e+03
5.580000000000000000e+03
4.703000000000000000e+03
4.910000000000000000e+03
2.296000000000000000e+03
1.440000000000000000e+03
1.762000000000000000e+03
1.373000000000000000e+03
1.544000000000000000e+03
1.914000000000000000e+03
1.841000000000000000e+03
1.805000000000000000e+03
2.006000000000000000e+03
1.768000000000000000e+03
1.114000000000000000e+03
1.792000000000000000e+03
1.801000000000000000e+03
1.731000000000000000e+03
2.878000000000000000e+03
2.668000000000000000e+03
2.176000000000000000e+03
1.117000000000000000e+03
5.860000000000000000e+02
1.066000000000000000e+03
1.955000000000000000e+03
1.890000000000000000e+03
2.074000000000000000e+03
1.760000000000000000e+03
1.020000000000000000e+03
1.766000000000000000e+03
2.067000000000000000e+03
1.535000000000000000e+03
1.117000000000000000e+03
1.782000000000000000e+03
1.752000000000000000e+03
1.012000000000000000e+03
1.315000000000000000e+03
1.641000000000000000e+03
2.234000000000000000e+03
2.913000000000000000e+03
3.253000000000000000e+03
3.624000000000000000e+03
2.952000000000000000e+03
3.524000000000000000e+03
3.784000000000000000e+03
3.881000000000000000e+03
3.427000000000000000e+03
3.275000000000000000e+03
3.378000000000000000e+03
2.027000000000000000e+03
3.044000000000000000e+03
2.980000000000000000e+03
3.290000000000000000e+03
2.839000000000000000e+03
2.964000000000000000e+03
2.211000000000000000e+03
1.661000000000000000e+03
3.423000000000000000e+03
3.298000000000000000e+03
3.236000000000000000e+03
2.995000000000000000e+03
2.746000000000000000e+03
2.474000000000000000e+03
2.247000000000000000e+03
2.372000000000000000e+03
2.512000000000000000e+03
2.439000000000000000e+03
2.375000000000000000e+03
2.443000000000000000e+03
1.923000000000000000e+03
2.051000000000000000e+03
2.179000000000000000e+03
2.152000000000000000e+03
2.073000000000000000e+03
2.163000000000000000e+03
2.139000000000000000e+03
1.932000000000000000e+03
1.753000000000000000e+03
1.714000000000000000e+03
1.582000000000000000e+03
1.625000000000000000e+03
1.789000000000000000e+03
1.591000000000000000e+03
1.549000000000000000e+03
1.442000000000000000e+03
1.587000000000000000e+03
1.526000000000000000e+03
1.651000000000000000e+03
1.798000000000000000e+03
1.685000000000000000e+03
1.596000000000000000e+03
1.453000000000000000e+03
1.495000000000000000e+03
1.531000000000000000e+03
1.482000000000000000e+03
1.576000000000000000e+03
1.780000000000000000e+03
1.509000000000000000e+03
1.560000000000000000e+03
1.674000000000000000e+03
1.627000000000000000e+03
1.542000000000000000e+03
1.704000000000000000e+03
1.687000000000000000e+03
1.533000000000000000e+03
1.498000000000000000e+03
1.544000000000000000e+03
1.493000000000000000e+03
1.523000000000000000e+03
1.610000000000000000e+03
1.548000000000000000e+03
1.422000000000000000e+03
1.442000000000000000e+03
1.795000000000000000e+03
1.961000000000000000e+03
1.886000000000000000e+03
1.910000000000000000e+03
1.891000000000000000e+03
1.439000000000000000e+03
1.541000000000000000e+03
1.577000000000000000e+03
1.623000000000000000e+03
1.648000000000000000e+03
1.715000000000000000e+03
1.737000000000000000e+03
1.519000000000000000e+03
1.462000000000000000e+03
1.693000000000000000e+03
1.604000000000000000e+03
1.749000000000000000e+03
1.893000000000000000e+03
1.934000000000000000e+03
1.709000000000000000e+03
1.921000000000000000e+03
2.076000000000000000e+03
2.183000000000000000e+03
2.266000000000000000e+03
2.302000000000000000e+03
2.274000000000000000e+03
2.223000000000000000e+03
2.209000000000000000e+03
2.287000000000000000e+03
2.539000000000000000e+03
2.513000000000000000e+03
2.562000000000000000e+03
2.593000000000000000e+03
2.572000000000000000e+03
2.457000000000000000e+03
2.552000000000000000e+03
2.663000000000000000e+03
2.571000000000000000e+03
4.772000000000000000e+03
4.486000000000000000e+03
3.866000000000000000e+03
3.185000000000000000e+03
3.393000000000000000e+03
2.949000000000000000e+03
2.884000000000000000e+03
2.622000000000000000e+03
2.239000000000000000e+03
2.024000000000000000e+03
1.987000000000000000e+03
1.926000000000000000e+03
2.167000000000000000e+03
2.235000000000000000e+03
2.416000000000000000e+03
2.345000000000000000e+03
2.113000000000000000e+03
1.685000000000000000e+03
1.473000000000000000e+03
1.357000000000000000e+03
1.245000000000000000e+03
1.507000000000000000e+03
1.389000000000000000e+03
1.197000000000000000e+03
9.640000000000000000e+02
9.780000000000000000e+02
9.170000000000000000e+02
9.440000000000000000e+02
1.021000000000000000e+03
9.660000000000000000e+02
8.330000000000000000e+02
7.850000000000000000e+02
7.370000000000000000e+02
9.170000000000000000e+02
9.630000000000000000e+02
8.410000000000000000e+02
8.830000000000000000e+02
7.180000000000000000e+02
6.330000000000000000e+02
6.810000000000000000e+02
7.360000000000000000e+02
6.820000000000000000e+02
6.170000000000000000e+02
6.020000000000000000e+02
4.870000000000000000e+02
3.380000000000000000e+02
5.140000000000000000e+02
5.660000000000000000e+02
4.470000000000000000e+02
5.090000000000000000e+02
6.110000000000000000e+02
4.140000000000000000e+02
3.370000000000000000e+02
4.470000000000000000e+02
4.720000000000000000e+02
5.120000000000000000e+02
5.780000000000000000e+02
6.110000000000000000e+02
5.070000000000000000e+02
4.170000000000000000e+02
5.310000000000000000e+02
5.590000000000000000e+02
6.420000000000000000e+02
7.170000000000000000e+02
6.810000000000000000e+02
4.220000000000000000e+02
3.740000000000000000e+02
4.620000000000000000e+02
6.410000000000000000e+02
7.510000000000000000e+02
6.330000000000000000e+02
6.780000000000000000e+02
5.360000000000000000e+02
4.240000000000000000e+02
4.750000000000000000e+02
6.920000000000000000e+02
8.280000000000000000e+02
9.110000000000000000e+02
9.570000000000000000e+02
7.430000000000000000e+02
6.090000000000000000e+02
8.170000000000000000e+02
8.730000000000000000e+02
5.940000000000000000e+02
1.236000000000000000e+03
8.410000000000000000e+02
6.760000000000000000e+02
8.220000000000000000e+02
1.037000000000000000e+03
1.117000000000000000e+03
1.229000000000000000e+03
1.264000000000000000e+03
1.307000000000000000e+03
1.252000000000000000e+03
1.138000000000000000e+03
1.385000000000000000e+03
1.432000000000000000e+03
1.352000000000000000e+03
1.510000000000000000e+03
1.234000000000000000e+03
1.618000000000000000e+03
1.577000000000000000e+03
1.687000000000000000e+03
1.754000000000000000e+03
1.835000000000000000e+03
1.915000000000000000e+03
1.985000000000000000e+03
2.057000000000000000e+03
1.971000000000000000e+03
2.019000000000000000e+03
2.077000000000000000e+03
2.162000000000000000e+03
2.219000000000000000e+03
2.839000000000000000e+03
2.473000000000000000e+03
2.364000000000000000e+03
2.707000000000000000e+03
2.932000000000000000e+03
2.969000000000000000e+03
3.256000000000000000e+03
3.391000000000000000e+03
3.511000000000000000e+03
3.837000000000000000e+03
4.212000000000000000e+03
4.523000000000000000e+03
4.853000000000000000e+03
5.333000000000000000e+03
5.915000000000000000e+03
5.694000000000000000e+03
5.907000000000000000e+03
6.121000000000000000e+03
6.364000000000000000e+03
6.811000000000000000e+03
7.072000000000000000e+03
7.266000000000000000e+03
5.225000000000000000e+03
5.477000000000000000e+03
4.301000000000000000e+03
4.241000000000000000e+03
5.234000000000000000e+03
5.392000000000000000e+03
4.782000000000000000e+03
4.325000000000000000e+03
3.245000000000000000e+03
2.657000000000000000e+03
3.834000000000000000e+03
3.870000000000000000e+03
3.433000000000000000e+03
3.698000000000000000e+03
2.178000000000000000e+03
2.492000000000000000e+03
3.329000000000000000e+03
2.115000000000000000e+03
3.044000000000000000e+03
2.928000000000000000e+03
1.370000000000000000e+03
8.520000000000000000e+02
9.640000000000000000e+02
6.010000000000000000e+02
1.058000000000000000e+03
1.115000000000000000e+03
1.923000000000000000e+03
1.378000000000000000e+03
1.529000000000000000e+03
7.590000000000000000e+02
8.990000000000000000e+02
8.340000000000000000e+02
1.279000000000000000e+03
1.056000000000000000e+03
1.291000000000000000e+03
1.064000000000000000e+03
1.187000000000000000e+03
1.397000000000000000e+03
1.567000000000000000e+03
1.779000000000000000e+03
1.914000000000000000e+03
1.970000000000000000e+03
1.723000000000000000e+03
1.667000000000000000e+03
1.897000000000000000e+03
1.918000000000000000e+03
2.062000000000000000e+03
2.267000000000000000e+03
2.061000000000000000e+03
2.286000000000000000e+03
2.108000000000000000e+03
2.242000000000000000e+03
2.564000000000000000e+03
2.243000000000000000e+03
2.679000000000000000e+03
2.714000000000000000e+03
1.955000000000000000e+03
1.725000000000000000e+03
2.509000000000000000e+03
2.827000000000000000e+03
2.903000000000000000e+03
3.168000000000000000e+03
3.230000000000000000e+03
2.776000000000000000e+03
3.295000000000000000e+03
3.249000000000000000e+03
3.570000000000000000e+03
4.027000000000000000e+03
4.550000000000000000e+03
4.663000000000000000e+03
4.509000000000000000e+03
3.777000000000000000e+03
4.698000000000000000e+03
5.185000000000000000e+03
5.433000000000000000e+03
5.987000000000000000e+03
5.844000000000000000e+03
6.038000000000000000e+03
5.755000000000000000e+03
6.362000000000000000e+03
7.020000000000000000e+03
7.646000000000000000e+03
8.245000000000000000e+03
8.395000000000000000e+03
8.536000000000000000e+03
8.820000000000000000e+03
8.845000000000000000e+03
9.335000000000000000e+03
9.997000000000000000e+03
9.704000000000000000e+03
8.566000000000000000e+03
9.006000000000000000e+03
9.723000000000000000e+03
1.058400000000000000e+04
1.105200000000000000e+04
1.243900000000000000e+04
1.347000000000000000e+04
1.433600000000000000e+04
1.397500000000000000e+04
1.401700000000000000e+04
1.505400000000000000e+04
1.548200000000000000e+04
1.629700000000000000e+04
1.611200000000000000e+04
-1.141157000000000000e+06
0.000000000000000000e+00
0.000000000000000000e+00
0.000000000000000000e+00
0.000000000000000000e+00
0.000000000000000000e+00
0.000000000000000000e+00
0.000000000000000000e+00
0.000000000000000000e+00
0.000000000000000000e+00
0.000000000000000000e+00
0.000000000000000000e+00
0.000000000000000000e+00
0.000000000000000000e+00
0.000000000000000000e+00
0.000000000000000000e+00
0.000000000000000000e+00
0.000000000000000000e+00
0.000000000000000000e+00
0.000000000000000000e+00
0.000000000000000000e+00
0.000000000000000000e+00
0.000000000000000000e+00
0.000000000000000000e+00
0.000000000000000000e+00
0.000000000000000000e+00
0.000000000000000000e+00
0.000000000000000000e+00
0.000000000000000000e+00
0.000000000000000000e+00
0.000000000000000000e+00
0.000000000000000000e+00
0.000000000000000000e+00
0.000000000000000000e+00
0.000000000000000000e+00
0.000000000000000000e+00
0.000000000000000000e+00
0.000000000000000000e+00
0.000000000000000000e+00
0.000000000000000000e+00
0.000000000000000000e+00
0.000000000000000000e+00
0.000000000000000000e+00
0.000000000000000000e+00
0.000000000000000000e+00
0.000000000000000000e+00
0.000000000000000000e+00
0.000000000000000000e+00
0.000000000000000000e+00
0.000000000000000000e+00
0.000000000000000000e+00
0.000000000000000000e+00
0.000000000000000000e+00
0.000000000000000000e+00
0.000000000000000000e+00
0.000000000000000000e+00
0.000000000000000000e+00
0.000000000000000000e+00
0.000000000000000000e+00
0.000000000000000000e+00
0.000000000000000000e+00
0.000000000000000000e+00
0.000000000000000000e+00
0.000000000000000000e+00
0.000000000000000000e+00
0.000000000000000000e+00
0.000000000000000000e+00
0.000000000000000000e+00
0.000000000000000000e+00
0.000000000000000000e+00
0.000000000000000000e+00
0.000000000000000000e+00
0.000000000000000000e+00
0.000000000000000000e+00
0.000000000000000000e+00
0.000000000000000000e+00
0.000000000000000000e+00
0.000000000000000000e+00
0.000000000000000000e+00
0.000000000000000000e+00
0.000000000000000000e+00
0.000000000000000000e+00
0.000000000000000000e+00
0.000000000000000000e+00
0.000000000000000000e+00
0.000000000000000000e+00
0.000000000000000000e+00
0.000000000000000000e+00
0.000000000000000000e+00
0.000000000000000000e+00
0.000000000000000000e+00
0.000000000000000000e+00
0.000000000000000000e+00
0.000000000000000000e+00
0.000000000000000000e+00
0.000000000000000000e+00
0.000000000000000000e+00
0.000000000000000000e+00
0.000000000000000000e+00
0.000000000000000000e+00
0.000000000000000000e+00
0.000000000000000000e+00
0.000000000000000000e+00
0.000000000000000000e+00
0.000000000000000000e+00
0.000000000000000000e+00
0.000000000000000000e+00
0.000000000000000000e+00
0.000000000000000000e+00
0.000000000000000000e+00
0.000000000000000000e+00
0.000000000000000000e+00
0.000000000000000000e+00
0.000000000000000000e+00
0.000000000000000000e+00
0.000000000000000000e+00
0.000000000000000000e+00
0.000000000000000000e+00
0.000000000000000000e+00
0.000000000000000000e+00
0.000000000000000000e+00
0.000000000000000000e+00
0.000000000000000000e+00
0.000000000000000000e+00
0.000000000000000000e+00
0.000000000000000000e+00
0.000000000000000000e+00
0.000000000000000000e+00
0.000000000000000000e+00
0.000000000000000000e+00
0.000000000000000000e+00
0.000000000000000000e+00
0.000000000000000000e+00
0.000000000000000000e+00
0.000000000000000000e+00
0.000000000000000000e+00
0.000000000000000000e+00
0.000000000000000000e+00
0.000000000000000000e+00
0.000000000000000000e+00
0.000000000000000000e+00
0.000000000000000000e+00
0.000000000000000000e+00
0.000000000000000000e+00
0.000000000000000000e+00
0.000000000000000000e+00
0.000000000000000000e+00
0.000000000000000000e+00
0.000000000000000000e+00
0.000000000000000000e+00
0.000000000000000000e+00
0.000000000000000000e+00
0.000000000000000000e+00
0.000000000000000000e+00
0.000000000000000000e+00
0.000000000000000000e+00
0.000000000000000000e+00
0.000000000000000000e+00
0.000000000000000000e+00
0.000000000000000000e+00
0.000000000000000000e+00
0.000000000000000000e+00
0.000000000000000000e+00
0.000000000000000000e+00
0.000000000000000000e+00
0.000000000000000000e+00
0.000000000000000000e+00
0.000000000000000000e+00
0.000000000000000000e+00
0.000000000000000000e+00
0.000000000000000000e+00
0.000000000000000000e+00
0.000000000000000000e+00
0.000000000000000000e+00
0.000000000000000000e+00
0.000000000000000000e+00
0.000000000000000000e+00
0.000000000000000000e+00
0.000000000000000000e+00
0.000000000000000000e+00
0.000000000000000000e+00
0.000000000000000000e+00
0.000000000000000000e+00
0.000000000000000000e+00
0.000000000000000000e+00
0.000000000000000000e+00
0.000000000000000000e+00
0.000000000000000000e+00
0.000000000000000000e+00
0.000000000000000000e+00
0.000000000000000000e+00
0.000000000000000000e+00
0.000000000000000000e+00
0.000000000000000000e+00
0.000000000000000000e+00
0.000000000000000000e+00
0.000000000000000000e+00
0.000000000000000000e+00
0.000000000000000000e+00
0.000000000000000000e+00
0.000000000000000000e+00
0.000000000000000000e+00
0.000000000000000000e+00
0.000000000000000000e+00
0.000000000000000000e+00
0.000000000000000000e+00
0.000000000000000000e+00
0.000000000000000000e+00
0.000000000000000000e+00
0.000000000000000000e+00
0.000000000000000000e+00
0.000000000000000000e+00
0.000000000000000000e+00
0.000000000000000000e+00
0.000000000000000000e+00
0.000000000000000000e+00
0.000000000000000000e+00
0.000000000000000000e+00
0.000000000000000000e+00
0.000000000000000000e+00
0.000000000000000000e+00
0.000000000000000000e+00
0.000000000000000000e+00
0.000000000000000000e+00
0.000000000000000000e+00
0.000000000000000000e+00
0.000000000000000000e+00
0.000000000000000000e+00
0.000000000000000000e+00
0.000000000000000000e+00
0.000000000000000000e+00
0.000000000000000000e+00
0.000000000000000000e+00
0.000000000000000000e+00
0.000000000000000000e+00
0.000000000000000000e+00
0.000000000000000000e+00
0.000000000000000000e+00
0.000000000000000000e+00
0.000000000000000000e+00
0.000000000000000000e+00
0.000000000000000000e+00
0.000000000000000000e+00
0.000000000000000000e+00
0.000000000000000000e+00
0.000000000000000000e+00
0.000000000000000000e+00
0.000000000000000000e+00
0.000000000000000000e+00
0.000000000000000000e+00
0.000000000000000000e+00
0.000000000000000000e+00
0.000000000000000000e+00
0.000000000000000000e+00
0.000000000000000000e+00
0.000000000000000000e+00
0.000000000000000000e+00
0.000000000000000000e+00
0.000000000000000000e+00
0.000000000000000000e+00
0.000000000000000000e+00
0.000000000000000000e+00
0.000000000000000000e+00
0.000000000000000000e+00
0.000000000000000000e+00
0.000000000000000000e+00
0.000000000000000000e+00
0.000000000000000000e+00
0.000000000000000000e+00
0.000000000000000000e+00
0.000000000000000000e+00
0.000000000000000000e+00
0.000000000000000000e+00
0.000000000000000000e+00
0.000000000000000000e+00
0.000000000000000000e+00
0.000000000000000000e+00
0.000000000000000000e+00
0.000000000000000000e+00
0.000000000000000000e+00
0.000000000000000000e+00
0.000000000000000000e+00
0.000000000000000000e+00
0.000000000000000000e+00
0.000000000000000000e+00
0.000000000000000000e+00
0.000000000000000000e+00
0.000000000000000000e+00
0.000000000000000000e+00
0.000000000000000000e+00
0.000000000000000000e+00
0.000000000000000000e+00
0.000000000000000000e+00
0.000000000000000000e+00
0.000000000000000000e+00
0.000000000000000000e+00
0.000000000000000000e+00
0.000000000000000000e+00
0.000000000000000000e+00
0.000000000000000000e+00
0.000000000000000000e+00
0.000000000000000000e+00
0.000000000000000000e+00
0.000000000000000000e+00
0.000000000000000000e+00
0.000000000000000000e+00
0.000000000000000000e+00
0.000000000000000000e+00
0.000000000000000000e+00
0.000000000000000000e+00
0.000000000000000000e+00
0.000000000000000000e+00
0.000000000000000000e+00
0.000000000000000000e+00
0.000000000000000000e+00
0.000000000000000000e+00
0.000000000000000000e+00
0.000000000000000000e+00
0.000000000000000000e+00
0.000000000000000000e+00
0.000000000000000000e+00
0.000000000000000000e+00
0.000000000000000000e+00
0.000000000000000000e+00
0.000000000000000000e+00
0.000000000000000000e+00
0.000000000000000000e+00
0.000000000000000000e+00
0.000000000000000000e+00
0.000000000000000000e+00
0.000000000000000000e+00
0.000000000000000000e+00
0.000000000000000000e+00
0.000000000000000000e+00
0.000000000000000000e+00
0.000000000000000000e+00
0.000000000000000000e+00
0.000000000000000000e+00
0.000000000000000000e+00
0.000000000000000000e+00
0.000000000000000000e+00
0.000000000000000000e+00
0.000000000000000000e+00
0.000000000000000000e+00
0.000000000000000000e+00
0.000000000000000000e+00
0.000000000000000000e+00
0.000000000000000000e+00
0.000000000000000000e+00
0.000000000000000000e+00
0.000000000000000000e+00
0.000000000000000000e+00
0.000000000000000000e+00
0.000000000000000000e+00
0.000000000000000000e+00
0.000000000000000000e+00
0.000000000000000000e+00
0.000000000000000000e+00
0.000000000000000000e+00
0.000000000000000000e+00
0.000000000000000000e+00
0.000000000000000000e+00
0.000000000000000000e+00
0.000000000000000000e+00
0.000000000000000000e+00
0.000000000000000000e+00
0.000000000000000000e+00
0.000000000000000000e+00
0.000000000000000000e+00
0.000000000000000000e+00
0.000000000000000000e+00
0.000000000000000000e+00
0.000000000000000000e+00
0.000000000000000000e+00
0.000000000000000000e+00
0.000000000000000000e+00
0.000000000000000000e+00
0.000000000000000000e+00
0.000000000000000000e+00
0.000000000000000000e+00
0.000000000000000000e+00
0.000000000000000000e+00
0.000000000000000000e+00
0.000000000000000000e+00
0.000000000000000000e+00
0.000000000000000000e+00
0.000000000000000000e+00
0.000000000000000000e+00
0.000000000000000000e+00
0.000000000000000000e+00
