3.817204847644887877e+01
4.052148479268531389e+01
3.962736441397981935e+01
3.896418084165783569e+01
3.654302588509942495e+01
3.579189122966532466e+01
3.092244120674254759e+01
2.983878776757654805e+01
3.018794250385887779e+01
2.725502859549605716e+01
2.454710609139392830e+01
2.010871532965941100e+01
1.740138689089010882e+01
1.066961880853098421e+01
7.848872741539651088e+00
6.615284136421550443e+00
2.280188379215807970e+00
-1.626666112294756772e+00
-7.042097547755325593e+00
-1.049040172876362931e+01
-1.771768333055351619e+01
-2.078404857861421817e+01
-2.201396029835150969e+01
-2.610165264828354736e+01
-2.952773719768292437e+01
-3.424388585365127824e+01
-3.679333802313085755e+01
-4.294473260516408430e+01
-4.478371988744552823e+01
-4.466267033147295962e+01
-4.730539511820705201e+01
-4.922302873900877529e+01
-5.239797830504458886e+01
-5.340370614591616061e+01
-5.803786497215575224e+01
-5.841325834618155710e+01
-5.690695963771119636e+01
-5.826451862502511858e+01
-5.901541804762253207e+01
-6.115669423783053560e+01
-6.127249506503540744e+01
-6.516709819699678974e+01
-6.495586315850837877e+01
-6.301444813116336974e+01
-6.408321556194808011e+01
-6.468298111876754319e+01
-6.679900993683770594e+01
-6.700102111494715018e+01
-7.107670947653240034e+01
-7.112324279394515258e+01
-6.949704929578444990e+01
-7.091880302872304753e+01
-7.188974521517852168e+01
-7.437622971667872207e+01
-7.493023872963252074e+01
-7.932336430274040140e+01
-7.963870221279505301e+01
-7.822096342285486514e+01
-7.978170340188927412e+01
-8.081580262531500125e+01
