-1.509213462709876374e+01
2.146156321087572394e+01
2.529751913646526873e+01
2.990195971016655818e+01
3.263015165715427202e+01
3.649285156667635022e+01
4.036886796904703090e+01
1.010151415561957400e+01
4.482764543315344241e+01
4.605074711960784839e+01
4.727025464234381502e+01
4.587418719717080506e+01
4.492543177709494984e+01
4.337364167277007709e+01
7.150534700596965720e+00
3.549730477364776959e+01
3.003564574258052744e+01
2.439461347932094526e+01
1.610046324225801229e+01
8.359864344476346076e+00
2.685294680359593400e-01
-4.209687669182001457e+01
-1.935475224214217604e+01
-2.975091183104581916e+01
-3.953496794328196984e+01
-5.107351976686009465e+01
-6.106966931474036642e+01
-7.035675589217761683e+01
-1.128083813205179098e+02
-8.901587616517402068e+01
-9.722158170584654613e+01
-1.036956085055588375e+02
-1.108488375837097237e+02
-1.154516840726336966e+02
-1.184265289311277201e+02
-1.537559195923426216e+02
-1.221577315739435790e+02
-1.220157198601588817e+02
-1.197531859248396415e+02
-1.179426007115035304e+02
-1.135207851710708695e+02
-1.075776409698136717e+02
-1.342606223751598691e+02
-9.444623224582151977e+01
-8.666706026924056516e+01
-7.748217478444416884e+01
-6.958378790936333758e+01
-6.000986687913111695e+01
-4.993074558962052123e+01
-7.355197724721693930e+01
-3.178474820764741438e+01
-2.317239463554476941e+01
-1.426084259314024827e+01
-7.705886137339388320e+00
-4.869569814590191115e-01
6.304593281971861529e+00
-2.143949678437084216e+01
1.548264093327515489e+01
1.865359833196137274e+01
2.166309477427923369e+01
