-1.088335297693646680e+03
-1.219639045610791527e+03
-1.314577180020843798e+03
-1.403726892020979903e+03
-1.485465229494514233e+03
-1.560781004596282855e+03
-1.627812066056326785e+03
-1.690892044714809344e+03
-1.772730062294409663e+03
-1.814549393938745879e+03
-1.847910878290045275e+03
-1.872206904551734397e+03
-1.889451098123032352e+03
-1.898793384188664959e+03
-1.905545072226866523e+03
-1.933337969087824604e+03
-1.924243998715252928e+03
-1.910581567368487185e+03
-1.892394895232302588e+03
-1.872231764057250530e+03
-1.849649616887557158e+03
-1.830234832026749700e+03
-1.837759276585493126e+03
-1.814300632041814652e+03
-1.792052662060094008e+03
-1.770811494439798480e+03
-1.752763142084009360e+03
-1.737001905185061787e+03
-1.728564122231823148e+03
-1.750600969900711334e+03
-1.744516359449285346e+03
-1.741795627683636212e+03
-1.741510607595995907e+03
-1.745125815219929791e+03
-1.751034917929498533e+03
-1.763611498671914887e+03
-1.805397398657457416e+03
-1.817254314774965223e+03
-1.830204033897345198e+03
-1.842942636348233009e+03
-1.856653221171210362e+03
-1.869546207332329232e+03
-1.885911188931654124e+03
-1.928303665003491915e+03
-1.937692430487174988e+03
-1.945293188909092805e+03
-1.950073959504801223e+03
-1.953557126343455366e+03
-1.954347523954801090e+03
-1.957170913213059066e+03
-1.985046568068600664e+03
-1.979420172555275030e+03
-1.971983002617993407e+03
-1.962163369087851152e+03
-1.951915551486346885e+03
-1.940235967463280303e+03
-1.932191240838564227e+03
-1.951082148979366821e+03
-1.938569853524755899e+03
-1.926490533211215734e+03
