0.000000000000000000e+00
0.000000000000000000e+00
0.000000000000000000e+00
0.000000000000000000e+00
0.000000000000000000e+00
0.000000000000000000e+00
0.000000000000000000e+00
0.000000000000000000e+00
0.000000000000000000e+00
0.000000000000000000e+00
0.000000000000000000e+00
0.000000000000000000e+00
0.000000000000000000e+00
0.000000000000000000e+00
0.000000000000000000e+00
0.000000000000000000e+00
0.000000000000000000e+00
0.000000000000000000e+00
0.000000000000000000e+00
0.000000000000000000e+00
0.000000000000000000e+00
0.000000000000000000e+00
0.000000000000000000e+00
0.000000000000000000e+00
0.000000000000000000e+00
0.000000000000000000e+00
0.000000000000000000e+00
0.000000000000000000e+00
0.000000000000000000e+00
0.000000000000000000e+00
0.000000000000000000e+00
0.000000000000000000e+00
0.000000000000000000e+00
0.000000000000000000e+00
0.000000000000000000e+00
0.000000000000000000e+00
0.000000000000000000e+00
0.000000000000000000e+00
0.000000000000000000e+00
0.000000000000000000e+00
0.000000000000000000e+00
0.000000000000000000e+00
0.000000000000000000e+00
0.000000000000000000e+00
0.000000000000000000e+00
0.000000000000000000e+00
0.000000000000000000e+00
0.000000000000000000e+00
0.000000000000000000e+00
0.000000000000000000e+00
0.000000000000000000e+00
0.000000000000000000e+00
0.000000000000000000e+00
0.000000000000000000e+00
0.000000000000000000e+00
0.000000000000000000e+00
0.000000000000000000e+00
0.000000000000000000e+00
0.000000000000000000e+00
3.000000000000000000e+00
3.000000000000000000e+00
3.000000000000000000e+00
3.000000000000000000e+00
3.000000000000000000e+00
3.000000000000000000e+00
3.000000000000000000e+00
3.000000000000000000e+00
3.000000000000000000e+00
3.000000000000000000e+00
5.400000000000000000e+01
5.800000000000000000e+01
6.500000000000000000e+01
6.500000000000000000e+01
1.000000000000000000e+02
1.000000000000000000e+02
1.000000000000000000e+02
1.000000000000000000e+02
1.400000000000000000e+02
3.390000000000000000e+02
3.680000000000000000e+02
4.110000000000000000e+02
5.010000000000000000e+02
5.970000000000000000e+02
6.960000000000000000e+02
7.800000000000000000e+02
8.380000000000000000e+02
8.380000000000000000e+02
1.008000000000000000e+03
1.061000000000000000e+03
1.150000000000000000e+03
1.207000000000000000e+03
1.262000000000000000e+03
1.328000000000000000e+03
1.366000000000000000e+03
1.366000000000000000e+03
1.366000000000000000e+03
1.557000000000000000e+03
1.557000000000000000e+03
1.557000000000000000e+03
1.558000000000000000e+03
1.913000000000000000e+03
2.132000000000000000e+03
3.300000000000000000e+03
3.433000000000000000e+03
3.433000000000000000e+03
3.433000000000000000e+03
3.433000000000000000e+03
3.433000000000000000e+03
3.433000000000000000e+03
3.433000000000000000e+03
3.433000000000000000e+03
3.433000000000000000e+03
3.433000000000000000e+03
3.433000000000000000e+03
3.433000000000000000e+03
3.433000000000000000e+03
3.433000000000000000e+03
3.433000000000000000e+03
3.457000000000000000e+03
3.557000000000000000e+03
3.557000000000000000e+03
3.557000000000000000e+03
3.557000000000000000e+03
3.560000000000000000e+03
1.800300000000000000e+04
1.800300000000000000e+04
1.842500000000000000e+04
1.842500000000000000e+04
1.919000000000000000e+04
1.919000000000000000e+04
1.959200000000000000e+04
1.959200000000000000e+04
2.001900000000000000e+04
2.001900000000000000e+04
2.001900000000000000e+04
2.056800000000000000e+04
2.102000000000000000e+04
2.102000000000000000e+04
2.102000000000000000e+04
2.102000000000000000e+04
2.186200000000000000e+04
2.186200000000000000e+04
2.267900000000000000e+04
2.286500000000000000e+04
2.306400000000000000e+04
2.334900000000000000e+04
2.368400000000000000e+04
2.388100000000000000e+04
2.412300000000000000e+04
2.444600000000000000e+04
2.444600000000000000e+04
2.499100000000000000e+04
2.499100000000000000e+04
2.499100000000000000e+04
2.499100000000000000e+04
2.609700000000000000e+04
2.649300000000000000e+04
2.692000000000000000e+04
2.705800000000000000e+04
2.743000000000000000e+04
2.759400000000000000e+04
2.788700000000000000e+04
2.803200000000000000e+04
2.839100000000000000e+04
2.850700000000000000e+04
2.872200000000000000e+04
2.887200000000000000e+04
2.907100000000000000e+04
2.907100000000000000e+04
2.918400000000000000e+04
2.957700000000000000e+04
3.010700000000000000e+04
3.028300000000000000e+04
3.036900000000000000e+04
3.048400000000000000e+04
3.064100000000000000e+04
3.126000000000000000e+04
3.140400000000000000e+04
3.175700000000000000e+04
3.190100000000000000e+04
3.195500000000000000e+04
3.272500000000000000e+04
3.312500000000000000e+04
3.345500000000000000e+04
3.454400000000000000e+04
3.454400000000000000e+04
3.489600000000000000e+04
3.489600000000000000e+04
3.528300000000000000e+04
3.557200000000000000e+04
3.582400000000000000e+04
3.604400000000000000e+04
3.621300000000000000e+04
3.621300000000000000e+04
5.934400000000000000e+04
7.098500000000000000e+04
7.116800000000000000e+04
7.131800000000000000e+04
7.146300000000000000e+04
7.160500000000000000e+04
7.855200000000000000e+04
7.860800000000000000e+04
7.861000000000000000e+04
7.888700000000000000e+04
7.895700000000000000e+04
7.917600000000000000e+04
7.935400000000000000e+04
8.702200000000000000e+04
8.712000000000000000e+04
8.718300000000000000e+04
8.727700000000000000e+04
8.766000000000000000e+04
8.773000000000000000e+04
8.788900000000000000e+04
9.481600000000000000e+04
9.487800000000000000e+04
9.502500000000000000e+04
9.509700000000000000e+04
9.520200000000000000e+04
9.531100000000000000e+04
9.542900000000000000e+04
1.016200000000000000e+05
1.016690000000000000e+05
1.017230000000000000e+05
1.018670000000000000e+05
1.020510000000000000e+05
1.022000000000000000e+05
1.023040000000000000e+05
1.023040000000000000e+05
9.124200000000000000e+04
9.124200000000000000e+04
9.124200000000000000e+04
9.124200000000000000e+04
9.124200000000000000e+04
9.124200000000000000e+04
9.706300000000000000e+04
9.706300000000000000e+04
9.706300000000000000e+04
9.706300000000000000e+04
9.706300000000000000e+04
9.706300000000000000e+04
9.706300000000000000e+04
1.028520000000000000e+05
1.028520000000000000e+05
1.028520000000000000e+05
1.028520000000000000e+05
1.028520000000000000e+05
1.028520000000000000e+05
1.028520000000000000e+05
1.122960000000000000e+05
1.122960000000000000e+05
1.122960000000000000e+05
1.122960000000000000e+05
1.122960000000000000e+05
1.122960000000000000e+05
1.122960000000000000e+05
1.205110000000000000e+05
1.205110000000000000e+05
1.205110000000000000e+05
1.205110000000000000e+05
1.205110000000000000e+05
1.205110000000000000e+05
1.205110000000000000e+05
1.281340000000000000e+05
1.281340000000000000e+05
1.281340000000000000e+05
1.281340000000000000e+05
1.281340000000000000e+05
1.281340000000000000e+05
1.281340000000000000e+05
1.341870000000000000e+05
1.341870000000000000e+05
1.341870000000000000e+05
1.341870000000000000e+05
1.341870000000000000e+05
1.341870000000000000e+05
1.341870000000000000e+05
1.417590000000000000e+05
1.417590000000000000e+05
1.417590000000000000e+05
1.417590000000000000e+05
1.417590000000000000e+05
1.417590000000000000e+05
1.417590000000000000e+05
1.490480000000000000e+05
1.490480000000000000e+05
1.490480000000000000e+05
1.490480000000000000e+05
1.490480000000000000e+05
1.490480000000000000e+05
1.490480000000000000e+05
1.549560000000000000e+05
1.549560000000000000e+05
1.549560000000000000e+05
1.549560000000000000e+05
1.549560000000000000e+05
1.549560000000000000e+05
1.549560000000000000e+05
1.606390000000000000e+05
1.606390000000000000e+05
1.606390000000000000e+05
1.606390000000000000e+05
1.606390000000000000e+05
1.606390000000000000e+05
1.606390000000000000e+05
1.640090000000000000e+05
1.640090000000000000e+05
1.640090000000000000e+05
1.640090000000000000e+05
1.640090000000000000e+05
1.640090000000000000e+05
1.640090000000000000e+05
1.698040000000000000e+05
1.698040000000000000e+05
1.698040000000000000e+05
1.698040000000000000e+05
1.698040000000000000e+05
1.698040000000000000e+05
1.698040000000000000e+05
1.741880000000000000e+05
1.741880000000000000e+05
1.741880000000000000e+05
1.741880000000000000e+05
1.741880000000000000e+05
1.741880000000000000e+05
1.741880000000000000e+05
1.779510000000000000e+05
1.779510000000000000e+05
1.779510000000000000e+05
1.779510000000000000e+05
1.779510000000000000e+05
1.779510000000000000e+05
1.779510000000000000e+05
1.779510000000000000e+05
1.816180000000000000e+05
1.816180000000000000e+05
1.816180000000000000e+05
1.816180000000000000e+05
1.816180000000000000e+05
1.816180000000000000e+05
1.845070000000000000e+05
1.845070000000000000e+05
1.845070000000000000e+05
1.845070000000000000e+05
1.845070000000000000e+05
1.845070000000000000e+05
1.845070000000000000e+05
1.903500000000000000e+05
1.903500000000000000e+05
1.903500000000000000e+05
1.903500000000000000e+05
1.903500000000000000e+05
1.903500000000000000e+05
1.903500000000000000e+05
1.903500000000000000e+05
1.903500000000000000e+05
1.935810000000000000e+05
1.935810000000000000e+05
1.935810000000000000e+05
1.935810000000000000e+05
1.935810000000000000e+05
1.993320000000000000e+05
1.993320000000000000e+05
1.993320000000000000e+05
1.993320000000000000e+05
1.993320000000000000e+05
1.993320000000000000e+05
1.993320000000000000e+05
2.040710000000000000e+05
2.040710000000000000e+05
2.040710000000000000e+05
2.040710000000000000e+05
2.040710000000000000e+05
2.040710000000000000e+05
2.040710000000000000e+05
2.098140000000000000e+05
2.098140000000000000e+05
2.098140000000000000e+05
2.098140000000000000e+05
2.098140000000000000e+05
2.098140000000000000e+05
2.098140000000000000e+05
2.203980000000000000e+05
2.203980000000000000e+05
2.203980000000000000e+05
2.203980000000000000e+05
2.203980000000000000e+05
2.203980000000000000e+05
2.203980000000000000e+05
2.303770000000000000e+05
2.303770000000000000e+05
2.303770000000000000e+05
2.303770000000000000e+05
2.303770000000000000e+05
2.303770000000000000e+05
2.303770000000000000e+05
2.388170000000000000e+05
2.388170000000000000e+05
2.388170000000000000e+05
2.388170000000000000e+05
2.388170000000000000e+05
2.388170000000000000e+05
2.388170000000000000e+05
2.478980000000000000e+05
2.478980000000000000e+05
2.478980000000000000e+05
2.478980000000000000e+05
2.478980000000000000e+05
2.478980000000000000e+05
2.478980000000000000e+05
2.560090000000000000e+05
2.560090000000000000e+05
2.560090000000000000e+05
2.560090000000000000e+05
2.560090000000000000e+05
2.560090000000000000e+05
2.560090000000000000e+05
2.631640000000000000e+05
2.631640000000000000e+05
2.631640000000000000e+05
2.631640000000000000e+05
2.631640000000000000e+05
2.631640000000000000e+05
2.631640000000000000e+05
2.718470000000000000e+05
2.718470000000000000e+05
2.718470000000000000e+05
2.718470000000000000e+05
2.718470000000000000e+05
2.718470000000000000e+05
2.718470000000000000e+05
2.816840000000000000e+05
2.816840000000000000e+05
2.816840000000000000e+05
2.816840000000000000e+05
2.816840000000000000e+05
2.816840000000000000e+05
2.816840000000000000e+05
2.903140000000000000e+05
2.903140000000000000e+05
2.903140000000000000e+05
2.903140000000000000e+05
2.903140000000000000e+05
2.903140000000000000e+05
2.903140000000000000e+05
2.903140000000000000e+05
2.903140000000000000e+05
2.986040000000000000e+05
2.986040000000000000e+05
2.986040000000000000e+05
2.986040000000000000e+05
2.986040000000000000e+05
3.095410000000000000e+05
3.095410000000000000e+05
3.095410000000000000e+05
3.095410000000000000e+05
3.095410000000000000e+05
3.095410000000000000e+05
3.095410000000000000e+05
3.185980000000000000e+05
3.185980000000000000e+05
3.185980000000000000e+05
3.185980000000000000e+05
3.185980000000000000e+05
3.185980000000000000e+05
3.185980000000000000e+05
3.295820000000000000e+05
3.295820000000000000e+05
3.295820000000000000e+05
3.295820000000000000e+05
3.295820000000000000e+05
3.295820000000000000e+05
3.295820000000000000e+05
3.428780000000000000e+05
3.428780000000000000e+05
3.428780000000000000e+05
3.428780000000000000e+05
3.428780000000000000e+05
3.428780000000000000e+05
3.428780000000000000e+05
3.544990000000000000e+05
3.544990000000000000e+05
3.544990000000000000e+05
3.544990000000000000e+05
3.544990000000000000e+05
3.544990000000000000e+05
3.544990000000000000e+05
3.544990000000000000e+05
3.664250000000000000e+05
3.664250000000000000e+05
3.664250000000000000e+05
3.664250000000000000e+05
3.664250000000000000e+05
3.664250000000000000e+05
3.751510000000000000e+05
3.751510000000000000e+05
3.751510000000000000e+05
3.751510000000000000e+05
3.751510000000000000e+05
3.751510000000000000e+05
3.751510000000000000e+05
3.986450000000000000e+05
3.986450000000000000e+05
3.986450000000000000e+05
3.986450000000000000e+05
3.986450000000000000e+05
3.986450000000000000e+05
3.986450000000000000e+05
3.986450000000000000e+05
3.986450000000000000e+05
3.986450000000000000e+05
4.075120000000000000e+05
4.075120000000000000e+05
4.075120000000000000e+05
4.075120000000000000e+05
4.155080000000000000e+05
4.155080000000000000e+05
4.155080000000000000e+05
4.155080000000000000e+05
4.155080000000000000e+05
4.155080000000000000e+05
4.155080000000000000e+05
4.236880000000000000e+05
4.236880000000000000e+05
4.236880000000000000e+05
4.236880000000000000e+05
4.236880000000000000e+05
4.236880000000000000e+05
4.236880000000000000e+05
4.236880000000000000e+05
4.314040000000000000e+05
4.314040000000000000e+05
4.314040000000000000e+05
4.314040000000000000e+05
4.314040000000000000e+05
4.314040000000000000e+05
4.371670000000000000e+05
4.371670000000000000e+05
4.371670000000000000e+05
4.371670000000000000e+05
4.371670000000000000e+05
4.371670000000000000e+05
4.371670000000000000e+05
4.438800000000000000e+05
4.438800000000000000e+05
4.438800000000000000e+05
4.438800000000000000e+05
4.438800000000000000e+05
4.438800000000000000e+05
4.438800000000000000e+05
4.438800000000000000e+05
4.438800000000000000e+05
4.438800000000000000e+05
4.438800000000000000e+05
4.438800000000000000e+05
4.438800000000000000e+05
4.438800000000000000e+05
4.438800000000000000e+05
4.438800000000000000e+05
4.438800000000000000e+05
4.438800000000000000e+05
0.000000000000000000e+00
0.000000000000000000e+00
0.000000000000000000e+00
0.000000000000000000e+00
0.000000000000000000e+00
0.000000000000000000e+00
0.000000000000000000e+00
0.000000000000000000e+00
0.000000000000000000e+00
0.000000000000000000e+00
0.000000000000000000e+00
0.000000000000000000e+00
0.000000000000000000e+00
0.000000000000000000e+00
0.000000000000000000e+00
0.000000000000000000e+00
0.000000000000000000e+00
0.000000000000000000e+00
0.000000000000000000e+00
0.000000000000000000e+00
0.000000000000000000e+00
0.000000000000000000e+00
0.000000000000000000e+00
0.000000000000000000e+00
0.000000000000000000e+00
0.000000000000000000e+00
0.000000000000000000e+00
0.000000000000000000e+00
0.000000000000000000e+00
0.000000000000000000e+00
0.000000000000000000e+00
0.000000000000000000e+00
0.000000000000000000e+00
0.000000000000000000e+00
0.000000000000000000e+00
0.000000000000000000e+00
0.000000000000000000e+00
0.000000000000000000e+00
0.000000000000000000e+00
0.000000000000000000e+00
0.000000000000000000e+00
0.000000000000000000e+00
0.000000000000000000e+00
0.000000000000000000e+00
0.000000000000000000e+00
0.000000000000000000e+00
0.000000000000000000e+00
0.000000000000000000e+00
0.000000000000000000e+00
0.000000000000000000e+00
0.000000000000000000e+00
0.000000000000000000e+00
0.000000000000000000e+00
0.000000000000000000e+00
0.000000000000000000e+00
0.000000000000000000e+00
0.000000000000000000e+00
0.000000000000000000e+00
0.000000000000000000e+00
0.000000000000000000e+00
0.000000000000000000e+00
0.000000000000000000e+00
0.000000000000000000e+00
0.000000000000000000e+00
0.000000000000000000e+00
0.000000000000000000e+00
0.000000000000000000e+00
0.000000000000000000e+00
0.000000000000000000e+00
0.000000000000000000e+00
0.000000000000000000e+00
0.000000000000000000e+00
0.000000000000000000e+00
0.000000000000000000e+00
0.000000000000000000e+00
0.000000000000000000e+00
0.000000000000000000e+00
0.000000000000000000e+00
0.000000000000000000e+00
0.000000000000000000e+00
0.000000000000000000e+00
0.000000000000000000e+00
0.000000000000000000e+00
0.000000000000000000e+00
0.000000000000000000e+00
0.000000000000000000e+00
0.000000000000000000e+00
0.000000000000000000e+00
0.000000000000000000e+00
0.000000000000000000e+00
0.000000000000000000e+00
0.000000000000000000e+00
0.000000000000000000e+00
0.000000000000000000e+00
0.000000000000000000e+00
0.000000000000000000e+00
0.000000000000000000e+00
0.000000000000000000e+00
0.000000000000000000e+00
0.000000000000000000e+00
0.000000000000000000e+00
0.000000000000000000e+00
0.000000000000000000e+00
0.000000000000000000e+00
0.000000000000000000e+00
0.000000000000000000e+00
0.000000000000000000e+00
0.000000000000000000e+00
0.000000000000000000e+00
0.000000000000000000e+00
0.000000000000000000e+00
0.000000000000000000e+00
0.000000000000000000e+00
0.000000000000000000e+00
0.000000000000000000e+00
0.000000000000000000e+00
0.000000000000000000e+00
0.000000000000000000e+00
0.000000000000000000e+00
0.000000000000000000e+00
0.000000000000000000e+00
0.000000000000000000e+00
0.000000000000000000e+00
0.000000000000000000e+00
0.000000000000000000e+00
0.000000000000000000e+00
0.000000000000000000e+00
0.000000000000000000e+00
0.000000000000000000e+00
0.000000000000000000e+00
0.000000000000000000e+00
0.000000000000000000e+00
0.000000000000000000e+00
0.000000000000000000e+00
0.000000000000000000e+00
0.000000000000000000e+00
0.000000000000000000e+00
0.000000000000000000e+00
0.000000000000000000e+00
0.000000000000000000e+00
0.000000000000000000e+00
0.000000000000000000e+00
0.000000000000000000e+00
0.000000000000000000e+00
0.000000000000000000e+00
0.000000000000000000e+00
0.000000000000000000e+00
0.000000000000000000e+00
0.000000000000000000e+00
0.000000000000000000e+00
0.000000000000000000e+00
0.000000000000000000e+00
0.000000000000000000e+00
0.000000000000000000e+00
0.000000000000000000e+00
0.000000000000000000e+00
0.000000000000000000e+00
0.000000000000000000e+00
0.000000000000000000e+00
0.000000000000000000e+00
0.000000000000000000e+00
0.000000000000000000e+00
0.000000000000000000e+00
0.000000000000000000e+00
0.000000000000000000e+00
0.000000000000000000e+00
0.000000000000000000e+00
0.000000000000000000e+00
0.000000000000000000e+00
0.000000000000000000e+00
0.000000000000000000e+00
0.000000000000000000e+00
0.000000000000000000e+00
0.000000000000000000e+00
0.000000000000000000e+00
0.000000000000000000e+00
0.000000000000000000e+00
0.000000000000000000e+00
0.000000000000000000e+00
0.000000000000000000e+00
0.000000000000000000e+00
0.000000000000000000e+00
0.000000000000000000e+00
0.000000000000000000e+00
0.000000000000000000e+00
0.000000000000000000e+00
0.000000000000000000e+00
0.000000000000000000e+00
0.000000000000000000e+00
0.000000000000000000e+00
0.000000000000000000e+00
0.000000000000000000e+00
0.000000000000000000e+00
0.000000000000000000e+00
0.000000000000000000e+00
0.000000000000000000e+00
0.000000000000000000e+00
0.000000000000000000e+00
0.000000000000000000e+00
0.000000000000000000e+00
0.000000000000000000e+00
0.000000000000000000e+00
0.000000000000000000e+00
0.000000000000000000e+00
0.000000000000000000e+00
0.000000000000000000e+00
0.000000000000000000e+00
0.000000000000000000e+00
0.000000000000000000e+00
0.000000000000000000e+00
0.000000000000000000e+00
0.000000000000000000e+00
0.000000000000000000e+00
0.000000000000000000e+00
0.000000000000000000e+00
0.000000000000000000e+00
0.000000000000000000e+00
0.000000000000000000e+00
0.000000000000000000e+00
0.000000000000000000e+00
0.000000000000000000e+00
0.000000000000000000e+00
0.000000000000000000e+00
0.000000000000000000e+00
0.000000000000000000e+00
0.000000000000000000e+00
0.000000000000000000e+00
0.000000000000000000e+00
0.000000000000000000e+00
0.000000000000000000e+00
0.000000000000000000e+00
0.000000000000000000e+00
0.000000000000000000e+00
0.000000000000000000e+00
0.000000000000000000e+00
0.000000000000000000e+00
0.000000000000000000e+00
0.000000000000000000e+00
0.000000000000000000e+00
0.000000000000000000e+00
0.000000000000000000e+00
0.000000000000000000e+00
0.000000000000000000e+00
0.000000000000000000e+00
0.000000000000000000e+00
0.000000000000000000e+00
0.000000000000000000e+00
0.000000000000000000e+00
0.000000000000000000e+00
0.000000000000000000e+00
0.000000000000000000e+00
0.000000000000000000e+00
0.000000000000000000e+00
0.000000000000000000e+00
0.000000000000000000e+00
0.000000000000000000e+00
0.000000000000000000e+00
0.000000000000000000e+00
0.000000000000000000e+00
0.000000000000000000e+00
0.000000000000000000e+00
0.000000000000000000e+00
0.000000000000000000e+00
0.000000000000000000e+00
0.000000000000000000e+00
0.000000000000000000e+00
0.000000000000000000e+00
0.000000000000000000e+00
0.000000000000000000e+00
0.000000000000000000e+00
0.000000000000000000e+00
0.000000000000000000e+00
0.000000000000000000e+00
0.000000000000000000e+00
0.000000000000000000e+00
0.000000000000000000e+00
0.000000000000000000e+00
0.000000000000000000e+00
0.000000000000000000e+00
0.000000000000000000e+00
0.000000000000000000e+00
0.000000000000000000e+00
0.000000000000000000e+00
0.000000000000000000e+00
0.000000000000000000e+00
0.000000000000000000e+00
0.000000000000000000e+00
0.000000000000000000e+00
0.000000000000000000e+00
0.000000000000000000e+00
0.000000000000000000e+00
0.000000000000000000e+00
0.000000000000000000e+00
0.000000000000000000e+00
0.000000000000000000e+00
0.000000000000000000e+00
0.000000000000000000e+00
0.000000000000000000e+00
0.000000000000000000e+00
0.000000000000000000e+00
0.000000000000000000e+00
0.000000000000000000e+00
0.000000000000000000e+00
0.000000000000000000e+00
0.000000000000000000e+00
0.000000000000000000e+00
0.000000000000000000e+00
0.000000000000000000e+00
0.000000000000000000e+00
0.000000000000000000e+00
0.000000000000000000e+00
0.000000000000000000e+00
0.000000000000000000e+00
0.000000000000000000e+00
0.000000000000000000e+00
0.000000000000000000e+00
0.000000000000000000e+00
0.000000000000000000e+00
0.000000000000000000e+00
0.000000000000000000e+00
0.000000000000000000e+00
0.000000000000000000e+00
0.000000000000000000e+00
0.000000000000000000e+00
0.000000000000000000e+00
0.000000000000000000e+00
0.000000000000000000e+00
0.000000000000000000e+00
0.000000000000000000e+00
0.000000000000000000e+00
0.000000000000000000e+00
0.000000000000000000e+00
0.000000000000000000e+00
0.000000000000000000e+00
0.000000000000000000e+00
0.000000000000000000e+00
0.000000000000000000e+00
0.000000000000000000e+00
0.000000000000000000e+00
0.000000000000000000e+00
0.000000000000000000e+00
0.000000000000000000e+00
0.000000000000000000e+00
0.000000000000000000e+00
0.000000000000000000e+00
0.000000000000000000e+00
0.000000000000000000e+00
0.000000000000000000e+00
0.000000000000000000e+00
0.000000000000000000e+00
0.000000000000000000e+00
0.000000000000000000e+00
0.000000000000000000e+00
0.000000000000000000e+00
0.000000000000000000e+00
0.000000000000000000e+00
0.000000000000000000e+00
0.000000000000000000e+00
0.000000000000000000e+00
0.000000000000000000e+00
0.000000000000000000e+00
0.000000000000000000e+00
0.000000000000000000e+00
0.000000000000000000e+00
0.000000000000000000e+00
0.000000000000000000e+00
0.000000000000000000e+00
0.000000000000000000e+00
0.000000000000000000e+00
0.000000000000000000e+00
0.000000000000000000e+00
0.000000000000000000e+00
0.000000000000000000e+00
0.000000000000000000e+00
0.000000000000000000e+00
0.000000000000000000e+00
0.000000000000000000e+00
0.000000000000000000e+00
0.000000000000000000e+00
0.000000000000000000e+00
0.000000000000000000e+00
0.000000000000000000e+00
0.000000000000000000e+00
0.000000000000000000e+00
0.000000000000000000e+00
0.000000000000000000e+00
0.000000000000000000e+00
0.000000000000000000e+00
0.000000000000000000e+00
0.000000000000000000e+00
0.000000000000000000e+00
0.000000000000000000e+00
0.000000000000000000e+00
0.000000000000000000e+00
0.000000000000000000e+00
0.000000000000000000e+00
0.000000000000000000e+00
0.000000000000000000e+00
0.000000000000000000e+00
0.000000000000000000e+00
0.000000000000000000e+00
0.000000000000000000e+00
0.000000000000000000e+00
0.000000000000000000e+00
0.000000000000000000e+00
0.000000000000000000e+00
0.000000000000000000e+00
0.000000000000000000e+00
0.000000000000000000e+00
0.000000000000000000e+00
0.000000000000000000e+00
0.000000000000000000e+00
0.000000000000000000e+00
0.000000000000000000e+00
0.000000000000000000e+00
0.000000000000000000e+00
0.000000000000000000e+00
0.000000000000000000e+00
0.000000000000000000e+00
0.000000000000000000e+00
0.000000000000000000e+00
0.000000000000000000e+00
0.000000000000000000e+00
0.000000000000000000e+00
0.000000000000000000e+00
0.000000000000000000e+00
0.000000000000000000e+00
0.000000000000000000e+00
0.000000000000000000e+00
0.000000000000000000e+00
0.000000000000000000e+00
0.000000000000000000e+00
0.000000000000000000e+00
0.000000000000000000e+00
0.000000000000000000e+00
0.000000000000000000e+00
0.000000000000000000e+00
0.000000000000000000e+00
0.000000000000000000e+00
0.000000000000000000e+00
0.000000000000000000e+00
0.000000000000000000e+00
0.000000000000000000e+00
0.000000000000000000e+00
0.000000000000000000e+00
0.000000000000000000e+00
0.000000000000000000e+00
0.000000000000000000e+00
0.000000000000000000e+00
0.000000000000000000e+00
0.000000000000000000e+00
0.000000000000000000e+00
0.000000000000000000e+00
0.000000000000000000e+00
0.000000000000000000e+00
0.000000000000000000e+00
0.000000000000000000e+00
0.000000000000000000e+00
0.000000000000000000e+00
0.000000000000000000e+00
0.000000000000000000e+00
0.000000000000000000e+00
0.000000000000000000e+00
0.000000000000000000e+00
0.000000000000000000e+00
0.000000000000000000e+00
0.000000000000000000e+00
0.000000000000000000e+00
0.000000000000000000e+00
0.000000000000000000e+00
0.000000000000000000e+00
0.000000000000000000e+00
0.000000000000000000e+00
0.000000000000000000e+00
0.000000000000000000e+00
0.000000000000000000e+00
0.000000000000000000e+00
0.000000000000000000e+00
0.000000000000000000e+00
0.000000000000000000e+00
0.000000000000000000e+00
0.000000000000000000e+00
0.000000000000000000e+00
0.000000000000000000e+00
0.000000000000000000e+00
0.000000000000000000e+00
0.000000000000000000e+00
0.000000000000000000e+00
0.000000000000000000e+00
0.000000000000000000e+00
0.000000000000000000e+00
0.000000000000000000e+00
0.000000000000000000e+00
0.000000000000000000e+00
0.000000000000000000e+00
0.000000000000000000e+00
0.000000000000000000e+00
0.000000000000000000e+00
