0.000000000000000000e+00
0.000000000000000000e+00
0.000000000000000000e+00
0.000000000000000000e+00
0.000000000000000000e+00
0.000000000000000000e+00
0.000000000000000000e+00
0.000000000000000000e+00
0.000000000000000000e+00
0.000000000000000000e+00
0.000000000000000000e+00
0.000000000000000000e+00
0.000000000000000000e+00
0.000000000000000000e+00
0.000000000000000000e+00
0.000000000000000000e+00
0.000000000000000000e+00
0.000000000000000000e+00
0.000000000000000000e+00
0.000000000000000000e+00
0.000000000000000000e+00
0.000000000000000000e+00
0.000000000000000000e+00
0.000000000000000000e+00
0.000000000000000000e+00
0.000000000000000000e+00
0.000000000000000000e+00
0.000000000000000000e+00
0.000000000000000000e+00
0.000000000000000000e+00
0.000000000000000000e+00
0.000000000000000000e+00
0.000000000000000000e+00
0.000000000000000000e+00
0.000000000000000000e+00
0.000000000000000000e+00
0.000000000000000000e+00
0.000000000000000000e+00
0.000000000000000000e+00
6.000000000000000000e+00
6.000000000000000000e+00
7.000000000000000000e+00
1.000000000000000000e+01
1.300000000000000000e+01
1.300000000000000000e+01
1.300000000000000000e+01
1.400000000000000000e+01
1.500000000000000000e+01
1.500000000000000000e+01
1.700000000000000000e+01
1.700000000000000000e+01
1.700000000000000000e+01
2.800000000000000000e+01
2.800000000000000000e+01
3.700000000000000000e+01
5.800000000000000000e+01
1.110000000000000000e+02
1.990000000000000000e+02
3.670000000000000000e+02
5.060000000000000000e+02
7.890000000000000000e+02
9.810000000000000000e+02
1.082000000000000000e+03
1.173000000000000000e+03
1.403000000000000000e+03
1.595000000000000000e+03
1.823000000000000000e+03
1.924000000000000000e+03
1.962000000000000000e+03
2.240000000000000000e+03
2.748000000000000000e+03
3.163000000000000000e+03
3.368000000000000000e+03
3.465000000000000000e+03
3.646000000000000000e+03
3.747000000000000000e+03
3.747000000000000000e+03
4.450000000000000000e+03
4.965000000000000000e+03
7.161000000000000000e+03
7.257000000000000000e+03
7.466000000000000000e+03
7.529000000000000000e+03
7.603000000000000000e+03
7.858000000000000000e+03
8.225000000000000000e+03
8.450000000000000000e+03
9.022000000000000000e+03
9.468000000000000000e+03
1.012800000000000000e+04
1.039800000000000000e+04
1.085000000000000000e+04
1.118300000000000000e+04
2.271900000000000000e+04
2.271900000000000000e+04
2.271900000000000000e+04
2.324000000000000000e+04
2.425800000000000000e+04
2.467500000000000000e+04
2.493400000000000000e+04
2.633600000000000000e+04
2.746400000000000000e+04
2.953800000000000000e+04
3.188100000000000000e+04
3.188100000000000000e+04
3.188100000000000000e+04
3.029800000000000000e+04
2.881800000000000000e+04
2.907100000000000000e+04
2.955900000000000000e+04
2.950900000000000000e+04
3.041900000000000000e+04
3.048600000000000000e+04
3.050200000000000000e+04
3.146700000000000000e+04
3.276300000000000000e+04
3.318200000000000000e+04
3.358200000000000000e+04
3.415100000000000000e+04
3.485400000000000000e+04
3.530600000000000000e+04
3.582800000000000000e+04
3.625800000000000000e+04
3.675600000000000000e+04
3.735500000000000000e+04
3.735500000000000000e+04
3.810300000000000000e+04
3.847100000000000000e+04
3.857100000000000000e+04
3.857100000000000000e+04
3.909800000000000000e+04
3.909800000000000000e+04
4.041400000000000000e+04
4.096600000000000000e+04
4.096600000000000000e+04
4.157500000000000000e+04
4.272800000000000000e+04
4.312000000000000000e+04
4.337800000000000000e+04
4.391700000000000000e+04
4.444000000000000000e+04
4.444000000000000000e+04
4.577800000000000000e+04
4.635600000000000000e+04
4.675100000000000000e+04
4.732200000000000000e+04
4.794300000000000000e+04
4.849000000000000000e+04
4.909700000000000000e+04
4.973100000000000000e+04
4.973100000000000000e+04
5.064000000000000000e+04
5.064000000000000000e+04
5.164300000000000000e+04
5.164300000000000000e+04
5.315600000000000000e+04
5.385600000000000000e+04
5.457400000000000000e+04
5.525500000000000000e+04
5.566500000000000000e+04
5.643200000000000000e+04
5.825700000000000000e+04
5.946800000000000000e+04
6.065700000000000000e+04
6.153500000000000000e+04
6.195800000000000000e+04
6.238000000000000000e+04
6.324500000000000000e+04
6.324500000000000000e+04
6.422100000000000000e+04
6.501800000000000000e+04
6.720900000000000000e+04
6.787000000000000000e+04
6.845900000000000000e+04
6.957000000000000000e+04
7.032900000000000000e+04
7.136500000000000000e+04
7.244400000000000000e+04
7.338200000000000000e+04
7.401300000000000000e+04
7.462000000000000000e+04
7.621700000000000000e+04
7.725700000000000000e+04
7.814800000000000000e+04
7.904900000000000000e+04
8.003600000000000000e+04
8.069400000000000000e+04
8.116100000000000000e+04
8.227900000000000000e+04
8.319300000000000000e+04
8.437000000000000000e+04
8.535500000000000000e+04
8.623200000000000000e+04
8.623200000000000000e+04
8.704100000000000000e+04
8.796300000000000000e+04
8.886600000000000000e+04
9.053700000000000000e+04
9.196900000000000000e+04
9.357200000000000000e+04
9.445900000000000000e+04
9.470100000000000000e+04
9.556300000000000000e+04
9.711000000000000000e+04
9.834300000000000000e+04
9.940900000000000000e+04
1.006880000000000000e+05
1.015420000000000000e+05
1.017510000000000000e+05
1.029410000000000000e+05
1.044750000000000000e+05
1.055080000000000000e+05
1.064810000000000000e+05
1.070890000000000000e+05
1.077690000000000000e+05
1.082890000000000000e+05
1.090300000000000000e+05
1.105490000000000000e+05
1.112190000000000000e+05
1.121410000000000000e+05
1.129060000000000000e+05
1.136480000000000000e+05
1.137670000000000000e+05
1.143090000000000000e+05
1.154570000000000000e+05
1.163600000000000000e+05
1.171750000000000000e+05
1.180450000000000000e+05
1.180450000000000000e+05
1.100920000000000000e+05
1.107570000000000000e+05
1.121660000000000000e+05
1.132060000000000000e+05
1.147320000000000000e+05
1.164510000000000000e+05
1.185940000000000000e+05
1.189110000000000000e+05
1.195530000000000000e+05
1.215250000000000000e+05
1.222570000000000000e+05
1.241290000000000000e+05
1.256200000000000000e+05
1.264190000000000000e+05
1.267110000000000000e+05
1.276430000000000000e+05
1.298920000000000000e+05
1.311460000000000000e+05
1.324750000000000000e+05
1.339810000000000000e+05
1.347470000000000000e+05
1.349650000000000000e+05
1.357490000000000000e+05
1.370470000000000000e+05
1.385840000000000000e+05
1.395340000000000000e+05
1.403510000000000000e+05
1.410340000000000000e+05
1.413390000000000000e+05
1.420560000000000000e+05
1.435310000000000000e+05
1.450450000000000000e+05
1.458480000000000000e+05
1.468280000000000000e+05
1.470330000000000000e+05
1.473150000000000000e+05
1.481710000000000000e+05
1.490830000000000000e+05
1.503600000000000000e+05
1.516590000000000000e+05
1.524220000000000000e+05
1.532890000000000000e+05
1.534230000000000000e+05
1.541150000000000000e+05
1.556250000000000000e+05
1.564510000000000000e+05
1.582700000000000000e+05
1.596140000000000000e+05
1.616350000000000000e+05
1.621780000000000000e+05
1.631920000000000000e+05
1.649080000000000000e+05
1.663020000000000000e+05
1.671470000000000000e+05
1.681920000000000000e+05
1.691940000000000000e+05
1.695620000000000000e+05
1.701100000000000000e+05
1.714330000000000000e+05
1.717830000000000000e+05
1.725080000000000000e+05
1.734860000000000000e+05
1.749070000000000000e+05
1.752690000000000000e+05
1.757110000000000000e+05
1.766300000000000000e+05
1.775130000000000000e+05
1.786740000000000000e+05
1.796270000000000000e+05
1.802950000000000000e+05
1.806760000000000000e+05
1.811040000000000000e+05
1.822500000000000000e+05
1.832460000000000000e+05
1.838400000000000000e+05
1.848760000000000000e+05
1.856430000000000000e+05
1.859440000000000000e+05
1.864360000000000000e+05
1.872300000000000000e+05
1.881380000000000000e+05
1.895340000000000000e+05
1.909090000000000000e+05
1.921170000000000000e+05
1.926850000000000000e+05
1.936730000000000000e+05
1.948760000000000000e+05
1.958840000000000000e+05
1.964820000000000000e+05
1.973910000000000000e+05
1.979980000000000000e+05
1.982440000000000000e+05
1.987520000000000000e+05
1.992280000000000000e+05
2.003790000000000000e+05
2.007650000000000000e+05
2.015240000000000000e+05
2.021100000000000000e+05
2.021800000000000000e+05
2.023560000000000000e+05
2.034610000000000000e+05
2.042490000000000000e+05
2.050030000000000000e+05
2.059200000000000000e+05
2.062570000000000000e+05
2.063290000000000000e+05
2.063640000000000000e+05
2.070840000000000000e+05
2.080100000000000000e+05
2.088280000000000000e+05
2.092740000000000000e+05
2.093550000000000000e+05
2.097580000000000000e+05
2.103260000000000000e+05
2.115120000000000000e+05
2.125120000000000000e+05
2.133780000000000000e+05
2.145130000000000000e+05
2.146140000000000000e+05
2.150800000000000000e+05
2.160830000000000000e+05
2.173770000000000000e+05
2.183850000000000000e+05
2.191480000000000000e+05
2.203490000000000000e+05
2.210700000000000000e+05
2.215060000000000000e+05
2.225670000000000000e+05
2.243150000000000000e+05
2.260020000000000000e+05
2.268660000000000000e+05
2.308080000000000000e+05
2.314820000000000000e+05
2.316440000000000000e+05
2.325680000000000000e+05
2.343150000000000000e+05
2.361890000000000000e+05
2.371580000000000000e+05
2.382320000000000000e+05
2.412920000000000000e+05
2.415670000000000000e+05
2.421460000000000000e+05
2.435350000000000000e+05
2.460000000000000000e+05
2.466870000000000000e+05
2.497790000000000000e+05
2.508280000000000000e+05
2.509860000000000000e+05
2.512790000000000000e+05
2.523900000000000000e+05
2.533390000000000000e+05
2.554120000000000000e+05
2.571150000000000000e+05
2.582820000000000000e+05
2.586070000000000000e+05
2.597830000000000000e+05
2.600760000000000000e+05
2.622130000000000000e+05
2.635170000000000000e+05
2.655270000000000000e+05
2.672230000000000000e+05
2.677010000000000000e+05
2.680730000000000000e+05
2.682190000000000000e+05
2.698600000000000000e+05
2.712760000000000000e+05
2.730970000000000000e+05
2.746730000000000000e+05
2.749680000000000000e+05
2.757800000000000000e+05
2.787790000000000000e+05
2.811690000000000000e+05
2.825990000000000000e+05
2.843470000000000000e+05
2.861550000000000000e+05
2.863670000000000000e+05
2.867250000000000000e+05
2.894720000000000000e+05
2.897350000000000000e+05
2.910700000000000000e+05
2.929430000000000000e+05
2.945030000000000000e+05
2.946180000000000000e+05
2.951140000000000000e+05
2.968410000000000000e+05
2.979570000000000000e+05
2.992160000000000000e+05
3.006660000000000000e+05
3.022210000000000000e+05
3.024980000000000000e+05
3.028540000000000000e+05
3.055980000000000000e+05
3.074290000000000000e+05
3.096430000000000000e+05
3.108680000000000000e+05
3.125980000000000000e+05
3.128510000000000000e+05
3.135700000000000000e+05
3.168070000000000000e+05
3.186560000000000000e+05
3.214510000000000000e+05
3.226990000000000000e+05
3.244820000000000000e+05
3.251240000000000000e+05
3.273250000000000000e+05
3.287550000000000000e+05
3.303880000000000000e+05
3.320380000000000000e+05
3.331750000000000000e+05
3.356810000000000000e+05
3.367770000000000000e+05
3.377020000000000000e+05
3.396040000000000000e+05
3.416190000000000000e+05
3.426780000000000000e+05
3.448770000000000000e+05
3.468170000000000000e+05
3.470700000000000000e+05
3.475890000000000000e+05
3.505390000000000000e+05
3.554310000000000000e+05
3.559640000000000000e+05
3.581570000000000000e+05
3.605460000000000000e+05
3.605630000000000000e+05
3.611540000000000000e+05
3.628430000000000000e+05
3.653930000000000000e+05
3.713060000000000000e+05
3.727540000000000000e+05
3.733620000000000000e+05
3.747750000000000000e+05
3.753290000000000000e+05
3.776620000000000000e+05
3.806890000000000000e+05
3.818620000000000000e+05
3.845890000000000000e+05
3.872990000000000000e+05
3.880460000000000000e+05
3.912420000000000000e+05
3.930480000000000000e+05
3.953270000000000000e+05
3.968880000000000000e+05
3.989210000000000000e+05
4.002960000000000000e+05
4.020600000000000000e+05
4.025950000000000000e+05
4.046320000000000000e+05
4.057830000000000000e+05
4.070020000000000000e+05
4.095200000000000000e+05
4.101290000000000000e+05
4.108700000000000000e+05
4.114660000000000000e+05
4.129070000000000000e+05
4.152550000000000000e+05
4.166210000000000000e+05
4.178400000000000000e+05
4.188510000000000000e+05
4.191980000000000000e+05
4.201670000000000000e+05
4.212310000000000000e+05
4.223290000000000000e+05
4.231650000000000000e+05
4.247410000000000000e+05
4.258410000000000000e+05
4.260370000000000000e+05
4.276900000000000000e+05
4.288650000000000000e+05
4.298170000000000000e+05
4.307390000000000000e+05
4.314290000000000000e+05
4.323530000000000000e+05
4.327390000000000000e+05
4.329850000000000000e+05
4.338700000000000000e+05
4.360230000000000000e+05
4.371210000000000000e+05
4.381080000000000000e+05
4.389340000000000000e+05
4.391390000000000000e+05
4.393740000000000000e+05
4.411800000000000000e+05
4.423410000000000000e+05
4.443950000000000000e+05
4.455860000000000000e+05
4.464410000000000000e+05
4.466330000000000000e+05
4.471760000000000000e+05
4.491070000000000000e+05
4.494830000000000000e+05
4.522340000000000000e+05
4.533620000000000000e+05
4.543360000000000000e+05
4.557430000000000000e+05
4.574890000000000000e+05
4.585040000000000000e+05
4.595380000000000000e+05
4.611570000000000000e+05
4.621420000000000000e+05
4.621420000000000000e+05
4.626490000000000000e+05
4.639510000000000000e+05
4.650290000000000000e+05
4.658780000000000000e+05
4.670730000000000000e+05
4.679760000000000000e+05
4.683460000000000000e+05
4.684140000000000000e+05
4.708820000000000000e+05
4.717570000000000000e+05
4.727220000000000000e+05
4.736470000000000000e+05
4.752150000000000000e+05
4.760650000000000000e+05
4.763120000000000000e+05
4.779460000000000000e+05
4.786150000000000000e+05
4.797840000000000000e+05
4.807200000000000000e+05
4.807200000000000000e+05
4.807200000000000000e+05
4.829470000000000000e+05
4.829470000000000000e+05
4.847080000000000000e+05
4.856730000000000000e+05
4.865440000000000000e+05
4.873720000000000000e+05
4.875980000000000000e+05
4.877020000000000000e+05
4.890890000000000000e+05
4.894970000000000000e+05
4.903560000000000000e+05
4.911850000000000000e+05
4.918310000000000000e+05
4.921840000000000000e+05
4.922650000000000000e+05
4.923630000000000000e+05
4.931480000000000000e+05
4.937670000000000000e+05
4.943480000000000000e+05
4.948190000000000000e+05
4.950150000000000000e+05
4.951150000000000000e+05
4.957450000000000000e+05
4.966420000000000000e+05
4.970800000000000000e+05
4.978950000000000000e+05
4.986140000000000000e+05
4.986780000000000000e+05
4.987280000000000000e+05
4.991960000000000000e+05
4.996310000000000000e+05
5.000840000000000000e+05
5.004440000000000000e+05
5.010490000000000000e+05
5.011400000000000000e+05
5.012010000000000000e+05
5.017430000000000000e+05
5.021460000000000000e+05
5.031010000000000000e+05
5.035140000000000000e+05
5.037670000000000000e+05
5.038320000000000000e+05
5.038830000000000000e+05
5.042570000000000000e+05
5.047810000000000000e+05
5.049270000000000000e+05
5.050750000000000000e+05
5.052620000000000000e+05
5.052780000000000000e+05
5.052950000000000000e+05
5.056280000000000000e+05
5.058600000000000000e+05
5.060850000000000000e+05
5.065390000000000000e+05
5.069740000000000000e+05
5.070030000000000000e+05
5.070200000000000000e+05
5.074310000000000000e+05
5.075880000000000000e+05
5.078580000000000000e+05
5.080720000000000000e+05
5.085030000000000000e+05
5.086550000000000000e+05
5.087250000000000000e+05
5.092380000000000000e+05
5.096130000000000000e+05
5.101770000000000000e+05
5.106190000000000000e+05
5.109250000000000000e+05
5.109540000000000000e+05
5.110670000000000000e+05
5.113170000000000000e+05
5.115460000000000000e+05
5.116990000000000000e+05
5.116990000000000000e+05
5.118980000000000000e+05
5.119690000000000000e+05
5.120440000000000000e+05
5.120710000000000000e+05
5.130260000000000000e+05
5.130260000000000000e+05
5.130260000000000000e+05
5.135570000000000000e+05
5.135570000000000000e+05
5.136760000000000000e+05
5.140870000000000000e+05
5.140870000000000000e+05
5.146560000000000000e+05
5.150420000000000000e+05
5.153110000000000000e+05
5.156060000000000000e+05
5.156590000000000000e+05
5.156590000000000000e+05
5.161670000000000000e+05
5.164300000000000000e+05
5.169310000000000000e+05
5.172020000000000000e+05
5.172620000000000000e+05
5.181750000000000000e+05
5.182230000000000000e+05
5.182740000000000000e+05
5.185890000000000000e+05
5.189750000000000000e+05
5.193860000000000000e+05
5.193860000000000000e+05
5.194820000000000000e+05
5.195600000000000000e+05
5.199670000000000000e+05
5.195600000000000000e+05
5.212790000000000000e+05
5.216980000000000000e+05
5.217920000000000000e+05
5.218450000000000000e+05
5.223920000000000000e+05
5.227830000000000000e+05
5.233550000000000000e+05
5.238470000000000000e+05
5.242110000000000000e+05
5.243530000000000000e+05
5.244320000000000000e+05
5.248850000000000000e+05
5.253980000000000000e+05
5.258300000000000000e+05
5.261370000000000000e+05
5.266150000000000000e+05
5.268000000000000000e+05
5.268700000000000000e+05
5.273330000000000000e+05
5.276880000000000000e+05
5.281010000000000000e+05
5.285900000000000000e+05
5.291740000000000000e+05
5.293490000000000000e+05
5.294560000000000000e+05
5.301260000000000000e+05
5.308650000000000000e+05
5.318070000000000000e+05
5.324300000000000000e+05
5.331900000000000000e+05
5.334570000000000000e+05
5.335880000000000000e+05
5.341760000000000000e+05
5.347570000000000000e+05
5.354140000000000000e+05
5.361290000000000000e+05
5.367760000000000000e+05
5.370320000000000000e+05
5.372200000000000000e+05
5.382180000000000000e+05
5.390370000000000000e+05
5.401220000000000000e+05
5.413680000000000000e+05
5.420820000000000000e+05
5.423410000000000000e+05
5.429600000000000000e+05
5.441030000000000000e+05
5.458000000000000000e+05
5.471860000000000000e+05
5.494180000000000000e+05
5.516200000000000000e+05
5.523240000000000000e+05
5.532010000000000000e+05
5.544360000000000000e+05
5.572730000000000000e+05
5.599500000000000000e+05
5.612850000000000000e+05
5.642380000000000000e+05
5.673320000000000000e+05
5.691840000000000000e+05
5.785250000000000000e+05
5.888710000000000000e+05
5.936640000000000000e+05
6.029420000000000000e+05
6.140320000000000000e+05
6.250590000000000000e+05
6.295070000000000000e+05
6.391350000000000000e+05
6.495570000000000000e+05
6.580450000000000000e+05
6.646640000000000000e+05
6.749630000000000000e+05
6.813820000000000000e+05
6.840680000000000000e+05
6.918980000000000000e+05
6.976090000000000000e+05
7.072240000000000000e+05
7.170850000000000000e+05
7.259360000000000000e+05
7.297600000000000000e+05
7.320380000000000000e+05
7.392970000000000000e+05
7.458190000000000000e+05
7.526350000000000000e+05
7.613210000000000000e+05
7.663980000000000000e+05
7.691490000000000000e+05
7.691490000000000000e+05
7.691490000000000000e+05
7.691490000000000000e+05
7.814700000000000000e+05
7.814700000000000000e+05
7.814700000000000000e+05
7.814700000000000000e+05
7.991400000000000000e+05
8.003200000000000000e+05
8.003200000000000000e+05
8.089250000000000000e+05
8.089250000000000000e+05
8.089250000000000000e+05
8.089250000000000000e+05
8.198860000000000000e+05
8.205410000000000000e+05
8.205410000000000000e+05
8.277600000000000000e+05
8.277600000000000000e+05
8.277600000000000000e+05
8.277600000000000000e+05
8.277600000000000000e+05
8.277600000000000000e+05
8.332910000000000000e+05
8.362160000000000000e+05
8.362160000000000000e+05
8.362160000000000000e+05
8.362160000000000000e+05
8.415750000000000000e+05
8.415750000000000000e+05
8.437600000000000000e+05
8.437600000000000000e+05
8.437600000000000000e+05
8.437600000000000000e+05
8.437600000000000000e+05
8.493860000000000000e+05
8.496990000000000000e+05
8.496990000000000000e+05
8.496990000000000000e+05
8.496990000000000000e+05
8.496990000000000000e+05
8.538500000000000000e+05
8.542520000000000000e+05
8.542520000000000000e+05
8.542520000000000000e+05
8.553140000000000000e+05
8.572990000000000000e+05
8.572990000000000000e+05
8.572990000000000000e+05
8.572990000000000000e+05
8.592070000000000000e+05
8.598900000000000000e+05
8.598900000000000000e+05
8.598900000000000000e+05
8.598900000000000000e+05
8.598900000000000000e+05
8.623210000000000000e+05
8.623210000000000000e+05
8.623210000000000000e+05
8.633980000000000000e+05
8.633980000000000000e+05
8.633980000000000000e+05
8.633980000000000000e+05
8.652630000000000000e+05
8.652630000000000000e+05
8.655850000000000000e+05
8.655850000000000000e+05
8.655850000000000000e+05
8.655850000000000000e+05
8.655850000000000000e+05
8.668840000000000000e+05
8.669250000000000000e+05
8.669250000000000000e+05
8.671700000000000000e+05
8.671700000000000000e+05
8.680530000000000000e+05
8.680530000000000000e+05
8.682850000000000000e+05
8.682850000000000000e+05
8.682850000000000000e+05
8.691240000000000000e+05
8.691240000000000000e+05
8.696960000000000000e+05
8.696960000000000000e+05
8.696960000000000000e+05
8.696960000000000000e+05
8.699560000000000000e+05
8.705260000000000000e+05
8.705260000000000000e+05
8.705260000000000000e+05
8.705260000000000000e+05
8.710290000000000000e+05
8.710460000000000000e+05
8.710460000000000000e+05
8.710460000000000000e+05
8.722680000000000000e+05
8.722680000000000000e+05
8.722680000000000000e+05
8.725420000000000000e+05
8.725420000000000000e+05
8.725420000000000000e+05
8.736090000000000000e+05
8.736090000000000000e+05
8.736090000000000000e+05
8.745990000000000000e+05
8.747190000000000000e+05
8.747500000000000000e+05
8.747500000000000000e+05
8.760090000000000000e+05
8.760090000000000000e+05
8.766650000000000000e+05
8.766650000000000000e+05
8.772820000000000000e+05
8.772820000000000000e+05
8.781960000000000000e+05
8.781960000000000000e+05
8.781960000000000000e+05
8.781960000000000000e+05
8.781960000000000000e+05
8.853180000000000000e+05
8.853180000000000000e+05
8.862230000000000000e+05
8.874780000000000000e+05
8.874780000000000000e+05
8.874780000000000000e+05
8.874780000000000000e+05
8.908520000000000000e+05
8.908520000000000000e+05
8.921760000000000000e+05
8.921760000000000000e+05
8.964830000000000000e+05
8.964830000000000000e+05
8.964830000000000000e+05
8.964830000000000000e+05
8.986670000000000000e+05
8.986670000000000000e+05
8.986670000000000000e+05
8.986670000000000000e+05
9.017390000000000000e+05
9.017390000000000000e+05
9.017390000000000000e+05
9.017390000000000000e+05
9.098820000000000000e+05
9.098820000000000000e+05
9.098820000000000000e+05
9.098820000000000000e+05
9.098820000000000000e+05
9.137980000000000000e+05
9.156790000000000000e+05
9.156790000000000000e+05
9.156790000000000000e+05
9.184790000000000000e+05
9.184790000000000000e+05
9.184790000000000000e+05
9.221660000000000000e+05
9.223980000000000000e+05
9.277000000000000000e+05
9.277000000000000000e+05
9.277000000000000000e+05
9.277000000000000000e+05
9.277000000000000000e+05
9.352110000000000000e+05
9.362270000000000000e+05
9.401790000000000000e+05
9.464870000000000000e+05
9.464870000000000000e+05
9.464870000000000000e+05
9.464870000000000000e+05
9.555830000000000000e+05
9.555830000000000000e+05
9.555830000000000000e+05
9.613450000000000000e+05
9.613450000000000000e+05
9.613450000000000000e+05
9.613450000000000000e+05
9.613450000000000000e+05
9.636680000000000000e+05
9.738700000000000000e+05
9.752340000000000000e+05
9.752340000000000000e+05
9.752340000000000000e+05
9.752340000000000000e+05
9.752340000000000000e+05
9.752340000000000000e+05
9.752340000000000000e+05
9.752340000000000000e+05
9.752340000000000000e+05
9.752340000000000000e+05
9.752340000000000000e+05
9.752340000000000000e+05
9.836150000000000000e+05
9.836150000000000000e+05
9.865020000000000000e+05
9.885830000000000000e+05
9.885830000000000000e+05
9.885830000000000000e+05
9.904050000000000000e+05
9.904050000000000000e+05
9.928380000000000000e+05
9.928380000000000000e+05
9.938580000000000000e+05
9.938580000000000000e+05
9.938580000000000000e+05
9.951470000000000000e+05
9.951470000000000000e+05
9.959680000000000000e+05
9.959680000000000000e+05
9.972240000000000000e+05
9.972240000000000000e+05
9.972240000000000000e+05
9.975400000000000000e+05
9.977910000000000000e+05
9.977910000000000000e+05
9.977910000000000000e+05
9.982020000000000000e+05
9.982020000000000000e+05
9.982020000000000000e+05
9.982020000000000000e+05
9.982020000000000000e+05
1.000214000000000000e+06
1.000214000000000000e+06
1.000214000000000000e+06
1.000214000000000000e+06
1.000214000000000000e+06
1.000214000000000000e+06
1.002057000000000000e+06
1.002057000000000000e+06
1.002057000000000000e+06
1.002057000000000000e+06
1.002057000000000000e+06
1.002057000000000000e+06
1.002057000000000000e+06
1.003778000000000000e+06
1.003778000000000000e+06
1.003778000000000000e+06
1.003778000000000000e+06
1.005521000000000000e+06
1.005521000000000000e+06
1.005521000000000000e+06
1.005521000000000000e+06
1.006070000000000000e+06
1.006070000000000000e+06
1.006070000000000000e+06
1.006070000000000000e+06
1.006070000000000000e+06
1.006070000000000000e+06
1.006070000000000000e+06
1.006070000000000000e+06
1.006922000000000000e+06
1.006922000000000000e+06
1.006922000000000000e+06
1.006922000000000000e+06
1.006922000000000000e+06
1.006922000000000000e+06
1.006922000000000000e+06
1.006922000000000000e+06
1.007553000000000000e+06
1.007553000000000000e+06
1.007553000000000000e+06
1.007553000000000000e+06
1.007553000000000000e+06
1.007553000000000000e+06
1.008035000000000000e+06
1.008035000000000000e+06
1.008035000000000000e+06
1.008035000000000000e+06
1.008035000000000000e+06
1.008035000000000000e+06
1.008035000000000000e+06
1.008035000000000000e+06
1.009044000000000000e+06
1.009044000000000000e+06
1.009044000000000000e+06
1.009044000000000000e+06
1.009044000000000000e+06
1.009388000000000000e+06
1.009388000000000000e+06
1.009388000000000000e+06
1.009388000000000000e+06
1.009388000000000000e+06
1.009388000000000000e+06
1.009388000000000000e+06
1.009388000000000000e+06
1.009388000000000000e+06
1.009388000000000000e+06
1.009388000000000000e+06
1.009388000000000000e+06
1.009388000000000000e+06
1.009958000000000000e+06
1.009958000000000000e+06
1.009958000000000000e+06
1.009958000000000000e+06
1.009958000000000000e+06
1.009958000000000000e+06
1.011132000000000000e+06
1.011132000000000000e+06
1.011132000000000000e+06
1.011132000000000000e+06
1.011132000000000000e+06
1.011132000000000000e+06
1.011132000000000000e+06
1.011132000000000000e+06
1.013912000000000000e+06
1.013912000000000000e+06
1.018179000000000000e+06
1.018179000000000000e+06
1.018179000000000000e+06
1.018179000000000000e+06
1.018179000000000000e+06
1.024914000000000000e+06
1.024914000000000000e+06
1.024914000000000000e+06
1.024914000000000000e+06
1.024914000000000000e+06
1.024914000000000000e+06
1.024914000000000000e+06
1.024914000000000000e+06
1.024914000000000000e+06
1.031449000000000000e+06
1.031449000000000000e+06
1.031449000000000000e+06
1.031449000000000000e+06
1.031449000000000000e+06
1.031449000000000000e+06
1.031449000000000000e+06
1.031449000000000000e+06
1.040463000000000000e+06
1.040463000000000000e+06
1.040463000000000000e+06
1.040463000000000000e+06
1.040463000000000000e+06
1.040463000000000000e+06
1.040463000000000000e+06
1.040463000000000000e+06
1.040463000000000000e+06
1.040463000000000000e+06
1.040463000000000000e+06
1.040463000000000000e+06
1.040463000000000000e+06
1.040463000000000000e+06
1.040463000000000000e+06
1.040463000000000000e+06
