1.007756924731610692e+06
1.008464239136215416e+06
1.009039278463201947e+06
1.009330638735635439e+06
1.009757338966700248e+06
1.010144818048398010e+06
1.010942463810025714e+06
1.011654914234810974e+06
1.012146631130206981e+06
1.012500129884413094e+06
1.012571524949497310e+06
1.012787244468847523e+06
1.012979789356247755e+06
1.013605035273595364e+06
1.014173324613409000e+06
1.014553855381920584e+06
1.014832756491894484e+06
1.014868514072726713e+06
1.015088606114848284e+06
1.015325223459630157e+06
1.016032576999483514e+06
1.016718038272879669e+06
1.017246619077931740e+06
1.017699177020107745e+06
1.017928007756972802e+06
1.018353676269909716e+06
1.018800959189708228e+06
1.019716391235382529e+06
1.020599655527745723e+06
1.021308315584103693e+06
1.021916267935701529e+06
1.022269568245054455e+06
1.022783475699382951e+06
1.023278580721765291e+06
1.024198502863458358e+06
1.025041393431983772e+06
1.025664736613964778e+06
1.026143825284694554e+06
1.026327563028588658e+06
1.026635437249096460e+06
1.026893529981496511e+06
1.027552056284010643e+06
1.028116669139787671e+06
1.028453030257060425e+06
1.028645029682888417e+06
1.028550313383364817e+06
1.028596971983126132e+06
1.028619266034773202e+06
1.029074886634220602e+06
1.029475999170626397e+06
1.029693578100887709e+06
1.029815423551316257e+06
1.029701525924324291e+06
1.029780637640799745e+06
1.029885932044498739e+06
1.030472251497862744e+06
1.031047194109776639e+06
1.031475547000545077e+06
1.031837455257786089e+06
1.031983989468750660e+06
