2.585226405555047222e+03
2.850592428829909295e+03
2.637526909229866760e+03
3.174677291394431450e+03
2.365020923973401750e+03
2.215823848233371791e+03
2.275172759665181729e+03
2.360346795424224183e+03
2.726777432275160209e+03
2.610186428618799255e+03
3.237392824167063736e+03
2.509778650355443006e+03
2.433276681197567541e+03
2.554924004067834630e+03
2.691247719491827866e+03
3.097230918885504707e+03
3.008448945385982370e+03
3.651867223727961573e+03
2.929290773917037313e+03
2.847329372566369329e+03
2.953922927287740094e+03
3.066694285922344989e+03
3.441878641681360932e+03
3.316420620825838341e+03
3.918731458829720850e+03
3.152097506552717277e+03
3.024605133124106032e+03
3.085627639892883053e+03
3.154142375111996444e+03
3.487628072360454098e+03
3.324134234526174623e+03
3.893015560402227948e+03
3.098323090189366667e+03
2.948717406881798070e+03
2.993949610912940898e+03
3.053178195154182959e+03
3.383871621733446318e+03
3.223888052795638032e+03
3.802224729434263736e+03
3.022428057400697071e+03
2.892529025394311702e+03
2.961548892014579906e+03
3.047842442026967547e+03
3.408027767419351676e+03
3.279093185393978274e+03
3.889172978296041492e+03
3.140982258826064481e+03
3.041774906011935400e+03
3.139868920985815748e+03
3.253006024303838785e+03
3.637294091059260609e+03
3.529322803642496183e+03
4.156944105349683014e+03
3.422707786178484184e+03
3.333816299419983807e+03
3.438643428057829624e+03
3.555083997696621282e+03
3.939483697520063288e+03
3.828739927424577672e+03
4.451065846744576447e+03
