4.157985022271112539e+06
4.156513933126796968e+06
4.156332648585618474e+06
4.155759098461230751e+06
4.155558352166462690e+06
4.154763216842919588e+06
4.153967144767730962e+06
4.151680772627435159e+06
4.150368895818190649e+06
4.150528887725126930e+06
4.150467563639331609e+06
4.150932328900219407e+06
4.150932108424434904e+06
4.151030792342056986e+06
4.149704509904440027e+06
4.149379518304847181e+06
4.150511694120422471e+06
4.151364599600797519e+06
4.152641931468856521e+06
4.153309813822014723e+06
4.153891631591955200e+06
4.152826676826489158e+06
4.152509354013178498e+06
4.153369892360750120e+06
4.153653499250584282e+06
4.154053727407548577e+06
4.153535486212775111e+06
4.152630367357744835e+06
4.149795536585881375e+06
4.147452923648485448e+06
4.146069651236935984e+06
4.143936637214248534e+06
4.141801150199559052e+06
4.138688763748708181e+06
4.135197401187080424e+06
4.129854751252460759e+06
4.125155820973622613e+06
4.121641605892068706e+06
4.117675855353206862e+06
4.114075759266002569e+06
4.109932049655315466e+06
4.105901257606859319e+06
4.100561453472939320e+06
4.096448282349184155e+06
4.094132317142729182e+06
4.091994744629228022e+06
4.090857242969235871e+06
4.089801569560869131e+06
4.089461618112066295e+06
4.088379283249957953e+06
4.089040946936108638e+06
4.091955602931731381e+06
4.095431620379852597e+06
4.100207982688650955e+06
4.105275490864597727e+06
4.111170653722802177e+06
4.116333561005023308e+06
4.123146506612478755e+06
4.132014327549433336e+06
4.141143406697608531e+06
