6.026893373153712673e+03
5.990465095451979323e+03
6.078348003681583577e+03
5.813968831220136053e+03
5.313276694119277636e+03
5.669041319693934383e+03
-1.334676812314455492e+04
4.454603800649896584e+03
3.653857237969450580e+03
3.023110373957889351e+03
2.109742477293409138e+03
1.052017883720523059e+03
9.626470938172142269e+02
-1.836951208023797881e+04
-7.424638315314041392e+02
-1.566410545691251627e+03
-2.064655405766593958e+03
-2.690002723041590798e+03
-3.309234737868001957e+03
-2.819502860827962650e+03
-2.144642899418106390e+04
-3.006770566143144606e+03
-2.933273330366463142e+03
-2.474963490804037974e+03
-2.112826555659831229e+03
-1.743471419971135674e+03
-2.946405345081284395e+02
-1.802238718346587848e+04
1.227199337743137221e+03
1.994068439289169874e+03
3.004802966871043282e+03
3.757758894350326045e+03
4.340125341269386809e+03
5.813020234951841303e+03
-1.208522016689933116e+04
6.799544286036240919e+03
7.013474306815508498e+03
7.295311092652932530e+03
7.161301548482966609e+03
6.721866523715351832e+03
7.066135005013495174e+03
-1.203548475043449798e+04
5.606422669266678895e+03
4.575521600855076940e+03
3.649219045306822409e+03
2.382461553912590716e+03
9.232444990911826608e+02
3.959897297245888694e+02
-1.939700374504216597e+04
-2.238882929227489512e+03
-3.523948751714538048e+03
-4.458980910067552941e+03
-5.480101896184178258e+03
-6.437748358109603942e+03
-6.213575867655843467e+03
-2.501907978683777765e+04
-6.658772173645798830e+03
-6.555524674843190951e+03
-5.951314803607566319e+03
-5.323309154671671422e+03
