2.120427089906855254e+05
2.121225729037670244e+05
2.122184738092529878e+05
2.122826746628658730e+05
2.123805692147725786e+05
2.124329070452098385e+05
2.125055369479013025e+05
2.125781496748975187e+05
2.126445885408192407e+05
2.127297882527981710e+05
2.127866956788627722e+05
2.128813833508576790e+05
2.129352562238413957e+05
2.130147768691291858e+05
2.131001906002830074e+05
2.131858195053364907e+05
2.132969862036823179e+05
2.133869214570942859e+05
2.135218668009244720e+05
2.136232730304553115e+05
2.137575199670306756e+05
2.139046391782018181e+05
2.140586087225761439e+05
2.142442807546946278e+05
2.144142960549993441e+05
2.146341965065759141e+05
2.148246361328453058e+05
2.150511158291434112e+05
2.152927231073132134e+05
2.155424455146329710e+05
2.158241181094247440e+05
2.160893585736118548e+05
2.164027004799785209e+05
2.166838248184138210e+05
2.169973144115884497e+05
2.173214120572282118e+05
2.176483506094935874e+05
2.180013149778332736e+05
2.183313892749398365e+05
2.187026993472603790e+05
2.190346505796730053e+05
2.193916854690608452e+05
2.197520417485035432e+05
2.201080793005441374e+05
2.204832359442060697e+05
2.208289655108957377e+05
2.212098686981029459e+05
2.215459169128356734e+05
2.219021939758555964e+05
2.222576368905390555e+05
2.226053443712241424e+05
2.229695136941493838e+05
2.233023597737412783e+05
2.236692274370153318e+05
2.239907975753079809e+05
2.243328124828670989e+05
2.246748019843695802e+05
2.250103793940401811e+05
2.253641681580753066e+05
2.256887133054142760e+05
