2.549380454622769321e+02
9.249796360724062652e+02
4.159062781260777228e+02
4.875585626835959374e+02
-9.156636117513489808e+02
-2.080374162087723562e+02
9.204823705807343686e+02
9.188653403139078364e+02
1.583087992476857380e+03
1.041724065854215496e+03
1.055330872724537585e+03
-4.301606596778956373e+02
1.732841925307689053e+02
1.178745423513738842e+03
1.038869095290333917e+03
1.553847576246805829e+03
8.568891973971303742e+02
7.134688734106134689e+02
-9.254287625850774930e+02
-4.667330334872726780e+02
4.074979735045567395e+02
1.544441705548579193e+02
5.783566097663306209e+02
-1.841084587606305831e+02
-3.647587612324973634e+02
-2.010722946341532861e+03
-1.527951227768669014e+03
-5.984812698915557121e+02
-7.660945458610458445e+02
-2.284770826473836678e+02
-8.518496070903047439e+02
-8.717716594260446072e+02
-2.339905494678669129e+03
-1.667397819126474587e+03
-5.420038259226985247e+02
-5.135824002524154821e+02
2.139193189333122973e+02
-2.319777851312455823e+02
-9.289744252472610242e+01
-1.426180795795815811e+03
-6.480829405069271161e+02
5.492768552586744590e+02
6.125771219072607892e+02
1.335445268390739329e+03
8.441235813181720005e+02
8.969366517909325012e+02
-5.622340066092228881e+02
5.286614334565001627e+01
1.053891106437223016e+03
8.924967846572344570e+02
1.368397082843142925e+03
6.149012649945921112e+02
3.982217946164537352e+02
-1.329237952825136290e+03
-9.722773742839399347e+02
-2.100997164284749488e+02
-5.819491830785082129e+02
-2.793002345955842429e+02
-1.160565088960334378e+03
-1.452023678010981712e+03
