0.000000000000000000e+00
0.000000000000000000e+00
0.000000000000000000e+00
0.000000000000000000e+00
0.000000000000000000e+00
0.000000000000000000e+00
0.000000000000000000e+00
0.000000000000000000e+00
0.000000000000000000e+00
0.000000000000000000e+00
0.000000000000000000e+00
0.000000000000000000e+00
0.000000000000000000e+00
1.000000000000000000e+00
1.000000000000000000e+00
1.000000000000000000e+00
1.000000000000000000e+00
1.000000000000000000e+00
1.000000000000000000e+00
1.000000000000000000e+00
1.000000000000000000e+00
1.000000000000000000e+00
1.000000000000000000e+00
1.000000000000000000e+00
1.000000000000000000e+00
1.000000000000000000e+00
1.000000000000000000e+00
1.000000000000000000e+00
1.000000000000000000e+00
1.000000000000000000e+00
1.000000000000000000e+00
1.000000000000000000e+00
1.000000000000000000e+00
1.000000000000000000e+00
1.000000000000000000e+00
1.000000000000000000e+00
1.000000000000000000e+00
1.000000000000000000e+00
1.000000000000000000e+00
2.000000000000000000e+00
8.000000000000000000e+00
1.300000000000000000e+01
2.300000000000000000e+01
5.000000000000000000e+01
1.090000000000000000e+02
1.690000000000000000e+02
2.000000000000000000e+02
2.390000000000000000e+02
2.670000000000000000e+02
3.140000000000000000e+02
3.140000000000000000e+02
5.590000000000000000e+02
6.890000000000000000e+02
8.860000000000000000e+02
1.058000000000000000e+03
1.243000000000000000e+03
1.486000000000000000e+03
1.795000000000000000e+03
2.257000000000000000e+03
2.815000000000000000e+03
3.401000000000000000e+03
3.743000000000000000e+03
4.269000000000000000e+03
4.937000000000000000e+03
6.235000000000000000e+03
7.284000000000000000e+03
9.134000000000000000e+03
1.083600000000000000e+04
1.189900000000000000e+04
1.277500000000000000e+04
1.396400000000000000e+04
1.534800000000000000e+04
1.677000000000000000e+04
1.843100000000000000e+04
1.969100000000000000e+04
2.081400000000000000e+04
2.219400000000000000e+04
2.340300000000000000e+04
2.498300000000000000e+04
2.666700000000000000e+04
2.801800000000000000e+04
2.964700000000000000e+04
3.058900000000000000e+04
3.111900000000000000e+04
3.357300000000000000e+04
3.480900000000000000e+04
3.613800000000000000e+04
3.718300000000000000e+04
3.849600000000000000e+04
3.998300000000000000e+04
4.095600000000000000e+04
4.188900000000000000e+04
4.279700000000000000e+04
4.429300000000000000e+04
4.532500000000000000e+04
4.613400000000000000e+04
4.668700000000000000e+04
4.733400000000000000e+04
4.785900000000000000e+04
4.851900000000000000e+04
4.903200000000000000e+04
4.951700000000000000e+04
4.990600000000000000e+04
5.026700000000000000e+04
5.050900000000000000e+04
5.078100000000000000e+04
5.142000000000000000e+04
5.201100000000000000e+04
5.259600000000000000e+04
5.308100000000000000e+04
5.344900000000000000e+04
5.377900000000000000e+04
5.398100000000000000e+04
5.428800000000000000e+04
5.464400000000000000e+04
5.498900000000000000e+04
5.528000000000000000e+04
5.555900000000000000e+04
5.579100000000000000e+04
5.598300000000000000e+04
5.623500000000000000e+04
5.651100000000000000e+04
5.681000000000000000e+04
5.709200000000000000e+04
5.734200000000000000e+04
5.745500000000000000e+04
5.759200000000000000e+04
5.784900000000000000e+04
5.806100000000000000e+04
5.818600000000000000e+04
5.838100000000000000e+04
5.851700000000000000e+04
5.861500000000000000e+04
5.868500000000000000e+04
5.876700000000000000e+04
5.890700000000000000e+04
5.907200000000000000e+04
5.922600000000000000e+04
5.934800000000000000e+04
5.943700000000000000e+04
5.956900000000000000e+04
5.971100000000000000e+04
5.981900000000000000e+04
5.991800000000000000e+04
6.002900000000000000e+04
6.010000000000000000e+04
6.015500000000000000e+04
6.024400000000000000e+04
6.034800000000000000e+04
6.047600000000000000e+04
6.055000000000000000e+04
6.055000000000000000e+04
6.055000000000000000e+04
6.081000000000000000e+04
6.089800000000000000e+04
6.100700000000000000e+04
6.110600000000000000e+04
6.120900000000000000e+04
6.129500000000000000e+04
6.136100000000000000e+04
6.142700000000000000e+04
6.150900000000000000e+04
6.159800000000000000e+04
6.172700000000000000e+04
6.183800000000000000e+04
6.201600000000000000e+04
6.205800000000000000e+04
6.205800000000000000e+04
6.212300000000000000e+04
6.221000000000000000e+04
6.235700000000000000e+04
6.246900000000000000e+04
6.270700000000000000e+04
6.270700000000000000e+04
6.278100000000000000e+04
6.287200000000000000e+04
6.323800000000000000e+04
6.349900000000000000e+04
6.370600000000000000e+04
6.370600000000000000e+04
6.409400000000000000e+04
6.425800000000000000e+04
6.462700000000000000e+04
6.484700000000000000e+04
6.519900000000000000e+04
6.572700000000000000e+04
6.602600000000000000e+04
6.642800000000000000e+04
6.666200000000000000e+04
6.733500000000000000e+04
6.800600000000000000e+04
6.875100000000000000e+04
6.940200000000000000e+04
6.984900000000000000e+04
7.031400000000000000e+04
7.064800000000000000e+04
7.115800000000000000e+04
7.201600000000000000e+04
7.278400000000000000e+04
7.340100000000000000e+04
7.415200000000000000e+04
7.462000000000000000e+04
7.500800000000000000e+04
7.564700000000000000e+04
7.619100000000000000e+04
7.711300000000000000e+04
7.786900000000000000e+04
7.832300000000000000e+04
7.853400000000000000e+04
7.889700000000000000e+04
7.947900000000000000e+04
8.017800000000000000e+04
8.089400000000000000e+04
8.146800000000000000e+04
8.193600000000000000e+04
8.209200000000000000e+04
8.244700000000000000e+04
8.303000000000000000e+04
8.350000000000000000e+04
8.395200000000000000e+04
8.459900000000000000e+04
8.504200000000000000e+04
8.523600000000000000e+04
8.548700000000000000e+04
8.591100000000000000e+04
8.654400000000000000e+04
8.717400000000000000e+04
8.782500000000000000e+04
8.836700000000000000e+04
8.876900000000000000e+04
8.914100000000000000e+04
8.969100000000000000e+04
9.056800000000000000e+04
9.153700000000000000e+04
9.247800000000000000e+04
9.345500000000000000e+04
9.430600000000000000e+04
9.479500000000000000e+04
9.594800000000000000e+04
9.797600000000000000e+04
9.964900000000000000e+04
1.007480000000000000e+05
1.022950000000000000e+05
1.033920000000000000e+05
1.052260000000000000e+05
1.068870000000000000e+05
1.087680000000000000e+05
1.109760000000000000e+05
1.128030000000000000e+05
1.141790000000000000e+05
1.153530000000000000e+05
1.171150000000000000e+05
1.184520000000000000e+05
1.210590000000000000e+05
1.242340000000000000e+05
1.276230000000000000e+05
1.302350000000000000e+05
1.322030000000000000e+05
1.342910000000000000e+05
1.378680000000000000e+05
1.435960000000000000e+05
1.489810000000000000e+05
1.569310000000000000e+05
1.622580000000000000e+05
1.658800000000000000e+05
1.732400000000000000e+05
1.815110000000000000e+05
1.919590000000000000e+05
2.021510000000000000e+05
2.131150000000000000e+05
2.222530000000000000e+05
2.304800000000000000e+05
2.401590000000000000e+05
2.533860000000000000e+05
2.701320000000000000e+05
2.877000000000000000e+05
3.054090000000000000e+05
3.210310000000000000e+05
3.337180000000000000e+05
3.472890000000000000e+05
3.683370000000000000e+05
3.922580000000000000e+05
4.123140000000000000e+05
4.292290000000000000e+05
4.410180000000000000e+05
4.473550000000000000e+05
4.525410000000000000e+05
4.682130000000000000e+05
4.793410000000000000e+05
4.880440000000000000e+05
4.941680000000000000e+05
5.007890000000000000e+05
5.031820000000000000e+05
5.074750000000000000e+05
5.153910000000000000e+05
5.203930000000000000e+05
5.250120000000000000e+05
5.312800000000000000e+05
5.359390000000000000e+05
5.378710000000000000e+05
5.406050000000000000e+05
5.457870000000000000e+05
5.502640000000000000e+05
5.536800000000000000e+05
5.569040000000000000e+05
5.587790000000000000e+05
5.599020000000000000e+05
5.618030000000000000e+05
5.649670000000000000e+05
5.675320000000000000e+05
5.708290000000000000e+05
5.744480000000000000e+05
5.765990000000000000e+05
5.773450000000000000e+05
5.792120000000000000e+05
5.822520000000000000e+05
5.848570000000000000e+05
5.874390000000000000e+05
5.899420000000000000e+05
5.917560000000000000e+05
5.926150000000000000e+05
5.945720000000000000e+05
5.976430000000000000e+05
6.003970000000000000e+05
6.003970000000000000e+05
6.031590000000000000e+05
6.081370000000000000e+05
6.092110000000000000e+05
6.114220000000000000e+05
6.150580000000000000e+05
6.182040000000000000e+05
6.210390000000000000e+05
6.237600000000000000e+05
6.259300000000000000e+05
6.269110000000000000e+05
6.291090000000000000e+05
6.323210000000000000e+05
6.349040000000000000e+05
6.372460000000000000e+05
6.380300000000000000e+05
6.388770000000000000e+05
6.397340000000000000e+05
6.414110000000000000e+05
6.442420000000000000e+05
6.464960000000000000e+05
6.482890000000000000e+05
6.491690000000000000e+05
6.500110000000000000e+05
6.508870000000000000e+05
6.527350000000000000e+05
6.557320000000000000e+05
6.586550000000000000e+05
6.607030000000000000e+05
6.626940000000000000e+05
6.642630000000000000e+05
6.652230000000000000e+05
6.673220000000000000e+05
6.702490000000000000e+05
6.728860000000000000e+05
6.750890000000000000e+05
6.772090000000000000e+05
6.788390000000000000e+05
6.797710000000000000e+05
6.812500000000000000e+05
6.842560000000000000e+05
6.868270000000000000e+05
6.892710000000000000e+05
6.918540000000000000e+05
6.936660000000000000e+05
6.948580000000000000e+05
6.966420000000000000e+05
6.996620000000000000e+05
7.024370000000000000e+05
7.051200000000000000e+05
7.078370000000000000e+05
7.101530000000000000e+05
7.114170000000000000e+05
7.132710000000000000e+05
7.163950000000000000e+05
7.188470000000000000e+05
7.214320000000000000e+05
7.238700000000000000e+05
7.256100000000000000e+05
7.264830000000000000e+05
7.283340000000000000e+05
7.309510000000000000e+05
7.331000000000000000e+05
7.352200000000000000e+05
7.371150000000000000e+05
7.386310000000000000e+05
7.394880000000000000e+05
7.412050000000000000e+05
7.438820000000000000e+05
7.463020000000000000e+05
7.497390000000000000e+05
7.523790000000000000e+05
7.544730000000000000e+05
7.555940000000000000e+05
7.576960000000000000e+05
7.608090000000000000e+05
7.638850000000000000e+05
7.666540000000000000e+05
7.694140000000000000e+05
7.715110000000000000e+05
7.722940000000000000e+05
7.743440000000000000e+05
7.776080000000000000e+05
7.802510000000000000e+05
7.830100000000000000e+05
7.858090000000000000e+05
7.878910000000000000e+05
7.890080000000000000e+05
7.911710000000000000e+05
7.946050000000000000e+05
7.981080000000000000e+05
8.017230000000000000e+05
8.053210000000000000e+05
8.082830000000000000e+05
8.098610000000000000e+05
8.130260000000000000e+05
8.181420000000000000e+05
8.228010000000000000e+05
8.279410000000000000e+05
8.279410000000000000e+05
8.370060000000000000e+05
8.392380000000000000e+05
8.427750000000000000e+05
8.490900000000000000e+05
8.546080000000000000e+05
8.607310000000000000e+05
8.660630000000000000e+05
8.707570000000000000e+05
8.729360000000000000e+05
8.768420000000000000e+05
8.824530000000000000e+05
8.879200000000000000e+05
8.925850000000000000e+05
8.974740000000000000e+05
9.009960000000000000e+05
9.029640000000000000e+05
9.046730000000000000e+05
9.082120000000000000e+05
9.130570000000000000e+05
9.179170000000000000e+05
9.224870000000000000e+05
9.254760000000000000e+05
9.272290000000000000e+05
9.306030000000000000e+05
9.353160000000000000e+05
9.393090000000000000e+05
9.432130000000000000e+05
9.470000000000000000e+05
9.499960000000000000e+05
9.516260000000000000e+05
9.550560000000000000e+05
9.601690000000000000e+05
9.645260000000000000e+05
9.681070000000000000e+05
9.720410000000000000e+05
9.744180000000000000e+05
9.760880000000000000e+05
9.790340000000000000e+05
9.829590000000000000e+05
9.866220000000000000e+05
9.902290000000000000e+05
9.934340000000000000e+05
9.955620000000000000e+05
9.968960000000000000e+05
9.996270000000000000e+05
1.003746000000000000e+06
1.007264000000000000e+06
1.010987000000000000e+06
1.014351000000000000e+06
1.016609000000000000e+06
1.017876000000000000e+06
1.020332000000000000e+06
1.023583000000000000e+06
1.026473000000000000e+06
1.028104000000000000e+06
1.030071000000000000e+06
1.031923000000000000e+06
1.032895000000000000e+06
1.034714000000000000e+06
1.038514000000000000e+06
1.041706000000000000e+06
1.044612000000000000e+06
1.047128000000000000e+06
1.048881000000000000e+06
1.049822000000000000e+06
1.050677000000000000e+06
1.052652000000000000e+06
1.055543000000000000e+06
1.057903000000000000e+06
1.059763000000000000e+06
1.061200000000000000e+06
1.062001000000000000e+06
1.063499000000000000e+06
1.065358000000000000e+06
1.066957000000000000e+06
1.068406000000000000e+06
1.069874000000000000e+06
1.070802000000000000e+06
1.071271000000000000e+06
1.072175000000000000e+06
1.073358000000000000e+06
1.074204000000000000e+06
1.074988000000000000e+06
1.075765000000000000e+06
1.076338000000000000e+06
1.076579000000000000e+06
1.077087000000000000e+06
1.077758000000000000e+06
1.078251000000000000e+06
1.078251000000000000e+06
1.079084000000000000e+06
1.079415000000000000e+06
1.079640000000000000e+06
1.080035000000000000e+06
1.081061000000000000e+06
1.081908000000000000e+06
1.082476000000000000e+06
1.082476000000000000e+06
1.082476000000000000e+06
1.083478000000000000e+06
1.084550000000000000e+06
1.085131000000000000e+06
1.085885000000000000e+06
1.086508000000000000e+06
1.086508000000000000e+06
1.086508000000000000e+06
1.088363000000000000e+06
1.089105000000000000e+06
1.091095000000000000e+06
1.092477000000000000e+06
1.093700000000000000e+06
1.093700000000000000e+06
1.093700000000000000e+06
1.097029000000000000e+06
1.098332000000000000e+06
1.100616000000000000e+06
1.102069000000000000e+06
1.103413000000000000e+06
1.103413000000000000e+06
1.103413000000000000e+06
1.107208000000000000e+06
1.108675000000000000e+06
1.108675000000000000e+06
1.112161000000000000e+06
1.112161000000000000e+06
1.113465000000000000e+06
1.113465000000000000e+06
1.117697000000000000e+06
1.119030000000000000e+06
1.121089000000000000e+06
1.122951000000000000e+06
1.124715000000000000e+06
1.124715000000000000e+06
1.124715000000000000e+06
1.129018000000000000e+06
1.130758000000000000e+06
1.132934000000000000e+06
1.134907000000000000e+06
1.136726000000000000e+06
1.136726000000000000e+06
1.136726000000000000e+06
1.141379000000000000e+06
1.143127000000000000e+06
1.145736000000000000e+06
1.147855000000000000e+06
1.149869000000000000e+06
1.149869000000000000e+06
1.149869000000000000e+06
1.154879000000000000e+06
1.156620000000000000e+06
1.159366000000000000e+06
1.161558000000000000e+06
1.163726000000000000e+06
1.163726000000000000e+06
1.163726000000000000e+06
1.168602000000000000e+06
1.170213000000000000e+06
1.173108000000000000e+06
1.175575000000000000e+06
1.177909000000000000e+06
1.177909000000000000e+06
1.177909000000000000e+06
1.182810000000000000e+06
1.184664000000000000e+06
1.187506000000000000e+06
1.189710000000000000e+06
1.192008000000000000e+06
1.192008000000000000e+06
1.192008000000000000e+06
1.196656000000000000e+06
1.198503000000000000e+06
1.201056000000000000e+06
1.203326000000000000e+06
1.205516000000000000e+06
1.205516000000000000e+06
1.205516000000000000e+06
1.210381000000000000e+06
1.212106000000000000e+06
1.215114000000000000e+06
1.217473000000000000e+06
1.219814000000000000e+06
1.219814000000000000e+06
1.219814000000000000e+06
1.224885000000000000e+06
1.226682000000000000e+06
1.229236000000000000e+06
1.231523000000000000e+06
1.233723000000000000e+06
1.233723000000000000e+06
1.233723000000000000e+06
1.238358000000000000e+06
1.240232000000000000e+06
1.242821000000000000e+06
1.244954000000000000e+06
1.247197000000000000e+06
1.247197000000000000e+06
1.247197000000000000e+06
1.251857000000000000e+06
1.253587000000000000e+06
1.256191000000000000e+06
1.258688000000000000e+06
1.261102000000000000e+06
1.261102000000000000e+06
1.261102000000000000e+06
1.266562000000000000e+06
1.269002000000000000e+06
1.272669000000000000e+06
1.276221000000000000e+06
1.279869000000000000e+06
1.279869000000000000e+06
1.279869000000000000e+06
1.289033000000000000e+06
1.292887000000000000e+06
1.299439000000000000e+06
1.305678000000000000e+06
1.312360000000000000e+06
1.312360000000000000e+06
1.312360000000000000e+06
1.328202000000000000e+06
1.333947000000000000e+06
1.342718000000000000e+06
1.351913000000000000e+06
1.360650000000000000e+06
1.360650000000000000e+06
1.360650000000000000e+06
1.360650000000000000e+06
1.360650000000000000e+06
1.393358000000000000e+06
1.403548000000000000e+06
1.403548000000000000e+06
1.414463000000000000e+06
1.414463000000000000e+06
1.438830000000000000e+06
1.438830000000000000e+06
1.463548000000000000e+06
1.463548000000000000e+06
1.484712000000000000e+06
1.484712000000000000e+06
1.484712000000000000e+06
1.512474000000000000e+06
1.524862000000000000e+06
1.543299000000000000e+06
1.559998000000000000e+06
1.581500000000000000e+06
1.581500000000000000e+06
1.581500000000000000e+06
1.623560000000000000e+06
1.635675000000000000e+06
1.659025000000000000e+06
1.679861000000000000e+06
1.701633000000000000e+06
1.701633000000000000e+06
1.701633000000000000e+06
1.749469000000000000e+06
1.766035000000000000e+06
1.786444000000000000e+06
1.809557000000000000e+06
1.827467000000000000e+06
1.827467000000000000e+06
1.827467000000000000e+06
1.868906000000000000e+06
1.879784000000000000e+06
1.898498000000000000e+06
1.914527000000000000e+06
1.929772000000000000e+06
1.929772000000000000e+06
1.929772000000000000e+06
1.959193000000000000e+06
1.968269000000000000e+06
1.980120000000000000e+06
1.980120000000000000e+06
1.990160000000000000e+06
1.999764000000000000e+06
1.999764000000000000e+06
2.017154000000000000e+06
2.017447000000000000e+06
2.023285000000000000e+06
2.030878000000000000e+06
2.038111000000000000e+06
2.038111000000000000e+06
2.038111000000000000e+06
2.052871000000000000e+06
2.062836000000000000e+06
2.075781000000000000e+06
2.089657000000000000e+06
2.105343000000000000e+06
2.105343000000000000e+06
2.105343000000000000e+06
2.133284000000000000e+06
2.151914000000000000e+06
2.179710000000000000e+06
2.206992000000000000e+06
2.231686000000000000e+06
2.231686000000000000e+06
2.231686000000000000e+06
2.286532000000000000e+06
2.307843000000000000e+06
2.347164000000000000e+06
2.347164000000000000e+06
2.410731000000000000e+06
2.410731000000000000e+06
2.410731000000000000e+06
2.484027000000000000e+06
2.521462000000000000e+06
2.575313000000000000e+06
2.642761000000000000e+06
2.697239000000000000e+06
2.697239000000000000e+06
2.697239000000000000e+06
2.830719000000000000e+06
2.878212000000000000e+06
2.939439000000000000e+06
3.007724000000000000e+06
3.055925000000000000e+06
3.055925000000000000e+06
3.055925000000000000e+06
3.155239000000000000e+06
3.184201000000000000e+06
3.229629000000000000e+06
3.267656000000000000e+06
3.296038000000000000e+06
3.296038000000000000e+06
3.296038000000000000e+06
3.344833000000000000e+06
3.363890000000000000e+06
3.386223000000000000e+06
3.405839000000000000e+06
3.421081000000000000e+06
3.421081000000000000e+06
3.421081000000000000e+06
3.447539000000000000e+06
3.460301000000000000e+06
3.473015000000000000e+06
3.484518000000000000e+06
3.494223000000000000e+06
3.494223000000000000e+06
3.494223000000000000e+06
3.512212000000000000e+06
3.520568000000000000e+06
3.529041000000000000e+06
3.537675000000000000e+06
3.544034000000000000e+06
3.544034000000000000e+06
3.544034000000000000e+06
3.557314000000000000e+06
3.563841000000000000e+06
3.563841000000000000e+06
3.571579000000000000e+06
3.586292000000000000e+06
3.586292000000000000e+06
3.586292000000000000e+06
3.601627000000000000e+06
3.609122000000000000e+06
3.609122000000000000e+06
3.629671000000000000e+06
3.640052000000000000e+06
3.640052000000000000e+06
3.640052000000000000e+06
3.658084000000000000e+06
3.658084000000000000e+06
3.683784000000000000e+06
3.696059000000000000e+06
3.696059000000000000e+06
3.707561000000000000e+06
3.707561000000000000e+06
3.728945000000000000e+06
3.741614000000000000e+06
3.757776000000000000e+06
3.771233000000000000e+06
3.782085000000000000e+06
3.782085000000000000e+06
3.782085000000000000e+06
3.807447000000000000e+06
3.807447000000000000e+06
3.807447000000000000e+06
3.851048000000000000e+06
3.851048000000000000e+06
3.851048000000000000e+06
3.851048000000000000e+06
3.881523000000000000e+06
3.881523000000000000e+06
3.881523000000000000e+06
3.915732000000000000e+06
3.915732000000000000e+06
3.915732000000000000e+06
3.915732000000000000e+06
3.943831000000000000e+06
3.943831000000000000e+06
3.943831000000000000e+06
3.972963000000000000e+06
3.972963000000000000e+06
3.972963000000000000e+06
3.972963000000000000e+06
3.972963000000000000e+06
3.998722000000000000e+06
3.998722000000000000e+06
4.015791000000000000e+06
4.015791000000000000e+06
4.015791000000000000e+06
4.015791000000000000e+06
4.015791000000000000e+06
4.036113000000000000e+06
4.036113000000000000e+06
4.056448000000000000e+06
4.056448000000000000e+06
4.056448000000000000e+06
4.056448000000000000e+06
4.071279000000000000e+06
4.071279000000000000e+06
4.071279000000000000e+06
4.088336000000000000e+06
4.088336000000000000e+06
4.088336000000000000e+06
4.088336000000000000e+06
4.102082000000000000e+06
4.102082000000000000e+06
4.102082000000000000e+06
4.116397000000000000e+06
4.116397000000000000e+06
4.116397000000000000e+06
4.116397000000000000e+06
4.127123000000000000e+06
4.127123000000000000e+06
4.134293000000000000e+06
4.134293000000000000e+06
4.134293000000000000e+06
4.134293000000000000e+06
4.134293000000000000e+06
4.143408000000000000e+06
4.143408000000000000e+06
4.147568000000000000e+06
4.147568000000000000e+06
4.147568000000000000e+06
4.147568000000000000e+06
4.147568000000000000e+06
4.152558000000000000e+06
4.152558000000000000e+06
4.152558000000000000e+06
4.158754000000000000e+06
4.158754000000000000e+06
4.158754000000000000e+06
4.158754000000000000e+06
4.158754000000000000e+06
4.164698000000000000e+06
4.164698000000000000e+06
4.170252000000000000e+06
