3.006483845003062783e+01
3.848446611470915002e+01
5.623763818031252271e+01
-2.384729504915094367e+02
3.668781935865577282e+01
4.200584221127076034e+01
2.885253472220288984e+01
1.078704652375898121e+01
3.037053050502596108e+01
5.993539239676456276e+01
-2.226427767707179157e+02
6.464042926371908493e+01
8.174668198958062248e+01
7.973938265630752653e+01
7.189491372509441192e+01
1.005250027992948674e+02
1.377528820695339107e+02
-1.387092497745431388e+02
1.530294006380304097e+02
1.728690375097663150e+02
1.718644260225921983e+02
1.633351537497574952e+02
1.896853863138583449e+02
2.231759078859010685e+02
-5.830389277892132327e+01
2.273469676243452966e+02
2.402643114359315177e+02
2.317557006448975869e+02
2.154020449146463534e+02
2.338685835407198965e+02
2.596683160259285046e+02
-2.907418242276290243e+01
2.499527564539222340e+02
2.570645971322359173e+02
2.437120920222959626e+02
2.235787757188713272e+02
2.393892477845793110e+02
2.636713915567960385e+02
-2.547951054408991922e+01
2.541765268923614087e+02
2.628440960260360839e+02
2.518283842082185515e+02
2.346383020403161481e+02
2.538013422305004951e+02
2.816330925680464929e+02
-3.990882620570957329e+00
2.789502394226786350e+02
2.904503678119936012e+02
2.816200941002783225e+02
2.657968601464928042e+02
2.853660570774860616e+02
3.125357735735686902e+02
2.511273602788590154e+01
3.050903394539672604e+02
3.124778245091345639e+02
2.984437781942680772e+02
2.764247643548791302e+02
2.889434925729229349e+02
3.083793382306599256e+02
1.273889293088964791e+01
