0.000000000000000000e+00
0.000000000000000000e+00
0.000000000000000000e+00
0.000000000000000000e+00
0.000000000000000000e+00
0.000000000000000000e+00
0.000000000000000000e+00
0.000000000000000000e+00
0.000000000000000000e+00
0.000000000000000000e+00
0.000000000000000000e+00
0.000000000000000000e+00
0.000000000000000000e+00
0.000000000000000000e+00
0.000000000000000000e+00
0.000000000000000000e+00
0.000000000000000000e+00
0.000000000000000000e+00
0.000000000000000000e+00
0.000000000000000000e+00
0.000000000000000000e+00
0.000000000000000000e+00
0.000000000000000000e+00
0.000000000000000000e+00
0.000000000000000000e+00
0.000000000000000000e+00
0.000000000000000000e+00
0.000000000000000000e+00
0.000000000000000000e+00
0.000000000000000000e+00
0.000000000000000000e+00
0.000000000000000000e+00
0.000000000000000000e+00
0.000000000000000000e+00
0.000000000000000000e+00
0.000000000000000000e+00
0.000000000000000000e+00
0.000000000000000000e+00
0.000000000000000000e+00
0.000000000000000000e+00
0.000000000000000000e+00
0.000000000000000000e+00
0.000000000000000000e+00
0.000000000000000000e+00
0.000000000000000000e+00
0.000000000000000000e+00
0.000000000000000000e+00
0.000000000000000000e+00
0.000000000000000000e+00
0.000000000000000000e+00
0.000000000000000000e+00
0.000000000000000000e+00
0.000000000000000000e+00
0.000000000000000000e+00
0.000000000000000000e+00
0.000000000000000000e+00
0.000000000000000000e+00
0.000000000000000000e+00
6.000000000000000000e+00
6.000000000000000000e+00
8.000000000000000000e+00
8.000000000000000000e+00
1.700000000000000000e+01
2.200000000000000000e+01
2.200000000000000000e+01
4.300000000000000000e+01
6.100000000000000000e+01
7.500000000000000000e+01
1.560000000000000000e+02
1.560000000000000000e+02
2.340000000000000000e+02
3.350000000000000000e+02
4.270000000000000000e+02
5.280000000000000000e+02
6.180000000000000000e+02
7.280000000000000000e+02
8.980000000000000000e+02
1.115000000000000000e+03
1.274000000000000000e+03
1.571000000000000000e+03
1.864000000000000000e+03
2.059000000000000000e+03
2.367000000000000000e+03
2.646000000000000000e+03
2.937000000000000000e+03
3.299000000000000000e+03
3.621000000000000000e+03
4.035000000000000000e+03
4.338000000000000000e+03
4.676000000000000000e+03
4.969000000000000000e+03
5.386000000000000000e+03
5.804000000000000000e+03
6.327000000000000000e+03
6.746000000000000000e+03
7.024000000000000000e+03
7.327000000000000000e+03
7.710000000000000000e+03
8.057000000000000000e+03
8.580000000000000000e+03
9.018000000000000000e+03
9.572000000000000000e+03
1.004100000000000000e+04
1.041500000000000000e+04
1.071000000000000000e+04
1.118900000000000000e+04
1.166400000000000000e+04
1.216000000000000000e+04
1.266700000000000000e+04
1.311200000000000000e+04
1.360500000000000000e+04
1.412500000000000000e+04
1.486500000000000000e+04
1.565500000000000000e+04
1.661400000000000000e+04
1.801400000000000000e+04
1.921300000000000000e+04
2.016500000000000000e+04
2.150700000000000000e+04
2.250400000000000000e+04
2.399200000000000000e+04
2.534200000000000000e+04
2.654600000000000000e+04
2.814800000000000000e+04
2.930200000000000000e+04
3.091500000000000000e+04
3.354000000000000000e+04
3.611500000000000000e+04
3.859800000000000000e+04
4.043100000000000000e+04
4.272700000000000000e+04
4.494600000000000000e+04
8.617300000000000000e+04
9.074800000000000000e+04
9.563100000000000000e+04
9.935800000000000000e+04
1.038170000000000000e+05
1.081500000000000000e+05
1.122480000000000000e+05
1.173610000000000000e+05
1.217800000000000000e+05
1.264440000000000000e+05
1.313580000000000000e+05
1.372960000000000000e+05
1.437040000000000000e+05
1.487920000000000000e+05
1.562320000000000000e+05
1.819310000000000000e+05
1.864410000000000000e+05
1.914910000000000000e+05
1.966090000000000000e+05
2.005690000000000000e+05
2.053970000000000000e+05
2.105700000000000000e+05
2.150930000000000000e+05
2.193270000000000000e+05
2.234310000000000000e+05
2.280550000000000000e+05
2.322100000000000000e+05
2.361540000000000000e+05
2.412290000000000000e+05
2.454430000000000000e+05
2.492470000000000000e+05
2.533430000000000000e+05
2.574510000000000000e+05
2.610390000000000000e+05
2.643780000000000000e+05
2.682510000000000000e+05
2.717410000000000000e+05
2.749220000000000000e+05
2.780530000000000000e+05
2.811140000000000000e+05
2.839020000000000000e+05
2.865560000000000000e+05
2.892200000000000000e+05
2.920850000000000000e+05
2.953010000000000000e+05
2.968140000000000000e+05
2.994490000000000000e+05
3.017940000000000000e+05
3.039920000000000000e+05
3.068160000000000000e+05
3.092410000000000000e+05
3.114310000000000000e+05
3.136960000000000000e+05
3.161690000000000000e+05
3.180950000000000000e+05
3.199540000000000000e+05
3.223320000000000000e+05
3.245570000000000000e+05
3.266280000000000000e+05
3.283270000000000000e+05
3.305070000000000000e+05
3.324110000000000000e+05
3.339760000000000000e+05
3.363300000000000000e+05
3.382910000000000000e+05
3.401680000000000000e+05
3.421680000000000000e+05
3.441330000000000000e+05
3.458260000000000000e+05
3.473420000000000000e+05
3.495410000000000000e+05
3.514190000000000000e+05
3.531310000000000000e+05
3.550370000000000000e+05
3.569510000000000000e+05
3.588280000000000000e+05
3.603850000000000000e+05
3.624400000000000000e+05
3.642850000000000000e+05
3.660630000000000000e+05
3.678970000000000000e+05
3.697300000000000000e+05
3.711790000000000000e+05
3.724640000000000000e+05
3.744630000000000000e+05
3.762680000000000000e+05
3.779220000000000000e+05
3.794520000000000000e+05
3.811830000000000000e+05
3.825840000000000000e+05
3.838790000000000000e+05
3.857900000000000000e+05
3.876830000000000000e+05
3.894090000000000000e+05
3.912480000000000000e+05
3.929670000000000000e+05
3.943990000000000000e+05
3.957170000000000000e+05
3.977300000000000000e+05
3.995550000000000000e+05
4.013560000000000000e+05
4.030640000000000000e+05
4.049190000000000000e+05
4.063260000000000000e+05
4.077250000000000000e+05
4.099440000000000000e+05
4.118530000000000000e+05
4.139280000000000000e+05
4.159810000000000000e+05
4.181010000000000000e+05
4.197460000000000000e+05
4.211110000000000000e+05
4.231760000000000000e+05
4.251650000000000000e+05
4.268760000000000000e+05
4.285800000000000000e+05
4.302590000000000000e+05
4.317040000000000000e+05
4.330160000000000000e+05
4.347940000000000000e+05
4.365890000000000000e+05
4.381480000000000000e+05
4.396070000000000000e+05
4.408810000000000000e+05
4.420700000000000000e+05
4.434530000000000000e+05
4.454180000000000000e+05
4.470530000000000000e+05
4.487100000000000000e+05
4.502970000000000000e+05
4.520540000000000000e+05
4.533520000000000000e+05
4.544340000000000000e+05
4.564990000000000000e+05
4.580730000000000000e+05
4.595360000000000000e+05
4.610970000000000000e+05
4.627120000000000000e+05
4.639430000000000000e+05
4.650210000000000000e+05
4.666430000000000000e+05
4.672690000000000000e+05
4.697650000000000000e+05
4.711660000000000000e+05
4.765760000000000000e+05
4.782520000000000000e+05
4.798770000000000000e+05
4.813790000000000000e+05
4.829060000000000000e+05
4.839220000000000000e+05
4.851520000000000000e+05
4.866420000000000000e+05
4.881660000000000000e+05
4.895250000000000000e+05
4.908200000000000000e+05
4.921490000000000000e+05
4.932500000000000000e+05
4.943030000000000000e+05
4.958520000000000000e+05
4.974110000000000000e+05
4.989040000000000000e+05
5.001420000000000000e+05
5.014260000000000000e+05
5.024750000000000000e+05
5.035400000000000000e+05
5.052430000000000000e+05
5.067000000000000000e+05
5.080670000000000000e+05
5.094010000000000000e+05
5.107660000000000000e+05
5.118740000000000000e+05
5.129270000000000000e+05
5.145840000000000000e+05
5.161210000000000000e+05
5.175240000000000000e+05
5.188340000000000000e+05
5.201800000000000000e+05
5.212470000000000000e+05
5.222590000000000000e+05
5.236920000000000000e+05
5.252130000000000000e+05
5.266040000000000000e+05
5.280340000000000000e+05
5.295010000000000000e+05
5.304700000000000000e+05
5.315430000000000000e+05
5.332500000000000000e+05
5.347890000000000000e+05
5.362670000000000000e+05
5.377270000000000000e+05
5.391710000000000000e+05
5.402880000000000000e+05
5.413450000000000000e+05
5.430860000000000000e+05
5.448320000000000000e+05
5.465380000000000000e+05
5.481900000000000000e+05
5.498520000000000000e+05
5.512000000000000000e+05
5.522890000000000000e+05
5.543330000000000000e+05
5.559560000000000000e+05
5.579130000000000000e+05
5.598450000000000000e+05
5.617940000000000000e+05
5.634570000000000000e+05
5.650020000000000000e+05
5.673760000000000000e+05
5.695780000000000000e+05
5.716740000000000000e+05
5.736810000000000000e+05
5.755950000000000000e+05
5.773820000000000000e+05
5.792030000000000000e+05
5.819610000000000000e+05
5.844570000000000000e+05
5.869000000000000000e+05
5.889910000000000000e+05
5.910810000000000000e+05
5.932350000000000000e+05
5.957990000000000000e+05
5.996040000000000000e+05
6.028610000000000000e+05
6.060550000000000000e+05
6.088040000000000000e+05
6.115640000000000000e+05
6.142670000000000000e+05
6.173720000000000000e+05
6.223210000000000000e+05
6.265280000000000000e+05
6.308180000000000000e+05
6.349600000000000000e+05
6.390910000000000000e+05
6.420040000000000000e+05
6.450350000000000000e+05
6.498020000000000000e+05
6.541010000000000000e+05
6.583240000000000000e+05
6.624600000000000000e+05
6.667990000000000000e+05
6.703360000000000000e+05
6.735820000000000000e+05
6.776020000000000000e+05
6.819810000000000000e+05
6.863740000000000000e+05
6.906530000000000000e+05
6.949600000000000000e+05
6.982480000000000000e+05
7.013150000000000000e+05
7.060200000000000000e+05
7.100290000000000000e+05
7.137110000000000000e+05
7.173080000000000000e+05
7.208520000000000000e+05
7.234930000000000000e+05
7.259450000000000000e+05
7.302040000000000000e+05
7.337310000000000000e+05
7.371260000000000000e+05
7.404650000000000000e+05
7.433060000000000000e+05
7.463140000000000000e+05
7.489200000000000000e+05
7.530370000000000000e+05
7.567640000000000000e+05
7.605770000000000000e+05
7.639040000000000000e+05
7.673320000000000000e+05
7.701900000000000000e+05
7.729510000000000000e+05
7.769550000000000000e+05
7.805300000000000000e+05
7.842130000000000000e+05
7.877000000000000000e+05
7.905280000000000000e+05
7.938190000000000000e+05
7.967910000000000000e+05
8.015370000000000000e+05
8.057020000000000000e+05
8.099410000000000000e+05
8.140880000000000000e+05
8.183370000000000000e+05
8.213700000000000000e+05
8.253110000000000000e+05
8.306980000000000000e+05
8.356690000000000000e+05
8.406680000000000000e+05
8.457120000000000000e+05
8.511540000000000000e+05
8.548270000000000000e+05
8.590970000000000000e+05
8.654130000000000000e+05
8.712340000000000000e+05
8.771890000000000000e+05
8.827720000000000000e+05
8.888260000000000000e+05
8.929730000000000000e+05
8.979750000000000000e+05
9.054350000000000000e+05
9.120580000000000000e+05
9.184460000000000000e+05
9.246120000000000000e+05
9.312700000000000000e+05
9.367210000000000000e+05
9.424130000000000000e+05
9.508890000000000000e+05
9.584000000000000000e+05
9.656410000000000000e+05
9.656410000000000000e+05
9.802450000000000000e+05
9.862850000000000000e+05
9.916760000000000000e+05
9.984000000000000000e+05
1.005860000000000000e+06
1.012904000000000000e+06
1.020925000000000000e+06
1.026934000000000000e+06
1.033189000000000000e+06
1.037539000000000000e+06
1.045807000000000000e+06
1.053635000000000000e+06
1.060796000000000000e+06
1.067662000000000000e+06
1.074827000000000000e+06
1.081117000000000000e+06
1.084831000000000000e+06
1.092935000000000000e+06
1.099918000000000000e+06
1.106862000000000000e+06
1.112463000000000000e+06
1.120141000000000000e+06
1.125761000000000000e+06
1.129347000000000000e+06
1.136197000000000000e+06
1.143565000000000000e+06
1.149795000000000000e+06
1.155630000000000000e+06
1.160945000000000000e+06
1.166227000000000000e+06
1.170437000000000000e+06
1.177342000000000000e+06
1.183155000000000000e+06
1.188831000000000000e+06
1.193927000000000000e+06
1.199432000000000000e+06
1.204176000000000000e+06
1.208396000000000000e+06
1.214817000000000000e+06
1.220351000000000000e+06
1.225846000000000000e+06
1.231002000000000000e+06
1.237410000000000000e+06
1.241426000000000000e+06
1.245988000000000000e+06
1.252970000000000000e+06
1.259080000000000000e+06
1.265116000000000000e+06
1.270510000000000000e+06
1.277019000000000000e+06
1.282561000000000000e+06
1.287804000000000000e+06
1.295499000000000000e+06
1.302518000000000000e+06
1.309040000000000000e+06
1.315860000000000000e+06
1.321600000000000000e+06
1.327643000000000000e+06
1.333631000000000000e+06
1.342080000000000000e+06
1.347676000000000000e+06
1.355224000000000000e+06
1.362431000000000000e+06
1.369856000000000000e+06
1.376335000000000000e+06
1.382124000000000000e+06
1.391016000000000000e+06
1.399187000000000000e+06
1.406555000000000000e+06
1.413414000000000000e+06
1.420365000000000000e+06
1.426275000000000000e+06
1.431515000000000000e+06
1.439182000000000000e+06
1.445703000000000000e+06
1.452108000000000000e+06
1.456672000000000000e+06
1.462966000000000000e+06
1.468137000000000000e+06
1.472337000000000000e+06
1.478841000000000000e+06
1.484410000000000000e+06
1.489537000000000000e+06
1.494284000000000000e+06
1.498792000000000000e+06
1.502411000000000000e+06
1.505708000000000000e+06
1.509342000000000000e+06
1.513495000000000000e+06
1.517303000000000000e+06
1.520879000000000000e+06
1.524232000000000000e+06
1.527050000000000000e+06
1.529269000000000000e+06
1.532078000000000000e+06
1.535072000000000000e+06
1.537815000000000000e+06
1.540595000000000000e+06
1.543171000000000000e+06
1.545186000000000000e+06
1.547042000000000000e+06
1.549660000000000000e+06
1.551119000000000000e+06
1.553145000000000000e+06
1.555294000000000000e+06
1.557199000000000000e+06
1.558669000000000000e+06
1.559891000000000000e+06
1.561758000000000000e+06
1.563280000000000000e+06
1.564777000000000000e+06
1.566138000000000000e+06
1.567236000000000000e+06
1.568294000000000000e+06
1.568981000000000000e+06
1.570492000000000000e+06
1.571788000000000000e+06
1.573007000000000000e+06
1.574176000000000000e+06
1.575377000000000000e+06
0.000000000000000000e+00
0.000000000000000000e+00
0.000000000000000000e+00
0.000000000000000000e+00
0.000000000000000000e+00
0.000000000000000000e+00
0.000000000000000000e+00
0.000000000000000000e+00
0.000000000000000000e+00
0.000000000000000000e+00
0.000000000000000000e+00
0.000000000000000000e+00
0.000000000000000000e+00
0.000000000000000000e+00
0.000000000000000000e+00
0.000000000000000000e+00
0.000000000000000000e+00
0.000000000000000000e+00
0.000000000000000000e+00
0.000000000000000000e+00
0.000000000000000000e+00
0.000000000000000000e+00
0.000000000000000000e+00
0.000000000000000000e+00
0.000000000000000000e+00
0.000000000000000000e+00
0.000000000000000000e+00
0.000000000000000000e+00
0.000000000000000000e+00
0.000000000000000000e+00
0.000000000000000000e+00
0.000000000000000000e+00
0.000000000000000000e+00
0.000000000000000000e+00
0.000000000000000000e+00
0.000000000000000000e+00
0.000000000000000000e+00
0.000000000000000000e+00
0.000000000000000000e+00
0.000000000000000000e+00
0.000000000000000000e+00
0.000000000000000000e+00
0.000000000000000000e+00
0.000000000000000000e+00
0.000000000000000000e+00
0.000000000000000000e+00
0.000000000000000000e+00
0.000000000000000000e+00
0.000000000000000000e+00
0.000000000000000000e+00
0.000000000000000000e+00
0.000000000000000000e+00
0.000000000000000000e+00
0.000000000000000000e+00
0.000000000000000000e+00
0.000000000000000000e+00
0.000000000000000000e+00
0.000000000000000000e+00
0.000000000000000000e+00
0.000000000000000000e+00
0.000000000000000000e+00
0.000000000000000000e+00
0.000000000000000000e+00
0.000000000000000000e+00
0.000000000000000000e+00
0.000000000000000000e+00
0.000000000000000000e+00
0.000000000000000000e+00
0.000000000000000000e+00
0.000000000000000000e+00
0.000000000000000000e+00
0.000000000000000000e+00
0.000000000000000000e+00
0.000000000000000000e+00
0.000000000000000000e+00
0.000000000000000000e+00
0.000000000000000000e+00
0.000000000000000000e+00
0.000000000000000000e+00
0.000000000000000000e+00
0.000000000000000000e+00
0.000000000000000000e+00
0.000000000000000000e+00
0.000000000000000000e+00
0.000000000000000000e+00
0.000000000000000000e+00
0.000000000000000000e+00
0.000000000000000000e+00
0.000000000000000000e+00
0.000000000000000000e+00
0.000000000000000000e+00
0.000000000000000000e+00
0.000000000000000000e+00
0.000000000000000000e+00
0.000000000000000000e+00
0.000000000000000000e+00
0.000000000000000000e+00
0.000000000000000000e+00
0.000000000000000000e+00
0.000000000000000000e+00
0.000000000000000000e+00
0.000000000000000000e+00
0.000000000000000000e+00
0.000000000000000000e+00
0.000000000000000000e+00
0.000000000000000000e+00
0.000000000000000000e+00
0.000000000000000000e+00
0.000000000000000000e+00
0.000000000000000000e+00
0.000000000000000000e+00
0.000000000000000000e+00
0.000000000000000000e+00
0.000000000000000000e+00
0.000000000000000000e+00
0.000000000000000000e+00
0.000000000000000000e+00
0.000000000000000000e+00
0.000000000000000000e+00
0.000000000000000000e+00
0.000000000000000000e+00
0.000000000000000000e+00
0.000000000000000000e+00
0.000000000000000000e+00
0.000000000000000000e+00
0.000000000000000000e+00
0.000000000000000000e+00
0.000000000000000000e+00
0.000000000000000000e+00
0.000000000000000000e+00
0.000000000000000000e+00
0.000000000000000000e+00
0.000000000000000000e+00
0.000000000000000000e+00
0.000000000000000000e+00
0.000000000000000000e+00
0.000000000000000000e+00
0.000000000000000000e+00
0.000000000000000000e+00
0.000000000000000000e+00
0.000000000000000000e+00
0.000000000000000000e+00
0.000000000000000000e+00
0.000000000000000000e+00
0.000000000000000000e+00
0.000000000000000000e+00
0.000000000000000000e+00
0.000000000000000000e+00
0.000000000000000000e+00
0.000000000000000000e+00
0.000000000000000000e+00
0.000000000000000000e+00
0.000000000000000000e+00
0.000000000000000000e+00
0.000000000000000000e+00
0.000000000000000000e+00
0.000000000000000000e+00
0.000000000000000000e+00
0.000000000000000000e+00
0.000000000000000000e+00
0.000000000000000000e+00
0.000000000000000000e+00
0.000000000000000000e+00
0.000000000000000000e+00
0.000000000000000000e+00
0.000000000000000000e+00
0.000000000000000000e+00
0.000000000000000000e+00
0.000000000000000000e+00
0.000000000000000000e+00
0.000000000000000000e+00
0.000000000000000000e+00
0.000000000000000000e+00
0.000000000000000000e+00
0.000000000000000000e+00
0.000000000000000000e+00
0.000000000000000000e+00
0.000000000000000000e+00
0.000000000000000000e+00
0.000000000000000000e+00
0.000000000000000000e+00
0.000000000000000000e+00
0.000000000000000000e+00
0.000000000000000000e+00
0.000000000000000000e+00
0.000000000000000000e+00
0.000000000000000000e+00
0.000000000000000000e+00
0.000000000000000000e+00
0.000000000000000000e+00
0.000000000000000000e+00
0.000000000000000000e+00
0.000000000000000000e+00
0.000000000000000000e+00
0.000000000000000000e+00
0.000000000000000000e+00
0.000000000000000000e+00
0.000000000000000000e+00
0.000000000000000000e+00
0.000000000000000000e+00
0.000000000000000000e+00
0.000000000000000000e+00
0.000000000000000000e+00
0.000000000000000000e+00
0.000000000000000000e+00
0.000000000000000000e+00
0.000000000000000000e+00
0.000000000000000000e+00
0.000000000000000000e+00
0.000000000000000000e+00
0.000000000000000000e+00
0.000000000000000000e+00
0.000000000000000000e+00
0.000000000000000000e+00
0.000000000000000000e+00
0.000000000000000000e+00
0.000000000000000000e+00
0.000000000000000000e+00
0.000000000000000000e+00
0.000000000000000000e+00
0.000000000000000000e+00
0.000000000000000000e+00
0.000000000000000000e+00
0.000000000000000000e+00
0.000000000000000000e+00
0.000000000000000000e+00
0.000000000000000000e+00
0.000000000000000000e+00
0.000000000000000000e+00
0.000000000000000000e+00
0.000000000000000000e+00
0.000000000000000000e+00
0.000000000000000000e+00
0.000000000000000000e+00
0.000000000000000000e+00
0.000000000000000000e+00
0.000000000000000000e+00
0.000000000000000000e+00
0.000000000000000000e+00
0.000000000000000000e+00
0.000000000000000000e+00
0.000000000000000000e+00
0.000000000000000000e+00
0.000000000000000000e+00
0.000000000000000000e+00
0.000000000000000000e+00
0.000000000000000000e+00
0.000000000000000000e+00
0.000000000000000000e+00
0.000000000000000000e+00
0.000000000000000000e+00
0.000000000000000000e+00
0.000000000000000000e+00
0.000000000000000000e+00
0.000000000000000000e+00
0.000000000000000000e+00
0.000000000000000000e+00
0.000000000000000000e+00
0.000000000000000000e+00
0.000000000000000000e+00
0.000000000000000000e+00
0.000000000000000000e+00
0.000000000000000000e+00
0.000000000000000000e+00
0.000000000000000000e+00
0.000000000000000000e+00
0.000000000000000000e+00
0.000000000000000000e+00
0.000000000000000000e+00
0.000000000000000000e+00
0.000000000000000000e+00
0.000000000000000000e+00
0.000000000000000000e+00
0.000000000000000000e+00
0.000000000000000000e+00
0.000000000000000000e+00
0.000000000000000000e+00
0.000000000000000000e+00
0.000000000000000000e+00
0.000000000000000000e+00
0.000000000000000000e+00
0.000000000000000000e+00
0.000000000000000000e+00
0.000000000000000000e+00
0.000000000000000000e+00
0.000000000000000000e+00
0.000000000000000000e+00
0.000000000000000000e+00
0.000000000000000000e+00
0.000000000000000000e+00
0.000000000000000000e+00
0.000000000000000000e+00
0.000000000000000000e+00
0.000000000000000000e+00
0.000000000000000000e+00
0.000000000000000000e+00
0.000000000000000000e+00
0.000000000000000000e+00
0.000000000000000000e+00
0.000000000000000000e+00
0.000000000000000000e+00
0.000000000000000000e+00
0.000000000000000000e+00
0.000000000000000000e+00
0.000000000000000000e+00
0.000000000000000000e+00
0.000000000000000000e+00
0.000000000000000000e+00
0.000000000000000000e+00
0.000000000000000000e+00
0.000000000000000000e+00
0.000000000000000000e+00
0.000000000000000000e+00
0.000000000000000000e+00
0.000000000000000000e+00
0.000000000000000000e+00
0.000000000000000000e+00
0.000000000000000000e+00
0.000000000000000000e+00
0.000000000000000000e+00
0.000000000000000000e+00
0.000000000000000000e+00
0.000000000000000000e+00
0.000000000000000000e+00
0.000000000000000000e+00
0.000000000000000000e+00
0.000000000000000000e+00
0.000000000000000000e+00
0.000000000000000000e+00
0.000000000000000000e+00
0.000000000000000000e+00
0.000000000000000000e+00
0.000000000000000000e+00
0.000000000000000000e+00
0.000000000000000000e+00
0.000000000000000000e+00
0.000000000000000000e+00
0.000000000000000000e+00
0.000000000000000000e+00
0.000000000000000000e+00
0.000000000000000000e+00
0.000000000000000000e+00
0.000000000000000000e+00
0.000000000000000000e+00
0.000000000000000000e+00
0.000000000000000000e+00
0.000000000000000000e+00
0.000000000000000000e+00
0.000000000000000000e+00
0.000000000000000000e+00
0.000000000000000000e+00
0.000000000000000000e+00
0.000000000000000000e+00
0.000000000000000000e+00
0.000000000000000000e+00
0.000000000000000000e+00
0.000000000000000000e+00
0.000000000000000000e+00
0.000000000000000000e+00
0.000000000000000000e+00
0.000000000000000000e+00
0.000000000000000000e+00
0.000000000000000000e+00
0.000000000000000000e+00
0.000000000000000000e+00
0.000000000000000000e+00
0.000000000000000000e+00
0.000000000000000000e+00
0.000000000000000000e+00
0.000000000000000000e+00
0.000000000000000000e+00
0.000000000000000000e+00
0.000000000000000000e+00
0.000000000000000000e+00
0.000000000000000000e+00
0.000000000000000000e+00
0.000000000000000000e+00
0.000000000000000000e+00
0.000000000000000000e+00
0.000000000000000000e+00
0.000000000000000000e+00
0.000000000000000000e+00
0.000000000000000000e+00
0.000000000000000000e+00
0.000000000000000000e+00
0.000000000000000000e+00
0.000000000000000000e+00
0.000000000000000000e+00
0.000000000000000000e+00
0.000000000000000000e+00
0.000000000000000000e+00
0.000000000000000000e+00
0.000000000000000000e+00
0.000000000000000000e+00
0.000000000000000000e+00
0.000000000000000000e+00
0.000000000000000000e+00
0.000000000000000000e+00
0.000000000000000000e+00
0.000000000000000000e+00
0.000000000000000000e+00
0.000000000000000000e+00
0.000000000000000000e+00
0.000000000000000000e+00
0.000000000000000000e+00
0.000000000000000000e+00
0.000000000000000000e+00
0.000000000000000000e+00
0.000000000000000000e+00
0.000000000000000000e+00
0.000000000000000000e+00
0.000000000000000000e+00
0.000000000000000000e+00
0.000000000000000000e+00
0.000000000000000000e+00
0.000000000000000000e+00
0.000000000000000000e+00
0.000000000000000000e+00
0.000000000000000000e+00
0.000000000000000000e+00
0.000000000000000000e+00
0.000000000000000000e+00
0.000000000000000000e+00
0.000000000000000000e+00
0.000000000000000000e+00
0.000000000000000000e+00
0.000000000000000000e+00
0.000000000000000000e+00
0.000000000000000000e+00
0.000000000000000000e+00
0.000000000000000000e+00
0.000000000000000000e+00
