0.000000000000000000e+00
0.000000000000000000e+00
0.000000000000000000e+00
0.000000000000000000e+00
0.000000000000000000e+00
0.000000000000000000e+00
0.000000000000000000e+00
0.000000000000000000e+00
0.000000000000000000e+00
0.000000000000000000e+00
0.000000000000000000e+00
0.000000000000000000e+00
0.000000000000000000e+00
0.000000000000000000e+00
0.000000000000000000e+00
0.000000000000000000e+00
0.000000000000000000e+00
0.000000000000000000e+00
0.000000000000000000e+00
0.000000000000000000e+00
0.000000000000000000e+00
0.000000000000000000e+00
0.000000000000000000e+00
0.000000000000000000e+00
0.000000000000000000e+00
0.000000000000000000e+00
0.000000000000000000e+00
0.000000000000000000e+00
0.000000000000000000e+00
0.000000000000000000e+00
0.000000000000000000e+00
0.000000000000000000e+00
0.000000000000000000e+00
0.000000000000000000e+00
0.000000000000000000e+00
0.000000000000000000e+00
0.000000000000000000e+00
0.000000000000000000e+00
0.000000000000000000e+00
0.000000000000000000e+00
0.000000000000000000e+00
0.000000000000000000e+00
0.000000000000000000e+00
0.000000000000000000e+00
0.000000000000000000e+00
0.000000000000000000e+00
0.000000000000000000e+00
0.000000000000000000e+00
0.000000000000000000e+00
0.000000000000000000e+00
0.000000000000000000e+00
0.000000000000000000e+00
0.000000000000000000e+00
0.000000000000000000e+00
0.000000000000000000e+00
0.000000000000000000e+00
0.000000000000000000e+00
0.000000000000000000e+00
0.000000000000000000e+00
0.000000000000000000e+00
1.000000000000000000e+00
2.000000000000000000e+00
2.000000000000000000e+00
3.000000000000000000e+00
4.000000000000000000e+00
5.000000000000000000e+00
6.000000000000000000e+00
7.000000000000000000e+00
8.000000000000000000e+00
1.200000000000000000e+01
1.600000000000000000e+01
1.800000000000000000e+01
2.200000000000000000e+01
2.700000000000000000e+01
3.400000000000000000e+01
3.700000000000000000e+01
4.300000000000000000e+01
4.800000000000000000e+01
5.700000000000000000e+01
6.500000000000000000e+01
7.300000000000000000e+01
8.000000000000000000e+01
8.200000000000000000e+01
9.200000000000000000e+01
9.400000000000000000e+01
1.050000000000000000e+02
1.160000000000000000e+02
1.260000000000000000e+02
1.330000000000000000e+02
1.390000000000000000e+02
1.470000000000000000e+02
1.600000000000000000e+02
1.680000000000000000e+02
1.740000000000000000e+02
1.810000000000000000e+02
1.890000000000000000e+02
1.980000000000000000e+02
2.070000000000000000e+02
2.160000000000000000e+02
2.270000000000000000e+02
2.340000000000000000e+02
2.470000000000000000e+02
2.600000000000000000e+02
2.700000000000000000e+02
2.750000000000000000e+02
2.810000000000000000e+02
2.850000000000000000e+02
2.940000000000000000e+02
3.040000000000000000e+02
3.120000000000000000e+02
3.230000000000000000e+02
3.350000000000000000e+02
3.460000000000000000e+02
3.680000000000000000e+02
3.940000000000000000e+02
4.210000000000000000e+02
4.500000000000000000e+02
4.780000000000000000e+02
5.090000000000000000e+02
5.440000000000000000e+02
5.890000000000000000e+02
6.300000000000000000e+02
6.730000000000000000e+02
7.180000000000000000e+02
7.610000000000000000e+02
8.060000000000000000e+02
8.410000000000000000e+02
8.900000000000000000e+02
9.440000000000000000e+02
9.970000000000000000e+02
1.054000000000000000e+03
1.113000000000000000e+03
1.188000000000000000e+03
1.275000000000000000e+03
1.356000000000000000e+03
1.448000000000000000e+03
1.541000000000000000e+03
1.637000000000000000e+03
2.264000000000000000e+03
2.283000000000000000e+03
2.475000000000000000e+03
2.648000000000000000e+03
2.870000000000000000e+03
3.101000000000000000e+03
3.323000000000000000e+03
3.362000000000000000e+03
3.383000000000000000e+03
3.615000000000000000e+03
3.841000000000000000e+03
4.093000000000000000e+03
4.295000000000000000e+03
4.479000000000000000e+03
4.502000000000000000e+03
4.505000000000000000e+03
4.731000000000000000e+03
4.903000000000000000e+03
5.068000000000000000e+03
5.347000000000000000e+03
5.509000000000000000e+03
5.575000000000000000e+03
5.688000000000000000e+03
5.753000000000000000e+03
5.920000000000000000e+03
6.051000000000000000e+03
6.192000000000000000e+03
6.308000000000000000e+03
6.384000000000000000e+03
6.434000000000000000e+03
6.573000000000000000e+03
6.682000000000000000e+03
6.781000000000000000e+03
6.881000000000000000e+03
6.979000000000000000e+03
7.024000000000000000e+03
7.069000000000000000e+03
7.186000000000000000e+03
7.290000000000000000e+03
8.347000000000000000e+03
8.445000000000000000e+03
8.503000000000000000e+03
8.633000000000000000e+03
8.677000000000000000e+03
8.722000000000000000e+03
8.838000000000000000e+03
8.914000000000000000e+03
9.020000000000000000e+03
9.112000000000000000e+03
9.187000000000000000e+03
9.240000000000000000e+03
9.278000000000000000e+03
9.377000000000000000e+03
9.457000000000000000e+03
9.533000000000000000e+03
9.608000000000000000e+03
9.707000000000000000e+03
9.745000000000000000e+03
9.792000000000000000e+03
9.889000000000000000e+03
9.958000000000000000e+03
1.001100000000000000e+04
1.007700000000000000e+04
1.013900000000000000e+04
1.017800000000000000e+04
1.020500000000000000e+04
1.029900000000000000e+04
1.034000000000000000e+04
1.039500000000000000e+04
1.045200000000000000e+04
1.051300000000000000e+04
1.054600000000000000e+04
1.057800000000000000e+04
1.067100000000000000e+04
1.072300000000000000e+04
1.079200000000000000e+04
1.085200000000000000e+04
1.091600000000000000e+04
1.095800000000000000e+04
1.099000000000000000e+04
1.107200000000000000e+04
1.113200000000000000e+04
1.118100000000000000e+04
1.124400000000000000e+04
1.128900000000000000e+04
1.132100000000000000e+04
1.134400000000000000e+04
1.142200000000000000e+04
1.149400000000000000e+04
1.155100000000000000e+04
1.159200000000000000e+04
1.165200000000000000e+04
1.168200000000000000e+04
1.170200000000000000e+04
1.178100000000000000e+04
1.185000000000000000e+04
1.189500000000000000e+04
1.194900000000000000e+04
1.201300000000000000e+04
1.204000000000000000e+04
1.205800000000000000e+04
1.214200000000000000e+04
1.219900000000000000e+04
1.225400000000000000e+04
1.228600000000000000e+04
1.229800000000000000e+04
1.232100000000000000e+04
1.234500000000000000e+04
1.246900000000000000e+04
1.252700000000000000e+04
1.259100000000000000e+04
1.264100000000000000e+04
1.269800000000000000e+04
1.272500000000000000e+04
1.274100000000000000e+04
1.282200000000000000e+04
1.286700000000000000e+04
1.291900000000000000e+04
1.297900000000000000e+04
1.303700000000000000e+04
1.307000000000000000e+04
1.309000000000000000e+04
1.316700000000000000e+04
1.322000000000000000e+04
1.327200000000000000e+04
1.331800000000000000e+04
1.337600000000000000e+04
1.339600000000000000e+04
1.341500000000000000e+04
1.343400000000000000e+04
1.352900000000000000e+04
1.358800000000000000e+04
1.363500000000000000e+04
1.367600000000000000e+04
1.370200000000000000e+04
1.371900000000000000e+04
1.379200000000000000e+04
1.384400000000000000e+04
1.389200000000000000e+04
1.394400000000000000e+04
1.400300000000000000e+04
1.402600000000000000e+04
1.403200000000000000e+04
1.411800000000000000e+04
1.415800000000000000e+04
1.420700000000000000e+04
1.424700000000000000e+04
1.430200000000000000e+04
1.431900000000000000e+04
1.434000000000000000e+04
1.440400000000000000e+04
1.445000000000000000e+04
1.449900000000000000e+04
1.454300000000000000e+04
1.458800000000000000e+04
1.461100000000000000e+04
1.463300000000000000e+04
1.469900000000000000e+04
1.473800000000000000e+04
1.477700000000000000e+04
1.481900000000000000e+04
1.486300000000000000e+04
1.488300000000000000e+04
1.489700000000000000e+04
1.495500000000000000e+04
1.500300000000000000e+04
1.503000000000000000e+04
1.506900000000000000e+04
1.510600000000000000e+04
1.513100000000000000e+04
1.513800000000000000e+04
1.523500000000000000e+04
1.527800000000000000e+04
1.532200000000000000e+04
1.535600000000000000e+04
1.541000000000000000e+04
1.543000000000000000e+04
1.543800000000000000e+04
1.551900000000000000e+04
1.555800000000000000e+04
1.559200000000000000e+04
1.562800000000000000e+04
1.566300000000000000e+04
1.568000000000000000e+04
1.569000000000000000e+04
1.577400000000000000e+04
1.578200000000000000e+04
1.584600000000000000e+04
1.588600000000000000e+04
1.593100000000000000e+04
1.594900000000000000e+04
1.595900000000000000e+04
1.600700000000000000e+04
1.605100000000000000e+04
1.610100000000000000e+04
1.615400000000000000e+04
1.619700000000000000e+04
1.621700000000000000e+04
1.622800000000000000e+04
1.630300000000000000e+04
1.635800000000000000e+04
1.640400000000000000e+04
1.644300000000000000e+04
1.644300000000000000e+04
1.648800000000000000e+04
1.649900000000000000e+04
1.660800000000000000e+04
1.666000000000000000e+04
1.672400000000000000e+04
1.676700000000000000e+04
1.676700000000000000e+04
1.678800000000000000e+04
1.681600000000000000e+04
1.691300000000000000e+04
1.697400000000000000e+04
1.703700000000000000e+04
1.709600000000000000e+04
1.716200000000000000e+04
1.718200000000000000e+04
1.720400000000000000e+04
1.729400000000000000e+04
1.736900000000000000e+04
1.743500000000000000e+04
1.747700000000000000e+04
1.754700000000000000e+04
1.757300000000000000e+04
1.759400000000000000e+04
1.770200000000000000e+04
1.778600000000000000e+04
1.785400000000000000e+04
1.793300000000000000e+04
1.799900000000000000e+04
1.802300000000000000e+04
1.804000000000000000e+04
1.817400000000000000e+04
1.825700000000000000e+04
1.833900000000000000e+04
1.845200000000000000e+04
1.853700000000000000e+04
1.855900000000000000e+04
1.857600000000000000e+04
1.873100000000000000e+04
1.880800000000000000e+04
1.889500000000000000e+04
1.897400000000000000e+04
1.905600000000000000e+04
1.908400000000000000e+04
1.910500000000000000e+04
1.926200000000000000e+04
1.934500000000000000e+04
1.944300000000000000e+04
1.954100000000000000e+04
1.962400000000000000e+04
1.964400000000000000e+04
1.965900000000000000e+04
1.979800000000000000e+04
1.989700000000000000e+04
1.997400000000000000e+04
2.004200000000000000e+04
2.012600000000000000e+04
2.015100000000000000e+04
2.017300000000000000e+04
2.031000000000000000e+04
2.040000000000000000e+04
2.047600000000000000e+04
2.057200000000000000e+04
2.066000000000000000e+04
2.068400000000000000e+04
2.070400000000000000e+04
2.083800000000000000e+04
2.092800000000000000e+04
2.100800000000000000e+04
2.107700000000000000e+04
2.116300000000000000e+04
2.118200000000000000e+04
2.120600000000000000e+04
2.136200000000000000e+04
2.145100000000000000e+04
2.157400000000000000e+04
2.167400000000000000e+04
2.177200000000000000e+04
2.178900000000000000e+04
2.181600000000000000e+04
2.198800000000000000e+04
2.208700000000000000e+04
2.218000000000000000e+04
2.227900000000000000e+04
2.235900000000000000e+04
2.238400000000000000e+04
2.240200000000000000e+04
2.252400000000000000e+04
2.258700000000000000e+04
2.265300000000000000e+04
2.275400000000000000e+04
2.307000000000000000e+04
2.310700000000000000e+04
2.313500000000000000e+04
2.332800000000000000e+04
2.342100000000000000e+04
2.352400000000000000e+04
2.364400000000000000e+04
2.367700000000000000e+04
2.373400000000000000e+04
2.379600000000000000e+04
2.397900000000000000e+04
2.410800000000000000e+04
2.421300000000000000e+04
2.434600000000000000e+04
2.448300000000000000e+04
2.451800000000000000e+04
2.454800000000000000e+04
2.476600000000000000e+04
2.492300000000000000e+04
2.505500000000000000e+04
2.517700000000000000e+04
2.527700000000000000e+04
2.531700000000000000e+04
2.535300000000000000e+04
2.553200000000000000e+04
2.564100000000000000e+04
2.574200000000000000e+04
2.585600000000000000e+04
2.597500000000000000e+04
2.602000000000000000e+04
2.607300000000000000e+04
2.624700000000000000e+04
2.635300000000000000e+04
2.645700000000000000e+04
2.656100000000000000e+04
2.665900000000000000e+04
2.669600000000000000e+04
2.672600000000000000e+04
2.689500000000000000e+04
2.700400000000000000e+04
2.710100000000000000e+04
2.721800000000000000e+04
2.731800000000000000e+04
2.735600000000000000e+04
2.738400000000000000e+04
2.752000000000000000e+04
2.764700000000000000e+04
2.773400000000000000e+04
2.783200000000000000e+04
2.793400000000000000e+04
2.796500000000000000e+04
2.799700000000000000e+04
2.816900000000000000e+04
2.829000000000000000e+04
2.838600000000000000e+04
2.851800000000000000e+04
2.854800000000000000e+04
2.858500000000000000e+04
2.862400000000000000e+04
2.880900000000000000e+04
2.892800000000000000e+04
2.904700000000000000e+04
2.916800000000000000e+04
2.930000000000000000e+04
2.934400000000000000e+04
2.938500000000000000e+04
2.959800000000000000e+04
2.969600000000000000e+04
2.981600000000000000e+04
2.993700000000000000e+04
3.005800000000000000e+04
3.010400000000000000e+04
3.014100000000000000e+04
3.033900000000000000e+04
3.047200000000000000e+04
3.057900000000000000e+04
3.070700000000000000e+04
3.080400000000000000e+04
3.086500000000000000e+04
3.092200000000000000e+04
3.114000000000000000e+04
3.125900000000000000e+04
3.139200000000000000e+04
3.151300000000000000e+04
3.164500000000000000e+04
3.169000000000000000e+04
3.174600000000000000e+04
3.179700000000000000e+04
3.201200000000000000e+04
3.216300000000000000e+04
3.229800000000000000e+04
3.245400000000000000e+04
3.248900000000000000e+04
3.254500000000000000e+04
3.258800000000000000e+04
3.280900000000000000e+04
3.297300000000000000e+04
3.310300000000000000e+04
3.324900000000000000e+04
3.328800000000000000e+04
3.332800000000000000e+04
3.351400000000000000e+04
3.363600000000000000e+04
3.376700000000000000e+04
3.387700000000000000e+04
3.398000000000000000e+04
3.401600000000000000e+04
3.404900000000000000e+04
3.420700000000000000e+04
3.430900000000000000e+04
3.440300000000000000e+04
3.451400000000000000e+04
3.453900000000000000e+04
3.456900000000000000e+04
3.461100000000000000e+04
3.479200000000000000e+04
3.487500000000000000e+04
3.495800000000000000e+04
3.502600000000000000e+04
3.511900000000000000e+04
3.515100000000000000e+04
3.517600000000000000e+04
3.529500000000000000e+04
3.536600000000000000e+04
3.544800000000000000e+04
3.552800000000000000e+04
3.561600000000000000e+04
3.564000000000000000e+04
3.567100000000000000e+04
3.580600000000000000e+04
3.588000000000000000e+04
3.595100000000000000e+04
3.601600000000000000e+04
3.610700000000000000e+04
3.613800000000000000e+04
3.615700000000000000e+04
3.624300000000000000e+04
3.628700000000000000e+04
