0.000000000000000000e+00
0.000000000000000000e+00
0.000000000000000000e+00
0.000000000000000000e+00
0.000000000000000000e+00
0.000000000000000000e+00
0.000000000000000000e+00
0.000000000000000000e+00
0.000000000000000000e+00
0.000000000000000000e+00
0.000000000000000000e+00
0.000000000000000000e+00
0.000000000000000000e+00
0.000000000000000000e+00
0.000000000000000000e+00
0.000000000000000000e+00
0.000000000000000000e+00
0.000000000000000000e+00
0.000000000000000000e+00
0.000000000000000000e+00
0.000000000000000000e+00
0.000000000000000000e+00
0.000000000000000000e+00
0.000000000000000000e+00
0.000000000000000000e+00
0.000000000000000000e+00
0.000000000000000000e+00
0.000000000000000000e+00
0.000000000000000000e+00
0.000000000000000000e+00
0.000000000000000000e+00
0.000000000000000000e+00
2.000000000000000000e+00
2.000000000000000000e+00
2.000000000000000000e+00
2.000000000000000000e+00
2.000000000000000000e+00
2.000000000000000000e+00
2.000000000000000000e+00
9.000000000000000000e+00
9.000000000000000000e+00
1.000000000000000000e+01
1.000000000000000000e+01
1.300000000000000000e+01
1.300000000000000000e+01
1.300000000000000000e+01
2.000000000000000000e+01
2.000000000000000000e+01
2.500000000000000000e+01
3.500000000000000000e+01
3.500000000000000000e+01
5.500000000000000000e+01
8.800000000000000000e+01
1.010000000000000000e+02
1.820000000000000000e+02
2.280000000000000000e+02
2.650000000000000000e+02
2.650000000000000000e+02
4.610000000000000000e+02
5.920000000000000000e+02
6.870000000000000000e+02
8.010000000000000000e+02
9.770000000000000000e+02
1.197000000000000000e+03
1.361000000000000000e+03
1.665000000000000000e+03
2.015000000000000000e+03
2.245000000000000000e+03
2.555000000000000000e+03
2.844000000000000000e+03
3.137000000000000000e+03
3.510000000000000000e+03
3.843000000000000000e+03
4.355000000000000000e+03
4.665000000000000000e+03
5.009000000000000000e+03
5.310000000000000000e+03
5.740000000000000000e+03
6.166000000000000000e+03
6.695000000000000000e+03
7.366000000000000000e+03
7.652000000000000000e+03
7.964000000000000000e+03
8.356000000000000000e+03
8.712000000000000000e+03
9.246000000000000000e+03
9.691000000000000000e+03
1.059800000000000000e+04
1.095600000000000000e+04
1.137500000000000000e+04
1.170000000000000000e+04
1.216400000000000000e+04
1.268000000000000000e+04
1.317400000000000000e+04
1.453700000000000000e+04
1.501000000000000000e+04
1.549200000000000000e+04
1.604400000000000000e+04
1.656400000000000000e+04
1.770200000000000000e+04
1.868700000000000000e+04
2.121300000000000000e+04
2.244100000000000000e+04
2.342100000000000000e+04
2.479400000000000000e+04
2.582600000000000000e+04
2.735900000000000000e+04
2.875000000000000000e+04
3.220800000000000000e+04
3.385500000000000000e+04
3.505200000000000000e+04
3.671000000000000000e+04
3.937000000000000000e+04
4.202900000000000000e+04
4.453100000000000000e+04
5.001600000000000000e+04
5.236900000000000000e+04
5.464700000000000000e+04
5.816700000000000000e+04
6.220500000000000000e+04
6.616900000000000000e+04
7.044500000000000000e+04
8.028700000000000000e+04
8.399600000000000000e+04
8.889100000000000000e+04
9.285500000000000000e+04
9.718300000000000000e+04
1.018370000000000000e+05
1.055320000000000000e+05
1.187200000000000000e+05
1.235500000000000000e+05
1.290200000000000000e+05
1.325480000000000000e+05
1.374900000000000000e+05
1.421540000000000000e+05
1.463610000000000000e+05
1.603510000000000000e+05
1.667560000000000000e+05
1.714520000000000000e+05
1.753650000000000000e+05
1.810620000000000000e+05
1.866980000000000000e+05
1.934520000000000000e+05
2.016340000000000000e+05
2.085720000000000000e+05
2.137150000000000000e+05
2.187280000000000000e+05
2.206280000000000000e+05
2.251030000000000000e+05
2.313930000000000000e+05
2.367480000000000000e+05
2.423550000000000000e+05
2.469630000000000000e+05
2.507670000000000000e+05
2.544160000000000000e+05
2.590640000000000000e+05
2.633600000000000000e+05
2.677660000000000000e+05
2.719820000000000000e+05
2.759990000000000000e+05
2.793930000000000000e+05
2.820430000000000000e+05
2.845410000000000000e+05
2.880890000000000000e+05
2.918470000000000000e+05
2.955320000000000000e+05
2.985570000000000000e+05
3.010190000000000000e+05
3.030830000000000000e+05
3.062160000000000000e+05
3.092740000000000000e+05
3.120290000000000000e+05
3.150410000000000000e+05
3.176570000000000000e+05
3.194930000000000000e+05
3.212050000000000000e+05
3.236980000000000000e+05
3.264390000000000000e+05
3.288460000000000000e+05
3.309300000000000000e+05
3.330290000000000000e+05
3.346830000000000000e+05
3.364020000000000000e+05
3.387590000000000000e+05
3.413040000000000000e+05
3.435920000000000000e+05
3.457900000000000000e+05
3.479230000000000000e+05
3.498000000000000000e+05
3.515750000000000000e+05
3.535360000000000000e+05
3.556670000000000000e+05
3.576580000000000000e+05
3.597310000000000000e+05
3.614930000000000000e+05
3.629620000000000000e+05
3.647230000000000000e+05
3.666710000000000000e+05
3.688250000000000000e+05
3.710230000000000000e+05
3.730560000000000000e+05
3.750440000000000000e+05
3.766160000000000000e+05
3.781680000000000000e+05
3.800340000000000000e+05
3.821110000000000000e+05
3.839020000000000000e+05
3.859460000000000000e+05
3.875020000000000000e+05
3.888550000000000000e+05
3.900370000000000000e+05
3.918490000000000000e+05
3.937690000000000000e+05
3.957080000000000000e+05
3.976650000000000000e+05
3.995680000000000000e+05
4.009850000000000000e+05
4.023650000000000000e+05
4.041020000000000000e+05
4.059720000000000000e+05
4.080090000000000000e+05
4.099740000000000000e+05
4.117260000000000000e+05
4.131450000000000000e+05
4.147390000000000000e+05
4.165010000000000000e+05
4.184690000000000000e+05
4.204340000000000000e+05
4.225100000000000000e+05
4.242740000000000000e+05
4.255410000000000000e+05
4.270270000000000000e+05
4.286690000000000000e+05
4.305350000000000000e+05
4.326660000000000000e+05
4.347480000000000000e+05
4.364330000000000000e+05
4.379830000000000000e+05
4.392870000000000000e+05
4.411500000000000000e+05
4.428270000000000000e+05
4.446740000000000000e+05
4.462740000000000000e+05
4.474680000000000000e+05
4.485230000000000000e+05
4.499030000000000000e+05
4.516340000000000000e+05
4.538680000000000000e+05
4.559790000000000000e+05
4.579010000000000000e+05
4.596710000000000000e+05
4.613000000000000000e+05
4.629910000000000000e+05
4.647500000000000000e+05
4.665900000000000000e+05
4.684710000000000000e+05
4.701790000000000000e+05
4.717460000000000000e+05
4.733060000000000000e+05
4.744400000000000000e+05
4.760160000000000000e+05
4.777690000000000000e+05
4.795950000000000000e+05
4.813710000000000000e+05
4.828320000000000000e+05
4.842800000000000000e+05
4.853720000000000000e+05
4.864960000000000000e+05
4.881900000000000000e+05
4.900030000000000000e+05
4.917600000000000000e+05
4.933050000000000000e+05
4.944780000000000000e+05
4.956370000000000000e+05
4.971310000000000000e+05
4.989060000000000000e+05
5.005420000000000000e+05
5.020630000000000000e+05
5.035980000000000000e+05
5.045250000000000000e+05
5.055300000000000000e+05
5.070500000000000000e+05
5.085710000000000000e+05
5.102560000000000000e+05
5.118640000000000000e+05
5.131400000000000000e+05
5.142020000000000000e+05
5.150420000000000000e+05
5.165820000000000000e+05
5.183900000000000000e+05
5.199770000000000000e+05
5.215580000000000000e+05
5.228790000000000000e+05
5.239070000000000000e+05
5.248040000000000000e+05
5.264380000000000000e+05
5.280300000000000000e+05
5.296760000000000000e+05
5.312730000000000000e+05
5.326040000000000000e+05
5.336100000000000000e+05
5.345580000000000000e+05
5.360120000000000000e+05
5.375850000000000000e+05
5.391430000000000000e+05
5.406400000000000000e+05
5.420800000000000000e+05
5.430870000000000000e+05
5.440920000000000000e+05
5.456620000000000000e+05
5.472430000000000000e+05
5.489410000000000000e+05
5.504300000000000000e+05
5.517430000000000000e+05
5.528640000000000000e+05
5.538980000000000000e+05
5.554060000000000000e+05
5.571350000000000000e+05
5.586680000000000000e+05
5.603820000000000000e+05
5.621420000000000000e+05
5.635340000000000000e+05
5.647780000000000000e+05
5.664400000000000000e+05
5.679740000000000000e+05
5.697810000000000000e+05
5.719190000000000000e+05
5.738300000000000000e+05
5.753290000000000000e+05
5.767310000000000000e+05
5.787320000000000000e+05
5.811350000000000000e+05
5.833550000000000000e+05
5.855460000000000000e+05
5.879930000000000000e+05
5.891890000000000000e+05
5.909140000000000000e+05
5.941520000000000000e+05
5.958310000000000000e+05
5.983940000000000000e+05
6.001050000000000000e+05
6.020280000000000000e+05
6.039860000000000000e+05
6.069500000000000000e+05
6.089730000000000000e+05
6.125640000000000000e+05
6.159020000000000000e+05
6.181910000000000000e+05
6.206410000000000000e+05
6.231010000000000000e+05
6.254830000000000000e+05
6.291760000000000000e+05
6.333810000000000000e+05
6.377420000000000000e+05
6.419230000000000000e+05
6.458920000000000000e+05
6.491350000000000000e+05
6.525250000000000000e+05
6.567120000000000000e+05
6.611800000000000000e+05
6.654930000000000000e+05
6.698320000000000000e+05
6.737500000000000000e+05
6.771510000000000000e+05
6.807400000000000000e+05
6.851070000000000000e+05
6.900660000000000000e+05
6.946470000000000000e+05
6.991100000000000000e+05
7.031780000000000000e+05
7.065000000000000000e+05
7.098880000000000000e+05
7.141430000000000000e+05
7.187490000000000000e+05
7.229000000000000000e+05
7.271090000000000000e+05
7.308880000000000000e+05
7.340350000000000000e+05
7.366450000000000000e+05
7.402370000000000000e+05
7.440190000000000000e+05
7.480820000000000000e+05
7.518860000000000000e+05
7.553500000000000000e+05
7.581890000000000000e+05
7.605760000000000000e+05
7.643070000000000000e+05
7.684710000000000000e+05
7.723960000000000000e+05
7.762090000000000000e+05
7.795410000000000000e+05
7.820390000000000000e+05
7.843140000000000000e+05
7.881420000000000000e+05
7.919390000000000000e+05
7.958450000000000000e+05
7.994600000000000000e+05
8.030090000000000000e+05
8.053170000000000000e+05
8.078720000000000000e+05
8.123440000000000000e+05
8.169290000000000000e+05
8.214180000000000000e+05
8.246250000000000000e+05
8.297700000000000000e+05
8.325120000000000000e+05
8.355520000000000000e+05
8.401190000000000000e+05
8.454500000000000000e+05
8.504830000000000000e+05
8.557850000000000000e+05
8.605330000000000000e+05
8.640640000000000000e+05
8.679490000000000000e+05
8.735120000000000000e+05
8.794850000000000000e+05
8.853790000000000000e+05
8.911100000000000000e+05
8.962310000000000000e+05
9.007820000000000000e+05
9.042120000000000000e+05
9.114690000000000000e+05
9.180530000000000000e+05
9.250890000000000000e+05
9.319390000000000000e+05
9.380940000000000000e+05
9.429580000000000000e+05
9.477830000000000000e+05
9.548430000000000000e+05
9.623210000000000000e+05
9.699130000000000000e+05
9.772430000000000000e+05
9.844840000000000000e+05
9.894920000000000000e+05
9.955380000000000000e+05
1.003406000000000000e+06
1.011485000000000000e+06
1.019478000000000000e+06
1.026785000000000000e+06
1.032612000000000000e+06
1.037780000000000000e+06
1.043022000000000000e+06
1.051270000000000000e+06
1.060421000000000000e+06
1.068522000000000000e+06
1.076499000000000000e+06
1.082920000000000000e+06
1.088710000000000000e+06
1.094267000000000000e+06
1.101698000000000000e+06
1.109311000000000000e+06
1.117348000000000000e+06
1.124718000000000000e+06
1.131340000000000000e+06
1.136189000000000000e+06
1.141403000000000000e+06
1.148320000000000000e+06
1.155902000000000000e+06
1.162811000000000000e+06
1.169536000000000000e+06
1.175614000000000000e+06
1.179772000000000000e+06
1.184271000000000000e+06
1.190991000000000000e+06
1.198245000000000000e+06
1.203755000000000000e+06
1.210920000000000000e+06
1.215815000000000000e+06
1.219064000000000000e+06
1.222949000000000000e+06
1.229248000000000000e+06
1.235778000000000000e+06
1.241976000000000000e+06
1.247469000000000000e+06
1.252808000000000000e+06
1.256546000000000000e+06
1.260448000000000000e+06
1.266601000000000000e+06
1.273516000000000000e+06
1.280252000000000000e+06
1.286548000000000000e+06
1.292096000000000000e+06
1.295862000000000000e+06
1.300629000000000000e+06
1.308311000000000000e+06
1.315913000000000000e+06
1.323413000000000000e+06
1.329918000000000000e+06
1.335261000000000000e+06
1.339421000000000000e+06
1.344618000000000000e+06
1.352723000000000000e+06
1.361381000000000000e+06
1.369597000000000000e+06
1.377507000000000000e+06
1.384346000000000000e+06
1.389357000000000000e+06
1.394973000000000000e+06
1.403101000000000000e+06
1.411346000000000000e+06
1.420266000000000000e+06
1.427956000000000000e+06
1.434884000000000000e+06
1.440417000000000000e+06
1.445768000000000000e+06
1.453477000000000000e+06
1.461419000000000000e+06
1.468992000000000000e+06
1.476473000000000000e+06
1.482663000000000000e+06
1.487239000000000000e+06
1.491561000000000000e+06
1.498231000000000000e+06
1.505001000000000000e+06
1.511275000000000000e+06
1.517018000000000000e+06
1.522223000000000000e+06
1.525933000000000000e+06
1.528409000000000000e+06
1.531872000000000000e+06
1.537471000000000000e+06
1.542642000000000000e+06
1.547103000000000000e+06
1.551137000000000000e+06
1.553774000000000000e+06
1.555902000000000000e+06
1.558557000000000000e+06
1.562613000000000000e+06
1.566461000000000000e+06
1.569784000000000000e+06
1.572608000000000000e+06
1.574465000000000000e+06
1.576336000000000000e+06
1.579591000000000000e+06
1.582391000000000000e+06
1.585160000000000000e+06
1.587478000000000000e+06
1.589623000000000000e+06
1.590887000000000000e+06
1.592130000000000000e+06
1.594496000000000000e+06
1.596549000000000000e+06
1.598481000000000000e+06
1.599879000000000000e+06
1.600883000000000000e+06
1.601858000000000000e+06
1.602854000000000000e+06
1.604713000000000000e+06
1.606358000000000000e+06
1.607749000000000000e+06
1.609177000000000000e+06
1.610345000000000000e+06
1.611090000000000000e+06
1.611917000000000000e+06
1.613288000000000000e+06
1.614629000000000000e+06
1.615771000000000000e+06
1.616942000000000000e+06
1.617852000000000000e+06
1.618457000000000000e+06
1.619183000000000000e+06
1.620389000000000000e+06
1.621571000000000000e+06
1.622509000000000000e+06
1.623363000000000000e+06
1.624316000000000000e+06
1.624823000000000000e+06
1.625467000000000000e+06
1.626595000000000000e+06
1.627428000000000000e+06
1.628293000000000000e+06
1.629192000000000000e+06
1.629932000000000000e+06
1.630330000000000000e+06
1.630831000000000000e+06
1.631689000000000000e+06
1.632441000000000000e+06
1.633153000000000000e+06
1.633816000000000000e+06
1.634394000000000000e+06
1.634774000000000000e+06
1.635173000000000000e+06
1.635958000000000000e+06
1.636627000000000000e+06
1.637234000000000000e+06
1.637829000000000000e+06
1.638330000000000000e+06
1.638675000000000000e+06
1.639123000000000000e+06
1.639698000000000000e+06
1.640192000000000000e+06
1.640666000000000000e+06
1.641091000000000000e+06
1.641526000000000000e+06
1.641791000000000000e+06
1.642146000000000000e+06
1.642646000000000000e+06
1.643156000000000000e+06
1.643630000000000000e+06
1.644071000000000000e+06
1.644540000000000000e+06
1.644832000000000000e+06
1.645233000000000000e+06
1.645820000000000000e+06
1.646403000000000000e+06
1.646994000000000000e+06
1.647469000000000000e+06
1.647746000000000000e+06
1.648026000000000000e+06
1.648550000000000000e+06
1.649409000000000000e+06
1.650238000000000000e+06
1.650985000000000000e+06
1.651750000000000000e+06
1.652364000000000000e+06
1.652795000000000000e+06
1.653406000000000000e+06
1.654264000000000000e+06
1.655071000000000000e+06
1.655884000000000000e+06
1.656602000000000000e+06
1.657256000000000000e+06
1.657749000000000000e+06
1.658444000000000000e+06
1.659386000000000000e+06
1.660372000000000000e+06
1.661370000000000000e+06
1.662433000000000000e+06
1.663383000000000000e+06
1.663992000000000000e+06
1.664725000000000000e+06
1.665916000000000000e+06
1.667547000000000000e+06
1.669236000000000000e+06
1.670750000000000000e+06
1.672065000000000000e+06
1.672998000000000000e+06
1.674226000000000000e+06
1.676019000000000000e+06
1.678023000000000000e+06
1.680017000000000000e+06
1.681828000000000000e+06
1.683451000000000000e+06
1.684608000000000000e+06
1.686318000000000000e+06
1.688454000000000000e+06
1.690735000000000000e+06
1.692877000000000000e+06
1.695048000000000000e+06
1.696786000000000000e+06
1.698127000000000000e+06
1.699427000000000000e+06
1.701316000000000000e+06
1.703826000000000000e+06
1.706622000000000000e+06
1.709189000000000000e+06
1.711442000000000000e+06
1.713188000000000000e+06
1.715352000000000000e+06
1.718085000000000000e+06
1.721025000000000000e+06
1.723728000000000000e+06
1.726472000000000000e+06
1.728767000000000000e+06
1.730456000000000000e+06
1.732576000000000000e+06
1.735187000000000000e+06
1.737885000000000000e+06
1.740496000000000000e+06
1.743137000000000000e+06
1.745305000000000000e+06
1.747065000000000000e+06
1.749099000000000000e+06
1.751769000000000000e+06
1.754443000000000000e+06
1.757077000000000000e+06
1.759405000000000000e+06
1.761365000000000000e+06
1.762751000000000000e+06
1.764274000000000000e+06
1.766493000000000000e+06
1.768584000000000000e+06
1.770620000000000000e+06
1.772547000000000000e+06
1.774048000000000000e+06
1.775212000000000000e+06
1.776599000000000000e+06
1.778370000000000000e+06
1.778370000000000000e+06
1.781227000000000000e+06
1.782804000000000000e+06
1.784165000000000000e+06
1.785124000000000000e+06
1.786184000000000000e+06
1.787676000000000000e+06
1.789109000000000000e+06
1.790524000000000000e+06
1.791776000000000000e+06
1.792902000000000000e+06
1.793786000000000000e+06
1.794750000000000000e+06
1.796232000000000000e+06
1.797631000000000000e+06
1.799125000000000000e+06
1.800280000000000000e+06
1.801033000000000000e+06
1.801795000000000000e+06
1.802891000000000000e+06
1.804682000000000000e+06
1.806494000000000000e+06
1.808398000000000000e+06
1.810302000000000000e+06
1.811297000000000000e+06
1.812348000000000000e+06
1.814188000000000000e+06
1.817300000000000000e+06
1.821071000000000000e+06
1.825417000000000000e+06
1.829437000000000000e+06
1.833478000000000000e+06
1.837390000000000000e+06
1.842218000000000000e+06
1.849465000000000000e+06
1.857764000000000000e+06
1.867101000000000000e+06
1.876610000000000000e+06
1.885540000000000000e+06
1.893115000000000000e+06
1.902657000000000000e+06
1.916522000000000000e+06
1.934204000000000000e+06
1.949675000000000000e+06
1.965393000000000000e+06
1.984190000000000000e+06
2.001346000000000000e+06
2.020082000000000000e+06
2.045874000000000000e+06
2.075703000000000000e+06
2.107612000000000000e+06
2.137743000000000000e+06
2.165984000000000000e+06
2.190561000000000000e+06
2.221276000000000000e+06
2.258005000000000000e+06
2.296712000000000000e+06
2.335034000000000000e+06
2.371833000000000000e+06
2.405672000000000000e+06
2.431845000000000000e+06
2.466098000000000000e+06
2.504168000000000000e+06
2.545819000000000000e+06
2.582934000000000000e+06
2.621427000000000000e+06
2.652713000000000000e+06
2.677692000000000000e+06
2.709854000000000000e+06
2.747552000000000000e+06
2.783458000000000000e+06
2.819246000000000000e+06
2.851382000000000000e+06
2.876455000000000000e+06
2.895931000000000000e+06
2.921131000000000000e+06
2.953895000000000000e+06
2.985873000000000000e+06
3.015630000000000000e+06
3.041400000000000000e+06
3.061019000000000000e+06
3.061019000000000000e+06
3.098110000000000000e+06
3.122802000000000000e+06
3.147434000000000000e+06
3.168335000000000000e+06
3.188448000000000000e+06
3.202562000000000000e+06
3.214326000000000000e+06
3.230793000000000000e+06
3.249890000000000000e+06
3.269062000000000000e+06
3.286476000000000000e+06
3.301747000000000000e+06
3.313242000000000000e+06
3.323324000000000000e+06
3.336614000000000000e+06
3.353259000000000000e+06
3.368704000000000000e+06
3.381681000000000000e+06
3.392978000000000000e+06
3.401145000000000000e+06
3.406540000000000000e+06
3.415989000000000000e+06
3.426147000000000000e+06
3.434908000000000000e+06
3.443018000000000000e+06
3.450094000000000000e+06
3.455060000000000000e+06
3.458499000000000000e+06
3.464425000000000000e+06
3.470936000000000000e+06
3.476914000000000000e+06
3.482175000000000000e+06
3.486653000000000000e+06
3.489913000000000000e+06
3.491962000000000000e+06
3.495889000000000000e+06
3.500670000000000000e+06
3.504783000000000000e+06
3.508556000000000000e+06
3.512020000000000000e+06
3.514291000000000000e+06
3.515878000000000000e+06
3.518800000000000000e+06
3.522422000000000000e+06
3.525845000000000000e+06
3.528626000000000000e+06
3.530258000000000000e+06
3.531529000000000000e+06
3.532649000000000000e+06
3.535534000000000000e+06
3.538843000000000000e+06
3.541792000000000000e+06
3.544463000000000000e+06
3.546493000000000000e+06
3.547977000000000000e+06
3.549327000000000000e+06
3.551383000000000000e+06
3.553956000000000000e+06
3.556333000000000000e+06
3.558631000000000000e+06
3.561016000000000000e+06
3.562521000000000000e+06
3.563650000000000000e+06
3.566183000000000000e+06
3.569492000000000000e+06
3.572817000000000000e+06
3.576139000000000000e+06
3.576139000000000000e+06
3.581374000000000000e+06
3.583227000000000000e+06
3.586522000000000000e+06
3.591097000000000000e+06
3.595968000000000000e+06
3.600896000000000000e+06
3.605522000000000000e+06
3.609338000000000000e+06
3.611813000000000000e+06
3.616950000000000000e+06
3.623889000000000000e+06
3.630741000000000000e+06
3.636993000000000000e+06
3.643136000000000000e+06
3.647361000000000000e+06
3.651076000000000000e+06
3.657188000000000000e+06
3.665862000000000000e+06
3.675085000000000000e+06
3.684585000000000000e+06
3.693241000000000000e+06
3.698667000000000000e+06
3.702941000000000000e+06
3.710521000000000000e+06
3.720334000000000000e+06
3.729906000000000000e+06
3.739796000000000000e+06
3.748619000000000000e+06
3.756220000000000000e+06
3.760891000000000000e+06
3.771509000000000000e+06
3.783945000000000000e+06
3.796909000000000000e+06
3.808970000000000000e+06
3.820009000000000000e+06
3.829119000000000000e+06
3.834020000000000000e+06
3.844668000000000000e+06
3.857643000000000000e+06
3.870747000000000000e+06
3.882425000000000000e+06
3.893726000000000000e+06
3.901215000000000000e+06
3.906107000000000000e+06
3.915653000000000000e+06
3.924247000000000000e+06
3.935375000000000000e+06
3.948012000000000000e+06
3.959325000000000000e+06
3.967774000000000000e+06
3.973291000000000000e+06
3.979797000000000000e+06
3.990693000000000000e+06
4.002538000000000000e+06
4.013903000000000000e+06
4.023697000000000000e+06
4.030267000000000000e+06
4.035379000000000000e+06
4.044611000000000000e+06
4.055693000000000000e+06
4.065878000000000000e+06
4.075533000000000000e+06
4.084308000000000000e+06
4.090523000000000000e+06
4.095096000000000000e+06
4.103590000000000000e+06
4.113288000000000000e+06
4.122401000000000000e+06
4.130232000000000000e+06
4.137152000000000000e+06
4.141778000000000000e+06
4.145452000000000000e+06
4.152475000000000000e+06
4.161478000000000000e+06
4.169554000000000000e+06
4.177517000000000000e+06
4.185247000000000000e+06
4.191347000000000000e+06
4.195780000000000000e+06
4.204824000000000000e+06
4.214769000000000000e+06
4.224361000000000000e+06
4.233549000000000000e+06
4.241546000000000000e+06
4.248048000000000000e+06
4.253056000000000000e+06
4.262916000000000000e+06
4.274613000000000000e+06
4.286216000000000000e+06
4.297144000000000000e+06
4.306955000000000000e+06
4.314459000000000000e+06
4.320173000000000000e+06
4.331416000000000000e+06
