-3.514311990027869469e+05
-3.607123594163900707e+05
-3.694121187563071144e+05
-3.769384982545810635e+05
-4.031216723103320692e+05
-4.126923759444003226e+05
-4.214861289422574919e+05
-4.343138437723017414e+05
-4.435950041859067860e+05
-4.522947635258053197e+05
-4.598211430240875343e+05
-4.860043170798284118e+05
-4.955750207138880505e+05
-5.043687737117549405e+05
-5.171964885417909245e+05
-5.264776489554150030e+05
-5.351774082953063771e+05
-5.427037877935948782e+05
-5.688869618493444286e+05
-5.784576654834067449e+05
-5.872514184812495951e+05
-6.000791333113007713e+05
-6.093602937248963863e+05
-6.180600530647969572e+05
-6.255864325630731182e+05
-6.517696066188574769e+05
-6.613403102529105963e+05
-6.701340632507470436e+05
-6.829617780808078824e+05
-6.922429384944059420e+05
-7.009426978343271185e+05
-7.084690773325804621e+05
-7.346522513883650536e+05
-7.442229550224116538e+05
-7.530167080202715006e+05
-7.658444228503034683e+05
-7.751255832639154978e+05
-7.838253426038204925e+05
-7.913517221020869911e+05
-8.175348961578699527e+05
-8.271055997919007204e+05
-8.358993527897495078e+05
-8.487270676197953289e+05
-8.580082280333954841e+05
-8.667079873733186396e+05
-8.742343668715963140e+05
-9.004175409273442347e+05
-9.099882445614165626e+05
-9.187819975592636038e+05
-9.316097123893024400e+05
-9.408908728029064368e+05
-9.495906321428364608e+05
-9.571170116411027266e+05
-9.833001856968587963e+05
-9.928708893309028354e+05
-1.001664642328759655e+06
-1.014492357158812345e+06
-1.023773517572420416e+06
-1.032473276912342291e+06
-1.039999656410608790e+06
