1.157736108550751851e+03
1.148600857099545465e+03
1.138824714006506611e+03
1.128058355162569114e+03
1.117188353227597418e+03
1.110527381002144466e+03
9.986149203055440466e+02
1.006317495151028425e+03
9.971822436997671275e+02
9.874061006068744746e+02
9.766397417630083737e+02
9.657697398279508434e+02
9.591087676023880704e+02
8.471963069059562486e+02
8.548988817513869662e+02
8.457636303000850830e+02
8.359874872072401786e+02
8.252211283632079812e+02
8.143511264282213915e+02
8.076901542028380163e+02
6.957776935061841641e+02
7.034802683515882791e+02
6.943450169002875327e+02
6.845688738073870354e+02
6.738025149634272566e+02
6.629325130284897796e+02
6.562715408030817343e+02
5.443590801064550533e+02
5.520616549519469345e+02
5.429264035006054883e+02
5.331502604077527394e+02
5.223839015636268641e+02
5.115138996287604414e+02
5.048529274032930516e+02
3.929404667066829688e+02
4.006430415520962924e+02
3.915077901009212837e+02
3.817316470079919668e+02
3.709652881640661235e+02
3.600952862291139240e+02
3.534343140037754551e+02
2.415218533069086106e+02
2.492244281523796019e+02
2.400891767012392393e+02
2.303130336082289773e+02
2.195466747642656742e+02
2.086766728292176367e+02
2.020157006039867440e+02
9.010323990715913567e+01
9.780581475265846336e+01
8.867056330134776942e+01
7.889442020850680137e+01
6.812806136446754124e+01
5.725805942957114780e+01
5.059708720423051886e+01
-6.131537349259262726e+01
-5.361279864698504838e+01
-6.274805009822097901e+01
-7.252419319112969731e+01
-8.329055203509545890e+01
