3.717592092355874911e+01
5.009513060186586131e+01
-2.274234356254665812e+01
5.984240338448827146e+01
6.183540759981373469e+01
6.449394758521221149e+01
6.518324555302517354e+01
6.482422124546701525e+01
6.802489259866669613e+01
-1.609290505238425695e+01
5.385049518418031766e+01
4.208290717757213883e+01
3.013934959541584035e+01
1.569267433075448182e+01
-5.629792704095137879e-03
-1.200169623934366570e+01
-1.108207430745151783e+02
-5.473155791818471982e+01
-7.916478458111544114e+01
-1.022623506205122794e+02
-1.260549887912812466e+02
-1.490290355590519766e+02
-1.660095450270767401e+02
-2.673476763169250034e+02
-2.111900144696186885e+02
-2.329004714613135434e+02
-2.506120047965005710e+02
-2.664050384448906925e+02
-2.788737365916693420e+02
-2.830071724230771792e+02
-3.693733904782666286e+02
-2.963840988304236248e+02
-2.997107477237956914e+02
-2.978293732175616242e+02
-2.931912591284517475e+02
-2.847807593583120820e+02
-2.679875325501493535e+02
-3.337814099789164857e+02
-2.409678621454306722e+02
-2.255950507550626298e+02
-2.064900695176808654e+02
-1.864216408897726467e+02
-1.646508080483078231e+02
-1.367970494775902068e+02
-1.940081861888321839e+02
-9.521216601032354276e+01
-7.652179739837978900e+01
-5.677008665399200993e+01
-3.867345958139900830e+01
-2.138438405573855761e+01
-3.607620702358502740e-01
-6.654036820770390648e+01
2.140170574347691712e+01
2.764168048645981202e+01
3.366431624671024991e+01
3.709165218987767076e+01
3.912195174248306984e+01
4.465170348155138669e+01
-3.690737868302571201e+01
3.610590149668327342e+01
