7.671174093051010834e-01
8.208876253547123802e-01
7.487166919831226286e-01
8.549447644715095773e-01
7.830185074163132919e-01
8.362392068915890375e-01
6.920921410033141763e-01
7.844116331079675764e-01
8.381818491577098795e-01
7.660109157856256346e-01
8.722389882743215583e-01
8.003127312192506171e-01
8.535334306945772109e-01
7.093863648062881389e-01
8.017058569108338473e-01
8.554760729607072678e-01
7.833051395887556945e-01
8.895332120772723172e-01
8.176069550221386484e-01
8.708276544973696520e-01
7.266805886092625455e-01
8.190000807138042571e-01
8.727702967636926656e-01
8.005993633918858654e-01
9.068274358800838542e-01
8.349011788250442212e-01
8.881218783001626482e-01
7.439748124119014427e-01
8.362943045162621880e-01
8.900645205662893744e-01
8.178935871943886493e-01
9.241216596830595931e-01
8.521954026279494609e-01
9.054161021033237944e-01
7.612690362152108037e-01
8.535885283195372430e-01
9.073587443692872068e-01
8.351878109975189313e-01
9.414158834856816149e-01
8.694896264308549227e-01
9.227103259063120788e-01
7.785632600178495899e-01
8.708827521224035140e-01
9.246529681722845950e-01
8.524820348004241710e-01
9.587101072888217779e-01
8.867838502337428430e-01
9.400045497089092317e-01
7.958574838204888202e-01
8.881769759249655838e-01
9.419471919752820943e-01
8.697762586032411480e-01
9.760043310916337589e-01
9.040780740366483048e-01
9.572987735118971830e-01
8.131517076234970887e-01
9.054711997278318547e-01
9.592414157778788031e-01
8.870704824060575699e-01
9.932985548944449627e-01
