-1.809138743464920651e+00
2.666091665727517324e+00
-8.723994628020150799e-01
-1.840433944536908673e+00
-2.807247982306287248e+00
-1.963794051332627966e+00
-7.635929187136635932e+00
-5.450321526767558211e+00
-8.333574605138633906e-01
-4.230211646290285898e+00
-5.058627424020468055e+00
-5.889336761421983368e+00
-4.914340995806488976e+00
-1.046009360513136599e+01
-8.153416723620228623e+00
-3.420433145520634266e+00
-6.705674999496970656e+00
-7.425915138111486513e+00
-8.150648506599301513e+00
-7.070442570427688089e+00
-1.251019560065727276e+01
-1.009513192389910330e+01
-5.249813177513940943e+00
-8.417324039686729265e+00
-9.013175838060604406e+00
-9.605852815954873947e+00
-8.385217881359569247e+00
-1.367581468664922362e+01
-1.110289355758034446e+01
-6.091439139525897772e+00
-9.085357510057381347e+00
-9.501365920389737596e+00
-9.909510191317759009e+00
-8.501527322328470859e+00
-1.360409136064811442e+01
-1.084477168336563047e+01
-5.650983582877200817e+00
-8.469091258727742044e+00
-8.718208994958256852e+00
-8.970628351779909693e+00
-7.420091837279057856e+00
-1.239495403050816158e+01
-9.524062163269004344e+00
-4.235638747827018769e+00
-6.976328811320952283e+00
-7.164959656734854576e+00
-7.372942735938016412e+00
-5.792539414595597513e+00
-1.075003242699732020e+01
-7.871635334940277673e+00
-2.582422348779839005e+00
-5.325440302759320232e+00
-5.515549411877398889e+00
-5.719920605983835671e+00
-4.126408978340898592e+00
-9.056842507095314687e+00
-6.133055395789152264e+00
-7.759451725528685451e-01
-3.424711957416971320e+00
-3.490823069547419166e+00
