5.914088726143095118e+04
6.372225020211392257e+04
6.184615974934541009e+04
6.571830102134998015e+04
6.944280940797645599e+04
7.386946835863005253e+04
7.769480750617594458e+04
8.176190803414690890e+04
8.625176570054524927e+04
8.396433172343100887e+04
8.710630624009831809e+04
8.979278651433894993e+04
9.289412862436572323e+04
9.513641416915503214e+04
9.740034951586340321e+04
9.991147688852812280e+04
9.551985374675987987e+04
9.648631763357055024e+04
9.698248604200697446e+04
9.793590086201374652e+04
9.812876167308958247e+04
9.849512842987608747e+04
9.930952455680453568e+04
9.346514574817259563e+04
9.325883616754127434e+04
9.289002044588154240e+04
9.330503307269272045e+04
9.329531371418898925e+04
9.379436480351307546e+04
9.506640929353240062e+04
8.998495164080895483e+04
9.081839247379005246e+04
9.172986545814052806e+04
9.362271003889860003e+04
9.524001351545468788e+04
9.746307762240347802e+04
1.005017014979298692e+05
9.717443465214507887e+04
9.969589898498306866e+04
1.021782965581648314e+05
1.054784661499121285e+05
1.082988740682748903e+05
1.114873505249043519e+05
1.152284249940893642e+05
1.123243822728892410e+05
1.149831138966026920e+05
1.173198654426743160e+05
1.202042352709979605e+05
1.223608116007763747e+05
1.246682694978420914e+05
1.273497999987655785e+05
1.232530198465152644e+05
1.246364704002509097e+05
1.256698462906290952e+05
1.272793543382492790e+05
1.282466381936492107e+05
1.295061409716228081e+05
1.313338294410468370e+05
1.266254786909276445e+05
1.276816739018653461e+05
