0.000000000000000000e+00
0.000000000000000000e+00
0.000000000000000000e+00
0.000000000000000000e+00
0.000000000000000000e+00
0.000000000000000000e+00
0.000000000000000000e+00
0.000000000000000000e+00
0.000000000000000000e+00
0.000000000000000000e+00
0.000000000000000000e+00
0.000000000000000000e+00
0.000000000000000000e+00
0.000000000000000000e+00
0.000000000000000000e+00
0.000000000000000000e+00
0.000000000000000000e+00
0.000000000000000000e+00
0.000000000000000000e+00
0.000000000000000000e+00
0.000000000000000000e+00
1.000000000000000000e+00
0.000000000000000000e+00
0.000000000000000000e+00
2.000000000000000000e+00
1.000000000000000000e+00
0.000000000000000000e+00
0.000000000000000000e+00
0.000000000000000000e+00
0.000000000000000000e+00
0.000000000000000000e+00
0.000000000000000000e+00
0.000000000000000000e+00
0.000000000000000000e+00
0.000000000000000000e+00
0.000000000000000000e+00
0.000000000000000000e+00
1.000000000000000000e+00
0.000000000000000000e+00
0.000000000000000000e+00
0.000000000000000000e+00
0.000000000000000000e+00
0.000000000000000000e+00
0.000000000000000000e+00
0.000000000000000000e+00
2.000000000000000000e+00
0.000000000000000000e+00
0.000000000000000000e+00
5.000000000000000000e+00
5.000000000000000000e+00
0.000000000000000000e+00
0.000000000000000000e+00
0.000000000000000000e+00
6.000000000000000000e+00
0.000000000000000000e+00
0.000000000000000000e+00
3.000000000000000000e+00
5.000000000000000000e+00
0.000000000000000000e+00
7.000000000000000000e+00
0.000000000000000000e+00
0.000000000000000000e+00
7.000000000000000000e+00
7.000000000000000000e+00
0.000000000000000000e+00
0.000000000000000000e+00
0.000000000000000000e+00
6.000000000000000000e+00
3.000000000000000000e+00
0.000000000000000000e+00
0.000000000000000000e+00
3.500000000000000000e+01
1.200000000000000000e+01
1.700000000000000000e+01
1.900000000000000000e+01
2.300000000000000000e+01
1.900000000000000000e+01
5.300000000000000000e+01
2.900000000000000000e+01
1.500000000000000000e+02
1.700000000000000000e+02
9.200000000000000000e+01
1.720000000000000000e+02
8.100000000000000000e+01
1.010000000000000000e+02
6.100000000000000000e+01
9.300000000000000000e+01
0.000000000000000000e+00
9.800000000000000000e+01
7.400000000000000000e+01
8.300000000000000000e+01
1.030000000000000000e+02
9.100000000000000000e+01
1.230000000000000000e+02
1.270000000000000000e+02
9.100000000000000000e+01
1.120000000000000000e+02
9.100000000000000000e+01
1.480000000000000000e+02
1.000000000000000000e+02
1.140000000000000000e+02
1.210000000000000000e+02
9.900000000000000000e+01
2.030000000000000000e+02
1.870000000000000000e+02
2.060000000000000000e+02
2.130000000000000000e+02
2.650000000000000000e+02
4.580000000000000000e+02
5.090000000000000000e+02
5.770000000000000000e+02
6.310000000000000000e+02
5.110000000000000000e+02
4.070000000000000000e+02
3.980000000000000000e+02
6.030000000000000000e+02
5.810000000000000000e+02
1.065000000000000000e+03
1.214000000000000000e+03
1.018000000000000000e+03
9.460000000000000000e+02
1.043000000000000000e+03
6.970000000000000000e+02
5.610000000000000000e+02
6.010000000000000000e+02
3.250000000000000000e+02
3.890000000000000000e+02
3.140000000000000000e+02
4.120000000000000000e+02
4.490000000000000000e+02
3.860000000000000000e+02
4.060000000000000000e+02
3.880000000000000000e+02
4.270000000000000000e+02
4.190000000000000000e+02
7.650000000000000000e+02
7.240000000000000000e+02
7.450000000000000000e+02
4.690000000000000000e+02
4.650000000000000000e+02
1.277000000000000000e+03
1.217000000000000000e+03
7.120000000000000000e+02
8.150000000000000000e+02
7.010000000000000000e+02
6.670000000000000000e+02
7.320000000000000000e+02
6.760000000000000000e+02
7.040000000000000000e+02
7.550000000000000000e+02
7.580000000000000000e+02
6.610000000000000000e+02
6.310000000000000000e+02
6.570000000000000000e+02
7.020000000000000000e+02
7.600000000000000000e+02
3.040000000000000000e+02
3.650000000000000000e+02
5.770000000000000000e+02
6.650000000000000000e+02
4.900000000000000000e+02
5.940000000000000000e+02
5.040000000000000000e+02
4.890000000000000000e+02
7.040000000000000000e+02
4.400000000000000000e+02
4.240000000000000000e+02
9.930000000000000000e+02
5.680000000000000000e+02
1.288000000000000000e+03
3.990000000000000000e+02
6.790000000000000000e+02
4.920000000000000000e+02
3.730000000000000000e+02
5.120000000000000000e+02
3.930000000000000000e+02
9.940000000000000000e+02
1.036000000000000000e+03
4.690000000000000000e+02
3.520000000000000000e+02
3.520000000000000000e+02
3.430000000000000000e+02
3.900000000000000000e+02
4.940000000000000000e+02
3.870000000000000000e+02
3.930000000000000000e+02
5.540000000000000000e+02
3.280000000000000000e+02
3.950000000000000000e+02
2.970000000000000000e+02
4.240000000000000000e+02
2.830000000000000000e+02
3.460000000000000000e+02
3.600000000000000000e+02
2.480000000000000000e+02
2.270000000000000000e+02
2.950000000000000000e+02
3.540000000000000000e+02
2.760000000000000000e+02
2.300000000000000000e+02
3.230000000000000000e+02
1.980000000000000000e+02
1.950000000000000000e+02
2.320000000000000000e+02
1.790000000000000000e+02
1.010000000000000000e+02
9.800000000000000000e+01
1.230000000000000000e+02
1.000000000000000000e+02
1.150000000000000000e+02
1.130000000000000000e+02
1.310000000000000000e+02
1.430000000000000000e+02
1.120000000000000000e+02
8.000000000000000000e+01
9.400000000000000000e+01
1.720000000000000000e+02
3.160000000000000000e+02
4.020000000000000000e+02
3.890000000000000000e+02
3.410000000000000000e+02
3.980000000000000000e+02
3.310000000000000000e+02
5.600000000000000000e+02
5.380000000000000000e+02
6.390000000000000000e+02
4.900000000000000000e+02
4.940000000000000000e+02
2.443000000000000000e+03
4.380000000000000000e+02
4.100000000000000000e+02
4.160000000000000000e+02
5.860000000000000000e+02
5.170000000000000000e+02
5.210000000000000000e+02
4.680000000000000000e+02
5.300000000000000000e+02
6.540000000000000000e+02
8.210000000000000000e+02
6.610000000000000000e+02
6.730000000000000000e+02
7.220000000000000000e+02
7.610000000000000000e+02
8.130000000000000000e+02
9.390000000000000000e+02
9.700000000000000000e+02
9.420000000000000000e+02
8.820000000000000000e+02
8.570000000000000000e+02
8.680000000000000000e+02
9.180000000000000000e+02
1.076000000000000000e+03
1.186000000000000000e+03
1.179000000000000000e+03
1.168000000000000000e+03
1.051000000000000000e+03
1.001000000000000000e+03
1.287000000000000000e+03
1.146000000000000000e+03
1.154000000000000000e+03
1.769000000000000000e+03
1.424000000000000000e+03
1.070000000000000000e+03
1.311000000000000000e+03
1.271000000000000000e+03
1.452000000000000000e+03
1.652000000000000000e+03
1.666000000000000000e+03
1.618000000000000000e+03
1.411000000000000000e+03
1.162000000000000000e+03
1.295000000000000000e+03
1.502000000000000000e+03
1.501000000000000000e+03
1.550000000000000000e+03
1.704000000000000000e+03
1.826000000000000000e+03
2.037000000000000000e+03
1.819000000000000000e+03
1.708000000000000000e+03
2.189000000000000000e+03
1.500000000000000000e+03
1.460000000000000000e+03
1.295000000000000000e+03
1.606000000000000000e+03
1.516000000000000000e+03
1.466000000000000000e+03
1.493000000000000000e+03
1.135000000000000000e+03
8.180000000000000000e+02
6.720000000000000000e+02
6.830000000000000000e+02
6.680000000000000000e+02
7.420000000000000000e+02
7.410000000000000000e+02
7.730000000000000000e+02
6.680000000000000000e+02
6.780000000000000000e+02
6.910000000000000000e+02
6.800000000000000000e+02
7.150000000000000000e+02
8.900000000000000000e+02
9.320000000000000000e+02
8.400000000000000000e+02
7.710000000000000000e+02
7.910000000000000000e+02
7.070000000000000000e+02
6.830000000000000000e+02
7.830000000000000000e+02
8.260000000000000000e+02
8.380000000000000000e+02
7.410000000000000000e+02
7.360000000000000000e+02
7.140000000000000000e+02
7.680000000000000000e+02
7.130000000000000000e+02
6.550000000000000000e+02
7.930000000000000000e+02
6.700000000000000000e+02
6.340000000000000000e+02
5.790000000000000000e+02
5.840000000000000000e+02
7.890000000000000000e+02
6.570000000000000000e+02
6.940000000000000000e+02
6.130000000000000000e+02
6.310000000000000000e+02
6.700000000000000000e+02
6.740000000000000000e+02
7.260000000000000000e+02
7.920000000000000000e+02
7.650000000000000000e+02
8.230000000000000000e+02
8.660000000000000000e+02
8.450000000000000000e+02
1.611000000000000000e+03
1.533000000000000000e+03
1.495000000000000000e+03
1.386000000000000000e+03
1.542000000000000000e+03
1.265000000000000000e+03
1.253000000000000000e+03
1.475000000000000000e+03
1.607000000000000000e+03
1.435000000000000000e+03
1.577000000000000000e+03
2.081000000000000000e+03
1.609000000000000000e+03
1.746000000000000000e+03
1.866000000000000000e+03
2.199000000000000000e+03
3.658000000000000000e+03
2.218000000000000000e+03
2.264000000000000000e+03
2.454000000000000000e+03
2.252000000000000000e+03
2.195000000000000000e+03
2.588000000000000000e+03
2.671000000000000000e+03
3.168000000000000000e+03
3.118000000000000000e+03
3.268000000000000000e+03
2.990000000000000000e+03
3.311000000000000000e+03
3.746000000000000000e+03
3.901000000000000000e+03
3.945000000000000000e+03
4.051000000000000000e+03
4.166000000000000000e+03
3.820000000000000000e+03
3.890000000000000000e+03
4.536000000000000000e+03
3.294000000000000000e+03
2.975000000000000000e+03
2.770000000000000000e+03
4.189000000000000000e+03
4.452000000000000000e+03
3.791000000000000000e+03
4.075000000000000000e+03
3.904000000000000000e+03
3.860000000000000000e+03
4.041000000000000000e+03
4.678000000000000000e+03
3.933000000000000000e+03
3.368000000000000000e+03
2.993000000000000000e+03
3.734000000000000000e+03
3.404000000000000000e+03
3.589000000000000000e+03
5.059000000000000000e+03
4.892000000000000000e+03
3.634000000000000000e+03
3.570000000000000000e+03
3.431000000000000000e+03
4.349000000000000000e+03
4.298000000000000000e+03
3.684000000000000000e+03
3.355000000000000000e+03
3.515000000000000000e+03
3.814000000000000000e+03
4.678000000000000000e+03
2.478000000000000000e+03
2.171000000000000000e+03
1.517000000000000000e+03
1.107000000000000000e+03
1.666000000000000000e+03
1.589000000000000000e+03
1.691000000000000000e+03
2.026000000000000000e+03
1.901000000000000000e+03
1.587000000000000000e+03
1.857000000000000000e+03
1.784000000000000000e+03
1.693000000000000000e+03
1.677000000000000000e+03
1.736000000000000000e+03
1.939000000000000000e+03
2.169000000000000000e+03
2.438000000000000000e+03
2.651000000000000000e+03
2.741000000000000000e+03
2.628000000000000000e+03
2.391000000000000000e+03
2.240000000000000000e+03
1.960000000000000000e+03
2.144000000000000000e+03
2.348000000000000000e+03
2.385000000000000000e+03
2.200000000000000000e+03
2.262000000000000000e+03
2.428000000000000000e+03
2.243000000000000000e+03
2.025000000000000000e+03
2.422000000000000000e+03
2.202000000000000000e+03
2.435000000000000000e+03
2.321000000000000000e+03
2.210000000000000000e+03
2.279000000000000000e+03
2.147000000000000000e+03
2.138000000000000000e+03
1.956000000000000000e+03
2.191000000000000000e+03
1.939000000000000000e+03
1.833000000000000000e+03
1.652000000000000000e+03
1.719000000000000000e+03
1.731000000000000000e+03
1.492000000000000000e+03
1.614000000000000000e+03
1.506000000000000000e+03
1.545000000000000000e+03
1.503000000000000000e+03
1.760000000000000000e+03
1.854000000000000000e+03
1.898000000000000000e+03
1.842000000000000000e+03
1.744000000000000000e+03
1.793000000000000000e+03
1.652000000000000000e+03
1.580000000000000000e+03
1.900000000000000000e+03
1.551000000000000000e+03
1.803000000000000000e+03
1.836000000000000000e+03
1.681000000000000000e+03
1.791000000000000000e+03
1.769000000000000000e+03
1.686000000000000000e+03
1.952000000000000000e+03
1.682000000000000000e+03
1.728000000000000000e+03
1.701000000000000000e+03
1.560000000000000000e+03
1.476000000000000000e+03
1.600000000000000000e+03
1.477000000000000000e+03
1.474000000000000000e+03
1.422000000000000000e+03
1.302000000000000000e+03
1.222000000000000000e+03
1.217000000000000000e+03
1.250000000000000000e+03
1.316000000000000000e+03
1.374000000000000000e+03
1.451000000000000000e+03
1.571000000000000000e+03
1.569000000000000000e+03
1.481000000000000000e+03
1.630000000000000000e+03
1.725000000000000000e+03
2.137000000000000000e+03
2.206000000000000000e+03
1.779000000000000000e+03
1.777000000000000000e+03
1.740000000000000000e+03
1.954000000000000000e+03
2.110000000000000000e+03
1.960000000000000000e+03
2.035000000000000000e+03
2.150000000000000000e+03
1.842000000000000000e+03
1.933000000000000000e+03
2.168000000000000000e+03
2.151000000000000000e+03
0.000000000000000000e+00
4.366000000000000000e+03
2.094000000000000000e+03
1.946000000000000000e+03
1.811000000000000000e+03
2.094000000000000000e+03
1.976000000000000000e+03
2.127000000000000000e+03
1.918000000000000000e+03
2.075000000000000000e+03
1.826000000000000000e+03
1.923000000000000000e+03
2.102000000000000000e+03
1.922000000000000000e+03
2.123000000000000000e+03
2.177000000000000000e+03
2.233000000000000000e+03
2.077000000000000000e+03
1.988000000000000000e+03
2.105000000000000000e+03
1.731000000000000000e+03
1.556000000000000000e+03
1.638000000000000000e+03
1.561000000000000000e+03
1.570000000000000000e+03
1.527000000000000000e+03
1.518000000000000000e+03
1.489000000000000000e+03
1.525000000000000000e+03
1.506000000000000000e+03
1.468000000000000000e+03
1.490000000000000000e+03
1.519000000000000000e+03
1.485000000000000000e+03
1.481000000000000000e+03
1.497000000000000000e+03
1.487000000000000000e+03
1.508000000000000000e+03
1.504000000000000000e+03
1.477000000000000000e+03
1.502000000000000000e+03
1.484000000000000000e+03
1.519000000000000000e+03
1.474000000000000000e+03
1.455000000000000000e+03
1.491000000000000000e+03
1.510000000000000000e+03
1.497000000000000000e+03
1.495000000000000000e+03
1.508000000000000000e+03
1.497000000000000000e+03
1.518000000000000000e+03
1.466000000000000000e+03
1.492000000000000000e+03
1.504000000000000000e+03
1.470000000000000000e+03
-6.641300000000000000e+05
0.000000000000000000e+00
0.000000000000000000e+00
0.000000000000000000e+00
0.000000000000000000e+00
0.000000000000000000e+00
0.000000000000000000e+00
0.000000000000000000e+00
0.000000000000000000e+00
0.000000000000000000e+00
0.000000000000000000e+00
0.000000000000000000e+00
0.000000000000000000e+00
0.000000000000000000e+00
0.000000000000000000e+00
0.000000000000000000e+00
0.000000000000000000e+00
0.000000000000000000e+00
0.000000000000000000e+00
0.000000000000000000e+00
0.000000000000000000e+00
0.000000000000000000e+00
0.000000000000000000e+00
0.000000000000000000e+00
0.000000000000000000e+00
0.000000000000000000e+00
0.000000000000000000e+00
0.000000000000000000e+00
0.000000000000000000e+00
0.000000000000000000e+00
0.000000000000000000e+00
0.000000000000000000e+00
0.000000000000000000e+00
0.000000000000000000e+00
0.000000000000000000e+00
0.000000000000000000e+00
0.000000000000000000e+00
0.000000000000000000e+00
0.000000000000000000e+00
0.000000000000000000e+00
0.000000000000000000e+00
0.000000000000000000e+00
0.000000000000000000e+00
0.000000000000000000e+00
0.000000000000000000e+00
0.000000000000000000e+00
0.000000000000000000e+00
0.000000000000000000e+00
0.000000000000000000e+00
0.000000000000000000e+00
0.000000000000000000e+00
0.000000000000000000e+00
0.000000000000000000e+00
0.000000000000000000e+00
0.000000000000000000e+00
0.000000000000000000e+00
0.000000000000000000e+00
0.000000000000000000e+00
0.000000000000000000e+00
0.000000000000000000e+00
0.000000000000000000e+00
0.000000000000000000e+00
0.000000000000000000e+00
0.000000000000000000e+00
0.000000000000000000e+00
0.000000000000000000e+00
0.000000000000000000e+00
0.000000000000000000e+00
0.000000000000000000e+00
0.000000000000000000e+00
0.000000000000000000e+00
0.000000000000000000e+00
0.000000000000000000e+00
0.000000000000000000e+00
0.000000000000000000e+00
0.000000000000000000e+00
0.000000000000000000e+00
0.000000000000000000e+00
0.000000000000000000e+00
0.000000000000000000e+00
0.000000000000000000e+00
0.000000000000000000e+00
0.000000000000000000e+00
0.000000000000000000e+00
0.000000000000000000e+00
0.000000000000000000e+00
0.000000000000000000e+00
0.000000000000000000e+00
0.000000000000000000e+00
0.000000000000000000e+00
0.000000000000000000e+00
0.000000000000000000e+00
0.000000000000000000e+00
0.000000000000000000e+00
0.000000000000000000e+00
0.000000000000000000e+00
0.000000000000000000e+00
0.000000000000000000e+00
0.000000000000000000e+00
0.000000000000000000e+00
0.000000000000000000e+00
0.000000000000000000e+00
0.000000000000000000e+00
0.000000000000000000e+00
0.000000000000000000e+00
0.000000000000000000e+00
0.000000000000000000e+00
0.000000000000000000e+00
0.000000000000000000e+00
0.000000000000000000e+00
0.000000000000000000e+00
0.000000000000000000e+00
0.000000000000000000e+00
0.000000000000000000e+00
0.000000000000000000e+00
0.000000000000000000e+00
0.000000000000000000e+00
0.000000000000000000e+00
0.000000000000000000e+00
0.000000000000000000e+00
0.000000000000000000e+00
0.000000000000000000e+00
0.000000000000000000e+00
0.000000000000000000e+00
0.000000000000000000e+00
0.000000000000000000e+00
0.000000000000000000e+00
0.000000000000000000e+00
0.000000000000000000e+00
0.000000000000000000e+00
0.000000000000000000e+00
0.000000000000000000e+00
0.000000000000000000e+00
0.000000000000000000e+00
0.000000000000000000e+00
0.000000000000000000e+00
0.000000000000000000e+00
0.000000000000000000e+00
0.000000000000000000e+00
0.000000000000000000e+00
0.000000000000000000e+00
0.000000000000000000e+00
0.000000000000000000e+00
0.000000000000000000e+00
0.000000000000000000e+00
0.000000000000000000e+00
0.000000000000000000e+00
0.000000000000000000e+00
0.000000000000000000e+00
0.000000000000000000e+00
0.000000000000000000e+00
0.000000000000000000e+00
0.000000000000000000e+00
0.000000000000000000e+00
0.000000000000000000e+00
0.000000000000000000e+00
0.000000000000000000e+00
0.000000000000000000e+00
0.000000000000000000e+00
0.000000000000000000e+00
0.000000000000000000e+00
0.000000000000000000e+00
0.000000000000000000e+00
0.000000000000000000e+00
0.000000000000000000e+00
0.000000000000000000e+00
0.000000000000000000e+00
0.000000000000000000e+00
0.000000000000000000e+00
0.000000000000000000e+00
0.000000000000000000e+00
0.000000000000000000e+00
0.000000000000000000e+00
0.000000000000000000e+00
0.000000000000000000e+00
0.000000000000000000e+00
0.000000000000000000e+00
0.000000000000000000e+00
0.000000000000000000e+00
0.000000000000000000e+00
0.000000000000000000e+00
0.000000000000000000e+00
0.000000000000000000e+00
0.000000000000000000e+00
0.000000000000000000e+00
0.000000000000000000e+00
0.000000000000000000e+00
0.000000000000000000e+00
0.000000000000000000e+00
0.000000000000000000e+00
0.000000000000000000e+00
0.000000000000000000e+00
0.000000000000000000e+00
0.000000000000000000e+00
0.000000000000000000e+00
0.000000000000000000e+00
0.000000000000000000e+00
0.000000000000000000e+00
0.000000000000000000e+00
0.000000000000000000e+00
0.000000000000000000e+00
0.000000000000000000e+00
0.000000000000000000e+00
0.000000000000000000e+00
0.000000000000000000e+00
0.000000000000000000e+00
0.000000000000000000e+00
0.000000000000000000e+00
0.000000000000000000e+00
0.000000000000000000e+00
0.000000000000000000e+00
0.000000000000000000e+00
0.000000000000000000e+00
0.000000000000000000e+00
0.000000000000000000e+00
0.000000000000000000e+00
0.000000000000000000e+00
0.000000000000000000e+00
0.000000000000000000e+00
0.000000000000000000e+00
0.000000000000000000e+00
0.000000000000000000e+00
0.000000000000000000e+00
0.000000000000000000e+00
0.000000000000000000e+00
0.000000000000000000e+00
0.000000000000000000e+00
0.000000000000000000e+00
0.000000000000000000e+00
0.000000000000000000e+00
0.000000000000000000e+00
0.000000000000000000e+00
0.000000000000000000e+00
0.000000000000000000e+00
0.000000000000000000e+00
0.000000000000000000e+00
0.000000000000000000e+00
0.000000000000000000e+00
0.000000000000000000e+00
0.000000000000000000e+00
0.000000000000000000e+00
0.000000000000000000e+00
0.000000000000000000e+00
0.000000000000000000e+00
0.000000000000000000e+00
0.000000000000000000e+00
0.000000000000000000e+00
0.000000000000000000e+00
0.000000000000000000e+00
0.000000000000000000e+00
0.000000000000000000e+00
0.000000000000000000e+00
0.000000000000000000e+00
0.000000000000000000e+00
0.000000000000000000e+00
0.000000000000000000e+00
0.000000000000000000e+00
0.000000000000000000e+00
0.000000000000000000e+00
0.000000000000000000e+00
0.000000000000000000e+00
0.000000000000000000e+00
0.000000000000000000e+00
0.000000000000000000e+00
0.000000000000000000e+00
0.000000000000000000e+00
0.000000000000000000e+00
0.000000000000000000e+00
0.000000000000000000e+00
0.000000000000000000e+00
0.000000000000000000e+00
0.000000000000000000e+00
0.000000000000000000e+00
0.000000000000000000e+00
0.000000000000000000e+00
0.000000000000000000e+00
0.000000000000000000e+00
0.000000000000000000e+00
0.000000000000000000e+00
0.000000000000000000e+00
0.000000000000000000e+00
0.000000000000000000e+00
0.000000000000000000e+00
0.000000000000000000e+00
0.000000000000000000e+00
0.000000000000000000e+00
0.000000000000000000e+00
0.000000000000000000e+00
0.000000000000000000e+00
0.000000000000000000e+00
0.000000000000000000e+00
0.000000000000000000e+00
0.000000000000000000e+00
0.000000000000000000e+00
0.000000000000000000e+00
0.000000000000000000e+00
0.000000000000000000e+00
0.000000000000000000e+00
0.000000000000000000e+00
0.000000000000000000e+00
0.000000000000000000e+00
0.000000000000000000e+00
0.000000000000000000e+00
0.000000000000000000e+00
0.000000000000000000e+00
0.000000000000000000e+00
0.000000000000000000e+00
0.000000000000000000e+00
0.000000000000000000e+00
0.000000000000000000e+00
0.000000000000000000e+00
0.000000000000000000e+00
0.000000000000000000e+00
0.000000000000000000e+00
0.000000000000000000e+00
0.000000000000000000e+00
0.000000000000000000e+00
0.000000000000000000e+00
0.000000000000000000e+00
0.000000000000000000e+00
0.000000000000000000e+00
0.000000000000000000e+00
0.000000000000000000e+00
0.000000000000000000e+00
0.000000000000000000e+00
0.000000000000000000e+00
0.000000000000000000e+00
0.000000000000000000e+00
0.000000000000000000e+00
0.000000000000000000e+00
0.000000000000000000e+00
0.000000000000000000e+00
0.000000000000000000e+00
0.000000000000000000e+00
0.000000000000000000e+00
0.000000000000000000e+00
0.000000000000000000e+00
0.000000000000000000e+00
0.000000000000000000e+00
0.000000000000000000e+00
0.000000000000000000e+00
0.000000000000000000e+00
0.000000000000000000e+00
0.000000000000000000e+00
0.000000000000000000e+00
0.000000000000000000e+00
0.000000000000000000e+00
0.000000000000000000e+00
0.000000000000000000e+00
0.000000000000000000e+00
0.000000000000000000e+00
0.000000000000000000e+00
0.000000000000000000e+00
0.000000000000000000e+00
0.000000000000000000e+00
0.000000000000000000e+00
0.000000000000000000e+00
0.000000000000000000e+00
0.000000000000000000e+00
0.000000000000000000e+00
0.000000000000000000e+00
0.000000000000000000e+00
0.000000000000000000e+00
0.000000000000000000e+00
0.000000000000000000e+00
0.000000000000000000e+00
0.000000000000000000e+00
0.000000000000000000e+00
0.000000000000000000e+00
0.000000000000000000e+00
0.000000000000000000e+00
0.000000000000000000e+00
0.000000000000000000e+00
0.000000000000000000e+00
0.000000000000000000e+00
0.000000000000000000e+00
0.000000000000000000e+00
0.000000000000000000e+00
0.000000000000000000e+00
0.000000000000000000e+00
0.000000000000000000e+00
0.000000000000000000e+00
0.000000000000000000e+00
0.000000000000000000e+00
0.000000000000000000e+00
0.000000000000000000e+00
0.000000000000000000e+00
0.000000000000000000e+00
0.000000000000000000e+00
0.000000000000000000e+00
0.000000000000000000e+00
0.000000000000000000e+00
0.000000000000000000e+00
0.000000000000000000e+00
0.000000000000000000e+00
0.000000000000000000e+00
0.000000000000000000e+00
0.000000000000000000e+00
0.000000000000000000e+00
0.000000000000000000e+00
0.000000000000000000e+00
0.000000000000000000e+00
0.000000000000000000e+00
0.000000000000000000e+00
0.000000000000000000e+00
0.000000000000000000e+00
0.000000000000000000e+00
0.000000000000000000e+00
0.000000000000000000e+00
0.000000000000000000e+00
0.000000000000000000e+00
0.000000000000000000e+00
0.000000000000000000e+00
0.000000000000000000e+00
0.000000000000000000e+00
0.000000000000000000e+00
0.000000000000000000e+00
0.000000000000000000e+00
0.000000000000000000e+00
0.000000000000000000e+00
0.000000000000000000e+00
0.000000000000000000e+00
0.000000000000000000e+00
0.000000000000000000e+00
0.000000000000000000e+00
0.000000000000000000e+00
0.000000000000000000e+00
0.000000000000000000e+00
0.000000000000000000e+00
0.000000000000000000e+00
0.000000000000000000e+00
0.000000000000000000e+00
0.000000000000000000e+00
0.000000000000000000e+00
0.000000000000000000e+00
0.000000000000000000e+00
0.000000000000000000e+00
0.000000000000000000e+00
0.000000000000000000e+00
0.000000000000000000e+00
0.000000000000000000e+00
0.000000000000000000e+00
0.000000000000000000e+00
0.000000000000000000e+00
0.000000000000000000e+00
0.000000000000000000e+00
0.000000000000000000e+00
0.000000000000000000e+00
0.000000000000000000e+00
0.000000000000000000e+00
0.000000000000000000e+00
0.000000000000000000e+00
0.000000000000000000e+00
0.000000000000000000e+00
0.000000000000000000e+00
0.000000000000000000e+00
0.000000000000000000e+00
0.000000000000000000e+00
0.000000000000000000e+00
0.000000000000000000e+00
0.000000000000000000e+00
0.000000000000000000e+00
0.000000000000000000e+00
0.000000000000000000e+00
0.000000000000000000e+00
0.000000000000000000e+00
0.000000000000000000e+00
0.000000000000000000e+00
0.000000000000000000e+00
0.000000000000000000e+00
0.000000000000000000e+00
0.000000000000000000e+00
0.000000000000000000e+00
0.000000000000000000e+00
0.000000000000000000e+00
0.000000000000000000e+00
0.000000000000000000e+00
0.000000000000000000e+00
0.000000000000000000e+00
0.000000000000000000e+00
0.000000000000000000e+00
0.000000000000000000e+00
0.000000000000000000e+00
0.000000000000000000e+00
0.000000000000000000e+00
0.000000000000000000e+00
0.000000000000000000e+00
0.000000000000000000e+00
0.000000000000000000e+00
0.000000000000000000e+00
0.000000000000000000e+00
0.000000000000000000e+00
0.000000000000000000e+00
0.000000000000000000e+00
0.000000000000000000e+00
0.000000000000000000e+00
0.000000000000000000e+00
0.000000000000000000e+00
0.000000000000000000e+00
0.000000000000000000e+00
0.000000000000000000e+00
0.000000000000000000e+00
0.000000000000000000e+00
0.000000000000000000e+00
0.000000000000000000e+00
0.000000000000000000e+00
0.000000000000000000e+00
0.000000000000000000e+00
0.000000000000000000e+00
0.000000000000000000e+00
0.000000000000000000e+00
0.000000000000000000e+00
0.000000000000000000e+00
0.000000000000000000e+00
0.000000000000000000e+00
0.000000000000000000e+00
0.000000000000000000e+00
0.000000000000000000e+00
0.000000000000000000e+00
0.000000000000000000e+00
0.000000000000000000e+00
0.000000000000000000e+00
0.000000000000000000e+00
0.000000000000000000e+00
0.000000000000000000e+00
0.000000000000000000e+00
0.000000000000000000e+00
0.000000000000000000e+00
0.000000000000000000e+00
0.000000000000000000e+00
0.000000000000000000e+00
0.000000000000000000e+00
0.000000000000000000e+00
0.000000000000000000e+00
0.000000000000000000e+00
0.000000000000000000e+00
0.000000000000000000e+00
0.000000000000000000e+00
0.000000000000000000e+00
0.000000000000000000e+00
0.000000000000000000e+00
0.000000000000000000e+00
0.000000000000000000e+00
0.000000000000000000e+00
0.000000000000000000e+00
0.000000000000000000e+00
0.000000000000000000e+00
0.000000000000000000e+00
0.000000000000000000e+00
0.000000000000000000e+00
0.000000000000000000e+00
0.000000000000000000e+00
0.000000000000000000e+00
0.000000000000000000e+00
0.000000000000000000e+00
0.000000000000000000e+00
0.000000000000000000e+00
0.000000000000000000e+00
0.000000000000000000e+00
0.000000000000000000e+00
0.000000000000000000e+00
0.000000000000000000e+00
0.000000000000000000e+00
0.000000000000000000e+00
0.000000000000000000e+00
0.000000000000000000e+00
0.000000000000000000e+00
0.000000000000000000e+00
0.000000000000000000e+00
0.000000000000000000e+00
