2.241770178865871003e+03
2.246373912319631017e+03
2.251158924068302440e+03
2.256203624424766076e+03
2.261382748301648917e+03
2.266854344948630569e+03
2.272555215929730821e+03
2.278421286599196719e+03
2.284167731927664136e+03
2.290153701751175959e+03
2.296457361005855091e+03
2.302951170137008830e+03
2.309788798029186182e+03
2.316900534643059927e+03
2.324213690199848315e+03
2.331432802023542081e+03
2.338904493036871827e+03
2.346692695084883326e+03
2.354654158630579786e+03
2.362925636358391330e+03
2.371419602013460917e+03
2.380044984558127908e+03
2.388487731263674505e+03
2.397076035695309201e+03
2.405855935380020583e+03
2.414667192180514576e+03
2.423630834462261646e+03
2.432645214214124735e+03
2.441607051516247338e+03
2.450192272952103849e+03
2.458721473734860865e+03
2.467235703129023022e+03
2.475572482080498048e+03
2.483853429220517683e+03
2.491980346730828387e+03
2.499856238066847254e+03
2.507166065009748763e+03
2.514242075925767949e+03
2.521139408089358312e+03
2.527711877329953495e+03
2.534099336464953467e+03
2.540223460110672477e+03
2.546008434618981028e+03
2.551161367833381973e+03
2.556037258055269831e+03
2.560714232692216228e+03
2.565068977380804881e+03
2.569263744318023782e+03
2.573241804234418851e+03
2.576947827015127586e+03
2.580108011202302805e+03
2.583094806478884493e+03
2.586001943394438058e+03
2.588719693932117025e+03
2.591421753439171880e+03
2.594060609116531396e+03
2.596587879828374753e+03
2.598734446257123182e+03
2.600875213400928260e+03
2.603104216766414993e+03
