-3.892973783784005326e-02
-2.675673937756446741e-02
-3.676473446037527293e-02
-8.426905855468874718e-02
1.548920731306715481e-01
-1.542583310332780455e-01
-1.846580763736712372e-01
-1.020763476742515830e-01
-8.639722581959805026e-02
-9.314813944711317073e-02
-1.377902872221644093e-01
1.037076438275252033e-01
-2.037416643605690636e-01
-2.331620156467261173e-01
-1.503807983981097496e-01
-1.353098744099514028e-01
-1.434723417687808200e-01
-1.902922792319555745e-01
4.833116076288293539e-02
-2.625888274996936445e-01
-2.959470338781798882e-01
-2.174167907482824347e-01
-2.067352182115103909e-01
-2.192351237839190170e-01
-2.701405220061027235e-01
-3.514697681010417463e-02
-3.490407228214574276e-01
-3.845256362181327381e-01
-3.071003307003062899e-01
-2.963496365017863621e-01
-3.074822340469096638e-01
-3.556312229076762366e-01
-1.164386610750604290e-01
-4.246778851216479467e-01
-4.530825631541283149e-01
-3.672246681943832636e-01
-3.468055758858352711e-01
-3.471920400614788571e-01
-3.837138458540160779e-01
-1.322442313977579831e-01
-4.278169807750774600e-01
-4.434492659308763018e-01
-3.450125817532783135e-01
-3.125161612661824240e-01
-3.016348292469291370e-01
-3.279983146742596611e-01
-6.776334379818671483e-02
-3.562226505471071114e-01
-3.666202128995323939e-01
-2.650152803904983756e-01
-2.315597843974671888e-01
-2.220212718476701763e-01
-2.520685373319503375e-01
2.158602541521781326e-03
-2.945588299004021082e-01
-3.153348323430317790e-01
-2.260445721499045602e-01
-2.066053825963566903e-01
-2.125046695418957021e-01
-2.590917876383275198e-01
