1.560624121802468096e+02
1.749200582498447147e+02
2.762801088095109208e+02
3.163719548996695039e+02
3.529253745206851818e+02
2.644005746129358272e+02
3.329027253663588226e+02
3.888578039366720418e+02
4.474841051017704103e+02
5.869605855406148294e+02
6.627572765283391618e+02
7.319436182646994666e+02
6.724393358608941753e+02
7.659457912845593910e+02
8.426340479942318780e+02
9.176235701680111561e+02
1.069152447809876776e+03
1.152904277881640155e+03
1.226307626046423593e+03
1.167772936171353194e+03
1.259605238933070723e+03
1.332669471951585365e+03
1.402843051229355524e+03
1.549157424132944698e+03
1.628094668770200315e+03
1.697856066248153184e+03
1.637568550839157297e+03
1.730168430574500690e+03
1.807040201783752764e+03
1.884446045543412311e+03
2.041648590046262825e+03
2.135193734239330297e+03
2.223171040767564591e+03
2.184418014592693453e+03
2.301407884515353999e+03
2.404898738351423617e+03
2.510379424619057772e+03
2.696214428580544791e+03
2.817953948343092179e+03
2.932625929655605887e+03
2.917975466112001868e+03
3.055390136917287236e+03
3.174587981982309429e+03
3.290102303603272503e+03
3.479464242606195057e+03
3.597548096364128469e+03
3.700894919522771943e+03
3.666978675198923611e+03
3.777152485508323025e+03
3.861350807644979795e+03
3.934581031238805735e+03
4.075104956954266072e+03
4.138774861354085260e+03
4.183339665695972144e+03
4.087685699301869590e+03
4.134750075034256952e+03
4.156183209973875819e+03
4.168794917444343810e+03
4.252685662664456686e+03
4.265528993352412726e+03
