1.395814762727973459e+02
1.322808087331974320e+02
1.026250820541755218e+02
1.003235158007148868e+02
1.912056925744218177e+02
1.118402779892878129e+02
1.065688975895967161e+02
1.424098463510125043e+02
1.351091788115984968e+02
1.054534521324144407e+02
1.031518858790902016e+02
1.940340626527751340e+02
1.146686480675076893e+02
1.093972676677882561e+02
1.452382164292663731e+02
1.379375488897280206e+02
1.082818222107527504e+02
1.059802559574655021e+02
1.968624327310852493e+02
1.174970181458913885e+02
1.122256377462320103e+02
1.480665865078110528e+02
1.407659189681290854e+02
1.111101922890858447e+02
1.088086260358408168e+02
1.996908028094385941e+02
1.203253882243846675e+02
1.150540078245496574e+02
1.508949565860649784e+02
1.435942890465958044e+02
1.139385623675234314e+02
1.116369961142593326e+02
2.025191728877488799e+02
1.231537583026045155e+02
1.178823779027924559e+02
1.537233266644642811e+02
1.464226591248610987e+02
1.167669324457623929e+02
1.144653661925913752e+02
2.053475429661021963e+02
1.259821283809062606e+02
1.207107479811101314e+02
1.565516967427182351e+02
1.492510292031263646e+02
1.195953025240013687e+02
1.172937362707215243e+02
2.081759130444340258e+02
1.288104984592080484e+02
1.235391180595539140e+02
1.593800668212628295e+02
1.520793992817289393e+02
1.224236726024389554e+02
1.201221063490968248e+02
2.110042831227441411e+02
1.316388685375098362e+02
1.263674881377454682e+02
1.622084368993326962e+02
1.549077693598584062e+02
1.252520426806779170e+02
1.229504764275153548e+02
