0.000000000000000000e+00
0.000000000000000000e+00
0.000000000000000000e+00
0.000000000000000000e+00
0.000000000000000000e+00
0.000000000000000000e+00
0.000000000000000000e+00
0.000000000000000000e+00
0.000000000000000000e+00
0.000000000000000000e+00
0.000000000000000000e+00
0.000000000000000000e+00
0.000000000000000000e+00
0.000000000000000000e+00
0.000000000000000000e+00
0.000000000000000000e+00
0.000000000000000000e+00
0.000000000000000000e+00
0.000000000000000000e+00
0.000000000000000000e+00
0.000000000000000000e+00
1.000000000000000000e+00
1.000000000000000000e+00
1.000000000000000000e+00
1.000000000000000000e+00
8.000000000000000000e+00
8.000000000000000000e+00
8.000000000000000000e+00
8.000000000000000000e+00
8.000000000000000000e+00
8.000000000000000000e+00
8.000000000000000000e+00
8.000000000000000000e+00
8.000000000000000000e+00
8.000000000000000000e+00
8.000000000000000000e+00
8.000000000000000000e+00
8.000000000000000000e+00
8.000000000000000000e+00
8.000000000000000000e+00
8.000000000000000000e+00
8.000000000000000000e+00
8.000000000000000000e+00
8.000000000000000000e+00
8.000000000000000000e+00
1.800000000000000000e+01
1.800000000000000000e+01
1.800000000000000000e+01
1.900000000000000000e+01
1.900000000000000000e+01
1.900000000000000000e+01
1.900000000000000000e+01
1.900000000000000000e+01
1.900000000000000000e+01
2.100000000000000000e+01
5.300000000000000000e+01
6.800000000000000000e+01
6.800000000000000000e+01
6.800000000000000000e+01
6.800000000000000000e+01
6.700000000000000000e+01
6.700000000000000000e+01
1.400000000000000000e+02
1.400000000000000000e+02
1.500000000000000000e+02
1.510000000000000000e+02
1.510000000000000000e+02
1.510000000000000000e+02
1.710000000000000000e+02
1.790000000000000000e+02
1.790000000000000000e+02
1.920000000000000000e+02
2.080000000000000000e+02
2.150000000000000000e+02
2.290000000000000000e+02
2.870000000000000000e+02
3.250000000000000000e+02
3.450000000000000000e+02
3.590000000000000000e+02
5.880000000000000000e+02
6.220000000000000000e+02
6.260000000000000000e+02
3.040000000000000000e+02
3.230000000000000000e+02
3.680000000000000000e+02
3.750000000000000000e+02
3.940000000000000000e+02
4.140000000000000000e+02
4.360000000000000000e+02
4.460000000000000000e+02
6.380000000000000000e+02
6.830000000000000000e+02
7.120000000000000000e+02
7.240000000000000000e+02
7.740000000000000000e+02
7.780000000000000000e+02
8.070000000000000000e+02
8.130000000000000000e+02
8.570000000000000000e+02
8.590000000000000000e+02
8.920000000000000000e+02
8.960000000000000000e+02
9.010000000000000000e+02
9.100000000000000000e+02
9.260000000000000000e+02
9.340000000000000000e+02
9.700000000000000000e+02
9.970000000000000000e+02
1.001000000000000000e+03
1.002000000000000000e+03
1.015000000000000000e+03
1.023000000000000000e+03
1.032000000000000000e+03
1.043000000000000000e+03
1.047000000000000000e+03
1.058000000000000000e+03
1.058000000000000000e+03
1.090000000000000000e+03
1.099000000000000000e+03
1.116000000000000000e+03
1.134000000000000000e+03
1.142000000000000000e+03
1.149000000000000000e+03
1.151000000000000000e+03
1.161000000000000000e+03
1.161000000000000000e+03
1.166000000000000000e+03
1.167000000000000000e+03
1.172000000000000000e+03
1.187000000000000000e+03
1.190000000000000000e+03
1.221000000000000000e+03
1.224000000000000000e+03
1.212000000000000000e+03
1.219000000000000000e+03
1.228000000000000000e+03
1.230000000000000000e+03
1.239000000000000000e+03
1.255000000000000000e+03
1.257000000000000000e+03
1.269000000000000000e+03
1.278000000000000000e+03
1.282000000000000000e+03
1.283000000000000000e+03
1.283000000000000000e+03
1.284000000000000000e+03
1.293000000000000000e+03
1.304000000000000000e+03
1.313000000000000000e+03
1.319000000000000000e+03
1.319000000000000000e+03
1.319000000000000000e+03
1.322000000000000000e+03
1.330000000000000000e+03
1.345000000000000000e+03
1.361000000000000000e+03
1.363000000000000000e+03
1.364000000000000000e+03
1.364000000000000000e+03
1.368000000000000000e+03
1.370000000000000000e+03
1.372000000000000000e+03
1.373000000000000000e+03
1.375000000000000000e+03
1.375000000000000000e+03
1.375000000000000000e+03
1.375000000000000000e+03
1.375000000000000000e+03
1.378000000000000000e+03
1.378000000000000000e+03
1.378000000000000000e+03
1.378000000000000000e+03
1.378000000000000000e+03
1.384000000000000000e+03
1.385000000000000000e+03
1.386000000000000000e+03
1.403000000000000000e+03
1.403000000000000000e+03
1.413000000000000000e+03
1.413000000000000000e+03
1.413000000000000000e+03
1.414000000000000000e+03
1.416000000000000000e+03
1.425000000000000000e+03
1.425000000000000000e+03
1.427000000000000000e+03
1.434000000000000000e+03
1.437000000000000000e+03
1.438000000000000000e+03
1.438000000000000000e+03
1.438000000000000000e+03
1.439000000000000000e+03
1.441000000000000000e+03
1.444000000000000000e+03
1.445000000000000000e+03
1.445000000000000000e+03
1.446000000000000000e+03
1.447000000000000000e+03
1.447000000000000000e+03
1.449000000000000000e+03
1.451000000000000000e+03
1.463000000000000000e+03
1.464000000000000000e+03
1.472000000000000000e+03
1.479000000000000000e+03
1.481000000000000000e+03
1.486000000000000000e+03
1.486000000000000000e+03
1.490000000000000000e+03
1.493000000000000000e+03
1.495000000000000000e+03
1.544000000000000000e+03
1.544000000000000000e+03
1.547000000000000000e+03
1.547000000000000000e+03
1.550000000000000000e+03
1.551000000000000000e+03
1.551000000000000000e+03
1.564000000000000000e+03
1.615000000000000000e+03
1.622000000000000000e+03
1.624000000000000000e+03
1.682000000000000000e+03
1.709000000000000000e+03
1.742000000000000000e+03
1.750000000000000000e+03
1.756000000000000000e+03
1.806000000000000000e+03
1.824000000000000000e+03
1.824000000000000000e+03
1.827000000000000000e+03
1.833000000000000000e+03
1.847000000000000000e+03
1.850000000000000000e+03
1.882000000000000000e+03
2.148000000000000000e+03
2.154000000000000000e+03
2.186000000000000000e+03
2.192000000000000000e+03
2.203000000000000000e+03
2.215000000000000000e+03
2.229000000000000000e+03
2.230000000000000000e+03
2.230000000000000000e+03
2.240000000000000000e+03
2.249000000000000000e+03
2.284000000000000000e+03
2.305000000000000000e+03
2.335000000000000000e+03
2.341000000000000000e+03
2.354000000000000000e+03
2.370000000000000000e+03
2.375000000000000000e+03
2.385000000000000000e+03
2.391000000000000000e+03
2.398000000000000000e+03
2.405000000000000000e+03
2.411000000000000000e+03
2.419000000000000000e+03
2.427000000000000000e+03
2.476000000000000000e+03
2.490000000000000000e+03
2.497000000000000000e+03
2.505000000000000000e+03
2.513000000000000000e+03
2.537000000000000000e+03
2.553000000000000000e+03
2.563000000000000000e+03
2.567000000000000000e+03
2.574000000000000000e+03
2.591000000000000000e+03
2.615000000000000000e+03
2.628000000000000000e+03
2.638000000000000000e+03
2.654000000000000000e+03
2.659000000000000000e+03
2.678000000000000000e+03
2.687000000000000000e+03
2.704000000000000000e+03
2.721000000000000000e+03
2.775000000000000000e+03
2.801000000000000000e+03
2.813000000000000000e+03
2.841000000000000000e+03
2.843000000000000000e+03
2.852000000000000000e+03
2.908000000000000000e+03
2.927000000000000000e+03
2.933000000000000000e+03
2.953000000000000000e+03
2.967000000000000000e+03
2.985000000000000000e+03
3.000000000000000000e+03
3.010000000000000000e+03
3.020000000000000000e+03
3.033000000000000000e+03
3.091000000000000000e+03
3.110000000000000000e+03
3.123000000000000000e+03
3.137000000000000000e+03
3.150000000000000000e+03
3.209000000000000000e+03
3.245000000000000000e+03
3.263000000000000000e+03
3.313000000000000000e+03
3.325000000000000000e+03
3.336000000000000000e+03
3.408000000000000000e+03
3.448000000000000000e+03
3.457000000000000000e+03
3.465000000000000000e+03
3.503000000000000000e+03
3.517000000000000000e+03
3.573000000000000000e+03
3.592000000000000000e+03
3.605000000000000000e+03
3.626000000000000000e+03
3.640000000000000000e+03
3.653000000000000000e+03
3.739000000000000000e+03
3.750000000000000000e+03
3.768000000000000000e+03
3.781000000000000000e+03
3.790000000000000000e+03
3.802000000000000000e+03
3.808000000000000000e+03
4.016000000000000000e+03
4.051000000000000000e+03
4.096000000000000000e+03
4.109000000000000000e+03
4.126000000000000000e+03
4.267000000000000000e+03
4.357000000000000000e+03
4.378000000000000000e+03
4.389000000000000000e+03
4.412000000000000000e+03
4.726000000000000000e+03
4.824000000000000000e+03
4.825000000000000000e+03
4.913000000000000000e+03
5.096000000000000000e+03
5.105000000000000000e+03
5.297000000000000000e+03
5.417000000000000000e+03
5.482000000000000000e+03
5.682000000000000000e+03
5.747000000000000000e+03
6.097000000000000000e+03
6.263000000000000000e+03
6.386000000000000000e+03
6.452000000000000000e+03
6.524000000000000000e+03
6.702000000000000000e+03
6.855000000000000000e+03
7.013000000000000000e+03
7.153000000000000000e+03
7.352000000000000000e+03
7.434000000000000000e+03
7.584000000000000000e+03
7.695000000000000000e+03
7.866000000000000000e+03
8.046000000000000000e+03
8.250000000000000000e+03
8.367000000000000000e+03
8.496000000000000000e+03
8.585000000000000000e+03
8.682000000000000000e+03
8.830000000000000000e+03
8.950000000000000000e+03
9.040000000000000000e+03
9.164000000000000000e+03
9.250000000000000000e+03
9.353000000000000000e+03
9.408000000000000000e+03
9.584000000000000000e+03
9.656000000000000000e+03
9.739000000000000000e+03
9.822000000000000000e+03
9.940000000000000000e+03
1.001500000000000000e+04
1.009800000000000000e+04
1.018600000000000000e+04
1.027400000000000000e+04
1.032700000000000000e+04
1.043100000000000000e+04
1.049900000000000000e+04
1.060200000000000000e+04
1.065900000000000000e+04
1.085400000000000000e+04
1.091800000000000000e+04
1.096300000000000000e+04
1.102600000000000000e+04
1.110300000000000000e+04
1.116400000000000000e+04
1.125400000000000000e+04
1.129700000000000000e+04
1.131500000000000000e+04
1.134600000000000000e+04
1.145700000000000000e+04
1.147400000000000000e+04
1.150400000000000000e+04
1.157900000000000000e+04
1.160200000000000000e+04
1.164300000000000000e+04
1.164600000000000000e+04
1.166200000000000000e+04
1.174100000000000000e+04
1.179500000000000000e+04
1.183400000000000000e+04
1.184900000000000000e+04
1.185100000000000000e+04
1.185300000000000000e+04
1.186800000000000000e+04
1.192300000000000000e+04
1.194400000000000000e+04
1.194700000000000000e+04
1.194900000000000000e+04
1.197200000000000000e+04
1.199700000000000000e+04
1.201300000000000000e+04
1.205300000000000000e+04
1.208600000000000000e+04
1.213000000000000000e+04
1.216700000000000000e+04
1.217600000000000000e+04
1.222500000000000000e+04
1.238300000000000000e+04
1.239700000000000000e+04
1.256300000000000000e+04
1.256700000000000000e+04
1.271200000000000000e+04
1.277400000000000000e+04
1.286800000000000000e+04
1.293000000000000000e+04
1.307300000000000000e+04
1.308900000000000000e+04
1.319000000000000000e+04
1.322200000000000000e+04
1.325400000000000000e+04
1.329600000000000000e+04
1.334500000000000000e+04
1.339100000000000000e+04
1.343500000000000000e+04
1.346700000000000000e+04
1.349400000000000000e+04
1.349400000000000000e+04
1.360800000000000000e+04
1.366000000000000000e+04
1.367500000000000000e+04
1.385400000000000000e+04
1.393700000000000000e+04
1.398300000000000000e+04
1.398700000000000000e+04
1.404000000000000000e+04
1.405400000000000000e+04
1.410400000000000000e+04
1.419500000000000000e+04
1.428100000000000000e+04
1.438800000000000000e+04
1.445200000000000000e+04
1.455200000000000000e+04
1.456700000000000000e+04
1.462000000000000000e+04
1.465800000000000000e+04
1.468300000000000000e+04
1.468400000000000000e+04
1.468400000000000000e+04
1.468400000000000000e+04
1.483900000000000000e+04
1.489700000000000000e+04
1.496100000000000000e+04
1.496100000000000000e+04
1.501100000000000000e+04
1.501100000000000000e+04
1.508800000000000000e+04
1.514700000000000000e+04
1.515800000000000000e+04
1.520100000000000000e+04
1.521400000000000000e+04
1.525400000000000000e+04
1.525800000000000000e+04
1.529200000000000000e+04
1.531900000000000000e+04
1.534000000000000000e+04
1.540700000000000000e+04
1.542700000000000000e+04
1.542700000000000000e+04
1.542700000000000000e+04
1.544500000000000000e+04
1.545300000000000000e+04
1.547700000000000000e+04
1.548000000000000000e+04
1.548000000000000000e+04
1.548100000000000000e+04
1.548600000000000000e+04
1.550700000000000000e+04
1.550800000000000000e+04
1.551400000000000000e+04
1.551700000000000000e+04
1.552400000000000000e+04
1.552800000000000000e+04
1.553200000000000000e+04
1.553800000000000000e+04
1.553900000000000000e+04
1.554000000000000000e+04
1.554300000000000000e+04
1.554300000000000000e+04
1.554400000000000000e+04
1.555100000000000000e+04
1.556200000000000000e+04
1.556200000000000000e+04
1.556300000000000000e+04
1.560100000000000000e+04
1.560700000000000000e+04
1.560900000000000000e+04
1.561000000000000000e+04
1.561200000000000000e+04
1.561600000000000000e+04
1.570500000000000000e+04
1.571200000000000000e+04
1.571800000000000000e+04
1.571800000000000000e+04
1.572200000000000000e+04
1.572900000000000000e+04
1.573400000000000000e+04
1.573600000000000000e+04
1.575300000000000000e+04
1.575500000000000000e+04
1.576200000000000000e+04
1.577400000000000000e+04
1.577700000000000000e+04
1.586700000000000000e+04
1.587000000000000000e+04
1.588800000000000000e+04
1.588800000000000000e+04
1.589200000000000000e+04
1.590300000000000000e+04
1.599100000000000000e+04
1.600700000000000000e+04
1.612700000000000000e+04
1.613300000000000000e+04
1.622000000000000000e+04
1.642900000000000000e+04
1.643000000000000000e+04
1.648700000000000000e+04
1.668600000000000000e+04
1.703300000000000000e+04
1.729000000000000000e+04
1.745000000000000000e+04
1.821600000000000000e+04
1.822600000000000000e+04
1.854600000000000000e+04
1.890800000000000000e+04
1.972400000000000000e+04
2.063800000000000000e+04
2.091900000000000000e+04
2.092800000000000000e+04
2.108300000000000000e+04
2.263300000000000000e+04
2.436900000000000000e+04
2.469300000000000000e+04
0.000000000000000000e+00
0.000000000000000000e+00
0.000000000000000000e+00
0.000000000000000000e+00
0.000000000000000000e+00
0.000000000000000000e+00
0.000000000000000000e+00
0.000000000000000000e+00
0.000000000000000000e+00
0.000000000000000000e+00
0.000000000000000000e+00
0.000000000000000000e+00
0.000000000000000000e+00
0.000000000000000000e+00
0.000000000000000000e+00
0.000000000000000000e+00
0.000000000000000000e+00
0.000000000000000000e+00
0.000000000000000000e+00
0.000000000000000000e+00
0.000000000000000000e+00
0.000000000000000000e+00
0.000000000000000000e+00
0.000000000000000000e+00
0.000000000000000000e+00
0.000000000000000000e+00
0.000000000000000000e+00
0.000000000000000000e+00
0.000000000000000000e+00
0.000000000000000000e+00
0.000000000000000000e+00
0.000000000000000000e+00
0.000000000000000000e+00
0.000000000000000000e+00
0.000000000000000000e+00
0.000000000000000000e+00
0.000000000000000000e+00
0.000000000000000000e+00
0.000000000000000000e+00
0.000000000000000000e+00
0.000000000000000000e+00
0.000000000000000000e+00
0.000000000000000000e+00
0.000000000000000000e+00
0.000000000000000000e+00
0.000000000000000000e+00
0.000000000000000000e+00
0.000000000000000000e+00
0.000000000000000000e+00
0.000000000000000000e+00
0.000000000000000000e+00
0.000000000000000000e+00
0.000000000000000000e+00
0.000000000000000000e+00
0.000000000000000000e+00
0.000000000000000000e+00
0.000000000000000000e+00
0.000000000000000000e+00
0.000000000000000000e+00
0.000000000000000000e+00
0.000000000000000000e+00
0.000000000000000000e+00
0.000000000000000000e+00
0.000000000000000000e+00
0.000000000000000000e+00
0.000000000000000000e+00
0.000000000000000000e+00
0.000000000000000000e+00
0.000000000000000000e+00
0.000000000000000000e+00
0.000000000000000000e+00
0.000000000000000000e+00
0.000000000000000000e+00
0.000000000000000000e+00
0.000000000000000000e+00
0.000000000000000000e+00
0.000000000000000000e+00
0.000000000000000000e+00
0.000000000000000000e+00
0.000000000000000000e+00
0.000000000000000000e+00
0.000000000000000000e+00
0.000000000000000000e+00
0.000000000000000000e+00
0.000000000000000000e+00
0.000000000000000000e+00
0.000000000000000000e+00
0.000000000000000000e+00
0.000000000000000000e+00
0.000000000000000000e+00
0.000000000000000000e+00
0.000000000000000000e+00
0.000000000000000000e+00
0.000000000000000000e+00
0.000000000000000000e+00
0.000000000000000000e+00
0.000000000000000000e+00
0.000000000000000000e+00
0.000000000000000000e+00
0.000000000000000000e+00
0.000000000000000000e+00
0.000000000000000000e+00
0.000000000000000000e+00
0.000000000000000000e+00
0.000000000000000000e+00
0.000000000000000000e+00
0.000000000000000000e+00
0.000000000000000000e+00
0.000000000000000000e+00
0.000000000000000000e+00
0.000000000000000000e+00
0.000000000000000000e+00
0.000000000000000000e+00
0.000000000000000000e+00
0.000000000000000000e+00
0.000000000000000000e+00
0.000000000000000000e+00
0.000000000000000000e+00
0.000000000000000000e+00
0.000000000000000000e+00
0.000000000000000000e+00
0.000000000000000000e+00
