0.000000000000000000e+00
0.000000000000000000e+00
0.000000000000000000e+00
0.000000000000000000e+00
0.000000000000000000e+00
0.000000000000000000e+00
0.000000000000000000e+00
0.000000000000000000e+00
0.000000000000000000e+00
2.000000000000000000e+00
0.000000000000000000e+00
0.000000000000000000e+00
6.000000000000000000e+00
0.000000000000000000e+00
1.000000000000000000e+00
0.000000000000000000e+00
0.000000000000000000e+00
4.000000000000000000e+00
1.000000000000000000e+00
0.000000000000000000e+00
1.000000000000000000e+00
1.000000000000000000e+00
1.000000000000000000e+00
1.000000000000000000e+00
0.000000000000000000e+00
0.000000000000000000e+00
1.000000000000000000e+00
0.000000000000000000e+00
1.000000000000000000e+00
2.000000000000000000e+00
1.000000000000000000e+00
0.000000000000000000e+00
5.000000000000000000e+00
2.000000000000000000e+00
4.000000000000000000e+00
3.000000000000000000e+00
7.000000000000000000e+00
1.200000000000000000e+01
5.000000000000000000e+00
3.300000000000000000e+01
4.000000000000000000e+01
5.500000000000000000e+01
5.700000000000000000e+01
4.900000000000000000e+01
7.900000000000000000e+01
5.500000000000000000e+01
5.400000000000000000e+01
1.470000000000000000e+02
2.590000000000000000e+02
4.120000000000000000e+02
4.890000000000000000e+02
4.800000000000000000e+02
3.640000000000000000e+02
4.430000000000000000e+02
6.150000000000000000e+02
7.700000000000000000e+02
1.006000000000000000e+03
1.066000000000000000e+03
1.258000000000000000e+03
1.215000000000000000e+03
1.423000000000000000e+03
2.353000000000000000e+03
2.392000000000000000e+03
2.718000000000000000e+03
3.131000000000000000e+03
3.267000000000000000e+03
2.861000000000000000e+03
2.905000000000000000e+03
4.335000000000000000e+03
4.537000000000000000e+03
4.998000000000000000e+03
4.960000000000000000e+03
4.990000000000000000e+03
4.124000000000000000e+03
3.667000000000000000e+03
5.370000000000000000e+03
5.496000000000000000e+03
5.186000000000000000e+03
4.922000000000000000e+03
4.376000000000000000e+03
3.637000000000000000e+03
3.560000000000000000e+03
4.214000000000000000e+03
4.363000000000000000e+03
5.109000000000000000e+03
5.348000000000000000e+03
4.998000000000000000e+03
4.745000000000000000e+03
3.871000000000000000e+03
4.877000000000000000e+03
4.779000000000000000e+03
5.508000000000000000e+03
5.176000000000000000e+03
4.982000000000000000e+03
3.785000000000000000e+03
3.475000000000000000e+03
4.707000000000000000e+03
4.729000000000000000e+03
5.452000000000000000e+03
4.969000000000000000e+03
4.736000000000000000e+03
3.231000000000000000e+03
2.977000000000000000e+03
3.384000000000000000e+03
3.690000000000000000e+03
3.837000000000000000e+03
3.771000000000000000e+03
3.052000000000000000e+03
2.150000000000000000e+03
2.322000000000000000e+03
3.589000000000000000e+03
3.398000000000000000e+03
3.300000000000000000e+03
2.619000000000000000e+03
2.521000000000000000e+03
2.072000000000000000e+03
1.826000000000000000e+03
2.577000000000000000e+03
3.063000000000000000e+03
2.713000000000000000e+03
2.554000000000000000e+03
2.044000000000000000e+03
1.508000000000000000e+03
1.355000000000000000e+03
1.613000000000000000e+03
1.659000000000000000e+03
1.810000000000000000e+03
1.736000000000000000e+03
1.509000000000000000e+03
1.107000000000000000e+03
1.070000000000000000e+03
1.444000000000000000e+03
1.470000000000000000e+03
1.349000000000000000e+03
1.238000000000000000e+03
1.111000000000000000e+03
7.940000000000000000e+02
7.180000000000000000e+02
1.096000000000000000e+03
1.159000000000000000e+03
1.188000000000000000e+03
1.007000000000000000e+03
1.054000000000000000e+03
8.880000000000000000e+02
8.070000000000000000e+02
1.031000000000000000e+03
1.083000000000000000e+03
1.002000000000000000e+03
1.020000000000000000e+03
9.860000000000000000e+02
6.660000000000000000e+02
6.240000000000000000e+02
8.920000000000000000e+02
8.820000000000000000e+02
7.770000000000000000e+02
6.970000000000000000e+02
6.410000000000000000e+02
6.340000000000000000e+02
4.070000000000000000e+02
6.200000000000000000e+02
4.040000000000000000e+02
6.300000000000000000e+01
6.000000000000000000e+00
5.020000000000000000e+02
6.250000000000000000e+02
5.190000000000000000e+02
3.590000000000000000e+02
5.840000000000000000e+02
6.420000000000000000e+02
6.430000000000000000e+02
5.240000000000000000e+02
8.260000000000000000e+02
6.500000000000000000e+02
5.370000000000000000e+02
1.244000000000000000e+03
5.380000000000000000e+02
6.470000000000000000e+02
6.870000000000000000e+02
8.310000000000000000e+02
7.260000000000000000e+02
5.860000000000000000e+02
4.450000000000000000e+02
5.630000000000000000e+02
7.790000000000000000e+02
7.690000000000000000e+02
7.700000000000000000e+02
7.510000000000000000e+02
6.880000000000000000e+02
5.530000000000000000e+02
8.040000000000000000e+02
8.480000000000000000e+02
8.830000000000000000e+02
7.690000000000000000e+02
7.470000000000000000e+02
9.430000000000000000e+02
6.750000000000000000e+02
9.090000000000000000e+02
9.640000000000000000e+02
9.010000000000000000e+02
7.660000000000000000e+02
1.113000000000000000e+03
8.200000000000000000e+02
1.150000000000000000e+03
1.039000000000000000e+03
1.150000000000000000e+03
1.463000000000000000e+03
1.045000000000000000e+03
1.113000000000000000e+03
7.210000000000000000e+02
1.115000000000000000e+03
8.320000000000000000e+02
1.196000000000000000e+03
1.062000000000000000e+03
1.332000000000000000e+03
1.050000000000000000e+03
9.770000000000000000e+02
1.201000000000000000e+03
1.149000000000000000e+03
1.544000000000000000e+03
1.299000000000000000e+03
1.111000000000000000e+03
1.754000000000000000e+03
1.415000000000000000e+03
1.332000000000000000e+03
1.516000000000000000e+03
1.780000000000000000e+03
1.982000000000000000e+03
1.827000000000000000e+03
2.987000000000000000e+03
2.953000000000000000e+03
2.483000000000000000e+03
2.681000000000000000e+03
2.934000000000000000e+03
3.545000000000000000e+03
3.505000000000000000e+03
3.339000000000000000e+03
2.627000000000000000e+03
3.116000000000000000e+03
4.009000000000000000e+03
3.413000000000000000e+03
4.331000000000000000e+03
4.430000000000000000e+03
3.901000000000000000e+03
4.381000000000000000e+03
4.937000000000000000e+03
6.189000000000000000e+03
6.646000000000000000e+03
6.878000000000000000e+03
6.050000000000000000e+03
5.705000000000000000e+03
4.057000000000000000e+03
7.157000000000000000e+03
7.120000000000000000e+03
6.933000000000000000e+03
7.000000000000000000e+03
1.288500000000000000e+04
2.296900000000000000e+04
1.260500000000000000e+04
1.456100000000000000e+04
1.417900000000000000e+04
1.755500000000000000e+04
1.389200000000000000e+04
1.517700000000000000e+04
1.289100000000000000e+04
1.402100000000000000e+04
1.725300000000000000e+04
1.976600000000000000e+04
1.900100000000000000e+04
1.565800000000000000e+04
1.618800000000000000e+04
1.699400000000000000e+04
1.884000000000000000e+04
2.137200000000000000e+04
2.671200000000000000e+04
2.126400000000000000e+04
2.056700000000000000e+04
2.304200000000000000e+04
1.980400000000000000e+04
2.090600000000000000e+04
2.293000000000000000e+04
2.472500000000000000e+04
2.308300000000000000e+04
2.442300000000000000e+04
2.192100000000000000e+04
2.326800000000000000e+04
1.897700000000000000e+04
2.008200000000000000e+04
2.521600000000000000e+04
2.417800000000000000e+04
2.333500000000000000e+04
2.499800000000000000e+04
2.059600000000000000e+04
2.140500000000000000e+04
2.045400000000000000e+04
2.301500000000000000e+04
3.353400000000000000e+04
2.733000000000000000e+04
2.689300000000000000e+04
2.499000000000000000e+04
2.143000000000000000e+04
2.007100000000000000e+04
1.965400000000000000e+04
2.294300000000000000e+04
2.028500000000000000e+04
1.993600000000000000e+04
1.868000000000000000e+04
1.547300000000000000e+04
1.135100000000000000e+04
1.827000000000000000e+04
1.756400000000000000e+04
1.485500000000000000e+04
1.591600000000000000e+04
1.219400000000000000e+04
1.245600000000000000e+04
1.352800000000000000e+04
1.626400000000000000e+04
1.498600000000000000e+04
1.644900000000000000e+04
1.563900000000000000e+04
1.744000000000000000e+04
1.479700000000000000e+04
1.248800000000000000e+04
1.666100000000000000e+04
2.113600000000000000e+04
2.184100000000000000e+04
2.159600000000000000e+04
1.861800000000000000e+04
2.043600000000000000e+04
1.865800000000000000e+04
2.536200000000000000e+04
3.559200000000000000e+04
2.866800000000000000e+04
2.734900000000000000e+04
3.620900000000000000e+04
3.355500000000000000e+04
3.704700000000000000e+04
3.944000000000000000e+04
3.920900000000000000e+04
3.286900000000000000e+04
3.483700000000000000e+04
3.251600000000000000e+04
4.147600000000000000e+04
5.330200000000000000e+04
5.025800000000000000e+04
5.604100000000000000e+04
5.348500000000000000e+04
5.787700000000000000e+04
5.517800000000000000e+04
5.894000000000000000e+04
6.111500000000000000e+04
6.258400000000000000e+04
5.281400000000000000e+04
6.820900000000000000e+04
6.011200000000000000e+04
5.503700000000000000e+04
4.632000000000000000e+04
4.566700000000000000e+04
4.767700000000000000e+04
4.881400000000000000e+04
5.590200000000000000e+04
4.144000000000000000e+04
3.868100000000000000e+04
3.761700000000000000e+04
3.345900000000000000e+04
3.900100000000000000e+04
3.799000000000000000e+04
4.033400000000000000e+04
3.365800000000000000e+04
3.013200000000000000e+04
2.225400000000000000e+04
2.021100000000000000e+04
2.538200000000000000e+04
2.883800000000000000e+04
2.917300000000000000e+04
2.344000000000000000e+04
2.123600000000000000e+04
1.872200000000000000e+04
1.695300000000000000e+04
1.925100000000000000e+04
2.077200000000000000e+04
1.923500000000000000e+04
1.838000000000000000e+04
1.592800000000000000e+04
1.414900000000000000e+04
1.246300000000000000e+04
1.309400000000000000e+04
1.355700000000000000e+04
1.521000000000000000e+04
1.336900000000000000e+04
1.100400000000000000e+04
9.786000000000000000e+03
1.064300000000000000e+04
1.276400000000000000e+04
1.209900000000000000e+04
1.210300000000000000e+04
1.045800000000000000e+04
9.839000000000000000e+03
1.066000000000000000e+04
8.527000000000000000e+03
9.947000000000000000e+03
1.002100000000000000e+04
8.588000000000000000e+03
7.459000000000000000e+03
6.058000000000000000e+03
5.464000000000000000e+03
6.411000000000000000e+03
6.421000000000000000e+03
6.644000000000000000e+03
6.026000000000000000e+03
6.118000000000000000e+03
5.261000000000000000e+03
4.823000000000000000e+03
5.869000000000000000e+03
6.022000000000000000e+03
6.835000000000000000e+03
6.684000000000000000e+03
5.617000000000000000e+03
4.695000000000000000e+03
5.131000000000000000e+03
5.363000000000000000e+03
5.793000000000000000e+03
6.333000000000000000e+03
4.872000000000000000e+03
5.639000000000000000e+03
5.356000000000000000e+03
5.407000000000000000e+03
5.417000000000000000e+03
5.627000000000000000e+03
6.277000000000000000e+03
6.235000000000000000e+03
3.909000000000000000e+03
3.947000000000000000e+03
4.784000000000000000e+03
4.072000000000000000e+03
4.115000000000000000e+03
4.566000000000000000e+03
3.423000000000000000e+03
3.424000000000000000e+03
2.405000000000000000e+03
2.831000000000000000e+03
2.405000000000000000e+03
2.797000000000000000e+03
3.124000000000000000e+03
-4.787000000000000000e+03
2.713000000000000000e+03
1.730000000000000000e+03
3.686000000000000000e+03
2.506000000000000000e+03
2.530000000000000000e+03
2.767000000000000000e+03
2.807000000000000000e+03
2.273000000000000000e+03
1.884000000000000000e+03
3.054000000000000000e+03
2.531000000000000000e+03
2.424000000000000000e+03
2.766000000000000000e+03
2.754000000000000000e+03
2.122000000000000000e+03
1.733000000000000000e+03
2.119000000000000000e+03
2.698000000000000000e+03
2.131000000000000000e+03
2.459000000000000000e+03
2.397000000000000000e+03
1.911000000000000000e+03
1.674000000000000000e+03
1.674000000000000000e+03
1.984000000000000000e+03
2.155000000000000000e+03
2.618000000000000000e+03
2.490000000000000000e+03
2.056000000000000000e+03
1.771000000000000000e+03
2.378000000000000000e+03
2.490000000000000000e+03
2.297000000000000000e+03
2.663000000000000000e+03
2.198000000000000000e+03
2.060000000000000000e+03
1.927000000000000000e+03
1.993000000000000000e+03
-2.362000000000000000e+03
2.146000000000000000e+03
2.699000000000000000e+03
2.709000000000000000e+03
2.524000000000000000e+03
2.095000000000000000e+03
2.372000000000000000e+03
2.418000000000000000e+03
2.991000000000000000e+03
3.384000000000000000e+03
4.030000000000000000e+03
3.241000000000000000e+03
3.114000000000000000e+03
3.295000000000000000e+03
3.102000000000000000e+03
4.264000000000000000e+03
5.181000000000000000e+03
6.144000000000000000e+03
5.655000000000000000e+03
5.226000000000000000e+03
5.600000000000000000e+03
5.979000000000000000e+03
7.326000000000000000e+03
7.243000000000000000e+03
7.968000000000000000e+03
7.558000000000000000e+03
7.336000000000000000e+03
7.632000000000000000e+03
7.595000000000000000e+03
8.819000000000000000e+03
1.082400000000000000e+04
1.029100000000000000e+04
1.007800000000000000e+04
9.079000000000000000e+03
1.047500000000000000e+04
1.151000000000000000e+04
1.595400000000000000e+04
1.672400000000000000e+04
1.539900000000000000e+04
1.797700000000000000e+04
1.465900000000000000e+04
2.274700000000000000e+04
2.027900000000000000e+04
2.570900000000000000e+04
2.769900000000000000e+04
2.693300000000000000e+04
2.453400000000000000e+04
2.397900000000000000e+04
2.715200000000000000e+04
2.871600000000000000e+04
3.213600000000000000e+04
3.220600000000000000e+04
3.602700000000000000e+04
3.200800000000000000e+04
3.154200000000000000e+04
3.494700000000000000e+04
3.662700000000000000e+04
4.241500000000000000e+04
4.884700000000000000e+04
5.223200000000000000e+04
5.439800000000000000e+04
4.827900000000000000e+04
4.086400000000000000e+04
4.693100000000000000e+04
4.438800000000000000e+04
4.026500000000000000e+04
3.632500000000000000e+04
3.181000000000000000e+04
2.908500000000000000e+04
2.504900000000000000e+04
2.350300000000000000e+04
2.584300000000000000e+04
3.098300000000000000e+04
2.941300000000000000e+04
2.586100000000000000e+04
2.423200000000000000e+04
2.236200000000000000e+04
2.191000000000000000e+04
2.920800000000000000e+04
3.007800000000000000e+04
3.167300000000000000e+04
2.838300000000000000e+04
2.727500000000000000e+04
2.509600000000000000e+04
2.348600000000000000e+04
2.942500000000000000e+04
3.292900000000000000e+04
3.258100000000000000e+04
2.928900000000000000e+04
2.653000000000000000e+04
2.840500000000000000e+04
2.674000000000000000e+04
3.381200000000000000e+04
3.658900000000000000e+04
3.716500000000000000e+04
3.193600000000000000e+04
3.206900000000000000e+04
3.190100000000000000e+04
3.081000000000000000e+04
3.565200000000000000e+04
3.815700000000000000e+04
3.788800000000000000e+04
3.218900000000000000e+04
3.301800000000000000e+04
2.632200000000000000e+04
3.219100000000000000e+04
3.561300000000000000e+04
3.802300000000000000e+04
4.239900000000000000e+04
3.677300000000000000e+04
3.658700000000000000e+04
4.101500000000000000e+04
3.758700000000000000e+04
3.862300000000000000e+04
3.760100000000000000e+04
3.705200000000000000e+04
2.894300000000000000e+04
2.867900000000000000e+04
3.045300000000000000e+04
2.678900000000000000e+04
2.994000000000000000e+04
2.664200000000000000e+04
3.259800000000000000e+04
2.951900000000000000e+04
2.931700000000000000e+04
3.597000000000000000e+04
3.120700000000000000e+04
3.386100000000000000e+04
3.587500000000000000e+04
3.575000000000000000e+04
3.001300000000000000e+04
3.309500000000000000e+04
3.760400000000000000e+04
3.488000000000000000e+04
3.529600000000000000e+04
3.586100000000000000e+04
3.472100000000000000e+04
2.954600000000000000e+04
2.973400000000000000e+04
3.451700000000000000e+04
3.321400000000000000e+04
3.896000000000000000e+04
3.992500000000000000e+04
3.514600000000000000e+04
3.953100000000000000e+04
3.369200000000000000e+04
3.977400000000000000e+04
3.789700000000000000e+04
4.172500000000000000e+04
4.480800000000000000e+04
4.443900000000000000e+04
4.295200000000000000e+04
4.485700000000000000e+04
4.901200000000000000e+04
4.368100000000000000e+04
4.886400000000000000e+04
5.177400000000000000e+04
4.906700000000000000e+04
4.516100000000000000e+04
3.889500000000000000e+04
3.643400000000000000e+04
4.381700000000000000e+04
4.418000000000000000e+04
3.954600000000000000e+04
4.333600000000000000e+04
4.108900000000000000e+04
3.781800000000000000e+04
4.007200000000000000e+04
3.380600000000000000e+04
4.160200000000000000e+04
3.704500000000000000e+04
3.406700000000000000e+04
3.057000000000000000e+04
2.998100000000000000e+04
3.242700000000000000e+04
3.299200000000000000e+04
3.983500000000000000e+04
4.363400000000000000e+04
3.930700000000000000e+04
3.799300000000000000e+04
3.641500000000000000e+04
4.078800000000000000e+04
3.727000000000000000e+04
3.842200000000000000e+04
4.822900000000000000e+04
4.496400000000000000e+04
4.032500000000000000e+04
3.979300000000000000e+04
4.581000000000000000e+04
4.321500000000000000e+04
4.330300000000000000e+04
4.746800000000000000e+04
5.012600000000000000e+04
4.004100000000000000e+04
3.676000000000000000e+04
4.305400000000000000e+04
4.070800000000000000e+04
4.822800000000000000e+04
5.374700000000000000e+04
5.144100000000000000e+04
4.181800000000000000e+04
4.362800000000000000e+04
5.191800000000000000e+04
4.560400000000000000e+04
5.124700000000000000e+04
5.074200000000000000e+04
5.877100000000000000e+04
5.259000000000000000e+04
4.835300000000000000e+04
5.421300000000000000e+04
6.022900000000000000e+04
7.831800000000000000e+04
8.824300000000000000e+04
9.314600000000000000e+04
8.939700000000000000e+04
8.228700000000000000e+04
9.278600000000000000e+04
8.983600000000000000e+04
1.060640000000000000e+05
1.235500000000000000e+05
1.222970000000000000e+05
1.223480000000000000e+05
1.193660000000000000e+05
1.079580000000000000e+05
1.383440000000000000e+05
1.854070000000000000e+05
1.911810000000000000e+05
1.916780000000000000e+05
1.636770000000000000e+05
1.356940000000000000e+05
1.885270000000000000e+05
2.263450000000000000e+05
1.959150000000000000e+05
1.830250000000000000e+05
1.809470000000000000e+05
1.420400000000000000e+05
1.422690000000000000e+05
1.458090000000000000e+05
1.178910000000000000e+05
1.324050000000000000e+05
1.069050000000000000e+05
1.009550000000000000e+05
8.134700000000000000e+04
7.077900000000000000e+04
9.090500000000000000e+04
9.490200000000000000e+04
1.086080000000000000e+05
1.084930000000000000e+05
9.677300000000000000e+04
7.759400000000000000e+04
7.526100000000000000e+04
9.641100000000000000e+04
9.577100000000000000e+04
1.029180000000000000e+05
9.762900000000000000e+04
8.974400000000000000e+04
7.281900000000000000e+04
6.291600000000000000e+04
8.492740000000000000e+05
1.135220000000000000e+05
8.816200000000000000e+04
9.612400000000000000e+04
8.290700000000000000e+04
6.060100000000000000e+04
5.372200000000000000e+04
6.496200000000000000e+04
6.720800000000000000e+04
6.834100000000000000e+04
1.649140000000000000e+05
5.920800000000000000e+04
4.595600000000000000e+04
4.120300000000000000e+04
4.260100000000000000e+04
-8.870000000000000000e+02
