4.046069544074280344e+01
4.028234309439341843e+01
4.600507593704195131e+01
4.367526070549890704e+01
5.147891629869962316e+01
4.900961960422719699e+01
5.473347531229901364e+01
4.475149010931532700e+01
4.502979185581121158e+01
5.116083350457154211e+01
4.917794832855688014e+01
5.725549214777115736e+01
5.497712295186919818e+01
6.080109643779601214e+01
5.082290780199276981e+01
5.100571200820925810e+01
5.694165582722529706e+01
5.466648388448712126e+01
6.235965233099611282e+01
5.961250079518977429e+01
6.489336373156795901e+01
5.430995637151822564e+01
5.383947450076939845e+01
5.908955030345988035e+01
5.611243713701161084e+01
6.310466886425136579e+01
5.967475744381510339e+01
6.430782359450230956e+01
5.312750969570487314e+01
5.212562795288332040e+01
5.692269931562029228e+01
5.358176831416760422e+01
6.030775042912883066e+01
5.671488504698194077e+01
6.129119624879940176e+01
5.016031588256865348e+01
4.931112492871874764e+01
5.435836922396065773e+01
5.135663285596082517e+01
5.849992160509065542e+01
5.538942297508499024e+01
6.049833645947015981e+01
4.993411804492164663e+01
4.966858296133998607e+01
5.529900953738929559e+01
5.286261343937857049e+01
6.053663021461709093e+01
5.790655822233088657e+01
6.343144155823787145e+01
5.320652376053737243e+01
5.319370430883164147e+01
5.898293034270534463e+01
5.660688432387990332e+01
6.424119913814486438e+01
6.147274862178143451e+01
6.676489147213280262e+01
5.622000019155869666e+01
5.580971043064951687e+01
6.113602891445438559e+01
5.824566867767381240e+01
