-4.132200994881861789e+01
-4.496612904875037486e+01
-4.616927356613861377e+01
-4.751561133140030080e+01
-4.876428044431131070e+01
-5.008454539375858872e+01
-5.145915815118702596e+01
-5.302815574890672679e+01
-5.667227484883443367e+01
-5.787541936622451288e+01
-5.922175713148676834e+01
-6.047042624439681902e+01
-6.179069119384745790e+01
-6.316530395127453801e+01
-6.473430154898989031e+01
-6.837842064892278415e+01
-6.958156516631306943e+01
-7.092790293157531778e+01
-7.217657204448721586e+01
-7.349683699393638392e+01
-7.487144975136206426e+01
-7.644044734907781447e+01
-8.008456644901049515e+01
-8.128771096639896143e+01
-8.263404873166197717e+01
-8.388271784457272418e+01
-8.520298279402507546e+01
-8.657759555144957631e+01
-8.814659314916667654e+01
-9.179071224909884563e+01
-9.299385676648853405e+01
-9.434019453174843761e+01
-9.558886364466064833e+01
-9.690912859410920532e+01
-9.828374135153541147e+01
-9.985273894924910110e+01
-1.034968580491872103e+02
-1.047000025665757619e+02
-1.060463403318349123e+02
-1.072950094447483878e+02
-1.086152743941978827e+02
-1.099898871516259931e+02
-1.115588847493379632e+02
-1.152030038492754187e+02
-1.164061483666629897e+02
-1.177524861319258918e+02
-1.190011552448363688e+02
-1.203214201942865742e+02
-1.216960329517116435e+02
-1.232650305494260721e+02
-1.269091496493634565e+02
-1.281122941667488817e+02
-1.294586319320102916e+02
-1.307073010449218486e+02
-1.320275659943706899e+02
-1.334021787517991697e+02
-1.349711763495141952e+02
-1.386152954494475011e+02
-1.398184399668374454e+02
-1.411647777320988268e+02
