2.147089857643732780e-01
1.888019041932679221e-01
2.190180711824651072e-01
2.585807437381284490e-01
2.326671839986943768e-01
2.437776272410027145e-01
2.919644164638113826e-01
2.308309289838737510e-01
2.042792582008309543e-01
2.335429978248390603e-01
2.718644230860712274e-01
2.444495843054938500e-01
2.538364463618048017e-01
3.001228966110034979e-01
2.369642823877094462e-01
2.083194853941668645e-01
2.354819314777494565e-01
2.717548869521363430e-01
2.424046170984184845e-01
2.500266023705097762e-01
2.947716965856513327e-01
2.303419477596124754e-01
2.007351443197142316e-01
2.272745347670936389e-01
2.632831140798065350e-01
2.340360858460277804e-01
2.421267191547048225e-01
2.876924974157584192e-01
2.244112816161656643e-01
1.962465414749897108e-01
2.244780824343468040e-01
2.623776314035327073e-01
2.351628505500893973e-01
2.453649503795230225e-01
2.930567448819011434e-01
2.318508119380864319e-01
2.056467500679813876e-01
2.356638959554358259e-01
2.751188030401860440e-01
2.491809906777723571e-01
2.603420800390687240e-01
3.086451109210337496e-01
2.476836620615794904e-01
2.213497347397274662e-01
2.508667431233963518e-01
2.894669016705484488e-01
2.623465204803104855e-01
2.720343374995948249e-01
3.186197055014604596e-01
2.557502904623418782e-01
2.273782844371641798e-01
2.547915276571906529e-01
2.912888878169083706e-01
2.621334697132808311e-01
2.699188490987164957e-01
3.147952142954473786e-01
2.504651364517013201e-01
2.209280324166199572e-01
2.475097705351451127e-01
2.835368158620417689e-01
