0.000000000000000000e+00
0.000000000000000000e+00
0.000000000000000000e+00
0.000000000000000000e+00
0.000000000000000000e+00
0.000000000000000000e+00
0.000000000000000000e+00
0.000000000000000000e+00
0.000000000000000000e+00
0.000000000000000000e+00
0.000000000000000000e+00
0.000000000000000000e+00
0.000000000000000000e+00
0.000000000000000000e+00
0.000000000000000000e+00
0.000000000000000000e+00
0.000000000000000000e+00
0.000000000000000000e+00
0.000000000000000000e+00
0.000000000000000000e+00
0.000000000000000000e+00
0.000000000000000000e+00
0.000000000000000000e+00
0.000000000000000000e+00
0.000000000000000000e+00
0.000000000000000000e+00
0.000000000000000000e+00
0.000000000000000000e+00
0.000000000000000000e+00
0.000000000000000000e+00
0.000000000000000000e+00
0.000000000000000000e+00
0.000000000000000000e+00
0.000000000000000000e+00
0.000000000000000000e+00
0.000000000000000000e+00
0.000000000000000000e+00
0.000000000000000000e+00
0.000000000000000000e+00
0.000000000000000000e+00
0.000000000000000000e+00
0.000000000000000000e+00
0.000000000000000000e+00
0.000000000000000000e+00
0.000000000000000000e+00
0.000000000000000000e+00
0.000000000000000000e+00
0.000000000000000000e+00
0.000000000000000000e+00
0.000000000000000000e+00
0.000000000000000000e+00
0.000000000000000000e+00
0.000000000000000000e+00
0.000000000000000000e+00
0.000000000000000000e+00
0.000000000000000000e+00
0.000000000000000000e+00
0.000000000000000000e+00
0.000000000000000000e+00
0.000000000000000000e+00
0.000000000000000000e+00
0.000000000000000000e+00
0.000000000000000000e+00
0.000000000000000000e+00
0.000000000000000000e+00
0.000000000000000000e+00
0.000000000000000000e+00
0.000000000000000000e+00
0.000000000000000000e+00
0.000000000000000000e+00
0.000000000000000000e+00
0.000000000000000000e+00
8.000000000000000000e+00
8.000000000000000000e+00
9.000000000000000000e+00
9.000000000000000000e+00
9.000000000000000000e+00
2.500000000000000000e+01
2.500000000000000000e+01
3.600000000000000000e+01
3.600000000000000000e+01
3.600000000000000000e+01
4.100000000000000000e+01
5.300000000000000000e+01
7.100000000000000000e+01
7.300000000000000000e+01
7.600000000000000000e+01
7.600000000000000000e+01
1.020000000000000000e+02
1.020000000000000000e+02
1.120000000000000000e+02
1.830000000000000000e+02
2.520000000000000000e+02
3.300000000000000000e+02
3.730000000000000000e+02
4.110000000000000000e+02
4.770000000000000000e+02
4.980000000000000000e+02
5.990000000000000000e+02
6.420000000000000000e+02
6.720000000000000000e+02
6.860000000000000000e+02
6.860000000000000000e+02
7.130000000000000000e+02
7.450000000000000000e+02
7.550000000000000000e+02
7.990000000000000000e+02
8.240000000000000000e+02
8.340000000000000000e+02
8.470000000000000000e+02
8.720000000000000000e+02
8.860000000000000000e+02
9.000000000000000000e+02
9.050000000000000000e+02
9.350000000000000000e+02
9.500000000000000000e+02
9.720000000000000000e+02
1.018000000000000000e+03
1.033000000000000000e+03
1.052000000000000000e+03
1.055000000000000000e+03
1.064000000000000000e+03
1.064000000000000000e+03
1.064000000000000000e+03
1.079000000000000000e+03
1.079000000000000000e+03
1.185000000000000000e+03
1.241000000000000000e+03
1.241000000000000000e+03
1.286000000000000000e+03
1.504000000000000000e+03
1.521000000000000000e+03
1.607000000000000000e+03
1.636000000000000000e+03
1.685000000000000000e+03
1.707000000000000000e+03
1.815000000000000000e+03
1.877000000000000000e+03
2.013000000000000000e+03
2.139000000000000000e+03
2.260000000000000000e+03
2.519000000000000000e+03
2.730000000000000000e+03
2.823000000000000000e+03
2.950000000000000000e+03
3.183000000000000000e+03
3.324000000000000000e+03
3.411000000000000000e+03
3.527000000000000000e+03
3.565000000000000000e+03
3.565000000000000000e+03
3.859000000000000000e+03
3.952000000000000000e+03
3.989000000000000000e+03
4.182000000000000000e+03
4.269000000000000000e+03
4.348000000000000000e+03
4.348000000000000000e+03
4.348000000000000000e+03
4.433000000000000000e+03
4.524000000000000000e+03
4.550000000000000000e+03
4.564000000000000000e+03
4.580000000000000000e+03
4.580000000000000000e+03
4.593000000000000000e+03
4.610000000000000000e+03
4.621000000000000000e+03
4.644000000000000000e+03
4.671000000000000000e+03
4.689000000000000000e+03
4.689000000000000000e+03
4.712000000000000000e+03
4.729000000000000000e+03
4.743000000000000000e+03
4.765000000000000000e+03
4.796000000000000000e+03
4.809000000000000000e+03
4.809000000000000000e+03
4.838000000000000000e+03
4.868000000000000000e+03
4.884000000000000000e+03
4.904000000000000000e+03
4.927000000000000000e+03
4.949000000000000000e+03
4.949000000000000000e+03
4.966000000000000000e+03
4.977000000000000000e+03
4.992000000000000000e+03
4.999000000000000000e+03
4.999000000000000000e+03
4.999000000000000000e+03
4.999000000000000000e+03
5.019000000000000000e+03
5.028000000000000000e+03
5.044000000000000000e+03
5.057000000000000000e+03
5.057000000000000000e+03
5.083000000000000000e+03
5.083000000000000000e+03
5.106000000000000000e+03
5.120000000000000000e+03
5.133000000000000000e+03
5.150000000000000000e+03
5.167000000000000000e+03
5.181000000000000000e+03
5.181000000000000000e+03
5.202000000000000000e+03
5.211000000000000000e+03
5.216000000000000000e+03
5.216000000000000000e+03
5.216000000000000000e+03
5.233000000000000000e+03
5.233000000000000000e+03
5.254000000000000000e+03
5.273000000000000000e+03
5.282000000000000000e+03
5.297000000000000000e+03
5.307000000000000000e+03
5.307000000000000000e+03
5.314000000000000000e+03
5.319000000000000000e+03
5.323000000000000000e+03
5.327000000000000000e+03
5.327000000000000000e+03
5.327000000000000000e+03
5.327000000000000000e+03
5.327000000000000000e+03
5.327000000000000000e+03
5.327000000000000000e+03
5.327000000000000000e+03
5.327000000000000000e+03
5.327000000000000000e+03
5.327000000000000000e+03
5.327000000000000000e+03
5.330000000000000000e+03
5.331000000000000000e+03
5.331000000000000000e+03
5.333000000000000000e+03
5.333000000000000000e+03
5.333000000000000000e+03
5.333000000000000000e+03
5.335000000000000000e+03
5.336000000000000000e+03
5.338000000000000000e+03
5.338000000000000000e+03
5.339000000000000000e+03
5.340000000000000000e+03
5.340000000000000000e+03
5.340000000000000000e+03
5.340000000000000000e+03
5.344000000000000000e+03
5.344000000000000000e+03
5.346000000000000000e+03
5.346000000000000000e+03
5.347000000000000000e+03
5.349000000000000000e+03
5.352000000000000000e+03
5.353000000000000000e+03
5.353000000000000000e+03
5.355000000000000000e+03
5.355000000000000000e+03
5.355000000000000000e+03
5.355000000000000000e+03
5.360000000000000000e+03
5.362000000000000000e+03
5.366000000000000000e+03
5.368000000000000000e+03
5.372000000000000000e+03
5.373000000000000000e+03
5.375000000000000000e+03
5.379000000000000000e+03
5.384000000000000000e+03
5.387000000000000000e+03
5.389000000000000000e+03
5.393000000000000000e+03
5.398000000000000000e+03
5.402000000000000000e+03
5.409000000000000000e+03
5.421000000000000000e+03
5.427000000000000000e+03
5.431000000000000000e+03
5.437000000000000000e+03
5.441000000000000000e+03
5.448000000000000000e+03
5.460000000000000000e+03
5.467000000000000000e+03
5.472000000000000000e+03
5.479000000000000000e+03
5.481000000000000000e+03
5.485000000000000000e+03
5.486000000000000000e+03
5.492000000000000000e+03
5.497000000000000000e+03
5.501000000000000000e+03
5.509000000000000000e+03
5.509000000000000000e+03
5.519000000000000000e+03
5.525000000000000000e+03
5.542000000000000000e+03
5.548000000000000000e+03
5.549000000000000000e+03
5.550000000000000000e+03
5.551000000000000000e+03
5.552000000000000000e+03
5.555000000000000000e+03
5.555000000000000000e+03
5.569000000000000000e+03
5.575000000000000000e+03
5.576000000000000000e+03
5.576000000000000000e+03
5.577000000000000000e+03
5.577000000000000000e+03
5.584000000000000000e+03
5.587000000000000000e+03
5.587000000000000000e+03
5.591000000000000000e+03
5.592000000000000000e+03
5.592000000000000000e+03
5.593000000000000000e+03
5.596000000000000000e+03
5.597000000000000000e+03
5.599000000000000000e+03
5.605000000000000000e+03
5.608000000000000000e+03
5.612000000000000000e+03
5.618000000000000000e+03
5.622000000000000000e+03
5.628000000000000000e+03
5.628000000000000000e+03
5.635000000000000000e+03
5.641000000000000000e+03
5.649000000000000000e+03
5.659000000000000000e+03
5.668000000000000000e+03
5.676000000000000000e+03
5.681000000000000000e+03
5.690000000000000000e+03
5.695000000000000000e+03
5.699000000000000000e+03
5.706000000000000000e+03
5.711000000000000000e+03
5.716000000000000000e+03
5.723000000000000000e+03
5.728000000000000000e+03
5.735000000000000000e+03
5.738000000000000000e+03
5.741000000000000000e+03
5.747000000000000000e+03
5.752000000000000000e+03
5.758000000000000000e+03
5.766000000000000000e+03
5.772000000000000000e+03
5.774000000000000000e+03
5.780000000000000000e+03
5.789000000000000000e+03
5.801000000000000000e+03
5.808000000000000000e+03
5.813000000000000000e+03
5.816000000000000000e+03
5.819000000000000000e+03
5.822000000000000000e+03
5.822000000000000000e+03
5.825000000000000000e+03
5.828000000000000000e+03
5.833000000000000000e+03
5.837000000000000000e+03
5.837000000000000000e+03
5.837000000000000000e+03
5.840000000000000000e+03
5.841000000000000000e+03
5.844000000000000000e+03
5.845000000000000000e+03
5.845000000000000000e+03
5.845000000000000000e+03
5.845000000000000000e+03
5.845000000000000000e+03
5.846000000000000000e+03
5.848000000000000000e+03
5.848000000000000000e+03
5.849000000000000000e+03
5.852000000000000000e+03
5.852000000000000000e+03
5.854000000000000000e+03
5.854000000000000000e+03
5.854000000000000000e+03
5.854000000000000000e+03
5.854000000000000000e+03
5.856000000000000000e+03
5.858000000000000000e+03
5.861000000000000000e+03
5.865000000000000000e+03
5.868000000000000000e+03
5.869000000000000000e+03
5.871000000000000000e+03
5.873000000000000000e+03
5.873000000000000000e+03
5.879000000000000000e+03
5.881000000000000000e+03
5.886000000000000000e+03
5.892000000000000000e+03
5.894000000000000000e+03
5.895000000000000000e+03
5.897000000000000000e+03
5.898000000000000000e+03
5.920000000000000000e+03
5.920000000000000000e+03
5.926000000000000000e+03
5.928000000000000000e+03
5.931000000000000000e+03
5.931000000000000000e+03
5.935000000000000000e+03
5.940000000000000000e+03
5.950000000000000000e+03
5.956000000000000000e+03
5.968000000000000000e+03
5.972000000000000000e+03
5.978000000000000000e+03
5.987000000000000000e+03
5.998000000000000000e+03
6.007000000000000000e+03
6.022000000000000000e+03
6.040000000000000000e+03
6.055000000000000000e+03
6.083000000000000000e+03
6.113000000000000000e+03
6.146000000000000000e+03
6.172000000000000000e+03
6.207000000000000000e+03
6.235000000000000000e+03
6.250000000000000000e+03
6.280000000000000000e+03
6.325000000000000000e+03
6.380000000000000000e+03
6.460000000000000000e+03
6.538000000000000000e+03
6.630000000000000000e+03
6.706000000000000000e+03
6.706000000000000000e+03
6.791000000000000000e+03
7.075000000000000000e+03
7.225000000000000000e+03
7.388000000000000000e+03
7.551000000000000000e+03
7.763000000000000000e+03
7.985000000000000000e+03
8.184000000000000000e+03
8.394000000000000000e+03
8.591000000000000000e+03
8.745000000000000000e+03
8.880000000000000000e+03
8.990000000000000000e+03
9.172000000000000000e+03
9.385000000000000000e+03
9.607000000000000000e+03
9.801000000000000000e+03
1.000700000000000000e+04
1.020700000000000000e+04
1.026100000000000000e+04
1.032400000000000000e+04
1.045800000000000000e+04
1.051000000000000000e+04
1.057000000000000000e+04
1.064600000000000000e+04
1.070800000000000000e+04
1.074800000000000000e+04
1.081600000000000000e+04
1.086600000000000000e+04
1.090100000000000000e+04
1.096100000000000000e+04
1.100600000000000000e+04
1.104100000000000000e+04
1.104100000000000000e+04
1.104100000000000000e+04
1.113200000000000000e+04
1.118200000000000000e+04
1.122100000000000000e+04
1.122100000000000000e+04
1.124100000000000000e+04
1.126600000000000000e+04
1.126600000000000000e+04
1.126600000000000000e+04
1.128000000000000000e+04
1.129000000000000000e+04
1.130500000000000000e+04
1.131300000000000000e+04
1.132500000000000000e+04
1.133500000000000000e+04
1.134100000000000000e+04
1.134400000000000000e+04
1.135000000000000000e+04
1.135400000000000000e+04
1.135400000000000000e+04
1.135400000000000000e+04
1.136400000000000000e+04
1.136900000000000000e+04
1.137500000000000000e+04
1.138100000000000000e+04
1.138200000000000000e+04
1.138500000000000000e+04
1.138500000000000000e+04
1.138500000000000000e+04
1.138900000000000000e+04
1.139400000000000000e+04
1.139500000000000000e+04
1.139900000000000000e+04
1.140100000000000000e+04
1.140100000000000000e+04
1.140100000000000000e+04
1.140500000000000000e+04
1.140800000000000000e+04
1.141300000000000000e+04
1.141600000000000000e+04
1.142100000000000000e+04
1.142400000000000000e+04
1.142700000000000000e+04
1.143100000000000000e+04
1.143400000000000000e+04
1.143600000000000000e+04
1.143600000000000000e+04
1.143800000000000000e+04
1.143800000000000000e+04
1.143800000000000000e+04
1.143800000000000000e+04
1.144300000000000000e+04
1.144300000000000000e+04
1.144300000000000000e+04
1.144300000000000000e+04
1.144500000000000000e+04
1.144500000000000000e+04
1.144600000000000000e+04
1.144600000000000000e+04
1.144600000000000000e+04
1.145000000000000000e+04
1.145000000000000000e+04
1.145000000000000000e+04
1.145100000000000000e+04
1.145400000000000000e+04
1.145400000000000000e+04
1.145700000000000000e+04
1.145700000000000000e+04
1.145700000000000000e+04
1.145700000000000000e+04
1.146100000000000000e+04
1.146100000000000000e+04
1.146600000000000000e+04
1.146600000000000000e+04
1.146600000000000000e+04
1.146600000000000000e+04
1.146600000000000000e+04
1.147200000000000000e+04
1.147500000000000000e+04
1.147700000000000000e+04
1.148000000000000000e+04
1.148300000000000000e+04
1.148800000000000000e+04
1.149000000000000000e+04
1.149000000000000000e+04
1.149100000000000000e+04
1.149100000000000000e+04
1.149100000000000000e+04
0.000000000000000000e+00
0.000000000000000000e+00
0.000000000000000000e+00
0.000000000000000000e+00
0.000000000000000000e+00
0.000000000000000000e+00
0.000000000000000000e+00
0.000000000000000000e+00
0.000000000000000000e+00
0.000000000000000000e+00
0.000000000000000000e+00
0.000000000000000000e+00
0.000000000000000000e+00
0.000000000000000000e+00
0.000000000000000000e+00
0.000000000000000000e+00
0.000000000000000000e+00
0.000000000000000000e+00
0.000000000000000000e+00
0.000000000000000000e+00
0.000000000000000000e+00
0.000000000000000000e+00
0.000000000000000000e+00
0.000000000000000000e+00
0.000000000000000000e+00
0.000000000000000000e+00
0.000000000000000000e+00
0.000000000000000000e+00
0.000000000000000000e+00
0.000000000000000000e+00
0.000000000000000000e+00
0.000000000000000000e+00
0.000000000000000000e+00
0.000000000000000000e+00
0.000000000000000000e+00
0.000000000000000000e+00
0.000000000000000000e+00
0.000000000000000000e+00
0.000000000000000000e+00
0.000000000000000000e+00
0.000000000000000000e+00
0.000000000000000000e+00
0.000000000000000000e+00
0.000000000000000000e+00
0.000000000000000000e+00
0.000000000000000000e+00
0.000000000000000000e+00
0.000000000000000000e+00
0.000000000000000000e+00
0.000000000000000000e+00
0.000000000000000000e+00
0.000000000000000000e+00
0.000000000000000000e+00
0.000000000000000000e+00
0.000000000000000000e+00
0.000000000000000000e+00
0.000000000000000000e+00
0.000000000000000000e+00
0.000000000000000000e+00
0.000000000000000000e+00
0.000000000000000000e+00
0.000000000000000000e+00
0.000000000000000000e+00
0.000000000000000000e+00
0.000000000000000000e+00
0.000000000000000000e+00
0.000000000000000000e+00
0.000000000000000000e+00
0.000000000000000000e+00
0.000000000000000000e+00
0.000000000000000000e+00
0.000000000000000000e+00
0.000000000000000000e+00
0.000000000000000000e+00
0.000000000000000000e+00
0.000000000000000000e+00
0.000000000000000000e+00
0.000000000000000000e+00
0.000000000000000000e+00
0.000000000000000000e+00
0.000000000000000000e+00
0.000000000000000000e+00
0.000000000000000000e+00
0.000000000000000000e+00
0.000000000000000000e+00
0.000000000000000000e+00
0.000000000000000000e+00
0.000000000000000000e+00
0.000000000000000000e+00
0.000000000000000000e+00
0.000000000000000000e+00
0.000000000000000000e+00
0.000000000000000000e+00
0.000000000000000000e+00
0.000000000000000000e+00
0.000000000000000000e+00
0.000000000000000000e+00
0.000000000000000000e+00
0.000000000000000000e+00
0.000000000000000000e+00
0.000000000000000000e+00
0.000000000000000000e+00
0.000000000000000000e+00
0.000000000000000000e+00
0.000000000000000000e+00
0.000000000000000000e+00
0.000000000000000000e+00
0.000000000000000000e+00
0.000000000000000000e+00
0.000000000000000000e+00
0.000000000000000000e+00
0.000000000000000000e+00
0.000000000000000000e+00
0.000000000000000000e+00
0.000000000000000000e+00
0.000000000000000000e+00
0.000000000000000000e+00
0.000000000000000000e+00
0.000000000000000000e+00
