1.908162095235500999e+02
1.912499638881064357e+02
1.916399075518800998e+02
1.920394799753304653e+02
1.925463359121453664e+02
1.931818765623986565e+02
1.939506339349271968e+02
1.948296042385035491e+02
1.957320074980122229e+02
1.966018452994054826e+02
1.974860509812889688e+02
1.984752429209227103e+02
1.995833830144569561e+02
2.008073028719126114e+02
2.021161905839391295e+02
2.034155119290771268e+02
2.046417343097197943e+02
2.058346439162207275e+02
2.070782628382090707e+02
2.083806642805093077e+02
2.097336445469020134e+02
2.111023409748171105e+02
2.123892662941681806e+02
2.135291246708331414e+02
2.145611973557971055e+02
2.155703026008584118e+02
2.165666265193206925e+02
2.175453827000725653e+02
2.184763895569975887e+02
2.192680363532114995e+02
2.198620042909616927e+02
2.203055323627639268e+02
2.206922350070901473e+02
2.210417711852214211e+02
2.213593261153384049e+02
2.216249984835866655e+02
2.217575682294368562e+02
2.217090156751983443e+02
2.215365861904991220e+02
2.213434119379404876e+02
2.211579947178140060e+02
2.209935153403230288e+02
2.208370662258847119e+02
2.206132858052445727e+02
2.202787684717010563e+02
2.198940466938240661e+02
2.195641586281397792e+02
2.193181063751102329e+02
2.191681707372523817e+02
2.190991789058348047e+02
2.190322026769349293e+02
2.189190593069579620e+02
2.188144093444621774e+02
2.188164619348233089e+02
2.189465893985809828e+02
2.192088131845367514e+02
2.195792535454163215e+02
2.199700162392882135e+02
2.203238839574948997e+02
2.206866024039983358e+02
