-2.350104154765645936e-01
-2.923145361375232287e-01
-3.939986067630022459e-01
-4.510691503815114634e-01
-4.262983029822562941e-01
-3.935757645825321838e-01
-3.378776307149277125e-01
-3.200187943648572508e-01
-3.736027966129386590e-01
-4.701972074230686971e-01
-5.207846084350373772e-01
-4.881359175685552332e-01
-4.461644032168653462e-01
-3.798961788347298141e-01
-3.502237860240010603e-01
-3.908566704950703352e-01
-4.734965693558995659e-01
-5.092878321453024881e-01
-4.611893818770113063e-01
-4.033266482339565862e-01
-3.209592674627967379e-01
-2.752311812256272860e-01
-3.001169837426127529e-01
-3.675926012262719089e-01
-3.890804113326820635e-01
-3.278156124975252217e-01
-2.581922950806134209e-01
-1.657251422138055763e-01
-1.117935363299088908e-01
-1.305820711980823223e-01
-1.942457068096466455e-01
-2.143498268385609362e-01
-1.542321549175281747e-01
-8.834511810328660175e-02
-2.214707800161974660e-03
4.281728148750305052e-02
1.265355285789684925e-02
-6.472414853258073864e-02
-1.006965383833014621e-01
-5.837130245280811036e-02
-1.192917339941454435e-02
5.341243140100260245e-02
7.665141688505736073e-02
2.405469344976116086e-02
-7.601461998768752060e-02
-1.345466021827586012e-01
-1.142573232865262828e-01
-8.894339244676080503e-02
-4.345404817826967192e-02
-3.844737699683856147e-02
-1.073444216222692593e-01
-2.215091343651583722e-01
-2.917041165884139975e-01
-2.804687518576228222e-01
-2.614779509721703588e-01
-2.195171765012685905e-01
-2.152402416757487891e-01
-2.821235878771857220e-01
-3.916449749619699272e-01
-4.547365407652737002e-01
