1.402750488423189199e+04
1.404297558363047210e+04
1.404950131624296409e+04
1.406187842974694649e+04
1.408089863898645490e+04
1.410393008769980042e+04
1.412473050712209260e+04
1.414726334797220079e+04
1.416273404737076817e+04
1.416925977998326380e+04
1.418163689348724984e+04
1.420065710272674187e+04
1.422368855144010195e+04
1.424448897086239231e+04
1.426702181171250231e+04
1.428249251111106423e+04
1.428901824372359624e+04
1.430139535722755318e+04
1.432041556646705067e+04
1.434344701518040529e+04
1.436424743460270474e+04
1.438678027545281111e+04
1.440225097485139668e+04
1.440877670746389413e+04
1.442115382096785652e+04
1.444017403020736128e+04
1.446320547892071772e+04
1.448400589834299353e+04
1.450653873919311991e+04
1.452200943859169092e+04
1.452853517120419565e+04
1.454091228470816168e+04
1.455993249394764462e+04
1.458296394266102288e+04
1.460376436208330051e+04
1.462629720293342325e+04
1.464176790233199426e+04
1.464829363494449353e+04
1.466067074844846320e+04
1.467969095768795705e+04
1.470272240640133168e+04
1.472352282582360567e+04
1.474605566667373023e+04
1.476152636607231580e+04
1.476805209868478596e+04
1.478042921218877018e+04
1.479944942142826039e+04
1.482248087014163684e+04
1.484328128956391993e+04
1.486581413041402448e+04
1.488128482981262277e+04
1.488781056242508566e+04
1.490018767592906988e+04
1.491920788516857101e+04
1.494223933388192745e+04
1.496303975330422691e+04
1.498557259415433145e+04
1.500104329355291884e+04
1.500756902616538355e+04
1.501994613966937686e+04
