0.000000000000000000e+00
0.000000000000000000e+00
0.000000000000000000e+00
0.000000000000000000e+00
0.000000000000000000e+00
0.000000000000000000e+00
0.000000000000000000e+00
0.000000000000000000e+00
0.000000000000000000e+00
0.000000000000000000e+00
0.000000000000000000e+00
0.000000000000000000e+00
0.000000000000000000e+00
0.000000000000000000e+00
0.000000000000000000e+00
0.000000000000000000e+00
0.000000000000000000e+00
0.000000000000000000e+00
0.000000000000000000e+00
0.000000000000000000e+00
0.000000000000000000e+00
0.000000000000000000e+00
0.000000000000000000e+00
0.000000000000000000e+00
0.000000000000000000e+00
0.000000000000000000e+00
0.000000000000000000e+00
0.000000000000000000e+00
0.000000000000000000e+00
0.000000000000000000e+00
0.000000000000000000e+00
0.000000000000000000e+00
0.000000000000000000e+00
0.000000000000000000e+00
0.000000000000000000e+00
0.000000000000000000e+00
0.000000000000000000e+00
0.000000000000000000e+00
0.000000000000000000e+00
0.000000000000000000e+00
0.000000000000000000e+00
0.000000000000000000e+00
0.000000000000000000e+00
0.000000000000000000e+00
0.000000000000000000e+00
0.000000000000000000e+00
0.000000000000000000e+00
0.000000000000000000e+00
0.000000000000000000e+00
0.000000000000000000e+00
0.000000000000000000e+00
0.000000000000000000e+00
4.000000000000000000e+00
4.000000000000000000e+00
4.000000000000000000e+00
4.000000000000000000e+00
4.000000000000000000e+00
4.000000000000000000e+00
1.000000000000000000e+01
2.700000000000000000e+01
3.300000000000000000e+01
3.300000000000000000e+01
4.100000000000000000e+01
4.100000000000000000e+01
4.300000000000000000e+01
4.300000000000000000e+01
4.500000000000000000e+01
4.800000000000000000e+01
5.100000000000000000e+01
6.200000000000000000e+01
7.100000000000000000e+01
7.200000000000000000e+01
9.300000000000000000e+01
1.090000000000000000e+02
1.230000000000000000e+02
1.310000000000000000e+02
1.500000000000000000e+02
1.780000000000000000e+02
2.060000000000000000e+02
2.270000000000000000e+02
2.470000000000000000e+02
2.750000000000000000e+02
3.340000000000000000e+02
3.730000000000000000e+02
4.060000000000000000e+02
4.150000000000000000e+02
4.640000000000000000e+02
5.100000000000000000e+02
5.180000000000000000e+02
5.550000000000000000e+02
6.140000000000000000e+02
6.890000000000000000e+02
7.500000000000000000e+02
8.090000000000000000e+02
9.290000000000000000e+02
1.012000000000000000e+03
1.066000000000000000e+03
1.134000000000000000e+03
1.243000000000000000e+03
1.372000000000000000e+03
1.436000000000000000e+03
1.534000000000000000e+03
1.664000000000000000e+03
1.810000000000000000e+03
1.924000000000000000e+03
2.070000000000000000e+03
2.286000000000000000e+03
2.370000000000000000e+03
2.449000000000000000e+03
2.753000000000000000e+03
2.840000000000000000e+03
3.019000000000000000e+03
3.143000000000000000e+03
3.356000000000000000e+03
3.546000000000000000e+03
3.788000000000000000e+03
4.370000000000000000e+03
4.899000000000000000e+03
5.634000000000000000e+03
6.600000000000000000e+03
7.288000000000000000e+03
7.893000000000000000e+03
8.513000000000000000e+03
9.170000000000000000e+03
1.036300000000000000e+04
1.184400000000000000e+04
1.328300000000000000e+04
1.539900000000000000e+04
2.060400000000000000e+04
2.583900000000000000e+04
3.029000000000000000e+04
3.343700000000000000e+04
3.603600000000000000e+04
3.754200000000000000e+04
3.946800000000000000e+04
4.093500000000000000e+04
4.252700000000000000e+04
4.433800000000000000e+04
4.593500000000000000e+04
4.756900000000000000e+04
4.941300000000000000e+04
5.133100000000000000e+04
5.329600000000000000e+04
5.525200000000000000e+04
5.689800000000000000e+04
5.868100000000000000e+04
6.046100000000000000e+04
6.217200000000000000e+04
6.364200000000000000e+04
6.540900000000000000e+04
6.676300000000000000e+04
6.831900000000000000e+04
6.995600000000000000e+04
7.150100000000000000e+04
7.308300000000000000e+04
7.454400000000000000e+04
7.607200000000000000e+04
7.722500000000000000e+04
7.870200000000000000e+04
8.017000000000000000e+04
8.156400000000000000e+04
8.396500000000000000e+04
8.659700000000000000e+04
8.858300000000000000e+04
9.038700000000000000e+04
9.228400000000000000e+04
9.389800000000000000e+04
9.490300000000000000e+04
9.610700000000000000e+04
9.727200000000000000e+04
9.823300000000000000e+04
9.893400000000000000e+04
9.974300000000000000e+04
1.006270000000000000e+05
1.011600000000000000e+05
1.016370000000000000e+05
1.021680000000000000e+05
1.025970000000000000e+05
1.030230000000000000e+05
1.033770000000000000e+05
1.037820000000000000e+05
1.041910000000000000e+05
1.046410000000000000e+05
1.050180000000000000e+05
1.054200000000000000e+05
1.057500000000000000e+05
1.060240000000000000e+05
1.063280000000000000e+05
1.066030000000000000e+05
1.068490000000000000e+05
1.071350000000000000e+05
1.073770000000000000e+05
1.075780000000000000e+05
1.077790000000000000e+05
1.080020000000000000e+05
1.082540000000000000e+05
1.085390000000000000e+05
1.088310000000000000e+05
1.091420000000000000e+05
1.094380000000000000e+05
1.097090000000000000e+05
1.099930000000000000e+05
1.103240000000000000e+05
1.106270000000000000e+05
1.109570000000000000e+05
1.112580000000000000e+05
1.115050000000000000e+05
1.117940000000000000e+05
1.120880000000000000e+05
1.123550000000000000e+05
1.126580000000000000e+05
1.129240000000000000e+05
1.132160000000000000e+05
1.135310000000000000e+05
1.138080000000000000e+05
1.140990000000000000e+05
1.143180000000000000e+05
1.145580000000000000e+05
1.147970000000000000e+05
1.150170000000000000e+05
1.152510000000000000e+05
1.154300000000000000e+05
1.156670000000000000e+05
1.158950000000000000e+05
1.161110000000000000e+05
1.163130000000000000e+05
1.165380000000000000e+05
1.167800000000000000e+05
1.169980000000000000e+05
1.172410000000000000e+05
1.174970000000000000e+05
1.177460000000000000e+05
1.179780000000000000e+05
1.181990000000000000e+05
1.184750000000000000e+05
1.186820000000000000e+05
1.189310000000000000e+05
1.191440000000000000e+05
1.194000000000000000e+05
1.196130000000000000e+05
1.198220000000000000e+05
1.200890000000000000e+05
1.203030000000000000e+05
1.205400000000000000e+05
1.207660000000000000e+05
1.210060000000000000e+05
1.212630000000000000e+05
1.215120000000000000e+05
1.217380000000000000e+05
1.219950000000000000e+05
1.222090000000000000e+05
1.224480000000000000e+05
1.226990000000000000e+05
1.229110000000000000e+05
1.231080000000000000e+05
1.233020000000000000e+05
1.234750000000000000e+05
1.236640000000000000e+05
1.238930000000000000e+05
1.241080000000000000e+05
1.243270000000000000e+05
1.245590000000000000e+05
1.247670000000000000e+05
1.249780000000000000e+05
1.251760000000000000e+05
1.253730000000000000e+05
1.255840000000000000e+05
1.258020000000000000e+05
1.260060000000000000e+05
1.262180000000000000e+05
1.264060000000000000e+05
1.266500000000000000e+05
1.268660000000000000e+05
1.270930000000000000e+05
1.273280000000000000e+05
1.275990000000000000e+05
1.278680000000000000e+05
1.280990000000000000e+05
1.283430000000000000e+05
1.286170000000000000e+05
1.288840000000000000e+05
1.291240000000000000e+05
1.293490000000000000e+05
1.295830000000000000e+05
1.297840000000000000e+05
1.299960000000000000e+05
1.302020000000000000e+05
1.304140000000000000e+05
1.306800000000000000e+05
1.308810000000000000e+05
1.310750000000000000e+05
1.312760000000000000e+05
1.314900000000000000e+05
1.317330000000000000e+05
1.319260000000000000e+05
1.321530000000000000e+05
1.323560000000000000e+05
1.325770000000000000e+05
1.327840000000000000e+05
1.330100000000000000e+05
1.332170000000000000e+05
1.334730000000000000e+05
1.336910000000000000e+05
1.339140000000000000e+05
1.341000000000000000e+05
1.342820000000000000e+05
1.344860000000000000e+05
1.346980000000000000e+05
1.349500000000000000e+05
1.351980000000000000e+05
1.353700000000000000e+05
1.356510000000000000e+05
1.358620000000000000e+05
1.360900000000000000e+05
1.363060000000000000e+05
1.365130000000000000e+05
1.367410000000000000e+05
1.368720000000000000e+05
1.370600000000000000e+05
1.372760000000000000e+05
1.374940000000000000e+05
1.377080000000000000e+05
1.378810000000000000e+05
1.380330000000000000e+05
1.381940000000000000e+05
1.383470000000000000e+05
1.384900000000000000e+05
1.387190000000000000e+05
1.389190000000000000e+05
1.390420000000000000e+05
1.392430000000000000e+05
1.393840000000000000e+05
1.395210000000000000e+05
1.397240000000000000e+05
1.399270000000000000e+05
1.401290000000000000e+05
1.402640000000000000e+05
1.404040000000000000e+05
1.405420000000000000e+05
1.406870000000000000e+05
1.408660000000000000e+05
1.410150000000000000e+05
1.411470000000000000e+05
1.413000000000000000e+05
1.414220000000000000e+05
1.415560000000000000e+05
1.416800000000000000e+05
1.418080000000000000e+05
1.419250000000000000e+05
1.420560000000000000e+05
1.421820000000000000e+05
1.423140000000000000e+05
1.424530000000000000e+05
1.425720000000000000e+05
1.426950000000000000e+05
1.428270000000000000e+05
1.429380000000000000e+05
1.430940000000000000e+05
1.432610000000000000e+05
1.434350000000000000e+05
1.436120000000000000e+05
1.438580000000000000e+05
1.440150000000000000e+05
1.442180000000000000e+05
1.443500000000000000e+05
1.444780000000000000e+05
1.446190000000000000e+05
1.447400000000000000e+05
1.448580000000000000e+05
1.449810000000000000e+05
1.451240000000000000e+05
1.452510000000000000e+05
1.454140000000000000e+05
1.455560000000000000e+05
1.456680000000000000e+05
1.458060000000000000e+05
1.459530000000000000e+05
1.461110000000000000e+05
1.463020000000000000e+05
1.464740000000000000e+05
1.466270000000000000e+05
1.467590000000000000e+05
1.469100000000000000e+05
1.470330000000000000e+05
1.471910000000000000e+05
1.474510000000000000e+05
1.477270000000000000e+05
1.479390000000000000e+05
1.481370000000000000e+05
1.483140000000000000e+05
1.486770000000000000e+05
1.486380000000000000e+05
1.487660000000000000e+05
1.490310000000000000e+05
1.493200000000000000e+05
1.497400000000000000e+05
1.502200000000000000e+05
1.507150000000000000e+05
1.512250000000000000e+05
1.517870000000000000e+05
1.523270000000000000e+05
1.528070000000000000e+05
1.532190000000000000e+05
1.536210000000000000e+05
1.540610000000000000e+05
1.544200000000000000e+05
1.547520000000000000e+05
1.550700000000000000e+05
1.554070000000000000e+05
1.557000000000000000e+05
1.560010000000000000e+05
1.562990000000000000e+05
1.566120000000000000e+05
1.569190000000000000e+05
1.572420000000000000e+05
1.575770000000000000e+05
1.578760000000000000e+05
1.581970000000000000e+05
1.585080000000000000e+05
1.588530000000000000e+05
1.591410000000000000e+05
1.594720000000000000e+05
1.597870000000000000e+05
1.601150000000000000e+05
1.604510000000000000e+05
1.607620000000000000e+05
1.611110000000000000e+05
1.614880000000000000e+05
1.618150000000000000e+05
1.621730000000000000e+05
1.625550000000000000e+05
1.629100000000000000e+05
1.632720000000000000e+05
1.636840000000000000e+05
1.641210000000000000e+05
1.645440000000000000e+05
1.650030000000000000e+05
1.654710000000000000e+05
1.659520000000000000e+05
1.664410000000000000e+05
1.669530000000000000e+05
1.674800000000000000e+05
1.680010000000000000e+05
1.685340000000000000e+05
1.690860000000000000e+05
1.696350000000000000e+05
1.701940000000000000e+05
1.707870000000000000e+05
1.713880000000000000e+05
1.719850000000000000e+05
1.725980000000000000e+05
1.732570000000000000e+05
1.739700000000000000e+05
1.746980000000000000e+05
1.754310000000000000e+05
1.761880000000000000e+05
1.771640000000000000e+05
1.784610000000000000e+05
1.799740000000000000e+05
1.815220000000000000e+05
1.831000000000000000e+05
1.847120000000000000e+05
1.863180000000000000e+05
1.879510000000000000e+05
1.895440000000000000e+05
1.910710000000000000e+05
1.925510000000000000e+05
1.940990000000000000e+05
1.955210000000000000e+05
1.969060000000000000e+05
1.982270000000000000e+05
1.994440000000000000e+05
2.004670000000000000e+05
2.015300000000000000e+05
2.025520000000000000e+05
2.035460000000000000e+05
2.044080000000000000e+05
2.051600000000000000e+05
2.057500000000000000e+05
2.063070000000000000e+05
2.070770000000000000e+05
2.077960000000000000e+05
2.086140000000000000e+05
2.092510000000000000e+05
2.097730000000000000e+05
2.101500000000000000e+05
2.105890000000000000e+05
2.109420000000000000e+05
2.112960000000000000e+05
2.116350000000000000e+05
2.118960000000000000e+05
2.120480000000000000e+05
2.123790000000000000e+05
2.127160000000000000e+05
2.130070000000000000e+05
2.133360000000000000e+05
2.136320000000000000e+05
2.140200000000000000e+05
2.143770000000000000e+05
2.146250000000000000e+05
2.149500000000000000e+05
2.152940000000000000e+05
2.156350000000000000e+05
2.158990000000000000e+05
2.161230000000000000e+05
2.163010000000000000e+05
2.164830000000000000e+05
2.166980000000000000e+05
2.169440000000000000e+05
2.171430000000000000e+05
2.173520000000000000e+05
2.175500000000000000e+05
2.177580000000000000e+05
2.179010000000000000e+05
2.180980000000000000e+05
2.182440000000000000e+05
2.184350000000000000e+05
2.185840000000000000e+05
2.187870000000000000e+05
2.189280000000000000e+05
2.190410000000000000e+05
2.192020000000000000e+05
2.193330000000000000e+05
2.194780000000000000e+05
2.196580000000000000e+05
2.197990000000000000e+05
2.199850000000000000e+05
2.201000000000000000e+05
2.202600000000000000e+05
2.204490000000000000e+05
2.205970000000000000e+05
2.206770000000000000e+05
2.207620000000000000e+05
2.209040000000000000e+05
2.210270000000000000e+05
2.211600000000000000e+05
2.212950000000000000e+05
2.214000000000000000e+05
2.215490000000000000e+05
2.216650000000000000e+05
2.218050000000000000e+05
2.219130000000000000e+05
2.220110000000000000e+05
2.221050000000000000e+05
2.222570000000000000e+05
2.223620000000000000e+05
2.224780000000000000e+05
2.226000000000000000e+05
2.227270000000000000e+05
2.228390000000000000e+05
2.229760000000000000e+05
2.231140000000000000e+05
2.232100000000000000e+05
2.233760000000000000e+05
2.234940000000000000e+05
2.235910000000000000e+05
2.237320000000000000e+05
2.238490000000000000e+05
2.239950000000000000e+05
2.241290000000000000e+05
2.242850000000000000e+05
0.000000000000000000e+00
0.000000000000000000e+00
0.000000000000000000e+00
0.000000000000000000e+00
0.000000000000000000e+00
0.000000000000000000e+00
0.000000000000000000e+00
0.000000000000000000e+00
0.000000000000000000e+00
0.000000000000000000e+00
0.000000000000000000e+00
0.000000000000000000e+00
0.000000000000000000e+00
0.000000000000000000e+00
0.000000000000000000e+00
0.000000000000000000e+00
0.000000000000000000e+00
0.000000000000000000e+00
0.000000000000000000e+00
0.000000000000000000e+00
0.000000000000000000e+00
0.000000000000000000e+00
0.000000000000000000e+00
0.000000000000000000e+00
0.000000000000000000e+00
0.000000000000000000e+00
0.000000000000000000e+00
0.000000000000000000e+00
0.000000000000000000e+00
0.000000000000000000e+00
0.000000000000000000e+00
0.000000000000000000e+00
0.000000000000000000e+00
0.000000000000000000e+00
0.000000000000000000e+00
0.000000000000000000e+00
0.000000000000000000e+00
0.000000000000000000e+00
0.000000000000000000e+00
0.000000000000000000e+00
0.000000000000000000e+00
0.000000000000000000e+00
0.000000000000000000e+00
0.000000000000000000e+00
0.000000000000000000e+00
0.000000000000000000e+00
0.000000000000000000e+00
0.000000000000000000e+00
0.000000000000000000e+00
0.000000000000000000e+00
0.000000000000000000e+00
0.000000000000000000e+00
0.000000000000000000e+00
0.000000000000000000e+00
0.000000000000000000e+00
0.000000000000000000e+00
0.000000000000000000e+00
0.000000000000000000e+00
0.000000000000000000e+00
0.000000000000000000e+00
0.000000000000000000e+00
0.000000000000000000e+00
0.000000000000000000e+00
0.000000000000000000e+00
0.000000000000000000e+00
0.000000000000000000e+00
0.000000000000000000e+00
0.000000000000000000e+00
0.000000000000000000e+00
0.000000000000000000e+00
0.000000000000000000e+00
0.000000000000000000e+00
0.000000000000000000e+00
0.000000000000000000e+00
0.000000000000000000e+00
0.000000000000000000e+00
0.000000000000000000e+00
0.000000000000000000e+00
0.000000000000000000e+00
0.000000000000000000e+00
0.000000000000000000e+00
0.000000000000000000e+00
0.000000000000000000e+00
0.000000000000000000e+00
0.000000000000000000e+00
0.000000000000000000e+00
0.000000000000000000e+00
0.000000000000000000e+00
0.000000000000000000e+00
0.000000000000000000e+00
0.000000000000000000e+00
0.000000000000000000e+00
0.000000000000000000e+00
0.000000000000000000e+00
0.000000000000000000e+00
0.000000000000000000e+00
0.000000000000000000e+00
0.000000000000000000e+00
0.000000000000000000e+00
0.000000000000000000e+00
0.000000000000000000e+00
0.000000000000000000e+00
0.000000000000000000e+00
0.000000000000000000e+00
0.000000000000000000e+00
0.000000000000000000e+00
0.000000000000000000e+00
0.000000000000000000e+00
0.000000000000000000e+00
0.000000000000000000e+00
0.000000000000000000e+00
0.000000000000000000e+00
0.000000000000000000e+00
0.000000000000000000e+00
0.000000000000000000e+00
0.000000000000000000e+00
0.000000000000000000e+00
0.000000000000000000e+00
0.000000000000000000e+00
0.000000000000000000e+00
0.000000000000000000e+00
0.000000000000000000e+00
0.000000000000000000e+00
0.000000000000000000e+00
0.000000000000000000e+00
0.000000000000000000e+00
0.000000000000000000e+00
0.000000000000000000e+00
0.000000000000000000e+00
0.000000000000000000e+00
0.000000000000000000e+00
0.000000000000000000e+00
0.000000000000000000e+00
0.000000000000000000e+00
0.000000000000000000e+00
0.000000000000000000e+00
0.000000000000000000e+00
0.000000000000000000e+00
0.000000000000000000e+00
0.000000000000000000e+00
0.000000000000000000e+00
0.000000000000000000e+00
0.000000000000000000e+00
0.000000000000000000e+00
0.000000000000000000e+00
0.000000000000000000e+00
0.000000000000000000e+00
0.000000000000000000e+00
0.000000000000000000e+00
0.000000000000000000e+00
0.000000000000000000e+00
0.000000000000000000e+00
0.000000000000000000e+00
0.000000000000000000e+00
0.000000000000000000e+00
0.000000000000000000e+00
0.000000000000000000e+00
0.000000000000000000e+00
0.000000000000000000e+00
0.000000000000000000e+00
0.000000000000000000e+00
0.000000000000000000e+00
0.000000000000000000e+00
0.000000000000000000e+00
0.000000000000000000e+00
0.000000000000000000e+00
0.000000000000000000e+00
0.000000000000000000e+00
0.000000000000000000e+00
0.000000000000000000e+00
0.000000000000000000e+00
0.000000000000000000e+00
0.000000000000000000e+00
0.000000000000000000e+00
0.000000000000000000e+00
0.000000000000000000e+00
0.000000000000000000e+00
0.000000000000000000e+00
0.000000000000000000e+00
0.000000000000000000e+00
0.000000000000000000e+00
0.000000000000000000e+00
0.000000000000000000e+00
0.000000000000000000e+00
0.000000000000000000e+00
0.000000000000000000e+00
0.000000000000000000e+00
0.000000000000000000e+00
0.000000000000000000e+00
0.000000000000000000e+00
0.000000000000000000e+00
0.000000000000000000e+00
0.000000000000000000e+00
0.000000000000000000e+00
0.000000000000000000e+00
0.000000000000000000e+00
0.000000000000000000e+00
0.000000000000000000e+00
0.000000000000000000e+00
0.000000000000000000e+00
0.000000000000000000e+00
0.000000000000000000e+00
0.000000000000000000e+00
0.000000000000000000e+00
0.000000000000000000e+00
0.000000000000000000e+00
0.000000000000000000e+00
0.000000000000000000e+00
0.000000000000000000e+00
0.000000000000000000e+00
0.000000000000000000e+00
0.000000000000000000e+00
0.000000000000000000e+00
0.000000000000000000e+00
0.000000000000000000e+00
0.000000000000000000e+00
0.000000000000000000e+00
0.000000000000000000e+00
0.000000000000000000e+00
0.000000000000000000e+00
0.000000000000000000e+00
0.000000000000000000e+00
0.000000000000000000e+00
0.000000000000000000e+00
0.000000000000000000e+00
0.000000000000000000e+00
0.000000000000000000e+00
0.000000000000000000e+00
0.000000000000000000e+00
0.000000000000000000e+00
0.000000000000000000e+00
0.000000000000000000e+00
0.000000000000000000e+00
0.000000000000000000e+00
0.000000000000000000e+00
0.000000000000000000e+00
0.000000000000000000e+00
0.000000000000000000e+00
0.000000000000000000e+00
0.000000000000000000e+00
0.000000000000000000e+00
0.000000000000000000e+00
0.000000000000000000e+00
0.000000000000000000e+00
0.000000000000000000e+00
0.000000000000000000e+00
0.000000000000000000e+00
0.000000000000000000e+00
0.000000000000000000e+00
0.000000000000000000e+00
0.000000000000000000e+00
0.000000000000000000e+00
0.000000000000000000e+00
0.000000000000000000e+00
0.000000000000000000e+00
0.000000000000000000e+00
0.000000000000000000e+00
0.000000000000000000e+00
0.000000000000000000e+00
0.000000000000000000e+00
0.000000000000000000e+00
0.000000000000000000e+00
0.000000000000000000e+00
0.000000000000000000e+00
0.000000000000000000e+00
0.000000000000000000e+00
0.000000000000000000e+00
0.000000000000000000e+00
0.000000000000000000e+00
0.000000000000000000e+00
0.000000000000000000e+00
0.000000000000000000e+00
0.000000000000000000e+00
0.000000000000000000e+00
0.000000000000000000e+00
0.000000000000000000e+00
0.000000000000000000e+00
0.000000000000000000e+00
0.000000000000000000e+00
0.000000000000000000e+00
0.000000000000000000e+00
0.000000000000000000e+00
0.000000000000000000e+00
0.000000000000000000e+00
0.000000000000000000e+00
0.000000000000000000e+00
0.000000000000000000e+00
0.000000000000000000e+00
0.000000000000000000e+00
0.000000000000000000e+00
0.000000000000000000e+00
0.000000000000000000e+00
0.000000000000000000e+00
0.000000000000000000e+00
0.000000000000000000e+00
0.000000000000000000e+00
0.000000000000000000e+00
0.000000000000000000e+00
0.000000000000000000e+00
0.000000000000000000e+00
0.000000000000000000e+00
0.000000000000000000e+00
0.000000000000000000e+00
0.000000000000000000e+00
0.000000000000000000e+00
0.000000000000000000e+00
0.000000000000000000e+00
0.000000000000000000e+00
0.000000000000000000e+00
0.000000000000000000e+00
0.000000000000000000e+00
0.000000000000000000e+00
0.000000000000000000e+00
0.000000000000000000e+00
0.000000000000000000e+00
0.000000000000000000e+00
0.000000000000000000e+00
0.000000000000000000e+00
0.000000000000000000e+00
0.000000000000000000e+00
0.000000000000000000e+00
0.000000000000000000e+00
0.000000000000000000e+00
0.000000000000000000e+00
0.000000000000000000e+00
0.000000000000000000e+00
0.000000000000000000e+00
0.000000000000000000e+00
0.000000000000000000e+00
0.000000000000000000e+00
0.000000000000000000e+00
0.000000000000000000e+00
0.000000000000000000e+00
0.000000000000000000e+00
0.000000000000000000e+00
0.000000000000000000e+00
0.000000000000000000e+00
0.000000000000000000e+00
0.000000000000000000e+00
0.000000000000000000e+00
0.000000000000000000e+00
0.000000000000000000e+00
0.000000000000000000e+00
0.000000000000000000e+00
0.000000000000000000e+00
0.000000000000000000e+00
0.000000000000000000e+00
0.000000000000000000e+00
0.000000000000000000e+00
0.000000000000000000e+00
0.000000000000000000e+00
0.000000000000000000e+00
0.000000000000000000e+00
0.000000000000000000e+00
0.000000000000000000e+00
0.000000000000000000e+00
0.000000000000000000e+00
0.000000000000000000e+00
0.000000000000000000e+00
0.000000000000000000e+00
0.000000000000000000e+00
0.000000000000000000e+00
0.000000000000000000e+00
0.000000000000000000e+00
0.000000000000000000e+00
0.000000000000000000e+00
0.000000000000000000e+00
0.000000000000000000e+00
0.000000000000000000e+00
0.000000000000000000e+00
0.000000000000000000e+00
0.000000000000000000e+00
0.000000000000000000e+00
0.000000000000000000e+00
0.000000000000000000e+00
0.000000000000000000e+00
0.000000000000000000e+00
0.000000000000000000e+00
0.000000000000000000e+00
0.000000000000000000e+00
0.000000000000000000e+00
0.000000000000000000e+00
0.000000000000000000e+00
0.000000000000000000e+00
0.000000000000000000e+00
0.000000000000000000e+00
0.000000000000000000e+00
0.000000000000000000e+00
0.000000000000000000e+00
0.000000000000000000e+00
0.000000000000000000e+00
0.000000000000000000e+00
0.000000000000000000e+00
0.000000000000000000e+00
0.000000000000000000e+00
0.000000000000000000e+00
0.000000000000000000e+00
0.000000000000000000e+00
0.000000000000000000e+00
0.000000000000000000e+00
0.000000000000000000e+00
0.000000000000000000e+00
0.000000000000000000e+00
0.000000000000000000e+00
0.000000000000000000e+00
0.000000000000000000e+00
0.000000000000000000e+00
0.000000000000000000e+00
0.000000000000000000e+00
0.000000000000000000e+00
0.000000000000000000e+00
0.000000000000000000e+00
0.000000000000000000e+00
0.000000000000000000e+00
0.000000000000000000e+00
0.000000000000000000e+00
0.000000000000000000e+00
0.000000000000000000e+00
0.000000000000000000e+00
0.000000000000000000e+00
0.000000000000000000e+00
0.000000000000000000e+00
0.000000000000000000e+00
0.000000000000000000e+00
0.000000000000000000e+00
0.000000000000000000e+00
0.000000000000000000e+00
0.000000000000000000e+00
0.000000000000000000e+00
0.000000000000000000e+00
0.000000000000000000e+00
0.000000000000000000e+00
0.000000000000000000e+00
0.000000000000000000e+00
0.000000000000000000e+00
0.000000000000000000e+00
0.000000000000000000e+00
0.000000000000000000e+00
0.000000000000000000e+00
0.000000000000000000e+00
0.000000000000000000e+00
0.000000000000000000e+00
0.000000000000000000e+00
0.000000000000000000e+00
0.000000000000000000e+00
0.000000000000000000e+00
0.000000000000000000e+00
0.000000000000000000e+00
0.000000000000000000e+00
0.000000000000000000e+00
0.000000000000000000e+00
0.000000000000000000e+00
0.000000000000000000e+00
0.000000000000000000e+00
0.000000000000000000e+00
0.000000000000000000e+00
0.000000000000000000e+00
0.000000000000000000e+00
0.000000000000000000e+00
0.000000000000000000e+00
0.000000000000000000e+00
0.000000000000000000e+00
0.000000000000000000e+00
0.000000000000000000e+00
0.000000000000000000e+00
0.000000000000000000e+00
0.000000000000000000e+00
0.000000000000000000e+00
0.000000000000000000e+00
0.000000000000000000e+00
0.000000000000000000e+00
0.000000000000000000e+00
0.000000000000000000e+00
0.000000000000000000e+00
0.000000000000000000e+00
0.000000000000000000e+00
0.000000000000000000e+00
0.000000000000000000e+00
0.000000000000000000e+00
0.000000000000000000e+00
0.000000000000000000e+00
0.000000000000000000e+00
0.000000000000000000e+00
0.000000000000000000e+00
0.000000000000000000e+00
0.000000000000000000e+00
0.000000000000000000e+00
0.000000000000000000e+00
0.000000000000000000e+00
0.000000000000000000e+00
0.000000000000000000e+00
0.000000000000000000e+00
0.000000000000000000e+00
