1.067434286022934220e+00
1.048082197055835607e+00
1.387843982928846920e+00
1.353166175982334796e+00
1.502622022471906682e+00
1.528373096834452882e+00
1.736442463802762237e+00
1.933239367144698573e+00
1.966984568567574865e+00
2.353078646094445503e+00
2.356832558493868746e+00
2.535785401749660384e+00
2.581190892673153048e+00
2.798313190184250843e+00
2.992971464457258701e+00
3.012981827404063395e+00
3.373538495591445141e+00
3.339953137520652593e+00
3.469977069733316544e+00
3.455287675926749902e+00
3.601779604138945157e+00
3.716100204467544632e+00
3.647077980408353959e+00
3.911086188721706769e+00
3.774760901989437478e+00
3.797298650754081795e+00
3.671915551425063207e+00
3.706109073981413093e+00
3.708162563564604941e+00
3.528541977561753917e+00
3.685227681892390805e+00
3.446401332478111534e+00
3.372713656368538260e+00
3.158715705036686749e+00
3.113095352834820861e+00
3.045159711227208632e+00
2.806213401175249977e+00
2.914875920838158496e+00
2.639758431490665025e+00
2.541725969660876938e+00
2.315327743937207750e+00
2.269037266286376475e+00
2.211742857514041205e+00
1.994138234364823070e+00
2.134056083217642730e+00
1.899164522655385490e+00
1.849251965016691202e+00
1.677682473171280053e+00
1.691662750338196020e+00
1.698760656378250911e+00
1.548324294010403834e+00
1.756843904659239231e+00
1.590675826293727058e+00
1.608353404631764683e+00
1.502066381445183341e+00
1.577949385018054596e+00
1.642618975097417389e+00
1.544607926267690168e+00
1.799738719167017553e+00
1.673855316104301494e+00
