3.627624213989853743e+05
3.641186268866710016e+05
3.654665622991907876e+05
3.667919153498173109e+05
3.681278079372601351e+05
3.694558101888120873e+05
3.708532082881388487e+05
3.722150559515818604e+05
3.734866210949643282e+05
3.747177669224649435e+05
3.758994827683655894e+05
3.770707936548167490e+05
3.782195776093563763e+05
3.794296343292939709e+05
3.806025406074249768e+05
3.816899093376081437e+05
3.827475961964585003e+05
3.837720736611342290e+05
3.848072050154312747e+05
3.858449503521953011e+05
3.869723503371752449e+05
3.880933245026766090e+05
3.891609014059295878e+05
3.902314244383351761e+05
3.913009518430614844e+05
3.924120817548453924e+05
3.935547317713352968e+05
3.948132157555153244e+05
3.960881511118648923e+05
3.973288100032472867e+05
3.985874542087852024e+05
3.998558680041815969e+05
4.011723157388397958e+05
4.025224496386418468e+05
4.039865068267618772e+05
4.054613254744406440e+05
4.068927906836270704e+05
4.083302474748085369e+05
4.097630935275012744e+05
4.112277772413540515e+05
4.127087261835181271e+05
4.142855450888606138e+05
4.158550141127587995e+05
4.173634992962429533e+05
4.188613144859552849e+05
4.203392496623395709e+05
4.218354939016177668e+05
4.233364809513384826e+05
4.249239996567156049e+05
4.264971030612412724e+05
4.280044312161104754e+05
4.294984898680508486e+05
4.309721026670064311e+05
4.324652674861418782e+05
4.339659468098872458e+05
4.355571359563883161e+05
4.371387439998413902e+05
4.386599029585891985e+05
4.401732474324246868e+05
4.416713818374866387e+05
