-1.334492877774704311e+02
-1.679236787088442497e+02
-2.942612137019117426e+02
-4.230432133448927061e+02
-4.227147283937874818e+02
-3.460672943341137398e+03
-4.383239204582224602e+02
-4.121060774909184374e+02
-3.615268434313524040e+02
-3.984929883879578938e+02
-4.366007352587816968e+02
-3.473531881077597063e+02
-3.301150004894481754e+03
-2.022470981987810319e+02
-1.096878476512324596e+02
-5.255210611528809750e+00
-2.727928457504049220e+00
-1.710931127505023142e+01
7.920189043796881379e+01
-2.884547910289178617e+03
1.875861617253428903e+02
2.373115007605176743e+02
2.841235560652496588e+02
2.160103141681152010e+02
1.201684477604769654e+02
1.267633268483402844e+02
-2.932111391687504693e+03
4.252915883239938921e+01
-4.471785191722119635e+00
-5.048744475773219165e+01
-2.045036694306594427e+02
-3.765005360924892557e+02
-4.337840631939861851e+02
-3.542109385749690318e+03
-6.007889684112599298e+02
-6.637826411313526478e+02
-7.078137993244281461e+02
-8.417897342015864979e+02
-9.761893217820131667e+02
-9.793824695719822557e+02
-4.018722954133754683e+03
-9.956090863455602857e+02
-9.665103952545940729e+02
-9.110065841343691773e+02
-9.411190848002115672e+02
-9.706011755790798361e+02
-8.711540917503007222e+02
-3.813413991610114408e+03
-7.019075443378395676e+02
-5.959776563266171934e+02
-4.777288073609437333e+02
-4.612753312113094353e+02
-4.619613100484411916e+02
-3.525218242263072170e+02
-3.304032267548748678e+03
-2.208448143416742369e+02
-1.615143034734051071e+02
-1.067631606103714148e+02
-1.687682348934120000e+02
-2.604371635493650956e+02
