0.000000000000000000e+00
0.000000000000000000e+00
0.000000000000000000e+00
0.000000000000000000e+00
0.000000000000000000e+00
0.000000000000000000e+00
0.000000000000000000e+00
0.000000000000000000e+00
0.000000000000000000e+00
0.000000000000000000e+00
0.000000000000000000e+00
0.000000000000000000e+00
0.000000000000000000e+00
0.000000000000000000e+00
0.000000000000000000e+00
0.000000000000000000e+00
0.000000000000000000e+00
0.000000000000000000e+00
0.000000000000000000e+00
0.000000000000000000e+00
0.000000000000000000e+00
0.000000000000000000e+00
0.000000000000000000e+00
0.000000000000000000e+00
0.000000000000000000e+00
0.000000000000000000e+00
0.000000000000000000e+00
0.000000000000000000e+00
0.000000000000000000e+00
0.000000000000000000e+00
0.000000000000000000e+00
0.000000000000000000e+00
0.000000000000000000e+00
0.000000000000000000e+00
0.000000000000000000e+00
0.000000000000000000e+00
0.000000000000000000e+00
0.000000000000000000e+00
0.000000000000000000e+00
0.000000000000000000e+00
0.000000000000000000e+00
0.000000000000000000e+00
0.000000000000000000e+00
0.000000000000000000e+00
0.000000000000000000e+00
0.000000000000000000e+00
0.000000000000000000e+00
0.000000000000000000e+00
0.000000000000000000e+00
0.000000000000000000e+00
0.000000000000000000e+00
0.000000000000000000e+00
0.000000000000000000e+00
0.000000000000000000e+00
0.000000000000000000e+00
0.000000000000000000e+00
0.000000000000000000e+00
0.000000000000000000e+00
0.000000000000000000e+00
0.000000000000000000e+00
0.000000000000000000e+00
0.000000000000000000e+00
0.000000000000000000e+00
0.000000000000000000e+00
0.000000000000000000e+00
0.000000000000000000e+00
0.000000000000000000e+00
0.000000000000000000e+00
0.000000000000000000e+00
0.000000000000000000e+00
0.000000000000000000e+00
0.000000000000000000e+00
0.000000000000000000e+00
0.000000000000000000e+00
0.000000000000000000e+00
0.000000000000000000e+00
0.000000000000000000e+00
0.000000000000000000e+00
0.000000000000000000e+00
0.000000000000000000e+00
0.000000000000000000e+00
0.000000000000000000e+00
0.000000000000000000e+00
0.000000000000000000e+00
0.000000000000000000e+00
0.000000000000000000e+00
0.000000000000000000e+00
0.000000000000000000e+00
0.000000000000000000e+00
0.000000000000000000e+00
0.000000000000000000e+00
0.000000000000000000e+00
0.000000000000000000e+00
0.000000000000000000e+00
0.000000000000000000e+00
0.000000000000000000e+00
0.000000000000000000e+00
0.000000000000000000e+00
5.000000000000000000e+00
5.000000000000000000e+00
8.000000000000000000e+00
8.000000000000000000e+00
8.000000000000000000e+00
8.000000000000000000e+00
8.000000000000000000e+00
8.000000000000000000e+00
9.000000000000000000e+00
9.000000000000000000e+00
1.200000000000000000e+01
1.200000000000000000e+01
1.200000000000000000e+01
1.700000000000000000e+01
1.700000000000000000e+01
1.700000000000000000e+01
1.700000000000000000e+01
1.700000000000000000e+01
1.700000000000000000e+01
1.700000000000000000e+01
1.700000000000000000e+01
1.700000000000000000e+01
1.900000000000000000e+01
1.900000000000000000e+01
1.900000000000000000e+01
1.900000000000000000e+01
1.900000000000000000e+01
2.000000000000000000e+01
2.000000000000000000e+01
2.000000000000000000e+01
2.000000000000000000e+01
2.000000000000000000e+01
2.000000000000000000e+01
2.000000000000000000e+01
2.300000000000000000e+01
2.300000000000000000e+01
2.300000000000000000e+01
2.300000000000000000e+01
2.300000000000000000e+01
2.300000000000000000e+01
2.400000000000000000e+01
2.400000000000000000e+01
2.400000000000000000e+01
2.400000000000000000e+01
2.400000000000000000e+01
2.400000000000000000e+01
2.400000000000000000e+01
2.400000000000000000e+01
2.400000000000000000e+01
2.500000000000000000e+01
2.500000000000000000e+01
2.500000000000000000e+01
2.500000000000000000e+01
2.500000000000000000e+01
2.500000000000000000e+01
2.500000000000000000e+01
2.500000000000000000e+01
2.500000000000000000e+01
2.500000000000000000e+01
2.500000000000000000e+01
2.500000000000000000e+01
2.500000000000000000e+01
2.800000000000000000e+01
2.800000000000000000e+01
2.800000000000000000e+01
2.900000000000000000e+01
2.900000000000000000e+01
2.900000000000000000e+01
3.100000000000000000e+01
3.100000000000000000e+01
3.100000000000000000e+01
3.100000000000000000e+01
3.100000000000000000e+01
3.100000000000000000e+01
3.800000000000000000e+01
3.800000000000000000e+01
3.800000000000000000e+01
3.800000000000000000e+01
4.800000000000000000e+01
4.800000000000000000e+01
4.800000000000000000e+01
4.800000000000000000e+01
4.800000000000000000e+01
4.800000000000000000e+01
4.800000000000000000e+01
4.800000000000000000e+01
5.200000000000000000e+01
5.200000000000000000e+01
5.200000000000000000e+01
6.300000000000000000e+01
6.300000000000000000e+01
6.300000000000000000e+01
6.300000000000000000e+01
6.300000000000000000e+01
6.300000000000000000e+01
6.300000000000000000e+01
6.300000000000000000e+01
6.300000000000000000e+01
6.300000000000000000e+01
6.300000000000000000e+01
6.300000000000000000e+01
6.300000000000000000e+01
6.300000000000000000e+01
8.000000000000000000e+01
8.000000000000000000e+01
8.000000000000000000e+01
1.200000000000000000e+02
1.200000000000000000e+02
1.200000000000000000e+02
1.200000000000000000e+02
1.360000000000000000e+02
1.360000000000000000e+02
1.360000000000000000e+02
1.360000000000000000e+02
1.360000000000000000e+02
1.360000000000000000e+02
1.360000000000000000e+02
1.990000000000000000e+02
1.990000000000000000e+02
1.990000000000000000e+02
1.990000000000000000e+02
1.990000000000000000e+02
1.990000000000000000e+02
2.240000000000000000e+02
2.240000000000000000e+02
4.930000000000000000e+02
4.930000000000000000e+02
4.930000000000000000e+02
4.930000000000000000e+02
4.930000000000000000e+02
4.930000000000000000e+02
4.930000000000000000e+02
4.930000000000000000e+02
4.930000000000000000e+02
5.460000000000000000e+02
5.460000000000000000e+02
5.460000000000000000e+02
5.460000000000000000e+02
5.750000000000000000e+02
5.750000000000000000e+02
5.750000000000000000e+02
6.240000000000000000e+02
6.240000000000000000e+02
6.240000000000000000e+02
6.240000000000000000e+02
6.240000000000000000e+02
6.240000000000000000e+02
6.240000000000000000e+02
7.010000000000000000e+02
7.010000000000000000e+02
7.010000000000000000e+02
7.010000000000000000e+02
7.100000000000000000e+02
7.100000000000000000e+02
7.100000000000000000e+02
7.100000000000000000e+02
7.100000000000000000e+02
7.100000000000000000e+02
7.100000000000000000e+02
7.100000000000000000e+02
8.340000000000000000e+02
8.340000000000000000e+02
8.340000000000000000e+02
8.340000000000000000e+02
8.340000000000000000e+02
8.340000000000000000e+02
8.530000000000000000e+02
8.530000000000000000e+02
8.530000000000000000e+02
9.050000000000000000e+02
9.050000000000000000e+02
9.050000000000000000e+02
9.050000000000000000e+02
9.150000000000000000e+02
9.150000000000000000e+02
9.150000000000000000e+02
9.270000000000000000e+02
9.270000000000000000e+02
9.270000000000000000e+02
9.270000000000000000e+02
4.438000000000000000e+03
4.438000000000000000e+03
4.438000000000000000e+03
4.676000000000000000e+03
4.676000000000000000e+03
4.676000000000000000e+03
4.676000000000000000e+03
4.676000000000000000e+03
4.676000000000000000e+03
4.676000000000000000e+03
5.534000000000000000e+03
5.534000000000000000e+03
5.534000000000000000e+03
5.534000000000000000e+03
5.534000000000000000e+03
5.534000000000000000e+03
5.534000000000000000e+03
5.559000000000000000e+03
5.559000000000000000e+03
5.559000000000000000e+03
5.559000000000000000e+03
6.801000000000000000e+03
6.801000000000000000e+03
6.801000000000000000e+03
7.296000000000000000e+03
7.296000000000000000e+03
7.296000000000000000e+03
7.296000000000000000e+03
7.692000000000000000e+03
7.692000000000000000e+03
7.692000000000000000e+03
7.717000000000000000e+03
7.717000000000000000e+03
7.717000000000000000e+03
7.717000000000000000e+03
7.912000000000000000e+03
7.912000000000000000e+03
7.912000000000000000e+03
8.978000000000000000e+03
8.978000000000000000e+03
8.978000000000000000e+03
8.978000000000000000e+03
9.400000000000000000e+03
9.400000000000000000e+03
9.400000000000000000e+03
9.940000000000000000e+03
9.940000000000000000e+03
9.940000000000000000e+03
9.940000000000000000e+03
1.045600000000000000e+04
1.045600000000000000e+04
1.045600000000000000e+04
1.053500000000000000e+04
1.053500000000000000e+04
1.053500000000000000e+04
1.053500000000000000e+04
1.114700000000000000e+04
1.114700000000000000e+04
1.114700000000000000e+04
1.162700000000000000e+04
1.162700000000000000e+04
1.162700000000000000e+04
1.162700000000000000e+04
1.162700000000000000e+04
1.162700000000000000e+04
1.200600000000000000e+04
1.213600000000000000e+04
1.213600000000000000e+04
1.213600000000000000e+04
1.213600000000000000e+04
1.248100000000000000e+04
1.248100000000000000e+04
1.248100000000000000e+04
1.292700000000000000e+04
1.292700000000000000e+04
1.292700000000000000e+04
1.292700000000000000e+04
1.331000000000000000e+04
1.331000000000000000e+04
1.331000000000000000e+04
1.351900000000000000e+04
1.351900000000000000e+04
1.351900000000000000e+04
1.351900000000000000e+04
1.462400000000000000e+04
1.462400000000000000e+04
1.462400000000000000e+04
1.591100000000000000e+04
1.591100000000000000e+04
1.591100000000000000e+04
1.591100000000000000e+04
1.679400000000000000e+04
1.679400000000000000e+04
1.679400000000000000e+04
1.719800000000000000e+04
1.719800000000000000e+04
1.719800000000000000e+04
1.719800000000000000e+04
1.846800000000000000e+04
1.846800000000000000e+04
1.846800000000000000e+04
1.957400000000000000e+04
1.957400000000000000e+04
1.957400000000000000e+04
1.957400000000000000e+04
2.054200000000000000e+04
2.054200000000000000e+04
2.054200000000000000e+04
2.121400000000000000e+04
2.121400000000000000e+04
2.121400000000000000e+04
2.121400000000000000e+04
2.189300000000000000e+04
2.189300000000000000e+04
2.189300000000000000e+04
2.236300000000000000e+04
2.236300000000000000e+04
2.236300000000000000e+04
2.236300000000000000e+04
2.277300000000000000e+04
2.277300000000000000e+04
2.277300000000000000e+04
2.324400000000000000e+04
2.324400000000000000e+04
2.324400000000000000e+04
2.324400000000000000e+04
2.488400000000000000e+04
2.488400000000000000e+04
2.488400000000000000e+04
2.676000000000000000e+04
2.676000000000000000e+04
2.676000000000000000e+04
2.676000000000000000e+04
2.776500000000000000e+04
2.776500000000000000e+04
2.776500000000000000e+04
2.888200000000000000e+04
2.888200000000000000e+04
2.888200000000000000e+04
2.888200000000000000e+04
2.991600000000000000e+04
2.991600000000000000e+04
2.991600000000000000e+04
3.112800000000000000e+04
3.112800000000000000e+04
3.112800000000000000e+04
3.112800000000000000e+04
3.255000000000000000e+04
3.255000000000000000e+04
3.255000000000000000e+04
3.390300000000000000e+04
3.390300000000000000e+04
3.390300000000000000e+04
3.390300000000000000e+04
3.695800000000000000e+04
3.695800000000000000e+04
3.695800000000000000e+04
3.695800000000000000e+04
3.695800000000000000e+04
3.695800000000000000e+04
3.695800000000000000e+04
3.695800000000000000e+04
3.695800000000000000e+04
3.695800000000000000e+04
3.695800000000000000e+04
3.820300000000000000e+04
3.820300000000000000e+04
3.820300000000000000e+04
3.892300000000000000e+04
3.892300000000000000e+04
3.892300000000000000e+04
3.949300000000000000e+04
3.949300000000000000e+04
3.949300000000000000e+04
3.949300000000000000e+04
3.973300000000000000e+04
3.973300000000000000e+04
3.973300000000000000e+04
4.133800000000000000e+04
4.133800000000000000e+04
4.133800000000000000e+04
4.133800000000000000e+04
4.133800000000000000e+04
4.474000000000000000e+04
4.474000000000000000e+04
4.496000000000000000e+04
4.496000000000000000e+04
4.496000000000000000e+04
4.496000000000000000e+04
4.564500000000000000e+04
4.564500000000000000e+04
4.564500000000000000e+04
4.622600000000000000e+04
4.622600000000000000e+04
4.622600000000000000e+04
4.622600000000000000e+04
4.629000000000000000e+04
4.629000000000000000e+04
4.629000000000000000e+04
4.629000000000000000e+04
4.664000000000000000e+04
4.664000000000000000e+04
4.664000000000000000e+04
4.747700000000000000e+04
4.747700000000000000e+04
4.747700000000000000e+04
4.844900000000000000e+04
4.844900000000000000e+04
4.844900000000000000e+04
4.844900000000000000e+04
4.964100000000000000e+04
4.964100000000000000e+04
4.964100000000000000e+04
5.049400000000000000e+04
5.049400000000000000e+04
5.049400000000000000e+04
5.049400000000000000e+04
5.125900000000000000e+04
5.125900000000000000e+04
5.125900000000000000e+04
5.267500000000000000e+04
5.267500000000000000e+04
5.267500000000000000e+04
5.267500000000000000e+04
5.388700000000000000e+04
5.388700000000000000e+04
5.388700000000000000e+04
5.561700000000000000e+04
5.561700000000000000e+04
5.561700000000000000e+04
5.561700000000000000e+04
5.679800000000000000e+04
5.679800000000000000e+04
5.679800000000000000e+04
5.854100000000000000e+04
5.854100000000000000e+04
5.854100000000000000e+04
5.854100000000000000e+04
5.961600000000000000e+04
5.961600000000000000e+04
5.961600000000000000e+04
6.134100000000000000e+04
6.134100000000000000e+04
6.134100000000000000e+04
6.134100000000000000e+04
6.393200000000000000e+04
6.393200000000000000e+04
6.393200000000000000e+04
6.632300000000000000e+04
6.632300000000000000e+04
6.632300000000000000e+04
6.632300000000000000e+04
6.806900000000000000e+04
6.806900000000000000e+04
6.806900000000000000e+04
6.991400000000000000e+04
6.991400000000000000e+04
6.991400000000000000e+04
6.991400000000000000e+04
6.993100000000000000e+04
6.993100000000000000e+04
6.993100000000000000e+04
7.338000000000000000e+04
7.338000000000000000e+04
7.338000000000000000e+04
7.338000000000000000e+04
7.578200000000000000e+04
7.578200000000000000e+04
7.578200000000000000e+04
8.418900000000000000e+04
8.418900000000000000e+04
8.418900000000000000e+04
8.418900000000000000e+04
8.751700000000000000e+04
8.751700000000000000e+04
8.751700000000000000e+04
9.532300000000000000e+04
9.532300000000000000e+04
9.532300000000000000e+04
9.532300000000000000e+04
9.696400000000000000e+04
9.696400000000000000e+04
9.696400000000000000e+04
0.000000000000000000e+00
0.000000000000000000e+00
0.000000000000000000e+00
0.000000000000000000e+00
0.000000000000000000e+00
0.000000000000000000e+00
0.000000000000000000e+00
0.000000000000000000e+00
0.000000000000000000e+00
0.000000000000000000e+00
0.000000000000000000e+00
0.000000000000000000e+00
0.000000000000000000e+00
0.000000000000000000e+00
0.000000000000000000e+00
0.000000000000000000e+00
0.000000000000000000e+00
0.000000000000000000e+00
0.000000000000000000e+00
0.000000000000000000e+00
0.000000000000000000e+00
0.000000000000000000e+00
0.000000000000000000e+00
0.000000000000000000e+00
0.000000000000000000e+00
0.000000000000000000e+00
0.000000000000000000e+00
0.000000000000000000e+00
0.000000000000000000e+00
0.000000000000000000e+00
0.000000000000000000e+00
0.000000000000000000e+00
0.000000000000000000e+00
0.000000000000000000e+00
0.000000000000000000e+00
0.000000000000000000e+00
0.000000000000000000e+00
0.000000000000000000e+00
0.000000000000000000e+00
0.000000000000000000e+00
0.000000000000000000e+00
0.000000000000000000e+00
0.000000000000000000e+00
0.000000000000000000e+00
0.000000000000000000e+00
0.000000000000000000e+00
0.000000000000000000e+00
0.000000000000000000e+00
0.000000000000000000e+00
0.000000000000000000e+00
0.000000000000000000e+00
0.000000000000000000e+00
0.000000000000000000e+00
0.000000000000000000e+00
0.000000000000000000e+00
0.000000000000000000e+00
0.000000000000000000e+00
0.000000000000000000e+00
0.000000000000000000e+00
0.000000000000000000e+00
0.000000000000000000e+00
0.000000000000000000e+00
