6.524087484948388749e+00
6.555585087404017131e+00
2.230997351791881300e+01
6.738181777331543110e+00
6.573063648133726566e+00
1.622653308837546504e+01
6.915247491205993136e+00
6.640658408841953353e+00
6.672156011301622058e+00
2.242654444182300821e+01
6.854752701221585198e+00
6.689634571996875501e+00
1.634310401224614395e+01
7.031818415061023231e+00
6.757229332725675164e+00
6.788726935153428954e+00
2.254311536571866981e+01
6.971323625111627287e+00
6.806205495885167878e+00
1.645967493617952471e+01
7.148389338961782968e+00
6.873800256619240656e+00
6.905297859051033882e+00
2.265968628962286857e+01
7.087894549001664934e+00
6.922776419807091131e+00
1.657624586005020362e+01
7.264960262885294284e+00
6.990371180512809701e+00
7.021868782953756494e+00
2.277625721348892895e+01
7.204465472862461972e+00
7.039347343636611853e+00
1.669281678392088608e+01
7.381531186763186092e+00
7.106942104406375194e+00
7.138439706856472888e+00
2.289282813739312772e+01
7.321036396825798320e+00
7.155918267558533330e+00
1.680938770782291769e+01
7.498102110641085005e+00
7.223513028290410531e+00
7.255010630703162988e+00
2.300939906129732293e+01
7.437607320686595358e+00
7.272489191446823042e+00
1.692595863172494575e+01
7.614673034541842078e+00
7.340083952193825922e+00
7.371581554600769692e+00
2.312596998516338687e+01
7.554178244576637447e+00
7.389060115335116308e+00
1.704252955560763638e+01
7.731243958396871285e+00
7.456654876077543292e+00
7.488152478503488751e+00
2.324254090906758208e+01
7.670749168481484581e+00
