2.784427737615299975e+03
2.792355434616005368e+03
2.790574657233015387e+03
2.789168602258153896e+03
2.794076980976433333e+03
2.792788814252264729e+03
2.791449991399910687e+03
2.790354191568136230e+03
2.799902558948727346e+03
2.799850860022885172e+03
2.800262705481106877e+03
2.807055468627070240e+03
2.807693452259170499e+03
2.808295890128510564e+03
2.809128372985019723e+03
2.820563079901729907e+03
2.822326530805645689e+03
2.824453429184831748e+03
2.832833212068606827e+03
2.834903843880428667e+03
2.836760424586187128e+03
2.838647186602646343e+03
2.850918246159190403e+03
2.853285811006588574e+03
2.855774400765507835e+03
2.864267686059921743e+03
2.866202474135115153e+03
2.867677404811909582e+03
2.868944927220030422e+03
2.880371921684066820e+03
2.881687670122499640e+03
2.882937735514096403e+03
2.890030363567460427e+03
2.890429943871110936e+03
2.890265106326703062e+03
2.889820037351426436e+03
2.899494396015907114e+03
2.899050550626517634e+03
2.898566714373933337e+03
2.903982611703239400e+03
2.902792231168785747e+03
2.901151258538895490e+03
2.899367791592107096e+03
2.907861732260693316e+03
2.906411590226683529e+03
2.905107287916054702e+03
2.909895607275940620e+03
2.908272839978156753e+03
2.906392237664269032e+03
2.904554863394383574e+03
2.913169236529987302e+03
2.911998498653540082e+03
2.911113681044784698e+03
2.916439701982166753e+03
2.915448641014937039e+03
2.914267870317725283e+03
2.913171626212511001e+03
2.922541393917088499e+03
2.922113813368370757e+03
2.921934666834253676e+03
