1.958770772536290751e+05
1.967129440444779757e+05
1.984422443234245584e+05
1.993064939945557562e+05
2.001332483160674456e+05
2.009612407791121514e+05
2.028270818967492960e+05
2.038247206276188954e+05
2.046605874184683780e+05
2.063898876974147279e+05
2.072541373685451108e+05
2.080808916900565382e+05
2.089088841531030484e+05
2.107747252707400767e+05
2.117723640016095305e+05
2.126082307924588968e+05
2.143375310714046936e+05
2.152017807425342908e+05
2.160285350640477845e+05
2.168565275270921993e+05
2.187223686447283835e+05
2.197200073755980993e+05
2.205558741664481640e+05
2.222851744453928841e+05
2.231494241165237327e+05
2.239761784380369063e+05
2.248041709010813793e+05
2.266700120187190478e+05
2.276676507495875121e+05
2.285035175404372858e+05
2.302328178193822387e+05
2.310970674905125343e+05
2.319238218120263482e+05
2.327518142750705592e+05
2.346176553927071218e+05
2.356152941235770995e+05
2.364511609144265531e+05
2.381804611933730193e+05
2.390447108645019762e+05
2.398714651860153244e+05
2.406994576490597101e+05
2.425652987666979607e+05
2.435629374975665414e+05
2.443988042884168972e+05
2.461281045673623739e+05
2.469923542384930188e+05
2.478191085600043007e+05
2.486471010230497923e+05
2.505129421406862966e+05
2.515105808715550811e+05
2.523464476624047966e+05
2.540757479413515248e+05
2.549399976124822279e+05
2.557667519339935679e+05
2.565947443970397580e+05
2.584605855146769900e+05
2.594582242455472297e+05
2.602940910363953153e+05
2.620233913153416070e+05
2.628876409864712623e+05
