2.689572153138730570e+01
2.694422560845412562e+01
2.691109777192837882e+01
2.689742170432043622e+01
2.685224706305463371e+01
2.688985914388934262e+01
2.688806585860291065e+01
2.688892281290278419e+01
2.693742688996963963e+01
2.690429905344385730e+01
2.689062298583585786e+01
2.684544834457006957e+01
2.688306042540471097e+01
2.688126714011842111e+01
2.688212409441825912e+01
2.693062817148506483e+01
2.689750033495928605e+01
2.688382426735133635e+01
2.683864962608558002e+01
2.687626170692028538e+01
2.687446842163381788e+01
2.687532537593373760e+01
2.692382945300051134e+01
2.689070161647476809e+01
2.687702554886677930e+01
2.683185090760108693e+01
2.686946298843569281e+01
2.686766970314944558e+01
2.686852665744932267e+01
2.691703073451610351e+01
2.688390289799024302e+01
2.687022683038239990e+01
2.682505218911659384e+01
2.686266426995116419e+01
2.686087098466483880e+01
2.686172793896479760e+01
2.691023201603155002e+01
2.687710417950583164e+01
2.686342811189784641e+01
2.681825347063202969e+01
2.685586555146663912e+01
2.685407226618022847e+01
2.685492922048018372e+01
2.690343329754706403e+01
2.687030546102128881e+01
2.685662939341332134e+01
2.681145475214761120e+01
2.684906683298214958e+01
2.684727354769585972e+01
2.684813050199565865e+01
2.689663457906258515e+01
2.686350674253674242e+01
2.684983067492879272e+01
2.680465603366301153e+01
2.684226811449762096e+01
2.684047482921125294e+01
2.684133178351124371e+01
2.688983586057810271e+01
2.685670802405235946e+01
2.684303195644421791e+01
