-1.642873929096876628e-01
-2.891085059059752549e-01
-6.404881990820081583e-01
-3.166718716612388906e-01
-1.616514988815624387e-01
-3.201024415344943530e-01
-3.218118563176989855e-01
-1.807843250727839690e-01
-3.056054380694353534e-01
-6.569851312453649506e-01
-3.331688038244944861e-01
-1.781484310448301356e-01
-3.365993736980346096e-01
-3.383087884815773050e-01
-1.972812572363447370e-01
-3.221023702331067273e-01
-6.734820634086391422e-01
-3.496657359873890369e-01
-1.946453632082779384e-01
-3.530963058615750882e-01
-3.548057206449908851e-01
-2.137781893996487104e-01
-3.385993023966725746e-01
-6.899789955719957124e-01
-3.661626681520029902e-01
-2.111422953712616957e-01
-3.695932380247843874e-01
-3.713026528077796318e-01
-2.302751215627452108e-01
-3.550962345587159730e-01
-7.064759277353113154e-01
-3.826596003150777303e-01
-2.276392275348130823e-01
-3.860901701886558235e-01
-3.877995849711932119e-01
-2.467720537260736646e-01
-3.715931667222819312e-01
-7.229728598986679966e-01
-3.991565324781531365e-01
-2.441361596983646354e-01
-4.025871023510301239e-01
-4.042965171342944863e-01
-2.632689858894020629e-01
-3.880900988859531386e-01
-7.394697920619419662e-01
-4.156534646425862900e-01
-2.606330918613481984e-01
-4.190840345145705470e-01
-4.207934492981725838e-01
-2.797659180527306555e-01
-4.045870310494134037e-01
-7.559667242252358088e-01
-4.321503968058422185e-01
-2.771300240248998348e-01
-4.355809666777798461e-01
-4.372903814612738582e-01
-2.962628502160347121e-01
-4.210839632130846111e-01
-7.724636563885514118e-01
-4.486473289687364363e-01
