1.342197637399548948e-01
1.452744116937841889e-01
1.454528453559189027e-01
1.891312891032537191e-01
4.611880974971142022e-01
1.351107354806929117e-01
1.468285883644236955e-01
1.377027060246852619e-01
1.487573539790492672e-01
1.489357876409317383e-01
1.926142313885284840e-01
4.646710397818990534e-01
1.385936777654391272e-01
1.503115306491756009e-01
1.411856483091697423e-01
1.522402962631144996e-01
1.524187299254323169e-01
1.960971736722758874e-01
4.681539820668979557e-01
1.420766200501854259e-01
1.537944729339476291e-01
1.446685905947917572e-01
1.557232385483795778e-01
1.559016722104451802e-01
1.995801159575506245e-01
4.716369243516829179e-01
1.455595623349317247e-01
1.572774152191447061e-01
1.481515328792762654e-01
1.592061808333941619e-01
1.593846144954579880e-01
2.030630582425022312e-01
4.751198666366079348e-01
1.490425046194810421e-01
1.607603575034716459e-01
1.516344751637607735e-01
1.626891231180593311e-01
1.628675567804708235e-01
2.065460005274537270e-01
4.786028089213928416e-01
1.525254469053260176e-01
1.642432997886687229e-01
1.551174174488140767e-01
1.661720654027244726e-01
1.663504990648003445e-01
2.100289428115242885e-01
4.820857512061778039e-01
1.560083891898752517e-01
1.677262420734407788e-01
1.586003597338673521e-01
1.696550076879895230e-01
1.698334413503254647e-01
2.135118850967990534e-01
4.855686934911028763e-01
1.594913314746215505e-01
1.712091843582128903e-01
1.620833020185976914e-01
1.731379499720546999e-01
1.733163836348260711e-01
2.169948273817506046e-01
