-1.830006499687490074e+00
3.154218310503144274e+00
3.792680634079701463e+00
3.817697454902432952e+00
4.039978935550196937e+00
2.530995370010787227e+00
3.260293846767140735e+00
-2.895595581197634161e+00
2.457730962781489392e+00
3.490157372360290999e+00
3.919566655111779596e+00
4.542404709153032627e+00
3.416454552233259445e+00
4.498535432750342622e+00
-1.346243747150859704e+00
4.266709255876492080e+00
5.499326779655021369e+00
6.063592391051905395e+00
6.752233673376242251e+00
5.621559789529307238e+00
6.629157510131742370e+00
6.430763024250794047e-01
6.052891449007612223e+00
7.027372756716214752e+00
7.286956514484357328e+00
7.634155700081967311e+00
6.136080431583657457e+00
6.761792103561687028e+00
3.911321392946058850e-01
5.425424944755369516e+00
6.044793211176807901e+00
5.980293477259074564e+00
6.044016573751410881e+00
4.311333670333080015e+00
4.758018944777708370e+00
-1.731103963363141318e+00
3.248412585625700899e+00
3.877884080201468464e+00
3.887616298508237200e+00
4.087050607614852282e+00
2.547110785445068970e+00
3.237478710884679867e+00
-2.964559084587671034e+00
2.336703802122608309e+00
3.312911141985520835e+00
3.684064629409886660e+00
4.248982636675370905e+00
3.067966356104292469e+00
4.100391131291213576e+00
-1.786144357441181274e+00
3.795277911031921914e+00
5.008663634440375212e+00
5.567740514628004789e+00
6.266587771136098439e+00
5.162425423883577835e+00
6.213278004539118271e+00
2.871437605277122884e-01
5.773058289283587996e+00
6.838779647707597498e+00
7.203291626707430950e+00
