2.581642878323160985e+05
2.583187032216177031e+05
2.584492498442473006e+05
2.585593410278020019e+05
2.586700236051056418e+05
2.586915935831836250e+05
2.587476795180636982e+05
2.588209680254242849e+05
2.589777423575057765e+05
2.591068639382384717e+05
2.592117078277841792e+05
2.593134171755116840e+05
2.593225239271768369e+05
2.593630328792913351e+05
2.594181433147673961e+05
2.595547790921989072e+05
2.596625571663429728e+05
2.597457057415426534e+05
2.598262974895794468e+05
2.598158456044031773e+05
2.598393604157705267e+05
2.598810415312571859e+05
2.600087772010500776e+05
2.601130817690645927e+05
2.601989833367166284e+05
2.602892280070286652e+05
2.602958494012365118e+05
2.603442020450098498e+05
2.604186343966638960e+05
2.605869739165773499e+05
2.607394556244461564e+05
2.608806067115908081e+05
2.610324538579822402e+05
2.611061020569202374e+05
2.612257834765235020e+05
2.613745518813963572e+05
2.616187945865515794e+05
2.618471927932836697e+05
2.620626421209263208e+05
2.622854990928958869e+05
2.624252013735093060e+05
2.626043591897441656e+05
2.628044923074786202e+05
2.630905833538138540e+05
2.633500771613302641e+05
2.635848368151338072e+05
2.638144211019717623e+05
2.639477302047465346e+05
2.641071162586498540e+05
2.642741324818228022e+05
2.645140911985227722e+05
2.647150601570279105e+05
2.648798077608526219e+05
2.650290620672021178e+05
2.650731307669225498e+05
2.651359793425357784e+05
2.652009418941090698e+05
2.653352359054224798e+05
2.654289114605907234e+05
2.654867467620857060e+05
