3.249468319221292404e+03
3.409128869472760925e+03
3.513301129072944605e+03
3.617822949643030370e+03
3.809547712859444800e+03
4.065509827419580688e+03
3.122924261673788351e+03
3.294603950542528764e+03
3.483971102418925511e+03
3.669609824025337730e+03
3.909496620445301232e+03
4.291158619245437876e+03
4.790796713201491002e+03
4.143285605265176855e+03
4.657634698085195851e+03
5.232084702373085747e+03
5.838785010799769225e+03
6.528184875710239794e+03
7.379383677641682880e+03
8.359472010927678639e+03
8.193769357187406058e+03
9.181535516076059139e+03
1.021132353373767182e+04
1.124591189150415812e+04
1.232694177149319694e+04
1.352549773876874679e+04
1.480165709467462875e+04
1.487490786417850541e+04
1.604000760861906201e+04
1.718244679868315870e+04
1.826345158894186170e+04
1.932465005397289133e+04
2.043863967884901285e+04
2.156848203071328680e+04
2.143802643866058133e+04
2.234763786806760254e+04
2.318949675455595570e+04
2.393241057967136294e+04
2.462626694857571056e+04
2.535237224922523819e+04
2.608270850420754141e+04
2.555001712468865298e+04
2.606329162876979171e+04
2.652285375657806071e+04
2.690495902763278355e+04
2.726606717861461948e+04
2.769302649063488207e+04
2.816220865899076307e+04
2.740950595728024200e+04
2.774577472003312505e+04
2.807190040936733931e+04
2.836343000200574897e+04
2.867490570356879471e+04
2.909014650029601762e+04
2.958151072033583114e+04
2.888004700846257765e+04
2.929111266337169945e+04
2.970962896192806511e+04
3.010491317619264009e+04
3.052521505749762218e+04
