0.000000000000000000e+00
0.000000000000000000e+00
0.000000000000000000e+00
0.000000000000000000e+00
0.000000000000000000e+00
0.000000000000000000e+00
0.000000000000000000e+00
0.000000000000000000e+00
0.000000000000000000e+00
0.000000000000000000e+00
0.000000000000000000e+00
0.000000000000000000e+00
0.000000000000000000e+00
0.000000000000000000e+00
0.000000000000000000e+00
0.000000000000000000e+00
0.000000000000000000e+00
0.000000000000000000e+00
0.000000000000000000e+00
0.000000000000000000e+00
0.000000000000000000e+00
0.000000000000000000e+00
0.000000000000000000e+00
0.000000000000000000e+00
0.000000000000000000e+00
0.000000000000000000e+00
0.000000000000000000e+00
0.000000000000000000e+00
0.000000000000000000e+00
0.000000000000000000e+00
0.000000000000000000e+00
0.000000000000000000e+00
0.000000000000000000e+00
0.000000000000000000e+00
0.000000000000000000e+00
0.000000000000000000e+00
0.000000000000000000e+00
0.000000000000000000e+00
0.000000000000000000e+00
0.000000000000000000e+00
0.000000000000000000e+00
0.000000000000000000e+00
0.000000000000000000e+00
0.000000000000000000e+00
0.000000000000000000e+00
0.000000000000000000e+00
0.000000000000000000e+00
0.000000000000000000e+00
0.000000000000000000e+00
0.000000000000000000e+00
0.000000000000000000e+00
0.000000000000000000e+00
0.000000000000000000e+00
0.000000000000000000e+00
0.000000000000000000e+00
0.000000000000000000e+00
0.000000000000000000e+00
0.000000000000000000e+00
0.000000000000000000e+00
0.000000000000000000e+00
3.000000000000000000e+00
3.000000000000000000e+00
3.000000000000000000e+00
3.000000000000000000e+00
4.000000000000000000e+00
1.500000000000000000e+01
1.500000000000000000e+01
1.500000000000000000e+01
2.200000000000000000e+01
2.300000000000000000e+01
2.800000000000000000e+01
2.800000000000000000e+01
2.800000000000000000e+01
3.300000000000000000e+01
3.700000000000000000e+01
4.500000000000000000e+01
4.700000000000000000e+01
5.200000000000000000e+01
5.300000000000000000e+01
5.800000000000000000e+01
6.100000000000000000e+01
6.500000000000000000e+01
6.500000000000000000e+01
6.500000000000000000e+01
6.500000000000000000e+01
7.700000000000000000e+01
7.700000000000000000e+01
7.900000000000000000e+01
8.100000000000000000e+01
8.100000000000000000e+01
9.800000000000000000e+01
9.800000000000000000e+01
9.800000000000000000e+01
9.800000000000000000e+01
1.480000000000000000e+02
1.480000000000000000e+02
1.480000000000000000e+02
1.480000000000000000e+02
1.480000000000000000e+02
2.960000000000000000e+02
2.960000000000000000e+02
2.960000000000000000e+02
2.960000000000000000e+02
2.960000000000000000e+02
2.960000000000000000e+02
2.960000000000000000e+02
4.000000000000000000e+02
4.000000000000000000e+02
4.010000000000000000e+02
4.010000000000000000e+02
4.010000000000000000e+02
4.490000000000000000e+02
4.490000000000000000e+02
4.810000000000000000e+02
4.810000000000000000e+02
5.150000000000000000e+02
5.150000000000000000e+02
5.150000000000000000e+02
5.150000000000000000e+02
5.160000000000000000e+02
5.610000000000000000e+02
5.610000000000000000e+02
5.940000000000000000e+02
5.940000000000000000e+02
5.940000000000000000e+02
5.940000000000000000e+02
5.940000000000000000e+02
7.840000000000000000e+02
7.840000000000000000e+02
7.900000000000000000e+02
7.900000000000000000e+02
7.900000000000000000e+02
7.900000000000000000e+02
7.900000000000000000e+02
7.900000000000000000e+02
8.070000000000000000e+02
8.070000000000000000e+02
8.070000000000000000e+02
8.070000000000000000e+02
8.070000000000000000e+02
8.070000000000000000e+02
8.070000000000000000e+02
8.070000000000000000e+02
8.070000000000000000e+02
8.070000000000000000e+02
8.070000000000000000e+02
8.160000000000000000e+02
8.160000000000000000e+02
8.180000000000000000e+02
8.180000000000000000e+02
8.240000000000000000e+02
8.240000000000000000e+02
8.240000000000000000e+02
8.240000000000000000e+02
8.240000000000000000e+02
8.240000000000000000e+02
8.240000000000000000e+02
8.240000000000000000e+02
8.330000000000000000e+02
8.330000000000000000e+02
8.330000000000000000e+02
8.330000000000000000e+02
8.330000000000000000e+02
8.390000000000000000e+02
8.390000000000000000e+02
8.390000000000000000e+02
8.390000000000000000e+02
8.390000000000000000e+02
8.390000000000000000e+02
8.390000000000000000e+02
8.390000000000000000e+02
8.390000000000000000e+02
8.390000000000000000e+02
8.390000000000000000e+02
8.390000000000000000e+02
8.390000000000000000e+02
8.450000000000000000e+02
8.450000000000000000e+02
8.450000000000000000e+02
8.450000000000000000e+02
8.470000000000000000e+02
8.470000000000000000e+02
8.470000000000000000e+02
8.470000000000000000e+02
8.470000000000000000e+02
8.520000000000000000e+02
8.520000000000000000e+02
8.520000000000000000e+02
8.520000000000000000e+02
8.520000000000000000e+02
8.520000000000000000e+02
8.520000000000000000e+02
8.520000000000000000e+02
8.560000000000000000e+02
8.560000000000000000e+02
8.560000000000000000e+02
8.560000000000000000e+02
8.560000000000000000e+02
8.560000000000000000e+02
8.560000000000000000e+02
8.700000000000000000e+02
8.700000000000000000e+02
8.700000000000000000e+02
8.700000000000000000e+02
8.700000000000000000e+02
8.700000000000000000e+02
8.700000000000000000e+02
8.700000000000000000e+02
8.700000000000000000e+02
8.780000000000000000e+02
8.780000000000000000e+02
8.780000000000000000e+02
8.780000000000000000e+02
8.780000000000000000e+02
8.780000000000000000e+02
8.780000000000000000e+02
9.350000000000000000e+02
9.350000000000000000e+02
9.350000000000000000e+02
9.350000000000000000e+02
9.350000000000000000e+02
9.350000000000000000e+02
1.139000000000000000e+03
1.139000000000000000e+03
1.139000000000000000e+03
1.139000000000000000e+03
1.139000000000000000e+03
1.237000000000000000e+03
1.237000000000000000e+03
1.237000000000000000e+03
1.237000000000000000e+03
1.237000000000000000e+03
1.237000000000000000e+03
1.237000000000000000e+03
1.281000000000000000e+03
1.281000000000000000e+03
1.282000000000000000e+03
1.282000000000000000e+03
1.282000000000000000e+03
1.282000000000000000e+03
1.282000000000000000e+03
1.282000000000000000e+03
1.282000000000000000e+03
1.369000000000000000e+03
1.369000000000000000e+03
1.369000000000000000e+03
1.369000000000000000e+03
1.369000000000000000e+03
1.369000000000000000e+03
1.369000000000000000e+03
1.369000000000000000e+03
1.369000000000000000e+03
1.369000000000000000e+03
1.369000000000000000e+03
1.369000000000000000e+03
1.369000000000000000e+03
1.369000000000000000e+03
1.369000000000000000e+03
1.369000000000000000e+03
1.369000000000000000e+03
1.369000000000000000e+03
1.369000000000000000e+03
1.444000000000000000e+03
1.444000000000000000e+03
1.444000000000000000e+03
1.444000000000000000e+03
1.444000000000000000e+03
1.444000000000000000e+03
1.444000000000000000e+03
1.444000000000000000e+03
1.444000000000000000e+03
1.444000000000000000e+03
1.444000000000000000e+03
1.444000000000000000e+03
1.444000000000000000e+03
1.444000000000000000e+03
1.882000000000000000e+03
1.882000000000000000e+03
1.882000000000000000e+03
1.882000000000000000e+03
1.882000000000000000e+03
1.882000000000000000e+03
1.882000000000000000e+03
1.882000000000000000e+03
1.882000000000000000e+03
1.882000000000000000e+03
1.882000000000000000e+03
1.882000000000000000e+03
1.882000000000000000e+03
1.882000000000000000e+03
1.882000000000000000e+03
1.882000000000000000e+03
1.882000000000000000e+03
1.882000000000000000e+03
1.882000000000000000e+03
1.882000000000000000e+03
2.021000000000000000e+03
2.021000000000000000e+03
2.021000000000000000e+03
2.021000000000000000e+03
2.021000000000000000e+03
2.021000000000000000e+03
2.021000000000000000e+03
2.055000000000000000e+03
2.055000000000000000e+03
2.055000000000000000e+03
2.055000000000000000e+03
2.055000000000000000e+03
2.055000000000000000e+03
2.055000000000000000e+03
2.057000000000000000e+03
2.057000000000000000e+03
2.057000000000000000e+03
2.057000000000000000e+03
2.057000000000000000e+03
2.057000000000000000e+03
2.057000000000000000e+03
2.057000000000000000e+03
2.057000000000000000e+03
2.057000000000000000e+03
2.057000000000000000e+03
2.057000000000000000e+03
2.057000000000000000e+03
2.057000000000000000e+03
2.057000000000000000e+03
2.057000000000000000e+03
2.057000000000000000e+03
2.057000000000000000e+03
2.057000000000000000e+03
2.057000000000000000e+03
2.057000000000000000e+03
2.057000000000000000e+03
2.057000000000000000e+03
2.057000000000000000e+03
2.057000000000000000e+03
2.057000000000000000e+03
2.057000000000000000e+03
2.057000000000000000e+03
2.057000000000000000e+03
2.057000000000000000e+03
2.057000000000000000e+03
2.057000000000000000e+03
2.057000000000000000e+03
2.057000000000000000e+03
2.057000000000000000e+03
2.057000000000000000e+03
2.057000000000000000e+03
2.057000000000000000e+03
2.057000000000000000e+03
2.057000000000000000e+03
2.057000000000000000e+03
2.057000000000000000e+03
2.057000000000000000e+03
2.057000000000000000e+03
2.057000000000000000e+03
2.057000000000000000e+03
2.057000000000000000e+03
2.057000000000000000e+03
2.057000000000000000e+03
2.057000000000000000e+03
2.057000000000000000e+03
2.057000000000000000e+03
2.057000000000000000e+03
2.057000000000000000e+03
2.057000000000000000e+03
2.057000000000000000e+03
2.057000000000000000e+03
2.057000000000000000e+03
2.057000000000000000e+03
2.057000000000000000e+03
2.057000000000000000e+03
2.057000000000000000e+03
2.057000000000000000e+03
2.057000000000000000e+03
2.057000000000000000e+03
2.057000000000000000e+03
2.057000000000000000e+03
2.057000000000000000e+03
2.057000000000000000e+03
2.057000000000000000e+03
2.057000000000000000e+03
2.057000000000000000e+03
2.057000000000000000e+03
2.057000000000000000e+03
2.057000000000000000e+03
2.057000000000000000e+03
2.057000000000000000e+03
2.057000000000000000e+03
2.057000000000000000e+03
2.057000000000000000e+03
2.057000000000000000e+03
2.057000000000000000e+03
2.057000000000000000e+03
2.057000000000000000e+03
2.057000000000000000e+03
2.057000000000000000e+03
2.057000000000000000e+03
2.057000000000000000e+03
2.057000000000000000e+03
2.057000000000000000e+03
2.057000000000000000e+03
2.057000000000000000e+03
2.057000000000000000e+03
2.057000000000000000e+03
2.057000000000000000e+03
2.057000000000000000e+03
2.057000000000000000e+03
2.057000000000000000e+03
2.057000000000000000e+03
2.057000000000000000e+03
2.057000000000000000e+03
2.057000000000000000e+03
2.057000000000000000e+03
2.057000000000000000e+03
2.057000000000000000e+03
2.057000000000000000e+03
2.057000000000000000e+03
2.057000000000000000e+03
2.057000000000000000e+03
2.057000000000000000e+03
2.057000000000000000e+03
2.057000000000000000e+03
2.057000000000000000e+03
2.057000000000000000e+03
2.057000000000000000e+03
2.057000000000000000e+03
2.057000000000000000e+03
2.057000000000000000e+03
2.057000000000000000e+03
2.057000000000000000e+03
2.057000000000000000e+03
2.057000000000000000e+03
2.057000000000000000e+03
2.057000000000000000e+03
2.057000000000000000e+03
2.057000000000000000e+03
2.057000000000000000e+03
2.057000000000000000e+03
2.057000000000000000e+03
2.057000000000000000e+03
2.057000000000000000e+03
2.057000000000000000e+03
2.057000000000000000e+03
3.687200000000000000e+04
3.906100000000000000e+04
3.906100000000000000e+04
3.906100000000000000e+04
3.906100000000000000e+04
3.906100000000000000e+04
3.906100000000000000e+04
3.906100000000000000e+04
3.906100000000000000e+04
3.906100000000000000e+04
3.906100000000000000e+04
3.906100000000000000e+04
3.906100000000000000e+04
3.906100000000000000e+04
3.906100000000000000e+04
3.906100000000000000e+04
3.906100000000000000e+04
3.906100000000000000e+04
3.906100000000000000e+04
3.906100000000000000e+04
3.906100000000000000e+04
3.906100000000000000e+04
3.906100000000000000e+04
3.906100000000000000e+04
3.906100000000000000e+04
3.906100000000000000e+04
3.906100000000000000e+04
3.906100000000000000e+04
3.906100000000000000e+04
3.906100000000000000e+04
3.906100000000000000e+04
3.906100000000000000e+04
3.906100000000000000e+04
3.906100000000000000e+04
3.906100000000000000e+04
3.906100000000000000e+04
3.906100000000000000e+04
3.906100000000000000e+04
3.906100000000000000e+04
3.906100000000000000e+04
3.906100000000000000e+04
3.906100000000000000e+04
3.906100000000000000e+04
3.906100000000000000e+04
3.906100000000000000e+04
3.906100000000000000e+04
3.906100000000000000e+04
3.906100000000000000e+04
3.906100000000000000e+04
3.906100000000000000e+04
3.906100000000000000e+04
3.906100000000000000e+04
3.906100000000000000e+04
3.906100000000000000e+04
3.906100000000000000e+04
3.906100000000000000e+04
3.906100000000000000e+04
3.906100000000000000e+04
3.906100000000000000e+04
3.906100000000000000e+04
3.906100000000000000e+04
3.906100000000000000e+04
3.906100000000000000e+04
3.906100000000000000e+04
3.906100000000000000e+04
3.906100000000000000e+04
3.906100000000000000e+04
3.906100000000000000e+04
3.906100000000000000e+04
3.906100000000000000e+04
3.906100000000000000e+04
3.906100000000000000e+04
3.906100000000000000e+04
3.906100000000000000e+04
3.906100000000000000e+04
3.906100000000000000e+04
3.906100000000000000e+04
3.906100000000000000e+04
3.906100000000000000e+04
3.906100000000000000e+04
3.906100000000000000e+04
3.906100000000000000e+04
3.906100000000000000e+04
3.906100000000000000e+04
3.906100000000000000e+04
3.906100000000000000e+04
3.906100000000000000e+04
3.906100000000000000e+04
3.906100000000000000e+04
3.906100000000000000e+04
3.906100000000000000e+04
3.906100000000000000e+04
3.906100000000000000e+04
3.906100000000000000e+04
3.906100000000000000e+04
3.906100000000000000e+04
3.906100000000000000e+04
3.906100000000000000e+04
3.906100000000000000e+04
3.906100000000000000e+04
3.906100000000000000e+04
3.906100000000000000e+04
3.906100000000000000e+04
3.906100000000000000e+04
3.906100000000000000e+04
3.906100000000000000e+04
3.906100000000000000e+04
3.906100000000000000e+04
3.906100000000000000e+04
3.906100000000000000e+04
3.906100000000000000e+04
3.906100000000000000e+04
3.906100000000000000e+04
3.906100000000000000e+04
3.906100000000000000e+04
3.906100000000000000e+04
3.906100000000000000e+04
3.906100000000000000e+04
0.000000000000000000e+00
0.000000000000000000e+00
0.000000000000000000e+00
0.000000000000000000e+00
0.000000000000000000e+00
0.000000000000000000e+00
0.000000000000000000e+00
0.000000000000000000e+00
0.000000000000000000e+00
0.000000000000000000e+00
0.000000000000000000e+00
0.000000000000000000e+00
0.000000000000000000e+00
0.000000000000000000e+00
0.000000000000000000e+00
0.000000000000000000e+00
0.000000000000000000e+00
0.000000000000000000e+00
0.000000000000000000e+00
0.000000000000000000e+00
0.000000000000000000e+00
0.000000000000000000e+00
0.000000000000000000e+00
0.000000000000000000e+00
0.000000000000000000e+00
0.000000000000000000e+00
0.000000000000000000e+00
0.000000000000000000e+00
0.000000000000000000e+00
0.000000000000000000e+00
0.000000000000000000e+00
0.000000000000000000e+00
0.000000000000000000e+00
0.000000000000000000e+00
0.000000000000000000e+00
0.000000000000000000e+00
0.000000000000000000e+00
0.000000000000000000e+00
0.000000000000000000e+00
0.000000000000000000e+00
0.000000000000000000e+00
0.000000000000000000e+00
0.000000000000000000e+00
0.000000000000000000e+00
0.000000000000000000e+00
0.000000000000000000e+00
0.000000000000000000e+00
0.000000000000000000e+00
0.000000000000000000e+00
0.000000000000000000e+00
0.000000000000000000e+00
0.000000000000000000e+00
0.000000000000000000e+00
0.000000000000000000e+00
0.000000000000000000e+00
0.000000000000000000e+00
0.000000000000000000e+00
0.000000000000000000e+00
0.000000000000000000e+00
0.000000000000000000e+00
0.000000000000000000e+00
0.000000000000000000e+00
0.000000000000000000e+00
0.000000000000000000e+00
0.000000000000000000e+00
0.000000000000000000e+00
0.000000000000000000e+00
0.000000000000000000e+00
0.000000000000000000e+00
0.000000000000000000e+00
0.000000000000000000e+00
0.000000000000000000e+00
0.000000000000000000e+00
0.000000000000000000e+00
0.000000000000000000e+00
0.000000000000000000e+00
0.000000000000000000e+00
0.000000000000000000e+00
0.000000000000000000e+00
0.000000000000000000e+00
0.000000000000000000e+00
0.000000000000000000e+00
0.000000000000000000e+00
0.000000000000000000e+00
0.000000000000000000e+00
0.000000000000000000e+00
0.000000000000000000e+00
0.000000000000000000e+00
0.000000000000000000e+00
0.000000000000000000e+00
0.000000000000000000e+00
0.000000000000000000e+00
0.000000000000000000e+00
0.000000000000000000e+00
0.000000000000000000e+00
0.000000000000000000e+00
0.000000000000000000e+00
0.000000000000000000e+00
0.000000000000000000e+00
0.000000000000000000e+00
0.000000000000000000e+00
0.000000000000000000e+00
0.000000000000000000e+00
0.000000000000000000e+00
0.000000000000000000e+00
0.000000000000000000e+00
0.000000000000000000e+00
0.000000000000000000e+00
0.000000000000000000e+00
0.000000000000000000e+00
0.000000000000000000e+00
0.000000000000000000e+00
0.000000000000000000e+00
0.000000000000000000e+00
0.000000000000000000e+00
0.000000000000000000e+00
0.000000000000000000e+00
0.000000000000000000e+00
0.000000000000000000e+00
0.000000000000000000e+00
0.000000000000000000e+00
0.000000000000000000e+00
0.000000000000000000e+00
0.000000000000000000e+00
0.000000000000000000e+00
0.000000000000000000e+00
0.000000000000000000e+00
0.000000000000000000e+00
0.000000000000000000e+00
0.000000000000000000e+00
0.000000000000000000e+00
0.000000000000000000e+00
0.000000000000000000e+00
0.000000000000000000e+00
0.000000000000000000e+00
0.000000000000000000e+00
0.000000000000000000e+00
0.000000000000000000e+00
0.000000000000000000e+00
0.000000000000000000e+00
0.000000000000000000e+00
0.000000000000000000e+00
0.000000000000000000e+00
0.000000000000000000e+00
0.000000000000000000e+00
0.000000000000000000e+00
0.000000000000000000e+00
0.000000000000000000e+00
0.000000000000000000e+00
0.000000000000000000e+00
0.000000000000000000e+00
0.000000000000000000e+00
0.000000000000000000e+00
0.000000000000000000e+00
0.000000000000000000e+00
0.000000000000000000e+00
0.000000000000000000e+00
0.000000000000000000e+00
0.000000000000000000e+00
0.000000000000000000e+00
0.000000000000000000e+00
0.000000000000000000e+00
0.000000000000000000e+00
0.000000000000000000e+00
0.000000000000000000e+00
0.000000000000000000e+00
0.000000000000000000e+00
0.000000000000000000e+00
0.000000000000000000e+00
0.000000000000000000e+00
0.000000000000000000e+00
0.000000000000000000e+00
0.000000000000000000e+00
0.000000000000000000e+00
0.000000000000000000e+00
0.000000000000000000e+00
0.000000000000000000e+00
0.000000000000000000e+00
0.000000000000000000e+00
0.000000000000000000e+00
0.000000000000000000e+00
0.000000000000000000e+00
0.000000000000000000e+00
0.000000000000000000e+00
0.000000000000000000e+00
0.000000000000000000e+00
0.000000000000000000e+00
0.000000000000000000e+00
0.000000000000000000e+00
0.000000000000000000e+00
0.000000000000000000e+00
0.000000000000000000e+00
0.000000000000000000e+00
0.000000000000000000e+00
0.000000000000000000e+00
0.000000000000000000e+00
0.000000000000000000e+00
0.000000000000000000e+00
0.000000000000000000e+00
0.000000000000000000e+00
0.000000000000000000e+00
0.000000000000000000e+00
0.000000000000000000e+00
0.000000000000000000e+00
0.000000000000000000e+00
0.000000000000000000e+00
0.000000000000000000e+00
0.000000000000000000e+00
0.000000000000000000e+00
0.000000000000000000e+00
0.000000000000000000e+00
0.000000000000000000e+00
0.000000000000000000e+00
0.000000000000000000e+00
0.000000000000000000e+00
0.000000000000000000e+00
0.000000000000000000e+00
0.000000000000000000e+00
0.000000000000000000e+00
0.000000000000000000e+00
0.000000000000000000e+00
0.000000000000000000e+00
0.000000000000000000e+00
0.000000000000000000e+00
0.000000000000000000e+00
0.000000000000000000e+00
0.000000000000000000e+00
0.000000000000000000e+00
0.000000000000000000e+00
0.000000000000000000e+00
0.000000000000000000e+00
0.000000000000000000e+00
0.000000000000000000e+00
0.000000000000000000e+00
0.000000000000000000e+00
0.000000000000000000e+00
0.000000000000000000e+00
0.000000000000000000e+00
0.000000000000000000e+00
0.000000000000000000e+00
0.000000000000000000e+00
0.000000000000000000e+00
0.000000000000000000e+00
0.000000000000000000e+00
0.000000000000000000e+00
0.000000000000000000e+00
0.000000000000000000e+00
0.000000000000000000e+00
0.000000000000000000e+00
0.000000000000000000e+00
0.000000000000000000e+00
0.000000000000000000e+00
0.000000000000000000e+00
0.000000000000000000e+00
0.000000000000000000e+00
0.000000000000000000e+00
0.000000000000000000e+00
0.000000000000000000e+00
0.000000000000000000e+00
0.000000000000000000e+00
0.000000000000000000e+00
0.000000000000000000e+00
0.000000000000000000e+00
0.000000000000000000e+00
0.000000000000000000e+00
0.000000000000000000e+00
0.000000000000000000e+00
0.000000000000000000e+00
0.000000000000000000e+00
0.000000000000000000e+00
0.000000000000000000e+00
0.000000000000000000e+00
0.000000000000000000e+00
0.000000000000000000e+00
0.000000000000000000e+00
0.000000000000000000e+00
0.000000000000000000e+00
