-8.099290838734308636e+03
-8.293997964687303465e+03
-8.525592463872948429e+03
-8.768427370636225533e+03
-9.021237060725870833e+03
-9.242414580192071298e+03
-9.772710792328896787e+03
-9.840960867716392386e+03
-1.006979263673129208e+04
-1.030668215156464794e+04
-1.052513717389554222e+04
-1.072384463400256391e+04
-1.086195618444308093e+04
-1.128177224622860376e+04
-1.121443046272504216e+04
-1.128555414038560775e+04
-1.134622772210065341e+04
-1.137408229762968404e+04
-1.137233000837998043e+04
-1.130492472246152647e+04
-1.151911297750809172e+04
-1.125098494799916807e+04
-1.113098498782178285e+04
-1.101475277998384627e+04
-1.088408198241178980e+04
-1.074583889678400737e+04
-1.056702188429187663e+04
-1.069722845436530770e+04
-1.037414220704129366e+04
-1.022900102808104566e+04
-1.011741878779473154e+04
-1.002034798651697929e+04
-9.943025746367806278e+03
-9.850083068234682287e+03
-1.008808282075168245e+04
-9.891096570724599587e+03
-9.886279031370169832e+03
-9.924809281325593474e+03
-9.982982714412890346e+03
-1.006129235341431558e+04
-1.011967550672125253e+04
-1.050018723585225962e+04
-1.043270680231090955e+04
-1.054063210209092358e+04
-1.067192775545596669e+04
-1.080030771122392616e+04
-1.092438837310845156e+04
-1.100298615307915315e+04
-1.137781945814985738e+04
-1.127922047269583163e+04
-1.133181161694488037e+04
-1.138551290421906742e+04
-1.141666227761012487e+04
-1.142708678594611411e+04
-1.137930093321055028e+04
-1.161909514298727481e+04
-1.138112305539985391e+04
-1.129444621478344197e+04
-1.121340626292864727e+04
-1.111861071166012334e+04
