0.000000000000000000e+00
0.000000000000000000e+00
0.000000000000000000e+00
0.000000000000000000e+00
0.000000000000000000e+00
0.000000000000000000e+00
0.000000000000000000e+00
0.000000000000000000e+00
0.000000000000000000e+00
0.000000000000000000e+00
0.000000000000000000e+00
0.000000000000000000e+00
0.000000000000000000e+00
0.000000000000000000e+00
0.000000000000000000e+00
0.000000000000000000e+00
0.000000000000000000e+00
0.000000000000000000e+00
0.000000000000000000e+00
0.000000000000000000e+00
0.000000000000000000e+00
0.000000000000000000e+00
0.000000000000000000e+00
0.000000000000000000e+00
0.000000000000000000e+00
0.000000000000000000e+00
0.000000000000000000e+00
0.000000000000000000e+00
0.000000000000000000e+00
0.000000000000000000e+00
0.000000000000000000e+00
0.000000000000000000e+00
0.000000000000000000e+00
0.000000000000000000e+00
0.000000000000000000e+00
0.000000000000000000e+00
0.000000000000000000e+00
0.000000000000000000e+00
0.000000000000000000e+00
0.000000000000000000e+00
0.000000000000000000e+00
0.000000000000000000e+00
0.000000000000000000e+00
0.000000000000000000e+00
0.000000000000000000e+00
0.000000000000000000e+00
0.000000000000000000e+00
0.000000000000000000e+00
0.000000000000000000e+00
0.000000000000000000e+00
0.000000000000000000e+00
0.000000000000000000e+00
0.000000000000000000e+00
0.000000000000000000e+00
0.000000000000000000e+00
0.000000000000000000e+00
0.000000000000000000e+00
0.000000000000000000e+00
0.000000000000000000e+00
0.000000000000000000e+00
0.000000000000000000e+00
1.000000000000000000e+00
1.000000000000000000e+00
1.000000000000000000e+00
1.000000000000000000e+00
1.000000000000000000e+00
1.000000000000000000e+00
1.000000000000000000e+00
1.000000000000000000e+00
1.000000000000000000e+00
1.000000000000000000e+00
1.000000000000000000e+00
1.000000000000000000e+00
1.000000000000000000e+00
1.000000000000000000e+00
1.000000000000000000e+00
3.000000000000000000e+00
5.000000000000000000e+00
6.000000000000000000e+00
7.000000000000000000e+00
7.000000000000000000e+00
7.000000000000000000e+00
7.000000000000000000e+00
8.000000000000000000e+00
8.000000000000000000e+00
9.000000000000000000e+00
1.100000000000000000e+01
1.200000000000000000e+01
1.200000000000000000e+01
1.200000000000000000e+01
1.500000000000000000e+01
1.800000000000000000e+01
1.800000000000000000e+01
1.900000000000000000e+01
1.900000000000000000e+01
2.000000000000000000e+01
2.100000000000000000e+01
2.200000000000000000e+01
2.200000000000000000e+01
2.200000000000000000e+01
2.200000000000000000e+01
2.200000000000000000e+01
2.200000000000000000e+01
2.200000000000000000e+01
2.600000000000000000e+01
2.600000000000000000e+01
2.600000000000000000e+01
2.700000000000000000e+01
2.800000000000000000e+01
2.800000000000000000e+01
2.800000000000000000e+01
2.800000000000000000e+01
2.900000000000000000e+01
2.900000000000000000e+01
2.900000000000000000e+01
2.900000000000000000e+01
2.900000000000000000e+01
2.900000000000000000e+01
2.900000000000000000e+01
2.900000000000000000e+01
2.900000000000000000e+01
2.900000000000000000e+01
2.900000000000000000e+01
2.900000000000000000e+01
3.000000000000000000e+01
3.000000000000000000e+01
3.000000000000000000e+01
3.000000000000000000e+01
3.000000000000000000e+01
3.000000000000000000e+01
3.000000000000000000e+01
3.000000000000000000e+01
3.000000000000000000e+01
3.000000000000000000e+01
3.000000000000000000e+01
3.000000000000000000e+01
3.000000000000000000e+01
3.000000000000000000e+01
3.100000000000000000e+01
3.100000000000000000e+01
3.100000000000000000e+01
3.100000000000000000e+01
3.100000000000000000e+01
3.100000000000000000e+01
3.200000000000000000e+01
3.300000000000000000e+01
3.300000000000000000e+01
3.400000000000000000e+01
3.400000000000000000e+01
3.400000000000000000e+01
3.400000000000000000e+01
3.500000000000000000e+01
3.600000000000000000e+01
3.700000000000000000e+01
3.800000000000000000e+01
4.000000000000000000e+01
4.200000000000000000e+01
4.400000000000000000e+01
4.800000000000000000e+01
4.900000000000000000e+01
4.900000000000000000e+01
5.100000000000000000e+01
5.400000000000000000e+01
5.500000000000000000e+01
5.800000000000000000e+01
6.600000000000000000e+01
7.500000000000000000e+01
7.900000000000000000e+01
8.200000000000000000e+01
8.600000000000000000e+01
9.400000000000000000e+01
9.700000000000000000e+01
1.010000000000000000e+02
1.020000000000000000e+02
1.080000000000000000e+02
1.120000000000000000e+02
1.180000000000000000e+02
1.240000000000000000e+02
1.300000000000000000e+02
1.350000000000000000e+02
1.390000000000000000e+02
1.440000000000000000e+02
1.500000000000000000e+02
1.580000000000000000e+02
1.640000000000000000e+02
1.690000000000000000e+02
1.770000000000000000e+02
1.850000000000000000e+02
1.920000000000000000e+02
1.960000000000000000e+02
2.120000000000000000e+02
2.270000000000000000e+02
2.360000000000000000e+02
2.490000000000000000e+02
2.560000000000000000e+02
2.690000000000000000e+02
2.840000000000000000e+02
3.000000000000000000e+02
3.030000000000000000e+02
3.160000000000000000e+02
3.280000000000000000e+02
3.410000000000000000e+02
3.540000000000000000e+02
3.650000000000000000e+02
3.730000000000000000e+02
3.810000000000000000e+02
3.900000000000000000e+02
4.010000000000000000e+02
4.100000000000000000e+02
4.160000000000000000e+02
4.250000000000000000e+02
4.380000000000000000e+02
4.480000000000000000e+02
4.570000000000000000e+02
4.670000000000000000e+02
4.800000000000000000e+02
4.880000000000000000e+02
4.920000000000000000e+02
4.980000000000000000e+02
4.990000000000000000e+02
5.080000000000000000e+02
5.160000000000000000e+02
5.250000000000000000e+02
5.330000000000000000e+02
5.390000000000000000e+02
5.480000000000000000e+02
5.510000000000000000e+02
5.560000000000000000e+02
5.630000000000000000e+02
5.680000000000000000e+02
5.680000000000000000e+02
5.740000000000000000e+02
5.810000000000000000e+02
5.860000000000000000e+02
5.890000000000000000e+02
5.960000000000000000e+02
6.000000000000000000e+02
6.010000000000000000e+02
6.040000000000000000e+02
6.070000000000000000e+02
6.110000000000000000e+02
6.140000000000000000e+02
6.140000000000000000e+02
6.150000000000000000e+02
6.150000000000000000e+02
6.160000000000000000e+02
6.160000000000000000e+02
6.170000000000000000e+02
6.190000000000000000e+02
6.220000000000000000e+02
6.250000000000000000e+02
6.250000000000000000e+02
6.250000000000000000e+02
6.270000000000000000e+02
6.270000000000000000e+02
6.300000000000000000e+02
6.300000000000000000e+02
6.330000000000000000e+02
6.350000000000000000e+02
6.380000000000000000e+02
6.380000000000000000e+02
6.410000000000000000e+02
6.450000000000000000e+02
6.470000000000000000e+02
6.480000000000000000e+02
6.490000000000000000e+02
6.500000000000000000e+02
6.500000000000000000e+02
6.520000000000000000e+02
6.520000000000000000e+02
6.530000000000000000e+02
6.560000000000000000e+02
6.570000000000000000e+02
6.570000000000000000e+02
6.570000000000000000e+02
6.590000000000000000e+02
6.610000000000000000e+02
6.630000000000000000e+02
6.630000000000000000e+02
6.630000000000000000e+02
6.730000000000000000e+02
6.730000000000000000e+02
6.780000000000000000e+02
6.780000000000000000e+02
6.780000000000000000e+02
6.880000000000000000e+02
7.050000000000000000e+02
7.140000000000000000e+02
7.200000000000000000e+02
7.320000000000000000e+02
7.320000000000000000e+02
7.320000000000000000e+02
7.680000000000000000e+02
7.730000000000000000e+02
7.770000000000000000e+02
7.850000000000000000e+02
7.980000000000000000e+02
7.980000000000000000e+02
8.220000000000000000e+02
8.330000000000000000e+02
8.330000000000000000e+02
8.600000000000000000e+02
8.740000000000000000e+02
8.850000000000000000e+02
9.040000000000000000e+02
9.140000000000000000e+02
9.260000000000000000e+02
9.390000000000000000e+02
9.480000000000000000e+02
9.630000000000000000e+02
9.750000000000000000e+02
9.890000000000000000e+02
1.005000000000000000e+03
1.016000000000000000e+03
1.026000000000000000e+03
1.026000000000000000e+03
1.026000000000000000e+03
1.026000000000000000e+03
1.087000000000000000e+03
1.106000000000000000e+03
1.120000000000000000e+03
1.137000000000000000e+03
1.148000000000000000e+03
1.161000000000000000e+03
1.174000000000000000e+03
1.186000000000000000e+03
1.198000000000000000e+03
1.203000000000000000e+03
1.220000000000000000e+03
1.225000000000000000e+03
1.225000000000000000e+03
1.240000000000000000e+03
1.248000000000000000e+03
1.256000000000000000e+03
1.262000000000000000e+03
1.262000000000000000e+03
1.274000000000000000e+03
1.274000000000000000e+03
1.298000000000000000e+03
1.305000000000000000e+03
1.309000000000000000e+03
1.317000000000000000e+03
1.325000000000000000e+03
1.325000000000000000e+03
1.332000000000000000e+03
1.336000000000000000e+03
1.336000000000000000e+03
1.344000000000000000e+03
1.344000000000000000e+03
1.355000000000000000e+03
1.355000000000000000e+03
1.363000000000000000e+03
1.368000000000000000e+03
1.368000000000000000e+03
1.377000000000000000e+03
1.383000000000000000e+03
1.387000000000000000e+03
1.388000000000000000e+03
1.392000000000000000e+03
1.399000000000000000e+03
1.399000000000000000e+03
1.410000000000000000e+03
1.410000000000000000e+03
1.411000000000000000e+03
1.420000000000000000e+03
1.433000000000000000e+03
1.447000000000000000e+03
1.447000000000000000e+03
1.447000000000000000e+03
1.466000000000000000e+03
1.466000000000000000e+03
1.479000000000000000e+03
1.479000000000000000e+03
1.487000000000000000e+03
1.487000000000000000e+03
1.498000000000000000e+03
1.498000000000000000e+03
1.498000000000000000e+03
1.509000000000000000e+03
1.514000000000000000e+03
1.519000000000000000e+03
1.519000000000000000e+03
1.519000000000000000e+03
1.526000000000000000e+03
1.526000000000000000e+03
1.532000000000000000e+03
1.532000000000000000e+03
1.540000000000000000e+03
1.540000000000000000e+03
1.540000000000000000e+03
1.545000000000000000e+03
1.548000000000000000e+03
1.548000000000000000e+03
1.553000000000000000e+03
1.558000000000000000e+03
1.558000000000000000e+03
1.572000000000000000e+03
1.572000000000000000e+03
1.575000000000000000e+03
1.582000000000000000e+03
1.587000000000000000e+03
1.592000000000000000e+03
1.592000000000000000e+03
1.592000000000000000e+03
1.592000000000000000e+03
1.616000000000000000e+03
1.620000000000000000e+03
1.620000000000000000e+03
1.627000000000000000e+03
1.640000000000000000e+03
1.640000000000000000e+03
1.655000000000000000e+03
1.655000000000000000e+03
1.674000000000000000e+03
1.674000000000000000e+03
1.688000000000000000e+03
1.688000000000000000e+03
1.688000000000000000e+03
1.715000000000000000e+03
1.723000000000000000e+03
1.723000000000000000e+03
1.723000000000000000e+03
1.752000000000000000e+03
1.752000000000000000e+03
1.752000000000000000e+03
1.752000000000000000e+03
1.752000000000000000e+03
1.811000000000000000e+03
1.811000000000000000e+03
1.811000000000000000e+03
1.811000000000000000e+03
1.811000000000000000e+03
1.852000000000000000e+03
1.866000000000000000e+03
1.866000000000000000e+03
1.892000000000000000e+03
1.892000000000000000e+03
1.892000000000000000e+03
1.892000000000000000e+03
1.892000000000000000e+03
1.942000000000000000e+03
1.956000000000000000e+03
1.968000000000000000e+03
1.968000000000000000e+03
1.968000000000000000e+03
1.968000000000000000e+03
1.968000000000000000e+03
2.004000000000000000e+03
2.030000000000000000e+03
2.030000000000000000e+03
2.061000000000000000e+03
2.061000000000000000e+03
2.080000000000000000e+03
2.080000000000000000e+03
2.105000000000000000e+03
2.105000000000000000e+03
2.115000000000000000e+03
2.115000000000000000e+03
2.115000000000000000e+03
2.134000000000000000e+03
2.134000000000000000e+03
2.134000000000000000e+03
2.134000000000000000e+03
2.134000000000000000e+03
2.134000000000000000e+03
2.134000000000000000e+03
2.134000000000000000e+03
2.134000000000000000e+03
2.134000000000000000e+03
2.134000000000000000e+03
2.203000000000000000e+03
2.207000000000000000e+03
2.207000000000000000e+03
2.207000000000000000e+03
2.207000000000000000e+03
2.218000000000000000e+03
2.222000000000000000e+03
2.222000000000000000e+03
2.222000000000000000e+03
2.222000000000000000e+03
2.230000000000000000e+03
2.231000000000000000e+03
2.231000000000000000e+03
2.240000000000000000e+03
2.242000000000000000e+03
2.244000000000000000e+03
2.244000000000000000e+03
2.244000000000000000e+03
2.244000000000000000e+03
2.246000000000000000e+03
2.246000000000000000e+03
2.247000000000000000e+03
2.247000000000000000e+03
2.247000000000000000e+03
2.248000000000000000e+03
2.248000000000000000e+03
2.248000000000000000e+03
2.248000000000000000e+03
2.248000000000000000e+03
2.249000000000000000e+03
2.249000000000000000e+03
2.249000000000000000e+03
2.250000000000000000e+03
2.250000000000000000e+03
2.252000000000000000e+03
2.252000000000000000e+03
2.252000000000000000e+03
2.252000000000000000e+03
2.255000000000000000e+03
2.255000000000000000e+03
2.255000000000000000e+03
2.255000000000000000e+03
2.255000000000000000e+03
2.255000000000000000e+03
2.255000000000000000e+03
2.255000000000000000e+03
2.256000000000000000e+03
2.256000000000000000e+03
2.256000000000000000e+03
2.260000000000000000e+03
2.260000000000000000e+03
2.260000000000000000e+03
2.260000000000000000e+03
2.262000000000000000e+03
2.262000000000000000e+03
2.262000000000000000e+03
2.262000000000000000e+03
2.262000000000000000e+03
2.262000000000000000e+03
2.262000000000000000e+03
2.265000000000000000e+03
2.265000000000000000e+03
2.265000000000000000e+03
2.266000000000000000e+03
2.268000000000000000e+03
2.268000000000000000e+03
2.268000000000000000e+03
2.268000000000000000e+03
2.268000000000000000e+03
2.268000000000000000e+03
2.268000000000000000e+03
2.268000000000000000e+03
2.268000000000000000e+03
2.268000000000000000e+03
2.268000000000000000e+03
2.268000000000000000e+03
2.269000000000000000e+03
2.269000000000000000e+03
2.269000000000000000e+03
2.269000000000000000e+03
2.269000000000000000e+03
2.269000000000000000e+03
2.269000000000000000e+03
2.269000000000000000e+03
2.269000000000000000e+03
2.269000000000000000e+03
2.269000000000000000e+03
2.269000000000000000e+03
2.269000000000000000e+03
2.269000000000000000e+03
2.269000000000000000e+03
2.270000000000000000e+03
2.270000000000000000e+03
2.271000000000000000e+03
2.271000000000000000e+03
2.271000000000000000e+03
2.273000000000000000e+03
2.274000000000000000e+03
2.276000000000000000e+03
2.279000000000000000e+03
2.280000000000000000e+03
2.284000000000000000e+03
2.286000000000000000e+03
2.291000000000000000e+03
2.295000000000000000e+03
2.303000000000000000e+03
2.307000000000000000e+03
2.315000000000000000e+03
2.326000000000000000e+03
2.343000000000000000e+03
2.356000000000000000e+03
2.370000000000000000e+03
2.387000000000000000e+03
2.403000000000000000e+03
2.421000000000000000e+03
2.457000000000000000e+03
2.477000000000000000e+03
2.503000000000000000e+03
2.525000000000000000e+03
2.557000000000000000e+03
2.584000000000000000e+03
2.605000000000000000e+03
2.629000000000000000e+03
2.657000000000000000e+03
2.685000000000000000e+03
2.709000000000000000e+03
2.728000000000000000e+03
2.758000000000000000e+03
2.772000000000000000e+03
2.795000000000000000e+03
2.809000000000000000e+03
2.833000000000000000e+03
2.845000000000000000e+03
2.859000000000000000e+03
2.878000000000000000e+03
2.889000000000000000e+03
2.899000000000000000e+03
2.905000000000000000e+03
2.912000000000000000e+03
2.917000000000000000e+03
2.919000000000000000e+03
2.923000000000000000e+03
2.931000000000000000e+03
2.936000000000000000e+03
2.939000000000000000e+03
2.947000000000000000e+03
2.949000000000000000e+03
2.953000000000000000e+03
2.955000000000000000e+03
2.959000000000000000e+03
2.961000000000000000e+03
2.962000000000000000e+03
2.964000000000000000e+03
2.965000000000000000e+03
2.965000000000000000e+03
2.966000000000000000e+03
2.966000000000000000e+03
2.970000000000000000e+03
2.972000000000000000e+03
2.972000000000000000e+03
2.973000000000000000e+03
2.973000000000000000e+03
2.973000000000000000e+03
2.973000000000000000e+03
2.973000000000000000e+03
2.973000000000000000e+03
2.974000000000000000e+03
2.974000000000000000e+03
2.974000000000000000e+03
2.974000000000000000e+03
2.974000000000000000e+03
2.974000000000000000e+03
2.975000000000000000e+03
2.975000000000000000e+03
2.976000000000000000e+03
2.976000000000000000e+03
2.976000000000000000e+03
2.976000000000000000e+03
2.977000000000000000e+03
2.977000000000000000e+03
2.977000000000000000e+03
2.978000000000000000e+03
2.978000000000000000e+03
2.978000000000000000e+03
2.978000000000000000e+03
2.978000000000000000e+03
2.978000000000000000e+03
2.978000000000000000e+03
2.978000000000000000e+03
2.978000000000000000e+03
2.979000000000000000e+03
2.980000000000000000e+03
2.980000000000000000e+03
2.980000000000000000e+03
2.980000000000000000e+03
2.980000000000000000e+03
2.980000000000000000e+03
2.981000000000000000e+03
2.982000000000000000e+03
2.982000000000000000e+03
2.982000000000000000e+03
2.982000000000000000e+03
2.983000000000000000e+03
2.983000000000000000e+03
2.983000000000000000e+03
2.983000000000000000e+03
2.983000000000000000e+03
2.983000000000000000e+03
2.984000000000000000e+03
2.984000000000000000e+03
2.984000000000000000e+03
2.984000000000000000e+03
2.984000000000000000e+03
2.985000000000000000e+03
2.985000000000000000e+03
2.985000000000000000e+03
2.985000000000000000e+03
2.986000000000000000e+03
2.987000000000000000e+03
2.987000000000000000e+03
2.987000000000000000e+03
2.987000000000000000e+03
2.988000000000000000e+03
2.988000000000000000e+03
2.988000000000000000e+03
2.988000000000000000e+03
2.989000000000000000e+03
2.989000000000000000e+03
2.989000000000000000e+03
2.989000000000000000e+03
2.989000000000000000e+03
2.989000000000000000e+03
2.989000000000000000e+03
2.989000000000000000e+03
2.990000000000000000e+03
2.990000000000000000e+03
2.990000000000000000e+03
2.990000000000000000e+03
2.990000000000000000e+03
2.990000000000000000e+03
2.991000000000000000e+03
2.991000000000000000e+03
2.991000000000000000e+03
2.991000000000000000e+03
2.991000000000000000e+03
2.991000000000000000e+03
2.991000000000000000e+03
2.991000000000000000e+03
2.991000000000000000e+03
2.991000000000000000e+03
2.991000000000000000e+03
2.992000000000000000e+03
2.994000000000000000e+03
2.994000000000000000e+03
2.994000000000000000e+03
2.994000000000000000e+03
2.994000000000000000e+03
2.995000000000000000e+03
2.995000000000000000e+03
2.996000000000000000e+03
2.997000000000000000e+03
2.997000000000000000e+03
2.998000000000000000e+03
3.000000000000000000e+03
3.002000000000000000e+03
3.002000000000000000e+03
3.008000000000000000e+03
3.012000000000000000e+03
3.012000000000000000e+03
3.012000000000000000e+03
3.015000000000000000e+03
3.021000000000000000e+03
3.027000000000000000e+03
3.032000000000000000e+03
3.033000000000000000e+03
3.037000000000000000e+03
3.043000000000000000e+03
3.051000000000000000e+03
3.053000000000000000e+03
3.058000000000000000e+03
3.062000000000000000e+03
3.064000000000000000e+03
3.068000000000000000e+03
3.074000000000000000e+03
3.076000000000000000e+03
3.078000000000000000e+03
3.081000000000000000e+03
3.086000000000000000e+03
3.090000000000000000e+03
3.098000000000000000e+03
3.100000000000000000e+03
3.101000000000000000e+03
3.102000000000000000e+03
3.105000000000000000e+03
3.108000000000000000e+03
3.111000000000000000e+03
3.112000000000000000e+03
3.113000000000000000e+03
3.114000000000000000e+03
3.115000000000000000e+03
3.116000000000000000e+03
3.116000000000000000e+03
3.117000000000000000e+03
3.117000000000000000e+03
3.118000000000000000e+03
3.119000000000000000e+03
3.120000000000000000e+03
3.122000000000000000e+03
3.123000000000000000e+03
3.124000000000000000e+03
3.124000000000000000e+03
3.126000000000000000e+03
3.126000000000000000e+03
3.126000000000000000e+03
3.127000000000000000e+03
3.127000000000000000e+03
3.127000000000000000e+03
3.127000000000000000e+03
3.127000000000000000e+03
3.127000000000000000e+03
3.130000000000000000e+03
3.130000000000000000e+03
3.130000000000000000e+03
3.130000000000000000e+03
3.130000000000000000e+03
3.130000000000000000e+03
3.132000000000000000e+03
3.132000000000000000e+03
3.132000000000000000e+03
3.134000000000000000e+03
3.135000000000000000e+03
3.136000000000000000e+03
3.136000000000000000e+03
3.137000000000000000e+03
3.137000000000000000e+03
3.137000000000000000e+03
3.137000000000000000e+03
3.137000000000000000e+03
3.138000000000000000e+03
3.138000000000000000e+03
3.138000000000000000e+03
