0.000000000000000000e+00
0.000000000000000000e+00
0.000000000000000000e+00
0.000000000000000000e+00
0.000000000000000000e+00
0.000000000000000000e+00
0.000000000000000000e+00
0.000000000000000000e+00
0.000000000000000000e+00
0.000000000000000000e+00
0.000000000000000000e+00
0.000000000000000000e+00
0.000000000000000000e+00
0.000000000000000000e+00
0.000000000000000000e+00
0.000000000000000000e+00
0.000000000000000000e+00
0.000000000000000000e+00
0.000000000000000000e+00
0.000000000000000000e+00
0.000000000000000000e+00
0.000000000000000000e+00
0.000000000000000000e+00
0.000000000000000000e+00
0.000000000000000000e+00
0.000000000000000000e+00
0.000000000000000000e+00
0.000000000000000000e+00
0.000000000000000000e+00
0.000000000000000000e+00
0.000000000000000000e+00
0.000000000000000000e+00
0.000000000000000000e+00
0.000000000000000000e+00
0.000000000000000000e+00
0.000000000000000000e+00
0.000000000000000000e+00
0.000000000000000000e+00
0.000000000000000000e+00
0.000000000000000000e+00
0.000000000000000000e+00
0.000000000000000000e+00
0.000000000000000000e+00
0.000000000000000000e+00
0.000000000000000000e+00
0.000000000000000000e+00
0.000000000000000000e+00
0.000000000000000000e+00
0.000000000000000000e+00
0.000000000000000000e+00
0.000000000000000000e+00
0.000000000000000000e+00
0.000000000000000000e+00
0.000000000000000000e+00
0.000000000000000000e+00
0.000000000000000000e+00
0.000000000000000000e+00
0.000000000000000000e+00
0.000000000000000000e+00
0.000000000000000000e+00
0.000000000000000000e+00
0.000000000000000000e+00
0.000000000000000000e+00
0.000000000000000000e+00
0.000000000000000000e+00
0.000000000000000000e+00
0.000000000000000000e+00
0.000000000000000000e+00
0.000000000000000000e+00
0.000000000000000000e+00
0.000000000000000000e+00
0.000000000000000000e+00
0.000000000000000000e+00
0.000000000000000000e+00
0.000000000000000000e+00
0.000000000000000000e+00
0.000000000000000000e+00
0.000000000000000000e+00
0.000000000000000000e+00
0.000000000000000000e+00
0.000000000000000000e+00
0.000000000000000000e+00
0.000000000000000000e+00
0.000000000000000000e+00
0.000000000000000000e+00
0.000000000000000000e+00
0.000000000000000000e+00
0.000000000000000000e+00
0.000000000000000000e+00
0.000000000000000000e+00
0.000000000000000000e+00
0.000000000000000000e+00
0.000000000000000000e+00
0.000000000000000000e+00
0.000000000000000000e+00
0.000000000000000000e+00
0.000000000000000000e+00
4.000000000000000000e+00
4.000000000000000000e+00
4.000000000000000000e+00
4.000000000000000000e+00
4.000000000000000000e+00
4.000000000000000000e+00
4.000000000000000000e+00
4.000000000000000000e+00
4.000000000000000000e+00
4.000000000000000000e+00
4.000000000000000000e+00
4.000000000000000000e+00
4.000000000000000000e+00
4.000000000000000000e+00
4.000000000000000000e+00
4.000000000000000000e+00
4.000000000000000000e+00
4.000000000000000000e+00
4.000000000000000000e+00
4.000000000000000000e+00
4.000000000000000000e+00
4.000000000000000000e+00
4.000000000000000000e+00
4.000000000000000000e+00
4.000000000000000000e+00
4.000000000000000000e+00
4.000000000000000000e+00
4.000000000000000000e+00
6.800000000000000000e+01
6.800000000000000000e+01
6.800000000000000000e+01
6.800000000000000000e+01
6.800000000000000000e+01
6.800000000000000000e+01
6.800000000000000000e+01
6.800000000000000000e+01
6.800000000000000000e+01
6.800000000000000000e+01
6.800000000000000000e+01
6.800000000000000000e+01
6.800000000000000000e+01
6.800000000000000000e+01
7.600000000000000000e+01
1.350000000000000000e+02
1.460000000000000000e+02
1.560000000000000000e+02
1.760000000000000000e+02
1.770000000000000000e+02
1.770000000000000000e+02
1.820000000000000000e+02
1.880000000000000000e+02
1.910000000000000000e+02
1.990000000000000000e+02
2.030000000000000000e+02
2.030000000000000000e+02
2.030000000000000000e+02
2.080000000000000000e+02
2.110000000000000000e+02
2.140000000000000000e+02
2.190000000000000000e+02
2.190000000000000000e+02
2.190000000000000000e+02
2.350000000000000000e+02
2.360000000000000000e+02
2.520000000000000000e+02
2.600000000000000000e+02
2.670000000000000000e+02
2.670000000000000000e+02
2.680000000000000000e+02
2.690000000000000000e+02
2.790000000000000000e+02
2.830000000000000000e+02
2.830000000000000000e+02
2.840000000000000000e+02
2.840000000000000000e+02
2.860000000000000000e+02
2.860000000000000000e+02
2.860000000000000000e+02
3.220000000000000000e+02
3.250000000000000000e+02
3.250000000000000000e+02
3.370000000000000000e+02
4.510000000000000000e+02
5.360000000000000000e+02
5.880000000000000000e+02
6.010000000000000000e+02
6.040000000000000000e+02
6.100000000000000000e+02
6.620000000000000000e+02
6.960000000000000000e+02
7.340000000000000000e+02
7.590000000000000000e+02
7.660000000000000000e+02
7.710000000000000000e+02
7.780000000000000000e+02
7.820000000000000000e+02
7.870000000000000000e+02
7.870000000000000000e+02
7.940000000000000000e+02
7.950000000000000000e+02
7.970000000000000000e+02
7.990000000000000000e+02
8.000000000000000000e+02
8.000000000000000000e+02
8.000000000000000000e+02
8.040000000000000000e+02
8.070000000000000000e+02
8.080000000000000000e+02
8.090000000000000000e+02
8.150000000000000000e+02
8.180000000000000000e+02
8.210000000000000000e+02
8.210000000000000000e+02
8.260000000000000000e+02
8.290000000000000000e+02
8.300000000000000000e+02
8.310000000000000000e+02
8.310000000000000000e+02
8.320000000000000000e+02
8.330000000000000000e+02
8.420000000000000000e+02
8.460000000000000000e+02
8.480000000000000000e+02
8.480000000000000000e+02
8.510000000000000000e+02
8.510000000000000000e+02
8.530000000000000000e+02
8.550000000000000000e+02
8.570000000000000000e+02
8.590000000000000000e+02
8.590000000000000000e+02
8.590000000000000000e+02
8.590000000000000000e+02
8.590000000000000000e+02
8.620000000000000000e+02
8.660000000000000000e+02
8.660000000000000000e+02
8.660000000000000000e+02
8.700000000000000000e+02
8.700000000000000000e+02
8.710000000000000000e+02
8.710000000000000000e+02
8.730000000000000000e+02
8.730000000000000000e+02
8.760000000000000000e+02
8.780000000000000000e+02
8.800000000000000000e+02
8.800000000000000000e+02
8.800000000000000000e+02
8.810000000000000000e+02
8.810000000000000000e+02
8.830000000000000000e+02
8.830000000000000000e+02
8.850000000000000000e+02
8.850000000000000000e+02
8.860000000000000000e+02
8.860000000000000000e+02
8.860000000000000000e+02
8.860000000000000000e+02
8.870000000000000000e+02
8.880000000000000000e+02
8.880000000000000000e+02
8.880000000000000000e+02
8.900000000000000000e+02
8.900000000000000000e+02
8.900000000000000000e+02
8.920000000000000000e+02
8.950000000000000000e+02
8.950000000000000000e+02
8.960000000000000000e+02
8.960000000000000000e+02
8.960000000000000000e+02
8.960000000000000000e+02
8.980000000000000000e+02
8.980000000000000000e+02
8.980000000000000000e+02
8.980000000000000000e+02
8.980000000000000000e+02
8.980000000000000000e+02
9.000000000000000000e+02
9.020000000000000000e+02
9.020000000000000000e+02
9.020000000000000000e+02
9.030000000000000000e+02
9.040000000000000000e+02
9.040000000000000000e+02
9.040000000000000000e+02
9.040000000000000000e+02
9.040000000000000000e+02
9.070000000000000000e+02
9.070000000000000000e+02
9.090000000000000000e+02
9.100000000000000000e+02
9.100000000000000000e+02
9.120000000000000000e+02
9.120000000000000000e+02
9.140000000000000000e+02
9.140000000000000000e+02
9.140000000000000000e+02
9.160000000000000000e+02
9.170000000000000000e+02
9.170000000000000000e+02
9.170000000000000000e+02
9.170000000000000000e+02
9.200000000000000000e+02
9.200000000000000000e+02
9.200000000000000000e+02
9.200000000000000000e+02
9.230000000000000000e+02
9.260000000000000000e+02
9.260000000000000000e+02
9.260000000000000000e+02
9.280000000000000000e+02
9.280000000000000000e+02
9.300000000000000000e+02
9.300000000000000000e+02
9.330000000000000000e+02
9.340000000000000000e+02
9.340000000000000000e+02
9.370000000000000000e+02
9.370000000000000000e+02
9.370000000000000000e+02
9.370000000000000000e+02
9.400000000000000000e+02
9.440000000000000000e+02
9.460000000000000000e+02
9.460000000000000000e+02
9.470000000000000000e+02
9.470000000000000000e+02
9.500000000000000000e+02
9.520000000000000000e+02
9.520000000000000000e+02
9.550000000000000000e+02
9.550000000000000000e+02
9.550000000000000000e+02
9.580000000000000000e+02
9.580000000000000000e+02
9.580000000000000000e+02
9.580000000000000000e+02
9.600000000000000000e+02
9.600000000000000000e+02
9.630000000000000000e+02
9.630000000000000000e+02
9.630000000000000000e+02
9.630000000000000000e+02
9.630000000000000000e+02
9.660000000000000000e+02
9.710000000000000000e+02
9.730000000000000000e+02
9.780000000000000000e+02
9.810000000000000000e+02
9.830000000000000000e+02
9.870000000000000000e+02
9.870000000000000000e+02
9.880000000000000000e+02
9.880000000000000000e+02
9.880000000000000000e+02
9.880000000000000000e+02
9.880000000000000000e+02
9.900000000000000000e+02
9.900000000000000000e+02
9.900000000000000000e+02
9.930000000000000000e+02
9.930000000000000000e+02
9.930000000000000000e+02
9.930000000000000000e+02
9.950000000000000000e+02
9.950000000000000000e+02
9.950000000000000000e+02
9.960000000000000000e+02
9.970000000000000000e+02
9.970000000000000000e+02
9.970000000000000000e+02
1.005000000000000000e+03
1.007000000000000000e+03
1.011000000000000000e+03
1.019000000000000000e+03
1.023000000000000000e+03
1.023000000000000000e+03
1.045000000000000000e+03
1.052000000000000000e+03
1.055000000000000000e+03
1.058000000000000000e+03
1.060000000000000000e+03
1.060000000000000000e+03
1.060000000000000000e+03
1.067000000000000000e+03
1.077000000000000000e+03
1.079000000000000000e+03
1.094000000000000000e+03
1.100000000000000000e+03
1.106000000000000000e+03
1.106000000000000000e+03
1.106000000000000000e+03
1.125000000000000000e+03
1.136000000000000000e+03
1.199000000000000000e+03
1.220000000000000000e+03
1.220000000000000000e+03
1.248000000000000000e+03
1.257000000000000000e+03
1.271000000000000000e+03
1.288000000000000000e+03
1.315000000000000000e+03
1.336000000000000000e+03
1.355000000000000000e+03
1.382000000000000000e+03
1.413000000000000000e+03
1.438000000000000000e+03
1.470000000000000000e+03
1.497000000000000000e+03
1.518000000000000000e+03
1.544000000000000000e+03
1.562000000000000000e+03
1.584000000000000000e+03
1.649000000000000000e+03
1.696000000000000000e+03
1.731000000000000000e+03
1.770000000000000000e+03
1.817000000000000000e+03
1.817000000000000000e+03
1.854000000000000000e+03
1.880000000000000000e+03
1.893000000000000000e+03
1.920000000000000000e+03
1.935000000000000000e+03
1.969000000000000000e+03
1.969000000000000000e+03
1.988000000000000000e+03
1.999000000000000000e+03
2.015000000000000000e+03
2.026000000000000000e+03
2.041000000000000000e+03
2.058000000000000000e+03
2.058000000000000000e+03
2.064000000000000000e+03
2.082000000000000000e+03
2.092000000000000000e+03
2.108000000000000000e+03
2.123000000000000000e+03
2.131000000000000000e+03
2.131000000000000000e+03
2.140000000000000000e+03
2.146000000000000000e+03
2.154000000000000000e+03
2.154000000000000000e+03
2.172000000000000000e+03
2.179000000000000000e+03
2.184000000000000000e+03
2.188000000000000000e+03
2.192000000000000000e+03
2.196000000000000000e+03
2.201000000000000000e+03
2.204000000000000000e+03
2.210000000000000000e+03
2.212000000000000000e+03
2.212000000000000000e+03
2.219000000000000000e+03
2.225000000000000000e+03
2.227000000000000000e+03
2.227000000000000000e+03
2.234000000000000000e+03
2.234000000000000000e+03
2.239000000000000000e+03
2.239000000000000000e+03
2.239000000000000000e+03
2.239000000000000000e+03
2.241000000000000000e+03
2.241000000000000000e+03
2.244000000000000000e+03
2.244000000000000000e+03
2.254000000000000000e+03
2.257000000000000000e+03
2.258000000000000000e+03
2.258000000000000000e+03
2.262000000000000000e+03
2.262000000000000000e+03
2.262000000000000000e+03
2.269000000000000000e+03
2.270000000000000000e+03
2.270000000000000000e+03
2.273000000000000000e+03
2.274000000000000000e+03
2.274000000000000000e+03
2.275000000000000000e+03
2.277000000000000000e+03
2.278000000000000000e+03
2.278000000000000000e+03
2.282000000000000000e+03
2.283000000000000000e+03
2.284000000000000000e+03
2.284000000000000000e+03
2.284000000000000000e+03
2.284000000000000000e+03
2.284000000000000000e+03
2.288000000000000000e+03
2.291000000000000000e+03
2.291000000000000000e+03
2.291000000000000000e+03
2.291000000000000000e+03
2.291000000000000000e+03
2.297000000000000000e+03
2.297000000000000000e+03
2.297000000000000000e+03
2.297000000000000000e+03
2.304000000000000000e+03
2.304000000000000000e+03
2.304000000000000000e+03
2.306000000000000000e+03
2.306000000000000000e+03
2.306000000000000000e+03
2.307000000000000000e+03
2.307000000000000000e+03
2.307000000000000000e+03
2.307000000000000000e+03
2.307000000000000000e+03
2.313000000000000000e+03
2.314000000000000000e+03
2.314000000000000000e+03
2.314000000000000000e+03
2.315000000000000000e+03
2.315000000000000000e+03
2.317000000000000000e+03
2.318000000000000000e+03
2.318000000000000000e+03
2.318000000000000000e+03
2.318000000000000000e+03
2.319000000000000000e+03
2.319000000000000000e+03
2.320000000000000000e+03
2.320000000000000000e+03
2.323000000000000000e+03
2.323000000000000000e+03
2.323000000000000000e+03
2.324000000000000000e+03
2.324000000000000000e+03
2.324000000000000000e+03
2.327000000000000000e+03
2.327000000000000000e+03
2.327000000000000000e+03
2.327000000000000000e+03
2.327000000000000000e+03
2.327000000000000000e+03
2.332000000000000000e+03
2.332000000000000000e+03
2.336000000000000000e+03
2.336000000000000000e+03
2.336000000000000000e+03
2.336000000000000000e+03
2.340000000000000000e+03
2.340000000000000000e+03
2.345000000000000000e+03
2.348000000000000000e+03
2.348000000000000000e+03
2.348000000000000000e+03
2.348000000000000000e+03
2.353000000000000000e+03
2.353000000000000000e+03
2.358000000000000000e+03
2.358000000000000000e+03
2.358000000000000000e+03
2.358000000000000000e+03
2.361000000000000000e+03
2.365000000000000000e+03
0.000000000000000000e+00
0.000000000000000000e+00
0.000000000000000000e+00
0.000000000000000000e+00
0.000000000000000000e+00
0.000000000000000000e+00
0.000000000000000000e+00
0.000000000000000000e+00
0.000000000000000000e+00
0.000000000000000000e+00
0.000000000000000000e+00
0.000000000000000000e+00
0.000000000000000000e+00
0.000000000000000000e+00
0.000000000000000000e+00
0.000000000000000000e+00
0.000000000000000000e+00
0.000000000000000000e+00
0.000000000000000000e+00
0.000000000000000000e+00
0.000000000000000000e+00
0.000000000000000000e+00
0.000000000000000000e+00
0.000000000000000000e+00
0.000000000000000000e+00
0.000000000000000000e+00
0.000000000000000000e+00
0.000000000000000000e+00
0.000000000000000000e+00
0.000000000000000000e+00
0.000000000000000000e+00
0.000000000000000000e+00
0.000000000000000000e+00
0.000000000000000000e+00
0.000000000000000000e+00
0.000000000000000000e+00
0.000000000000000000e+00
0.000000000000000000e+00
0.000000000000000000e+00
0.000000000000000000e+00
0.000000000000000000e+00
0.000000000000000000e+00
0.000000000000000000e+00
0.000000000000000000e+00
0.000000000000000000e+00
0.000000000000000000e+00
0.000000000000000000e+00
0.000000000000000000e+00
0.000000000000000000e+00
0.000000000000000000e+00
0.000000000000000000e+00
0.000000000000000000e+00
0.000000000000000000e+00
0.000000000000000000e+00
0.000000000000000000e+00
0.000000000000000000e+00
0.000000000000000000e+00
0.000000000000000000e+00
0.000000000000000000e+00
0.000000000000000000e+00
0.000000000000000000e+00
0.000000000000000000e+00
0.000000000000000000e+00
0.000000000000000000e+00
0.000000000000000000e+00
0.000000000000000000e+00
0.000000000000000000e+00
0.000000000000000000e+00
0.000000000000000000e+00
0.000000000000000000e+00
0.000000000000000000e+00
0.000000000000000000e+00
0.000000000000000000e+00
0.000000000000000000e+00
0.000000000000000000e+00
0.000000000000000000e+00
0.000000000000000000e+00
0.000000000000000000e+00
0.000000000000000000e+00
0.000000000000000000e+00
0.000000000000000000e+00
0.000000000000000000e+00
0.000000000000000000e+00
0.000000000000000000e+00
0.000000000000000000e+00
0.000000000000000000e+00
0.000000000000000000e+00
0.000000000000000000e+00
0.000000000000000000e+00
0.000000000000000000e+00
0.000000000000000000e+00
0.000000000000000000e+00
0.000000000000000000e+00
0.000000000000000000e+00
0.000000000000000000e+00
0.000000000000000000e+00
0.000000000000000000e+00
0.000000000000000000e+00
0.000000000000000000e+00
0.000000000000000000e+00
0.000000000000000000e+00
0.000000000000000000e+00
0.000000000000000000e+00
0.000000000000000000e+00
0.000000000000000000e+00
0.000000000000000000e+00
0.000000000000000000e+00
0.000000000000000000e+00
0.000000000000000000e+00
0.000000000000000000e+00
0.000000000000000000e+00
0.000000000000000000e+00
0.000000000000000000e+00
0.000000000000000000e+00
0.000000000000000000e+00
