0.000000000000000000e+00
0.000000000000000000e+00
0.000000000000000000e+00
0.000000000000000000e+00
0.000000000000000000e+00
0.000000000000000000e+00
0.000000000000000000e+00
0.000000000000000000e+00
0.000000000000000000e+00
0.000000000000000000e+00
0.000000000000000000e+00
0.000000000000000000e+00
0.000000000000000000e+00
0.000000000000000000e+00
0.000000000000000000e+00
0.000000000000000000e+00
0.000000000000000000e+00
0.000000000000000000e+00
0.000000000000000000e+00
0.000000000000000000e+00
0.000000000000000000e+00
0.000000000000000000e+00
0.000000000000000000e+00
0.000000000000000000e+00
0.000000000000000000e+00
0.000000000000000000e+00
0.000000000000000000e+00
0.000000000000000000e+00
0.000000000000000000e+00
0.000000000000000000e+00
0.000000000000000000e+00
0.000000000000000000e+00
0.000000000000000000e+00
0.000000000000000000e+00
0.000000000000000000e+00
0.000000000000000000e+00
0.000000000000000000e+00
0.000000000000000000e+00
0.000000000000000000e+00
0.000000000000000000e+00
0.000000000000000000e+00
0.000000000000000000e+00
0.000000000000000000e+00
0.000000000000000000e+00
0.000000000000000000e+00
0.000000000000000000e+00
0.000000000000000000e+00
0.000000000000000000e+00
0.000000000000000000e+00
0.000000000000000000e+00
0.000000000000000000e+00
0.000000000000000000e+00
0.000000000000000000e+00
0.000000000000000000e+00
0.000000000000000000e+00
0.000000000000000000e+00
0.000000000000000000e+00
0.000000000000000000e+00
0.000000000000000000e+00
0.000000000000000000e+00
0.000000000000000000e+00
0.000000000000000000e+00
0.000000000000000000e+00
0.000000000000000000e+00
0.000000000000000000e+00
0.000000000000000000e+00
0.000000000000000000e+00
0.000000000000000000e+00
0.000000000000000000e+00
0.000000000000000000e+00
0.000000000000000000e+00
0.000000000000000000e+00
0.000000000000000000e+00
0.000000000000000000e+00
0.000000000000000000e+00
4.000000000000000000e+00
4.000000000000000000e+00
4.000000000000000000e+00
4.000000000000000000e+00
4.000000000000000000e+00
4.000000000000000000e+00
4.000000000000000000e+00
4.000000000000000000e+00
4.000000000000000000e+00
4.000000000000000000e+00
4.000000000000000000e+00
4.000000000000000000e+00
4.000000000000000000e+00
4.000000000000000000e+00
4.000000000000000000e+00
4.000000000000000000e+00
4.000000000000000000e+00
4.000000000000000000e+00
4.000000000000000000e+00
4.000000000000000000e+00
4.000000000000000000e+00
4.000000000000000000e+00
8.000000000000000000e+00
8.000000000000000000e+00
1.400000000000000000e+01
1.600000000000000000e+01
1.600000000000000000e+01
1.600000000000000000e+01
2.300000000000000000e+01
1.740000000000000000e+02
1.740000000000000000e+02
1.870000000000000000e+02
2.080000000000000000e+02
2.080000000000000000e+02
2.080000000000000000e+02
2.080000000000000000e+02
2.080000000000000000e+02
2.200000000000000000e+02
2.350000000000000000e+02
2.350000000000000000e+02
2.350000000000000000e+02
2.350000000000000000e+02
2.460000000000000000e+02
2.510000000000000000e+02
2.510000000000000000e+02
2.510000000000000000e+02
2.510000000000000000e+02
2.510000000000000000e+02
2.510000000000000000e+02
2.990000000000000000e+02
4.410000000000000000e+02
4.430000000000000000e+02
4.580000000000000000e+02
4.630000000000000000e+02
4.790000000000000000e+02
4.830000000000000000e+02
4.840000000000000000e+02
4.840000000000000000e+02
4.840000000000000000e+02
4.850000000000000000e+02
4.990000000000000000e+02
4.990000000000000000e+02
5.130000000000000000e+02
5.130000000000000000e+02
5.140000000000000000e+02
6.110000000000000000e+02
6.320000000000000000e+02
6.390000000000000000e+02
6.590000000000000000e+02
6.610000000000000000e+02
6.620000000000000000e+02
6.710000000000000000e+02
6.830000000000000000e+02
6.880000000000000000e+02
6.930000000000000000e+02
6.980000000000000000e+02
6.980000000000000000e+02
7.020000000000000000e+02
7.070000000000000000e+02
7.100000000000000000e+02
7.110000000000000000e+02
7.120000000000000000e+02
7.130000000000000000e+02
7.130000000000000000e+02
7.130000000000000000e+02
7.140000000000000000e+02
7.150000000000000000e+02
7.170000000000000000e+02
7.190000000000000000e+02
7.190000000000000000e+02
7.200000000000000000e+02
7.210000000000000000e+02
7.240000000000000000e+02
7.240000000000000000e+02
7.260000000000000000e+02
7.270000000000000000e+02
7.270000000000000000e+02
7.290000000000000000e+02
7.320000000000000000e+02
7.320000000000000000e+02
7.370000000000000000e+02
7.400000000000000000e+02
7.410000000000000000e+02
7.430000000000000000e+02
7.460000000000000000e+02
7.460000000000000000e+02
7.460000000000000000e+02
7.470000000000000000e+02
7.490000000000000000e+02
8.600000000000000000e+02
8.620000000000000000e+02
8.630000000000000000e+02
8.650000000000000000e+02
8.670000000000000000e+02
8.680000000000000000e+02
8.700000000000000000e+02
8.710000000000000000e+02
8.740000000000000000e+02
8.740000000000000000e+02
8.740000000000000000e+02
8.750000000000000000e+02
8.780000000000000000e+02
8.780000000000000000e+02
8.780000000000000000e+02
8.780000000000000000e+02
8.780000000000000000e+02
8.780000000000000000e+02
8.810000000000000000e+02
8.820000000000000000e+02
8.830000000000000000e+02
8.850000000000000000e+02
8.850000000000000000e+02
8.850000000000000000e+02
8.850000000000000000e+02
8.850000000000000000e+02
8.850000000000000000e+02
8.880000000000000000e+02
8.910000000000000000e+02
8.920000000000000000e+02
8.920000000000000000e+02
8.920000000000000000e+02
8.920000000000000000e+02
8.920000000000000000e+02
8.940000000000000000e+02
8.950000000000000000e+02
8.950000000000000000e+02
8.960000000000000000e+02
8.960000000000000000e+02
8.960000000000000000e+02
8.960000000000000000e+02
8.970000000000000000e+02
8.970000000000000000e+02
8.980000000000000000e+02
8.980000000000000000e+02
8.980000000000000000e+02
8.980000000000000000e+02
8.980000000000000000e+02
9.010000000000000000e+02
9.060000000000000000e+02
9.060000000000000000e+02
9.060000000000000000e+02
9.060000000000000000e+02
9.070000000000000000e+02
9.070000000000000000e+02
9.070000000000000000e+02
9.080000000000000000e+02
9.080000000000000000e+02
9.080000000000000000e+02
9.080000000000000000e+02
9.080000000000000000e+02
9.080000000000000000e+02
9.100000000000000000e+02
9.110000000000000000e+02
9.110000000000000000e+02
9.110000000000000000e+02
9.110000000000000000e+02
9.110000000000000000e+02
9.110000000000000000e+02
9.110000000000000000e+02
9.110000000000000000e+02
9.130000000000000000e+02
9.130000000000000000e+02
9.130000000000000000e+02
9.140000000000000000e+02
9.140000000000000000e+02
9.210000000000000000e+02
9.220000000000000000e+02
9.220000000000000000e+02
9.290000000000000000e+02
9.290000000000000000e+02
9.290000000000000000e+02
9.290000000000000000e+02
9.290000000000000000e+02
9.320000000000000000e+02
9.320000000000000000e+02
9.330000000000000000e+02
9.330000000000000000e+02
9.330000000000000000e+02
9.350000000000000000e+02
9.350000000000000000e+02
9.380000000000000000e+02
9.400000000000000000e+02
9.400000000000000000e+02
9.410000000000000000e+02
9.410000000000000000e+02
9.430000000000000000e+02
9.440000000000000000e+02
9.450000000000000000e+02
9.450000000000000000e+02
9.490000000000000000e+02
9.490000000000000000e+02
9.540000000000000000e+02
9.580000000000000000e+02
9.580000000000000000e+02
9.600000000000000000e+02
9.620000000000000000e+02
9.620000000000000000e+02
9.620000000000000000e+02
9.620000000000000000e+02
9.620000000000000000e+02
9.630000000000000000e+02
9.630000000000000000e+02
9.640000000000000000e+02
9.650000000000000000e+02
9.650000000000000000e+02
9.670000000000000000e+02
9.670000000000000000e+02
9.740000000000000000e+02
9.740000000000000000e+02
9.790000000000000000e+02
9.790000000000000000e+02
9.810000000000000000e+02
9.810000000000000000e+02
9.820000000000000000e+02
9.850000000000000000e+02
9.850000000000000000e+02
9.890000000000000000e+02
9.890000000000000000e+02
9.910000000000000000e+02
9.960000000000000000e+02
9.970000000000000000e+02
9.970000000000000000e+02
9.990000000000000000e+02
9.990000000000000000e+02
9.990000000000000000e+02
1.002000000000000000e+03
1.005000000000000000e+03
1.005000000000000000e+03
1.009000000000000000e+03
1.009000000000000000e+03
1.009000000000000000e+03
1.009000000000000000e+03
1.010000000000000000e+03
1.010000000000000000e+03
1.010000000000000000e+03
1.011000000000000000e+03
1.011000000000000000e+03
1.012000000000000000e+03
1.012000000000000000e+03
1.012000000000000000e+03
1.012000000000000000e+03
1.012000000000000000e+03
1.012000000000000000e+03
1.014000000000000000e+03
1.014000000000000000e+03
1.014000000000000000e+03
1.014000000000000000e+03
1.014000000000000000e+03
1.014000000000000000e+03
1.014000000000000000e+03
1.022000000000000000e+03
1.024000000000000000e+03
1.024000000000000000e+03
1.024000000000000000e+03
1.024000000000000000e+03
1.025000000000000000e+03
1.035000000000000000e+03
1.054000000000000000e+03
1.066000000000000000e+03
1.066000000000000000e+03
1.066000000000000000e+03
1.090000000000000000e+03
1.105000000000000000e+03
1.119000000000000000e+03
1.125000000000000000e+03
1.130000000000000000e+03
1.142000000000000000e+03
1.142000000000000000e+03
1.151000000000000000e+03
1.170000000000000000e+03
1.171000000000000000e+03
1.182000000000000000e+03
1.188000000000000000e+03
1.188000000000000000e+03
1.189000000000000000e+03
1.210000000000000000e+03
1.221000000000000000e+03
1.232000000000000000e+03
1.245000000000000000e+03
1.256000000000000000e+03
1.257000000000000000e+03
1.259000000000000000e+03
1.283000000000000000e+03
1.287000000000000000e+03
1.298000000000000000e+03
1.346000000000000000e+03
1.351000000000000000e+03
1.351000000000000000e+03
1.355000000000000000e+03
1.385000000000000000e+03
1.430000000000000000e+03
1.431000000000000000e+03
1.478000000000000000e+03
1.482000000000000000e+03
1.482000000000000000e+03
1.482000000000000000e+03
1.520000000000000000e+03
1.535000000000000000e+03
1.548000000000000000e+03
1.578000000000000000e+03
1.578000000000000000e+03
1.610000000000000000e+03
1.628000000000000000e+03
1.655000000000000000e+03
1.672000000000000000e+03
1.719000000000000000e+03
1.745000000000000000e+03
1.786000000000000000e+03
1.786000000000000000e+03
1.828000000000000000e+03
1.840000000000000000e+03
1.881000000000000000e+03
1.898000000000000000e+03
1.923000000000000000e+03
1.944000000000000000e+03
1.950000000000000000e+03
1.961000000000000000e+03
1.977000000000000000e+03
2.010000000000000000e+03
2.035000000000000000e+03
2.057000000000000000e+03
2.078000000000000000e+03
2.078000000000000000e+03
2.084000000000000000e+03
2.085000000000000000e+03
2.107000000000000000e+03
2.114000000000000000e+03
2.123000000000000000e+03
2.142000000000000000e+03
2.145000000000000000e+03
2.157000000000000000e+03
2.159000000000000000e+03
2.174000000000000000e+03
2.177000000000000000e+03
2.196000000000000000e+03
2.210000000000000000e+03
2.212000000000000000e+03
2.215000000000000000e+03
2.221000000000000000e+03
2.223000000000000000e+03
2.232000000000000000e+03
2.236000000000000000e+03
2.240000000000000000e+03
2.240000000000000000e+03
2.244000000000000000e+03
2.248000000000000000e+03
2.255000000000000000e+03
2.255000000000000000e+03
2.261000000000000000e+03
2.263000000000000000e+03
2.266000000000000000e+03
2.267000000000000000e+03
2.268000000000000000e+03
2.269000000000000000e+03
2.271000000000000000e+03
2.272000000000000000e+03
2.275000000000000000e+03
2.275000000000000000e+03
2.275000000000000000e+03
2.283000000000000000e+03
2.288000000000000000e+03
2.292000000000000000e+03
2.292000000000000000e+03
2.297000000000000000e+03
2.298000000000000000e+03
2.299000000000000000e+03
2.299000000000000000e+03
2.301000000000000000e+03
2.301000000000000000e+03
2.302000000000000000e+03
2.302000000000000000e+03
2.310000000000000000e+03
2.310000000000000000e+03
2.311000000000000000e+03
2.314000000000000000e+03
2.317000000000000000e+03
2.317000000000000000e+03
2.318000000000000000e+03
2.318000000000000000e+03
2.318000000000000000e+03
2.320000000000000000e+03
2.320000000000000000e+03
2.320000000000000000e+03
2.324000000000000000e+03
2.327000000000000000e+03
2.327000000000000000e+03
2.330000000000000000e+03
2.332000000000000000e+03
2.333000000000000000e+03
2.334000000000000000e+03
2.335000000000000000e+03
2.338000000000000000e+03
2.338000000000000000e+03
2.338000000000000000e+03
2.338000000000000000e+03
2.338000000000000000e+03
2.338000000000000000e+03
2.344000000000000000e+03
2.345000000000000000e+03
2.345000000000000000e+03
2.345000000000000000e+03
2.345000000000000000e+03
2.347000000000000000e+03
2.349000000000000000e+03
2.353000000000000000e+03
2.353000000000000000e+03
2.353000000000000000e+03
2.353000000000000000e+03
2.353000000000000000e+03
2.354000000000000000e+03
2.355000000000000000e+03
2.356000000000000000e+03
2.357000000000000000e+03
2.358000000000000000e+03
2.358000000000000000e+03
2.358000000000000000e+03
2.358000000000000000e+03
2.358000000000000000e+03
2.360000000000000000e+03
2.362000000000000000e+03
2.362000000000000000e+03
2.362000000000000000e+03
2.363000000000000000e+03
2.363000000000000000e+03
2.364000000000000000e+03
2.365000000000000000e+03
2.365000000000000000e+03
2.365000000000000000e+03
2.365000000000000000e+03
2.366000000000000000e+03
2.366000000000000000e+03
2.369000000000000000e+03
2.369000000000000000e+03
2.376000000000000000e+03
2.376000000000000000e+03
2.377000000000000000e+03
2.383000000000000000e+03
2.386000000000000000e+03
2.386000000000000000e+03
2.387000000000000000e+03
2.392000000000000000e+03
2.392000000000000000e+03
2.392000000000000000e+03
2.392000000000000000e+03
2.395000000000000000e+03
2.400000000000000000e+03
2.406000000000000000e+03
2.410000000000000000e+03
2.410000000000000000e+03
2.410000000000000000e+03
2.410000000000000000e+03
2.417000000000000000e+03
2.417000000000000000e+03
2.420000000000000000e+03
2.424000000000000000e+03
2.424000000000000000e+03
2.424000000000000000e+03
2.424000000000000000e+03
2.432000000000000000e+03
2.432000000000000000e+03
2.446000000000000000e+03
2.454000000000000000e+03
2.454000000000000000e+03
2.454000000000000000e+03
2.457000000000000000e+03
2.463000000000000000e+03
2.465000000000000000e+03
2.468000000000000000e+03
2.470000000000000000e+03
2.470000000000000000e+03
2.475000000000000000e+03
2.476000000000000000e+03
2.478000000000000000e+03
2.480000000000000000e+03
2.482000000000000000e+03
2.488000000000000000e+03
2.488000000000000000e+03
2.489000000000000000e+03
2.492000000000000000e+03
2.496000000000000000e+03
2.502000000000000000e+03
2.517000000000000000e+03
2.524000000000000000e+03
2.524000000000000000e+03
2.524000000000000000e+03
2.546000000000000000e+03
2.555000000000000000e+03
2.570000000000000000e+03
2.579000000000000000e+03
2.590000000000000000e+03
2.590000000000000000e+03
2.593000000000000000e+03
2.608000000000000000e+03
2.627000000000000000e+03
2.634000000000000000e+03
2.657000000000000000e+03
2.683000000000000000e+03
2.683000000000000000e+03
2.692000000000000000e+03
2.697000000000000000e+03
2.709000000000000000e+03
2.738000000000000000e+03
2.787000000000000000e+03
2.814000000000000000e+03
2.816000000000000000e+03
2.825000000000000000e+03
2.877000000000000000e+03
2.893000000000000000e+03
2.984000000000000000e+03
3.025000000000000000e+03
3.040000000000000000e+03
3.043000000000000000e+03
3.097000000000000000e+03
3.115000000000000000e+03
3.192000000000000000e+03
3.217000000000000000e+03
3.295000000000000000e+03
3.338000000000000000e+03
3.344000000000000000e+03
3.349000000000000000e+03
3.408000000000000000e+03
3.453000000000000000e+03
3.459000000000000000e+03
3.504000000000000000e+03
3.531000000000000000e+03
3.535000000000000000e+03
3.536000000000000000e+03
3.564000000000000000e+03
3.584000000000000000e+03
3.600000000000000000e+03
3.613000000000000000e+03
3.626000000000000000e+03
3.628000000000000000e+03
3.629000000000000000e+03
3.639000000000000000e+03
3.649000000000000000e+03
3.659000000000000000e+03
3.670000000000000000e+03
3.675000000000000000e+03
3.677000000000000000e+03
3.677000000000000000e+03
3.685000000000000000e+03
3.687000000000000000e+03
3.689000000000000000e+03
3.691000000000000000e+03
3.697000000000000000e+03
3.697000000000000000e+03
3.697000000000000000e+03
3.705000000000000000e+03
3.705000000000000000e+03
3.705000000000000000e+03
3.710000000000000000e+03
3.712000000000000000e+03
3.714000000000000000e+03
3.714000000000000000e+03
3.715000000000000000e+03
3.715000000000000000e+03
3.718000000000000000e+03
3.720000000000000000e+03
3.721000000000000000e+03
3.729000000000000000e+03
3.729000000000000000e+03
3.730000000000000000e+03
3.730000000000000000e+03
3.730000000000000000e+03
3.730000000000000000e+03
3.730000000000000000e+03
3.731000000000000000e+03
3.731000000000000000e+03
3.731000000000000000e+03
3.731000000000000000e+03
3.731000000000000000e+03
3.731000000000000000e+03
3.731000000000000000e+03
3.731000000000000000e+03
3.731000000000000000e+03
3.731000000000000000e+03
3.731000000000000000e+03
3.731000000000000000e+03
3.731000000000000000e+03
3.731000000000000000e+03
3.731000000000000000e+03
3.731000000000000000e+03
3.731000000000000000e+03
3.731000000000000000e+03
3.732000000000000000e+03
3.732000000000000000e+03
3.732000000000000000e+03
3.733000000000000000e+03
3.733000000000000000e+03
3.733000000000000000e+03
3.733000000000000000e+03
3.733000000000000000e+03
3.733000000000000000e+03
3.733000000000000000e+03
3.733000000000000000e+03
3.733000000000000000e+03
3.733000000000000000e+03
3.733000000000000000e+03
3.735000000000000000e+03
3.735000000000000000e+03
3.735000000000000000e+03
3.735000000000000000e+03
3.735000000000000000e+03
3.736000000000000000e+03
3.737000000000000000e+03
3.741000000000000000e+03
3.744000000000000000e+03
3.755000000000000000e+03
3.758000000000000000e+03
3.759000000000000000e+03
3.790000000000000000e+03
3.819000000000000000e+03
3.877000000000000000e+03
3.897000000000000000e+03
3.903000000000000000e+03
3.912000000000000000e+03
3.945000000000000000e+03
4.010000000000000000e+03
4.034000000000000000e+03
4.151000000000000000e+03
4.416000000000000000e+03
4.735000000000000000e+03
4.892000000000000000e+03
4.916000000000000000e+03
5.052000000000000000e+03
5.235000000000000000e+03
5.404000000000000000e+03
5.458000000000000000e+03
5.495000000000000000e+03
5.525000000000000000e+03
5.569000000000000000e+03
5.634000000000000000e+03
5.651000000000000000e+03
5.785000000000000000e+03
5.798000000000000000e+03
5.816000000000000000e+03
5.832000000000000000e+03
5.836000000000000000e+03
5.849000000000000000e+03
5.856000000000000000e+03
5.867000000000000000e+03
5.873000000000000000e+03
5.883000000000000000e+03
5.885000000000000000e+03
5.890000000000000000e+03
5.899000000000000000e+03
5.903000000000000000e+03
5.907000000000000000e+03
5.908000000000000000e+03
5.911000000000000000e+03
5.912000000000000000e+03
5.912000000000000000e+03
5.912000000000000000e+03
5.913000000000000000e+03
5.916000000000000000e+03
5.919000000000000000e+03
5.920000000000000000e+03
5.920000000000000000e+03
5.920000000000000000e+03
5.920000000000000000e+03
5.922000000000000000e+03
5.922000000000000000e+03
5.924000000000000000e+03
5.925000000000000000e+03
5.926000000000000000e+03
5.930000000000000000e+03
5.930000000000000000e+03
5.932000000000000000e+03
5.932000000000000000e+03
5.933000000000000000e+03
5.933000000000000000e+03
5.934000000000000000e+03
5.934000000000000000e+03
5.934000000000000000e+03
5.934000000000000000e+03
5.934000000000000000e+03
5.939000000000000000e+03
5.939000000000000000e+03
5.939000000000000000e+03
5.939000000000000000e+03
5.939000000000000000e+03
5.939000000000000000e+03
5.939000000000000000e+03
5.939000000000000000e+03
5.939000000000000000e+03
5.939000000000000000e+03
5.936000000000000000e+03
5.937000000000000000e+03
5.938000000000000000e+03
5.938000000000000000e+03
5.938000000000000000e+03
5.940000000000000000e+03
5.941000000000000000e+03
5.941000000000000000e+03
5.943000000000000000e+03
5.943000000000000000e+03
5.943000000000000000e+03
5.944000000000000000e+03
5.945000000000000000e+03
5.945000000000000000e+03
5.945000000000000000e+03
5.945000000000000000e+03
5.945000000000000000e+03
5.945000000000000000e+03
5.945000000000000000e+03
5.945000000000000000e+03
5.945000000000000000e+03
5.948000000000000000e+03
5.948000000000000000e+03
5.948000000000000000e+03
5.948000000000000000e+03
5.948000000000000000e+03
5.948000000000000000e+03
5.948000000000000000e+03
5.948000000000000000e+03
5.948000000000000000e+03
5.948000000000000000e+03
5.948000000000000000e+03
5.948000000000000000e+03
5.948000000000000000e+03
5.948000000000000000e+03
5.953000000000000000e+03
5.953000000000000000e+03
5.953000000000000000e+03
5.953000000000000000e+03
5.953000000000000000e+03
5.953000000000000000e+03
5.953000000000000000e+03
5.957000000000000000e+03
5.957000000000000000e+03
5.957000000000000000e+03
5.957000000000000000e+03
5.957000000000000000e+03
5.957000000000000000e+03
5.957000000000000000e+03
5.964000000000000000e+03
5.964000000000000000e+03
5.964000000000000000e+03
5.964000000000000000e+03
5.964000000000000000e+03
5.964000000000000000e+03
5.964000000000000000e+03
5.970000000000000000e+03
5.970000000000000000e+03
5.970000000000000000e+03
5.970000000000000000e+03
5.970000000000000000e+03
5.970000000000000000e+03
5.970000000000000000e+03
5.973000000000000000e+03
5.973000000000000000e+03
5.973000000000000000e+03
5.973000000000000000e+03
5.973000000000000000e+03
5.973000000000000000e+03
5.973000000000000000e+03
5.982000000000000000e+03
5.982000000000000000e+03
5.982000000000000000e+03
5.982000000000000000e+03
5.982000000000000000e+03
5.982000000000000000e+03
5.982000000000000000e+03
5.991000000000000000e+03
5.991000000000000000e+03
5.991000000000000000e+03
5.991000000000000000e+03
5.991000000000000000e+03
5.991000000000000000e+03
5.991000000000000000e+03
6.003000000000000000e+03
