6.364989413654043204e+01
6.376128175519033903e+01
6.392990939752871782e+01
6.406937470306733928e+01
6.418159535702277196e+01
6.436004799262181564e+01
6.461695979059456363e+01
6.477511068375004299e+01
6.488649830239977234e+01
6.505512594473817956e+01
6.519459125027677260e+01
6.530681190423219107e+01
6.548526453983097895e+01
6.574217633780401115e+01
6.590032723095946210e+01
6.601171484960917724e+01
6.618034249194764129e+01
6.631980779748619170e+01
6.643202845144176649e+01
6.661048108704048332e+01
6.686739288501354395e+01
6.702554377816885278e+01
6.713693139681862476e+01
6.730555903915703198e+01
6.744502434469562502e+01
6.755724499865121402e+01
6.773569763425001611e+01
6.799260943222303410e+01
6.815076032537831452e+01
6.826214794402818598e+01
6.843077558636652213e+01
6.857024089190502991e+01
6.868246154586061891e+01
6.886091418145953469e+01
6.911782597943226847e+01
6.927597687258770520e+01
6.938736449123759087e+01
6.955599213357596966e+01
6.969545743911443481e+01
6.980767809307005223e+01
6.998613072866902485e+01
7.024304252664175863e+01
7.040119341979709588e+01
7.051258103844702418e+01
7.068120868078543140e+01
7.082067398632405286e+01
7.093289464027959923e+01
7.111134727587855764e+01
7.136825907385126300e+01
7.152640996700654341e+01
7.163779758565654276e+01
7.180642522799490735e+01
7.194589053353345776e+01
7.205811118748904676e+01
7.223656382308806201e+01
7.249347562106076737e+01
7.265162651421613305e+01
7.276301413286600450e+01
7.293164177520435487e+01
7.307110708074286265e+01
