-7.731197079150727625e+00
-4.597553634505475273e+00
-7.261989892994956008e+00
-7.211656054175522357e+00
-6.608809690012366289e+00
-9.427631447723651803e+00
-1.352877887656119604e+01
-1.202896818124296452e+01
-8.614702470904379794e+00
-1.089188903436570044e+01
-1.035530023786440168e+01
-9.178394357831761496e+00
-1.134987298627830121e+01
-1.474786547322341157e+01
-1.250903898944430104e+01
-8.341764803833410014e+00
-9.875098273816826477e+00
-8.627544665814074420e+00
-6.796146718973913536e+00
-8.392291730081415935e+00
-1.131515071104561088e+01
-8.720070605008334752e+00
-4.331072225010966115e+00
-5.789232500776090973e+00
-4.620942623948099737e+00
-3.026595270627711720e+00
-5.016113197773585775e+00
-8.482243067788868274e+00
-6.568943191280822269e+00
-2.984021671165068668e+00
-5.347803289227878842e+00
-5.161812351019783307e+00
-4.598016215793274242e+00
-7.635029444409932253e+00
-1.213218642663932201e+01
-1.119879194336791350e+01
-8.507684155366542100e+00
-1.164486418226214859e+01
-1.207915376197728996e+01
-1.195239913657455411e+01
-1.521659438592076619e+01
-1.970880596772459015e+01
-1.852118315657797609e+01
-1.531516615534643933e+01
-1.767162602513626268e+01
-1.706088119844637774e+01
-1.563309579359259516e+01
-1.735542423083870034e+01
-2.008677969158515708e+01
-1.694751157772936168e+01
-1.163310894133661755e+01
-1.176367388257247626e+01
-8.853123981795484099e+00
-5.098647405009836930e+00
-4.516797280958066096e+00
-5.017128115974230695e+00
2.293128816965377403e-01
7.477493106644919507e+00
9.060125988614682768e+00
1.341963677171285063e+01
