2.787474689094853186e-01
2.644571579626234792e-01
2.404918132360512606e-01
2.932445569392136964e-01
3.436873554341349779e-01
2.473693198797228265e-01
2.005134397087453280e-01
2.324456996472762937e-01
2.035781876979495530e-01
1.661945629019279946e-01
2.068855032268108185e-01
2.467886311648015973e-01
1.415837741707758890e-01
8.758754244176564230e-02
1.141812187523254252e-01
8.179358721168415725e-02
4.268706428118408669e-02
8.339472223381746985e-02
1.249626487523186058e-01
2.294842376677450058e-02
-2.648039994938231056e-02
5.886069082330826902e-03
-1.971218819340472828e-02
-5.121374007099598058e-02
-2.293286390424614796e-03
4.788611231290570286e-02
-4.532320555389461603e-02
-8.595000771727280553e-02
-4.496718702828234049e-02
-6.229991258673966970e-02
-8.603078916763406969e-02
-2.995466212260969319e-02
2.667116690520424452e-02
-6.086809049235326896e-02
-9.664082435565143903e-02
-5.163246724116177244e-02
-6.575484847265065935e-02
-8.705328485153542017e-02
-2.926397142644669019e-02
2.843265412551337218e-02
-5.858672326387474871e-02
-9.428835149454710407e-02
-4.954900113016745544e-02
-6.416954429906204793e-02
-8.608621227263925368e-02
-2.893196497909636400e-02
2.820647734951853974e-02
-5.921324366855953980e-02
-9.509190013723400892e-02
-5.025838301254928475e-02
-6.448472883491235264e-02
-8.569811615963256191e-02
-2.754224573825047456e-02
3.086634167009463109e-02
-5.506220062290193007e-02
-8.929173917488110457e-02
-4.272722308007936842e-02
-5.522657472841663306e-02
-7.480915991251640973e-02
-1.521336722770421507e-02
