0.000000000000000000e+00
0.000000000000000000e+00
0.000000000000000000e+00
0.000000000000000000e+00
0.000000000000000000e+00
0.000000000000000000e+00
0.000000000000000000e+00
0.000000000000000000e+00
0.000000000000000000e+00
0.000000000000000000e+00
0.000000000000000000e+00
0.000000000000000000e+00
0.000000000000000000e+00
0.000000000000000000e+00
0.000000000000000000e+00
0.000000000000000000e+00
0.000000000000000000e+00
0.000000000000000000e+00
0.000000000000000000e+00
0.000000000000000000e+00
0.000000000000000000e+00
0.000000000000000000e+00
0.000000000000000000e+00
0.000000000000000000e+00
0.000000000000000000e+00
0.000000000000000000e+00
0.000000000000000000e+00
0.000000000000000000e+00
0.000000000000000000e+00
0.000000000000000000e+00
0.000000000000000000e+00
0.000000000000000000e+00
0.000000000000000000e+00
0.000000000000000000e+00
0.000000000000000000e+00
0.000000000000000000e+00
0.000000000000000000e+00
0.000000000000000000e+00
0.000000000000000000e+00
0.000000000000000000e+00
0.000000000000000000e+00
0.000000000000000000e+00
0.000000000000000000e+00
0.000000000000000000e+00
0.000000000000000000e+00
0.000000000000000000e+00
0.000000000000000000e+00
3.000000000000000000e+00
3.000000000000000000e+00
1.500000000000000000e+01
1.500000000000000000e+01
2.400000000000000000e+01
2.600000000000000000e+01
2.600000000000000000e+01
2.600000000000000000e+01
3.200000000000000000e+01
4.300000000000000000e+01
4.300000000000000000e+01
4.900000000000000000e+01
5.100000000000000000e+01
5.700000000000000000e+01
5.700000000000000000e+01
7.500000000000000000e+01
1.030000000000000000e+02
1.050000000000000000e+02
1.220000000000000000e+02
1.310000000000000000e+02
1.430000000000000000e+02
1.520000000000000000e+02
1.700000000000000000e+02
1.820000000000000000e+02
2.020000000000000000e+02
2.260000000000000000e+02
2.590000000000000000e+02
2.790000000000000000e+02
3.440000000000000000e+02
3.730000000000000000e+02
4.520000000000000000e+02
4.960000000000000000e+02
5.500000000000000000e+02
6.010000000000000000e+02
6.400000000000000000e+02
7.170000000000000000e+02
7.660000000000000000e+02
8.120000000000000000e+02
8.560000000000000000e+02
9.060000000000000000e+02
9.530000000000000000e+02
1.009000000000000000e+03
1.043000000000000000e+03
1.096000000000000000e+03
1.146000000000000000e+03
1.171000000000000000e+03
1.204000000000000000e+03
1.224000000000000000e+03
1.263000000000000000e+03
1.286000000000000000e+03
1.319000000000000000e+03
1.346000000000000000e+03
1.375000000000000000e+03
1.414000000000000000e+03
1.473000000000000000e+03
1.490000000000000000e+03
1.544000000000000000e+03
1.571000000000000000e+03
1.602000000000000000e+03
1.626000000000000000e+03
1.661000000000000000e+03
1.702000000000000000e+03
1.734000000000000000e+03
1.790000000000000000e+03
1.903000000000000000e+03
1.966000000000000000e+03
2.028000000000000000e+03
2.089000000000000000e+03
2.126000000000000000e+03
2.218000000000000000e+03
2.310000000000000000e+03
2.366000000000000000e+03
2.438000000000000000e+03
2.483000000000000000e+03
2.532000000000000000e+03
2.585000000000000000e+03
2.738000000000000000e+03
2.811000000000000000e+03
2.852000000000000000e+03
2.904000000000000000e+03
2.971000000000000000e+03
3.044000000000000000e+03
3.110000000000000000e+03
3.156000000000000000e+03
3.275000000000000000e+03
3.508000000000000000e+03
4.095000000000000000e+03
4.338000000000000000e+03
4.573000000000000000e+03
4.904000000000000000e+03
5.186000000000000000e+03
5.572000000000000000e+03
5.831000000000000000e+03
6.214000000000000000e+03
6.568000000000000000e+03
6.868000000000000000e+03
7.515000000000000000e+03
8.121000000000000000e+03
9.271000000000000000e+03
9.862000000000000000e+03
1.077000000000000000e+04
1.133300000000000000e+04
1.220500000000000000e+04
1.321100000000000000e+04
1.393500000000000000e+04
1.478500000000000000e+04
1.575300000000000000e+04
1.681400000000000000e+04
1.805100000000000000e+04
1.885900000000000000e+04
1.993800000000000000e+04
2.112200000000000000e+04
2.297400000000000000e+04
2.476000000000000000e+04
2.626700000000000000e+04
2.791200000000000000e+04
2.960000000000000000e+04
3.107700000000000000e+04
3.301700000000000000e+04
3.474100000000000000e+04
3.625200000000000000e+04
3.787900000000000000e+04
3.950200000000000000e+04
4.138000000000000000e+04
4.307900000000000000e+04
4.472400000000000000e+04
4.699800000000000000e+04
5.078200000000000000e+04
5.262100000000000000e+04
5.431600000000000000e+04
5.649500000000000000e+04
5.849200000000000000e+04
6.052800000000000000e+04
6.283600000000000000e+04
6.495000000000000000e+04
6.714700000000000000e+04
6.940500000000000000e+04
7.126800000000000000e+04
7.331700000000000000e+04
7.521700000000000000e+04
7.714400000000000000e+04
8.106200000000000000e+04
8.346100000000000000e+04
8.554600000000000000e+04
8.743400000000000000e+04
8.927500000000000000e+04
9.188600000000000000e+04
9.411100000000000000e+04
9.610300000000000000e+04
9.844200000000000000e+04
1.010250000000000000e+05
1.031970000000000000e+05
1.055040000000000000e+05
1.077750000000000000e+05
1.097900000000000000e+05
1.121020000000000000e+05
1.145410000000000000e+05
1.172080000000000000e+05
1.201290000000000000e+05
1.227000000000000000e+05
1.253740000000000000e+05
1.289450000000000000e+05
1.318400000000000000e+05
1.343690000000000000e+05
1.372000000000000000e+05
1.404460000000000000e+05
1.433930000000000000e+05
1.464090000000000000e+05
1.503890000000000000e+05
1.537610000000000000e+05
1.572150000000000000e+05
1.610090000000000000e+05
1.648740000000000000e+05
1.690200000000000000e+05
1.728800000000000000e+05
1.766020000000000000e+05
1.804730000000000000e+05
1.842050000000000000e+05
1.877570000000000000e+05
1.913680000000000000e+05
1.952590000000000000e+05
1.985600000000000000e+05
2.028590000000000000e+05
2.063240000000000000e+05
2.099930000000000000e+05
2.138170000000000000e+05
2.173960000000000000e+05
2.212830000000000000e+05
2.247050000000000000e+05
2.291320000000000000e+05
2.333460000000000000e+05
2.372410000000000000e+05
2.411000000000000000e+05
2.453050000000000000e+05
2.495390000000000000e+05
2.535910000000000000e+05
2.580750000000000000e+05
2.617570000000000000e+05
2.649880000000000000e+05
2.687610000000000000e+05
2.732660000000000000e+05
2.769180000000000000e+05
2.806730000000000000e+05
2.847840000000000000e+05
2.888120000000000000e+05
2.921970000000000000e+05
2.958820000000000000e+05
2.998040000000000000e+05
3.036650000000000000e+05
3.074820000000000000e+05
3.121580000000000000e+05
3.163710000000000000e+05
3.197840000000000000e+05
3.238150000000000000e+05
3.280970000000000000e+05
3.323300000000000000e+05
3.361570000000000000e+05
3.400500000000000000e+05
3.442080000000000000e+05
3.473960000000000000e+05
3.507520000000000000e+05
3.539620000000000000e+05
3.572910000000000000e+05
3.604770000000000000e+05
3.635320000000000000e+05
3.661340000000000000e+05
3.690100000000000000e+05
3.718260000000000000e+05
3.751880000000000000e+05
3.782090000000000000e+05
3.813490000000000000e+05
3.845930000000000000e+05
3.880810000000000000e+05
3.910100000000000000e+05
3.943860000000000000e+05
3.972410000000000000e+05
3.996550000000000000e+05
4.027820000000000000e+05
4.057770000000000000e+05
4.087560000000000000e+05
4.172350000000000000e+05
4.202060000000000000e+05
4.232660000000000000e+05
4.259260000000000000e+05
4.289280000000000000e+05
4.322330000000000000e+05
4.346650000000000000e+05
4.366570000000000000e+05
4.392280000000000000e+05
4.418560000000000000e+05
4.442260000000000000e+05
4.470390000000000000e+05
4.495650000000000000e+05
4.530250000000000000e+05
4.551760000000000000e+05
4.574900000000000000e+05
4.603940000000000000e+05
4.630400000000000000e+05
4.654520000000000000e+05
4.676540000000000000e+05
4.697840000000000000e+05
4.720540000000000000e+05
4.743760000000000000e+05
4.762970000000000000e+05
4.785370000000000000e+05
4.809030000000000000e+05
4.826740000000000000e+05
4.845700000000000000e+05
4.863130000000000000e+05
4.878630000000000000e+05
4.897720000000000000e+05
4.916570000000000000e+05
4.935670000000000000e+05
4.957250000000000000e+05
4.980640000000000000e+05
4.998460000000000000e+05
5.019670000000000000e+05
5.038970000000000000e+05
5.056690000000000000e+05
5.074460000000000000e+05
5.094740000000000000e+05
5.116390000000000000e+05
5.134050000000000000e+05
5.153210000000000000e+05
5.170910000000000000e+05
5.190050000000000000e+05
5.209690000000000000e+05
5.226370000000000000e+05
5.243440000000000000e+05
5.257920000000000000e+05
5.273410000000000000e+05
5.288720000000000000e+05
5.302620000000000000e+05
5.318030000000000000e+05
5.333140000000000000e+05
5.348010000000000000e+05
5.363480000000000000e+05
5.378410000000000000e+05
5.398170000000000000e+05
5.417460000000000000e+05
5.437200000000000000e+05
5.455290000000000000e+05
5.474570000000000000e+05
5.493460000000000000e+05
5.511270000000000000e+05
5.530250000000000000e+05
5.549900000000000000e+05
5.567420000000000000e+05
5.587770000000000000e+05
5.605830000000000000e+05
5.625750000000000000e+05
5.643590000000000000e+05
5.658890000000000000e+05
5.678980000000000000e+05
5.694290000000000000e+05
5.711980000000000000e+05
5.730110000000000000e+05
5.749200000000000000e+05
5.767250000000000000e+05
5.782920000000000000e+05
5.798380000000000000e+05
5.815420000000000000e+05
5.831270000000000000e+05
5.847520000000000000e+05
5.863270000000000000e+05
5.882600000000000000e+05
5.895400000000000000e+05
5.908570000000000000e+05
5.921290000000000000e+05
5.933840000000000000e+05
5.945940000000000000e+05
5.958690000000000000e+05
5.969590000000000000e+05
5.981470000000000000e+05
5.991670000000000000e+05
6.001930000000000000e+05
6.010410000000000000e+05
6.020180000000000000e+05
6.028200000000000000e+05
6.038140000000000000e+05
6.048220000000000000e+05
6.059800000000000000e+05
6.070590000000000000e+05
6.081780000000000000e+05
6.098000000000000000e+05
6.110360000000000000e+05
6.127270000000000000e+05
6.145290000000000000e+05
6.165070000000000000e+05
6.185090000000000000e+05
6.207450000000000000e+05
6.233370000000000000e+05
6.254470000000000000e+05
6.277180000000000000e+05
6.301780000000000000e+05
6.329980000000000000e+05
6.359310000000000000e+05
6.396390000000000000e+05
6.431560000000000000e+05
6.466190000000000000e+05
6.500150000000000000e+05
6.531490000000000000e+05
6.570320000000000000e+05
6.605410000000000000e+05
6.644610000000000000e+05
6.681530000000000000e+05
6.712880000000000000e+05
6.743450000000000000e+05
6.777420000000000000e+05
6.818280000000000000e+05
6.857700000000000000e+05
6.906200000000000000e+05
6.951840000000000000e+05
6.987750000000000000e+05
7.026670000000000000e+05
7.069040000000000000e+05
7.106990000000000000e+05
7.150730000000000000e+05
7.191610000000000000e+05
7.232860000000000000e+05
7.274710000000000000e+05
7.322520000000000000e+05
7.367470000000000000e+05
7.411150000000000000e+05
7.459350000000000000e+05
7.504350000000000000e+05
7.553500000000000000e+05
7.595600000000000000e+05
7.640960000000000000e+05
7.682150000000000000e+05
7.732320000000000000e+05
7.785350000000000000e+05
7.841990000000000000e+05
7.894240000000000000e+05
7.944440000000000000e+05
7.993270000000000000e+05
8.047720000000000000e+05
8.096630000000000000e+05
8.148530000000000000e+05
8.205320000000000000e+05
8.263230000000000000e+05
8.315190000000000000e+05
8.373360000000000000e+05
8.438510000000000000e+05
8.497180000000000000e+05
8.565320000000000000e+05
8.640390000000000000e+05
8.709270000000000000e+05
8.773090000000000000e+05
8.841810000000000000e+05
8.910070000000000000e+05
8.979660000000000000e+05
9.053010000000000000e+05
9.132110000000000000e+05
9.205230000000000000e+05
9.275750000000000000e+05
9.349350000000000000e+05
9.420460000000000000e+05
9.493410000000000000e+05
9.572000000000000000e+05
9.645510000000000000e+05
9.717930000000000000e+05
9.790410000000000000e+05
9.861340000000000000e+05
9.924230000000000000e+05
9.986260000000000000e+05
1.005369000000000000e+06
1.011606000000000000e+06
1.018167000000000000e+06
1.023584000000000000e+06
1.028627000000000000e+06
1.034396000000000000e+06
1.039616000000000000e+06
1.045240000000000000e+06
1.050687000000000000e+06
1.056885000000000000e+06
1.061975000000000000e+06
1.067387000000000000e+06
1.072026000000000000e+06
1.076804000000000000e+06
1.081843000000000000e+06
1.086612000000000000e+06
1.090891000000000000e+06
1.094140000000000000e+06
1.098199000000000000e+06
1.101676000000000000e+06
1.107101000000000000e+06
1.111466000000000000e+06
1.116456000000000000e+06
1.120799000000000000e+06
1.125110000000000000e+06
1.129221000000000000e+06
1.133347000000000000e+06
1.137695000000000000e+06
1.142093000000000000e+06
1.146745000000000000e+06
1.151515000000000000e+06
1.155887000000000000e+06
1.159973000000000000e+06
1.164103000000000000e+06
1.168198000000000000e+06
1.172227000000000000e+06
1.176576000000000000e+06
1.180713000000000000e+06
1.184492000000000000e+06
1.188422000000000000e+06
1.192285000000000000e+06
1.196114000000000000e+06
1.200103000000000000e+06
1.204879000000000000e+06
1.209918000000000000e+06
1.213952000000000000e+06
1.217982000000000000e+06
1.222494000000000000e+06
1.226959000000000000e+06
1.231225000000000000e+06
1.235923000000000000e+06
1.240978000000000000e+06
1.245528000000000000e+06
1.250121000000000000e+06
1.255203000000000000e+06
1.260297000000000000e+06
1.265455000000000000e+06
1.271244000000000000e+06
1.277242000000000000e+06
1.282764000000000000e+06
1.287903000000000000e+06
1.294411000000000000e+06
1.300517000000000000e+06
1.306454000000000000e+06
1.313552000000000000e+06
1.320260000000000000e+06
1.326073000000000000e+06
1.332578000000000000e+06
1.340383000000000000e+06
1.348303000000000000e+06
1.356267000000000000e+06
1.364545000000000000e+06
1.372158000000000000e+06
1.379074000000000000e+06
1.386331000000000000e+06
1.394536000000000000e+06
1.402537000000000000e+06
1.411029000000000000e+06
1.420995000000000000e+06
1.429542000000000000e+06
1.437759000000000000e+06
1.447160000000000000e+06
1.455659000000000000e+06
1.464273000000000000e+06
1.472093000000000000e+06
1.480827000000000000e+06
1.488186000000000000e+06
1.494760000000000000e+06
0.000000000000000000e+00
0.000000000000000000e+00
0.000000000000000000e+00
0.000000000000000000e+00
0.000000000000000000e+00
0.000000000000000000e+00
0.000000000000000000e+00
0.000000000000000000e+00
0.000000000000000000e+00
0.000000000000000000e+00
0.000000000000000000e+00
0.000000000000000000e+00
0.000000000000000000e+00
0.000000000000000000e+00
0.000000000000000000e+00
0.000000000000000000e+00
0.000000000000000000e+00
0.000000000000000000e+00
0.000000000000000000e+00
0.000000000000000000e+00
0.000000000000000000e+00
0.000000000000000000e+00
0.000000000000000000e+00
0.000000000000000000e+00
0.000000000000000000e+00
0.000000000000000000e+00
0.000000000000000000e+00
0.000000000000000000e+00
0.000000000000000000e+00
0.000000000000000000e+00
0.000000000000000000e+00
0.000000000000000000e+00
0.000000000000000000e+00
0.000000000000000000e+00
0.000000000000000000e+00
0.000000000000000000e+00
0.000000000000000000e+00
0.000000000000000000e+00
0.000000000000000000e+00
0.000000000000000000e+00
0.000000000000000000e+00
0.000000000000000000e+00
0.000000000000000000e+00
0.000000000000000000e+00
0.000000000000000000e+00
0.000000000000000000e+00
0.000000000000000000e+00
0.000000000000000000e+00
0.000000000000000000e+00
0.000000000000000000e+00
0.000000000000000000e+00
0.000000000000000000e+00
0.000000000000000000e+00
0.000000000000000000e+00
0.000000000000000000e+00
0.000000000000000000e+00
0.000000000000000000e+00
0.000000000000000000e+00
0.000000000000000000e+00
0.000000000000000000e+00
0.000000000000000000e+00
0.000000000000000000e+00
0.000000000000000000e+00
0.000000000000000000e+00
0.000000000000000000e+00
0.000000000000000000e+00
0.000000000000000000e+00
0.000000000000000000e+00
0.000000000000000000e+00
0.000000000000000000e+00
0.000000000000000000e+00
0.000000000000000000e+00
0.000000000000000000e+00
0.000000000000000000e+00
0.000000000000000000e+00
0.000000000000000000e+00
0.000000000000000000e+00
0.000000000000000000e+00
0.000000000000000000e+00
0.000000000000000000e+00
0.000000000000000000e+00
0.000000000000000000e+00
0.000000000000000000e+00
0.000000000000000000e+00
0.000000000000000000e+00
0.000000000000000000e+00
0.000000000000000000e+00
0.000000000000000000e+00
0.000000000000000000e+00
0.000000000000000000e+00
0.000000000000000000e+00
0.000000000000000000e+00
0.000000000000000000e+00
0.000000000000000000e+00
