0.000000000000000000e+00
0.000000000000000000e+00
0.000000000000000000e+00
0.000000000000000000e+00
0.000000000000000000e+00
0.000000000000000000e+00
0.000000000000000000e+00
0.000000000000000000e+00
0.000000000000000000e+00
0.000000000000000000e+00
0.000000000000000000e+00
0.000000000000000000e+00
0.000000000000000000e+00
0.000000000000000000e+00
0.000000000000000000e+00
0.000000000000000000e+00
0.000000000000000000e+00
0.000000000000000000e+00
0.000000000000000000e+00
0.000000000000000000e+00
0.000000000000000000e+00
0.000000000000000000e+00
0.000000000000000000e+00
0.000000000000000000e+00
0.000000000000000000e+00
0.000000000000000000e+00
0.000000000000000000e+00
0.000000000000000000e+00
0.000000000000000000e+00
0.000000000000000000e+00
0.000000000000000000e+00
0.000000000000000000e+00
0.000000000000000000e+00
0.000000000000000000e+00
0.000000000000000000e+00
0.000000000000000000e+00
0.000000000000000000e+00
0.000000000000000000e+00
0.000000000000000000e+00
0.000000000000000000e+00
0.000000000000000000e+00
0.000000000000000000e+00
2.000000000000000000e+00
2.000000000000000000e+00
3.000000000000000000e+00
4.000000000000000000e+00
6.000000000000000000e+00
6.000000000000000000e+00
7.000000000000000000e+00
7.000000000000000000e+00
8.000000000000000000e+00
9.000000000000000000e+00
1.000000000000000000e+01
1.000000000000000000e+01
1.000000000000000000e+01
1.100000000000000000e+01
1.200000000000000000e+01
1.300000000000000000e+01
1.700000000000000000e+01
1.700000000000000000e+01
2.000000000000000000e+01
2.300000000000000000e+01
2.700000000000000000e+01
2.900000000000000000e+01
3.600000000000000000e+01
4.000000000000000000e+01
4.200000000000000000e+01
4.200000000000000000e+01
4.600000000000000000e+01
5.000000000000000000e+01
5.200000000000000000e+01
5.400000000000000000e+01
5.400000000000000000e+01
5.600000000000000000e+01
6.100000000000000000e+01
6.400000000000000000e+01
6.500000000000000000e+01
6.900000000000000000e+01
6.900000000000000000e+01
7.000000000000000000e+01
7.200000000000000000e+01
7.600000000000000000e+01
7.800000000000000000e+01
7.800000000000000000e+01
7.900000000000000000e+01
8.000000000000000000e+01
8.100000000000000000e+01
8.200000000000000000e+01
8.200000000000000000e+01
8.200000000000000000e+01
8.300000000000000000e+01
8.300000000000000000e+01
8.300000000000000000e+01
8.600000000000000000e+01
8.600000000000000000e+01
8.700000000000000000e+01
8.800000000000000000e+01
9.000000000000000000e+01
9.200000000000000000e+01
9.300000000000000000e+01
9.400000000000000000e+01
9.500000000000000000e+01
9.700000000000000000e+01
9.800000000000000000e+01
1.020000000000000000e+02
1.020000000000000000e+02
1.020000000000000000e+02
1.040000000000000000e+02
1.070000000000000000e+02
1.090000000000000000e+02
1.100000000000000000e+02
1.120000000000000000e+02
1.150000000000000000e+02
1.150000000000000000e+02
1.170000000000000000e+02
1.210000000000000000e+02
1.230000000000000000e+02
1.270000000000000000e+02
1.310000000000000000e+02
1.340000000000000000e+02
1.400000000000000000e+02
1.470000000000000000e+02
1.520000000000000000e+02
1.600000000000000000e+02
1.630000000000000000e+02
1.690000000000000000e+02
1.750000000000000000e+02
1.790000000000000000e+02
1.850000000000000000e+02
1.950000000000000000e+02
2.050000000000000000e+02
2.150000000000000000e+02
2.350000000000000000e+02
2.560000000000000000e+02
2.710000000000000000e+02
2.850000000000000000e+02
3.180000000000000000e+02
3.460000000000000000e+02
3.700000000000000000e+02
3.920000000000000000e+02
4.260000000000000000e+02
4.570000000000000000e+02
4.960000000000000000e+02
5.490000000000000000e+02
6.070000000000000000e+02
6.520000000000000000e+02
7.120000000000000000e+02
7.730000000000000000e+02
8.560000000000000000e+02
9.250000000000000000e+02
1.013000000000000000e+03
1.100000000000000000e+03
1.167000000000000000e+03
1.251000000000000000e+03
1.330000000000000000e+03
1.437000000000000000e+03
1.559000000000000000e+03
1.660000000000000000e+03
1.756000000000000000e+03
1.839000000000000000e+03
1.943000000000000000e+03
2.050000000000000000e+03
2.160000000000000000e+03
2.262000000000000000e+03
2.368000000000000000e+03
2.473000000000000000e+03
2.567000000000000000e+03
2.685000000000000000e+03
2.779000000000000000e+03
2.882000000000000000e+03
2.960000000000000000e+03
3.055000000000000000e+03
3.150000000000000000e+03
3.250000000000000000e+03
3.345000000000000000e+03
3.432000000000000000e+03
3.522000000000000000e+03
3.616000000000000000e+03
3.691000000000000000e+03
3.781000000000000000e+03
3.869000000000000000e+03
3.950000000000000000e+03
4.042000000000000000e+03
4.122000000000000000e+03
4.212000000000000000e+03
4.284000000000000000e+03
4.362000000000000000e+03
4.458000000000000000e+03
4.535000000000000000e+03
4.603000000000000000e+03
4.671000000000000000e+03
4.741000000000000000e+03
4.805000000000000000e+03
4.868000000000000000e+03
4.934000000000000000e+03
5.017000000000000000e+03
5.094000000000000000e+03
5.161000000000000000e+03
5.236000000000000000e+03
5.310000000000000000e+03
5.392000000000000000e+03
5.464000000000000000e+03
5.531000000000000000e+03
5.588000000000000000e+03
5.641000000000000000e+03
5.709000000000000000e+03
5.785000000000000000e+03
5.860000000000000000e+03
5.954000000000000000e+03
6.036000000000000000e+03
6.121000000000000000e+03
6.208000000000000000e+03
6.283000000000000000e+03
6.353000000000000000e+03
6.428000000000000000e+03
6.519000000000000000e+03
6.596000000000000000e+03
6.668000000000000000e+03
6.740000000000000000e+03
6.814000000000000000e+03
6.891000000000000000e+03
6.959000000000000000e+03
7.042000000000000000e+03
7.123000000000000000e+03
7.201000000000000000e+03
7.275000000000000000e+03
7.359000000000000000e+03
7.422000000000000000e+03
7.512000000000000000e+03
7.589000000000000000e+03
7.657000000000000000e+03
7.732000000000000000e+03
7.814000000000000000e+03
7.881000000000000000e+03
7.941000000000000000e+03
8.014000000000000000e+03
8.086000000000000000e+03
8.166000000000000000e+03
8.248000000000000000e+03
8.332000000000000000e+03
8.408000000000000000e+03
8.491000000000000000e+03
8.555000000000000000e+03
8.625000000000000000e+03
8.682000000000000000e+03
8.754000000000000000e+03
8.799000000000000000e+03
8.867000000000000000e+03
8.935000000000000000e+03
8.990000000000000000e+03
9.052000000000000000e+03
9.122000000000000000e+03
9.181000000000000000e+03
9.231000000000000000e+03
9.298000000000000000e+03
9.347000000000000000e+03
9.399000000000000000e+03
9.464000000000000000e+03
9.531000000000000000e+03
9.604000000000000000e+03
9.683000000000000000e+03
9.735000000000000000e+03
9.790000000000000000e+03
9.852000000000000000e+03
9.912000000000000000e+03
9.970000000000000000e+03
1.002100000000000000e+04
1.008600000000000000e+04
1.014200000000000000e+04
1.019800000000000000e+04
1.025400000000000000e+04
1.031700000000000000e+04
1.036600000000000000e+04
1.041800000000000000e+04
1.046500000000000000e+04
1.051300000000000000e+04
1.056800000000000000e+04
1.062300000000000000e+04
1.067100000000000000e+04
1.072400000000000000e+04
1.077000000000000000e+04
1.081500000000000000e+04
1.086200000000000000e+04
1.091000000000000000e+04
1.096600000000000000e+04
1.101700000000000000e+04
1.106800000000000000e+04
1.112800000000000000e+04
1.117500000000000000e+04
1.124400000000000000e+04
1.128300000000000000e+04
1.132700000000000000e+04
1.138000000000000000e+04
1.143200000000000000e+04
1.148200000000000000e+04
1.153200000000000000e+04
1.158000000000000000e+04
1.162300000000000000e+04
1.167000000000000000e+04
1.171200000000000000e+04
1.175200000000000000e+04
1.179500000000000000e+04
1.183400000000000000e+04
1.188300000000000000e+04
1.192500000000000000e+04
1.195800000000000000e+04
1.199600000000000000e+04
1.203100000000000000e+04
1.208600000000000000e+04
1.212500000000000000e+04
1.216700000000000000e+04
1.220000000000000000e+04
1.222400000000000000e+04
1.225800000000000000e+04
1.230600000000000000e+04
1.234000000000000000e+04
1.236100000000000000e+04
1.238700000000000000e+04
1.241100000000000000e+04
1.243200000000000000e+04
1.246000000000000000e+04
1.247700000000000000e+04
1.250100000000000000e+04
1.252600000000000000e+04
1.254900000000000000e+04
1.256500000000000000e+04
1.257900000000000000e+04
1.260300000000000000e+04
1.261400000000000000e+04
1.263600000000000000e+04
1.265000000000000000e+04
1.267000000000000000e+04
1.268000000000000000e+04
1.269700000000000000e+04
1.271000000000000000e+04
1.272500000000000000e+04
1.273700000000000000e+04
1.274400000000000000e+04
1.275500000000000000e+04
1.276700000000000000e+04
1.278000000000000000e+04
1.279100000000000000e+04
1.280000000000000000e+04
1.280800000000000000e+04
1.281300000000000000e+04
1.282400000000000000e+04
1.282900000000000000e+04
1.283400000000000000e+04
1.284400000000000000e+04
1.285600000000000000e+04
1.286500000000000000e+04
1.286900000000000000e+04
1.287700000000000000e+04
1.288100000000000000e+04
1.289500000000000000e+04
1.290600000000000000e+04
1.291100000000000000e+04
1.291500000000000000e+04
1.292200000000000000e+04
1.293200000000000000e+04
1.293500000000000000e+04
1.294400000000000000e+04
1.295300000000000000e+04
1.296200000000000000e+04
1.296800000000000000e+04
1.297700000000000000e+04
1.298400000000000000e+04
1.298800000000000000e+04
1.299300000000000000e+04
1.300000000000000000e+04
1.301000000000000000e+04
1.301800000000000000e+04
1.302400000000000000e+04
1.303600000000000000e+04
1.304100000000000000e+04
1.304700000000000000e+04
1.305700000000000000e+04
1.306800000000000000e+04
1.307900000000000000e+04
1.309100000000000000e+04
1.310300000000000000e+04
1.311100000000000000e+04
1.312000000000000000e+04
1.312600000000000000e+04
1.313400000000000000e+04
1.314000000000000000e+04
1.314400000000000000e+04
1.315700000000000000e+04
1.316400000000000000e+04
1.317900000000000000e+04
1.318500000000000000e+04
1.319200000000000000e+04
1.320400000000000000e+04
1.322000000000000000e+04
1.323200000000000000e+04
1.324500000000000000e+04
1.327200000000000000e+04
1.329500000000000000e+04
1.331100000000000000e+04
1.332400000000000000e+04
1.335100000000000000e+04
1.336500000000000000e+04
1.338300000000000000e+04
1.340600000000000000e+04
1.342800000000000000e+04
1.345800000000000000e+04
1.348300000000000000e+04
1.350700000000000000e+04
1.353700000000000000e+04
1.354800000000000000e+04
1.357200000000000000e+04
1.359600000000000000e+04
1.361800000000000000e+04
1.364500000000000000e+04
1.367100000000000000e+04
1.369600000000000000e+04
1.371900000000000000e+04
1.375100000000000000e+04
1.378800000000000000e+04
1.382700000000000000e+04
1.386000000000000000e+04
1.389600000000000000e+04
1.393700000000000000e+04
1.396900000000000000e+04
1.400700000000000000e+04
1.403600000000000000e+04
1.406600000000000000e+04
1.409500000000000000e+04
1.412800000000000000e+04
1.415700000000000000e+04
1.417700000000000000e+04
1.421200000000000000e+04
1.424900000000000000e+04
1.428600000000000000e+04
1.432300000000000000e+04
1.436000000000000000e+04
1.439000000000000000e+04
1.443000000000000000e+04
1.446300000000000000e+04
1.450200000000000000e+04
1.453500000000000000e+04
1.457200000000000000e+04
1.460600000000000000e+04
1.464100000000000000e+04
1.467800000000000000e+04
1.471300000000000000e+04
1.475700000000000000e+04
1.479600000000000000e+04
1.483600000000000000e+04
1.488500000000000000e+04
1.491500000000000000e+04
1.494800000000000000e+04
1.498100000000000000e+04
1.502600000000000000e+04
1.506000000000000000e+04
1.509800000000000000e+04
1.512800000000000000e+04
1.517400000000000000e+04
1.521700000000000000e+04
1.525700000000000000e+04
1.530300000000000000e+04
1.534800000000000000e+04
1.539200000000000000e+04
1.543300000000000000e+04
1.546500000000000000e+04
1.549800000000000000e+04
1.553600000000000000e+04
1.556600000000000000e+04
1.560800000000000000e+04
1.564000000000000000e+04
1.567300000000000000e+04
1.570200000000000000e+04
1.574100000000000000e+04
1.577100000000000000e+04
1.580000000000000000e+04
1.583400000000000000e+04
1.585500000000000000e+04
1.588300000000000000e+04
1.591000000000000000e+04
1.593000000000000000e+04
1.595400000000000000e+04
1.599500000000000000e+04
1.602900000000000000e+04
1.606900000000000000e+04
1.610200000000000000e+04
1.613700000000000000e+04
1.615800000000000000e+04
1.619000000000000000e+04
1.621400000000000000e+04
1.624100000000000000e+04
1.626700000000000000e+04
1.628900000000000000e+04
1.631100000000000000e+04
1.633400000000000000e+04
1.635100000000000000e+04
1.637500000000000000e+04
1.640500000000000000e+04
1.643600000000000000e+04
1.646200000000000000e+04
1.648800000000000000e+04
1.651800000000000000e+04
1.653800000000000000e+04
1.656600000000000000e+04
1.658900000000000000e+04
1.661400000000000000e+04
1.664800000000000000e+04
1.666800000000000000e+04
1.669000000000000000e+04
1.670500000000000000e+04
1.673600000000000000e+04
1.676200000000000000e+04
1.678100000000000000e+04
1.681100000000000000e+04
1.683400000000000000e+04
1.686000000000000000e+04
1.688500000000000000e+04
1.691000000000000000e+04
1.693500000000000000e+04
1.696800000000000000e+04
1.699900000000000000e+04
1.703300000000000000e+04
1.706100000000000000e+04
1.709100000000000000e+04
1.712100000000000000e+04
1.715600000000000000e+04
1.718600000000000000e+04
1.721600000000000000e+04
1.725600000000000000e+04
1.728100000000000000e+04
1.731600000000000000e+04
1.734500000000000000e+04
1.737600000000000000e+04
1.741300000000000000e+04
1.744400000000000000e+04
1.747600000000000000e+04
1.751500000000000000e+04
1.754800000000000000e+04
1.759200000000000000e+04
1.763000000000000000e+04
1.767700000000000000e+04
1.770700000000000000e+04
1.775100000000000000e+04
1.778900000000000000e+04
1.783000000000000000e+04
1.789200000000000000e+04
1.795100000000000000e+04
1.802000000000000000e+04
1.810100000000000000e+04
1.816700000000000000e+04
1.823200000000000000e+04
1.828700000000000000e+04
1.834700000000000000e+04
1.841800000000000000e+04
1.848400000000000000e+04
1.853300000000000000e+04
1.859500000000000000e+04
1.865700000000000000e+04
1.873400000000000000e+04
1.880200000000000000e+04
1.886500000000000000e+04
1.893800000000000000e+04
1.900000000000000000e+04
1.908700000000000000e+04
1.914600000000000000e+04
1.920300000000000000e+04
1.927000000000000000e+04
1.933600000000000000e+04
1.940200000000000000e+04
1.946600000000000000e+04
1.954100000000000000e+04
1.960600000000000000e+04
1.967200000000000000e+04
1.974000000000000000e+04
1.981500000000000000e+04
1.988600000000000000e+04
1.995800000000000000e+04
2.002500000000000000e+04
2.011000000000000000e+04
2.018400000000000000e+04
2.026200000000000000e+04
2.033700000000000000e+04
2.041000000000000000e+04
2.048000000000000000e+04
2.055900000000000000e+04
2.063200000000000000e+04
2.069900000000000000e+04
2.076400000000000000e+04
2.083000000000000000e+04
2.087800000000000000e+04
2.093400000000000000e+04
2.099400000000000000e+04
2.104200000000000000e+04
2.110000000000000000e+04
2.116200000000000000e+04
2.122000000000000000e+04
2.128200000000000000e+04
2.133300000000000000e+04
2.139400000000000000e+04
2.144500000000000000e+04
2.149600000000000000e+04
2.155000000000000000e+04
2.159600000000000000e+04
2.163100000000000000e+04
2.168300000000000000e+04
2.173900000000000000e+04
2.177500000000000000e+04
2.182200000000000000e+04
2.186900000000000000e+04
2.191100000000000000e+04
2.194900000000000000e+04
2.199300000000000000e+04
2.203900000000000000e+04
2.207200000000000000e+04
2.211000000000000000e+04
2.214200000000000000e+04
2.218700000000000000e+04
2.222100000000000000e+04
2.226000000000000000e+04
2.230200000000000000e+04
2.234400000000000000e+04
2.236500000000000000e+04
2.239200000000000000e+04
2.242000000000000000e+04
2.244000000000000000e+04
2.247300000000000000e+04
2.250900000000000000e+04
2.253700000000000000e+04
2.256300000000000000e+04
2.259100000000000000e+04
2.262000000000000000e+04
2.265500000000000000e+04
2.268100000000000000e+04
2.271300000000000000e+04
2.273800000000000000e+04
2.275600000000000000e+04
2.278500000000000000e+04
2.281000000000000000e+04
2.283600000000000000e+04
2.287500000000000000e+04
2.290100000000000000e+04
2.293700000000000000e+04
2.296100000000000000e+04
2.299300000000000000e+04
2.302400000000000000e+04
2.306100000000000000e+04
2.308300000000000000e+04
2.311100000000000000e+04
2.313800000000000000e+04
2.317000000000000000e+04
2.319600000000000000e+04
2.322300000000000000e+04
2.324800000000000000e+04
2.327100000000000000e+04
2.329700000000000000e+04
2.331900000000000000e+04
2.334400000000000000e+04
2.337200000000000000e+04
2.339900000000000000e+04
2.341500000000000000e+04
2.344500000000000000e+04
2.347100000000000000e+04
2.348300000000000000e+04
2.350300000000000000e+04
2.353600000000000000e+04
2.356200000000000000e+04
2.358000000000000000e+04
2.360700000000000000e+04
