-3.040489991378404375e+04
-3.235612904492599409e+04
-3.408461205917436018e+04
-4.663316266956597974e+04
-3.607012929863598401e+04
-3.644226784593109187e+04
-3.638079529258343973e+04
-3.603243997853407927e+04
-3.520914667375546560e+04
-3.410872138189040561e+04
-4.382860134294562158e+04
-3.049179948068166414e+04
-2.819852109748385192e+04
-2.563099045263421067e+04
-2.298333369892484916e+04
-2.011020540578035798e+04
-1.724647041796017584e+04
-2.552015032881858497e+04
-1.107770400997625075e+04
-8.035156052969527082e+03
-5.082622258613962913e+03
-2.414085302865089943e+03
1.238905436664142599e+02
2.312197277607054275e+03
-6.954227363952251835e+03
6.207684734296271927e+03
7.717215331607438202e+03
8.924413754610326578e+03
9.679292783534212504e+03
1.018200466439858428e+04
1.026171779957293074e+04
-1.137976834444449651e+03
9.913844330837207963e+03
9.382384354052413983e+03
8.660610120226188883e+03
7.637471913175932059e+03
6.547220161398315213e+03
5.247560354683665537e+03
-7.295508215551801186e+03
2.864816337408843992e+03
1.702858444857275799e+03
6.138998693154676403e+02
-5.174744803205678636e+02
-1.467764013171543411e+03
-2.395942864161504076e+03
-1.435802233573316516e+04
-3.433817518696798288e+03
-3.679398462808123440e+03
-3.732746159880748110e+03
-3.744442890865919253e+03
-3.527068057056105317e+03
-3.275596303249838456e+03
-1.408099374750978677e+04
-2.056070049517016287e+03
-1.287090445363036906e+03
-4.386893177419487984e+02
3.160668470966563746e+02
1.146781161038966729e+03
1.845684880446017814e+03
-8.685749949086017295e+03
