2.536205249028433536e+04
2.536320989977553836e+04
2.536353110418319557e+04
2.536468924195890213e+04
2.536378738664344928e+04
2.536364352616244287e+04
2.536494105671319267e+04
2.536568343551527505e+04
2.536595094128009441e+04
2.536509433777781669e+04
2.536479272715220213e+04
2.536216094482710832e+04
2.536003446619173337e+04
2.535911970588025360e+04
2.535744835475414584e+04
2.535513370700480300e+04
2.535156377904379406e+04
2.534845851578349902e+04
2.534297644763810968e+04
2.533799878225845532e+04
2.533427882772815065e+04
2.532989541001318139e+04
2.532500825617636656e+04
2.531905016511814756e+04
2.531378328210108884e+04
2.530640486113317456e+04
2.529983051957982389e+04
2.529484290121413505e+04
2.528954442863116492e+04
2.528411213286858037e+04
2.527798939610369052e+04
2.527294193519265536e+04
2.526616341871393524e+04
2.526055872729295515e+04
2.525689277545659206e+04
2.525324357450678144e+04
2.524975751931361810e+04
2.524584172650899563e+04
2.524322074015051476e+04
2.523904298273857785e+04
2.523616494380340373e+04
2.523530100434409178e+04
2.523447755467454408e+04
2.523378936516895919e+04
2.523259301304292603e+04
2.523256465652522456e+04
2.523080750980446464e+04
2.523013698726993607e+04
2.523123139300978437e+04
2.523208679272925292e+04
2.523277400962469983e+04
2.523263253228411850e+04
2.523332861418408356e+04
2.523196290997686083e+04
2.523135561271958431e+04
2.523219696760274383e+04
2.523250180293642188e+04
2.523236602747329744e+04
2.523115989347386494e+04
2.523058531996408055e+04
