1.140045932988610366e+04
1.222993241510660664e+04
1.305428124278008909e+04
1.389048516057357301e+04
1.474279348725942691e+04
1.551354306385034033e+04
1.570288843587365773e+04
1.660521856329440561e+04
1.744469091340031810e+04
1.824139928793577565e+04
1.901404466615704587e+04
1.976944328899849643e+04
2.041325442552930326e+04
2.044959943965782441e+04
2.117734963984606293e+04
2.182551787881977725e+04
2.241927476318719710e+04
2.298246351978815801e+04
2.352695261783252499e+04
2.396321341998074058e+04
2.379979912129642253e+04
2.433950676612056850e+04
2.481466115140133115e+04
2.525304473457641870e+04
2.568035016847441511e+04
2.610949637727495428e+04
2.645119644644094660e+04
2.621345374076112785e+04
2.669776734789874899e+04
2.713448413829996935e+04
2.754881926490128899e+04
2.796341872577549657e+04
2.838780129315472368e+04
2.872906397263521649e+04
2.849152292659469822e+04
2.897306624754871882e+04
2.940065107502564570e+04
2.979646214586796850e+04
3.018060087790555190e+04
3.056063811864751187e+04
3.084241103196736731e+04
3.052973296258739720e+04
3.092079026319022887e+04
3.124365694644669929e+04
3.152244344234932942e+04
3.177994860057330516e+04
3.202714895990698278e+04
3.217390747414952057e+04
3.172857302684283786e+04
3.199424791470880518e+04
3.220415796434439108e+04
3.238764585813641315e+04
3.257266146880868473e+04
3.277508810793307930e+04
3.290929183706422918e+04
3.248757005883520833e+04
3.281628123029021663e+04
3.313109466083053121e+04
3.346288477291480376e+04
3.384014681484636822e+04
