4.659292900105536006e+01
3.895472058724175213e+01
3.878223645483344484e+01
4.161504342229492437e+01
4.439255086665109928e+01
4.366885505479667273e+01
4.667972835635062978e+01
5.709810141567231057e+01
4.890607163222735210e+01
4.800811052886711394e+01
4.996499307907920695e+01
5.174127480369551080e+01
4.991936228854406465e+01
5.176564466469562831e+01
6.098506040357623448e+01
5.159216047734293653e+01
4.952336875712590114e+01
5.036999076167381872e+01
5.112482352673625741e+01
4.839543733432647343e+01
4.946961933460623584e+01
5.806937266068354830e+01
4.822154755351691335e+01
4.586981662973121132e+01
4.660755216537435075e+01
4.742446026674792847e+01
4.492004009467352432e+01
4.636935104738957136e+01
5.547747007955259591e+01
4.625070033941727843e+01
4.460922450630168612e+01
4.612073913077500009e+01
4.774790113281761705e+01
4.606262949521806149e+01
4.831271928547300831e+01
5.817712454958105894e+01
4.963794653591223494e+01
4.859379755294946079e+01
5.059405601405571673e+01
5.258682600819961550e+01
5.113363006317922554e+01
5.347628171331158597e+01
6.329228802733958048e+01
5.456681645710814621e+01
5.320589852970117306e+01
5.477039236584278115e+01
5.622352777203789742e+01
5.414507661019633389e+01
5.579761226215457270e+01
6.488122817048575541e+01
5.540477163183074083e+01
5.329828849094744214e+01
5.414622443475462177e+01
5.493423021156807096e+01
5.226263619596314669e+01
5.341208128451725656e+01
6.209768508354459016e+01
5.233983579028671329e+01
5.007630241027839446e+01
5.089522639343019250e+01
