0.000000000000000000e+00
0.000000000000000000e+00
0.000000000000000000e+00
0.000000000000000000e+00
0.000000000000000000e+00
0.000000000000000000e+00
0.000000000000000000e+00
0.000000000000000000e+00
0.000000000000000000e+00
0.000000000000000000e+00
0.000000000000000000e+00
0.000000000000000000e+00
0.000000000000000000e+00
0.000000000000000000e+00
0.000000000000000000e+00
0.000000000000000000e+00
0.000000000000000000e+00
0.000000000000000000e+00
0.000000000000000000e+00
0.000000000000000000e+00
0.000000000000000000e+00
0.000000000000000000e+00
0.000000000000000000e+00
0.000000000000000000e+00
0.000000000000000000e+00
0.000000000000000000e+00
0.000000000000000000e+00
0.000000000000000000e+00
0.000000000000000000e+00
0.000000000000000000e+00
0.000000000000000000e+00
0.000000000000000000e+00
0.000000000000000000e+00
0.000000000000000000e+00
0.000000000000000000e+00
0.000000000000000000e+00
0.000000000000000000e+00
0.000000000000000000e+00
0.000000000000000000e+00
0.000000000000000000e+00
0.000000000000000000e+00
0.000000000000000000e+00
0.000000000000000000e+00
0.000000000000000000e+00
0.000000000000000000e+00
0.000000000000000000e+00
0.000000000000000000e+00
0.000000000000000000e+00
0.000000000000000000e+00
0.000000000000000000e+00
0.000000000000000000e+00
0.000000000000000000e+00
0.000000000000000000e+00
0.000000000000000000e+00
0.000000000000000000e+00
0.000000000000000000e+00
0.000000000000000000e+00
0.000000000000000000e+00
0.000000000000000000e+00
0.000000000000000000e+00
0.000000000000000000e+00
0.000000000000000000e+00
0.000000000000000000e+00
0.000000000000000000e+00
0.000000000000000000e+00
0.000000000000000000e+00
0.000000000000000000e+00
0.000000000000000000e+00
0.000000000000000000e+00
0.000000000000000000e+00
0.000000000000000000e+00
0.000000000000000000e+00
0.000000000000000000e+00
0.000000000000000000e+00
0.000000000000000000e+00
8.000000000000000000e+00
8.000000000000000000e+00
8.000000000000000000e+00
8.000000000000000000e+00
8.000000000000000000e+00
8.000000000000000000e+00
8.000000000000000000e+00
8.000000000000000000e+00
8.000000000000000000e+00
8.000000000000000000e+00
8.000000000000000000e+00
9.000000000000000000e+00
9.000000000000000000e+00
9.000000000000000000e+00
9.000000000000000000e+00
9.000000000000000000e+00
9.000000000000000000e+00
9.000000000000000000e+00
1.200000000000000000e+01
1.200000000000000000e+01
1.200000000000000000e+01
1.500000000000000000e+01
1.500000000000000000e+01
1.800000000000000000e+01
2.200000000000000000e+01
2.200000000000000000e+01
2.200000000000000000e+01
2.200000000000000000e+01
2.700000000000000000e+01
2.700000000000000000e+01
2.700000000000000000e+01
2.700000000000000000e+01
3.500000000000000000e+01
3.500000000000000000e+01
3.500000000000000000e+01
3.600000000000000000e+01
3.600000000000000000e+01
4.100000000000000000e+01
4.200000000000000000e+01
4.300000000000000000e+01
4.300000000000000000e+01
4.300000000000000000e+01
4.400000000000000000e+01
4.600000000000000000e+01
4.700000000000000000e+01
5.700000000000000000e+01
5.700000000000000000e+01
5.800000000000000000e+01
6.200000000000000000e+01
6.200000000000000000e+01
6.200000000000000000e+01
6.700000000000000000e+01
6.700000000000000000e+01
6.700000000000000000e+01
6.700000000000000000e+01
7.000000000000000000e+01
7.000000000000000000e+01
7.000000000000000000e+01
7.000000000000000000e+01
7.700000000000000000e+01
7.700000000000000000e+01
8.000000000000000000e+01
8.000000000000000000e+01
8.400000000000000000e+01
8.600000000000000000e+01
9.200000000000000000e+01
9.200000000000000000e+01
9.500000000000000000e+01
9.500000000000000000e+01
9.900000000000000000e+01
9.900000000000000000e+01
9.900000000000000000e+01
1.020000000000000000e+02
1.020000000000000000e+02
1.020000000000000000e+02
1.020000000000000000e+02
1.030000000000000000e+02
1.030000000000000000e+02
1.070000000000000000e+02
1.070000000000000000e+02
1.080000000000000000e+02
1.080000000000000000e+02
1.090000000000000000e+02
1.090000000000000000e+02
1.140000000000000000e+02
1.140000000000000000e+02
1.160000000000000000e+02
1.170000000000000000e+02
1.170000000000000000e+02
1.200000000000000000e+02
1.200000000000000000e+02
1.200000000000000000e+02
1.250000000000000000e+02
1.250000000000000000e+02
1.250000000000000000e+02
1.340000000000000000e+02
1.480000000000000000e+02
1.540000000000000000e+02
1.550000000000000000e+02
1.560000000000000000e+02
1.560000000000000000e+02
1.560000000000000000e+02
1.560000000000000000e+02
1.630000000000000000e+02
1.630000000000000000e+02
1.630000000000000000e+02
1.630000000000000000e+02
1.650000000000000000e+02
1.760000000000000000e+02
1.780000000000000000e+02
1.800000000000000000e+02
1.810000000000000000e+02
1.810000000000000000e+02
1.810000000000000000e+02
1.850000000000000000e+02
1.850000000000000000e+02
1.850000000000000000e+02
1.850000000000000000e+02
1.850000000000000000e+02
1.850000000000000000e+02
1.860000000000000000e+02
1.890000000000000000e+02
1.890000000000000000e+02
1.890000000000000000e+02
1.890000000000000000e+02
1.890000000000000000e+02
1.890000000000000000e+02
1.890000000000000000e+02
1.910000000000000000e+02
2.020000000000000000e+02
3.060000000000000000e+02
3.100000000000000000e+02
3.490000000000000000e+02
3.490000000000000000e+02
3.650000000000000000e+02
3.810000000000000000e+02
3.990000000000000000e+02
4.330000000000000000e+02
4.330000000000000000e+02
4.900000000000000000e+02
5.100000000000000000e+02
5.230000000000000000e+02
5.340000000000000000e+02
6.160000000000000000e+02
6.330000000000000000e+02
6.360000000000000000e+02
6.870000000000000000e+02
7.180000000000000000e+02
7.420000000000000000e+02
7.790000000000000000e+02
8.050000000000000000e+02
8.050000000000000000e+02
9.210000000000000000e+02
9.540000000000000000e+02
9.620000000000000000e+02
1.030000000000000000e+03
1.045000000000000000e+03
1.088000000000000000e+03
1.144000000000000000e+03
1.191000000000000000e+03
1.215000000000000000e+03
1.265000000000000000e+03
1.302000000000000000e+03
1.302000000000000000e+03
1.302000000000000000e+03
1.314000000000000000e+03
1.331000000000000000e+03
1.339000000000000000e+03
1.359000000000000000e+03
1.361000000000000000e+03
1.464000000000000000e+03
1.483000000000000000e+03
1.490000000000000000e+03
1.535000000000000000e+03
1.564000000000000000e+03
1.608000000000000000e+03
1.644000000000000000e+03
1.680000000000000000e+03
1.760000000000000000e+03
1.776000000000000000e+03
1.776000000000000000e+03
1.920000000000000000e+03
1.972000000000000000e+03
2.017000000000000000e+03
2.084000000000000000e+03
2.165000000000000000e+03
2.180000000000000000e+03
2.304000000000000000e+03
2.318000000000000000e+03
2.391000000000000000e+03
2.435000000000000000e+03
2.487000000000000000e+03
2.522000000000000000e+03
2.590000000000000000e+03
2.625000000000000000e+03
2.654000000000000000e+03
2.749000000000000000e+03
2.796000000000000000e+03
2.839000000000000000e+03
2.853000000000000000e+03
2.923000000000000000e+03
2.970000000000000000e+03
2.970000000000000000e+03
3.009000000000000000e+03
3.030000000000000000e+03
3.083000000000000000e+03
3.154000000000000000e+03
3.192000000000000000e+03
3.228000000000000000e+03
3.242000000000000000e+03
3.264000000000000000e+03
3.320000000000000000e+03
3.394000000000000000e+03
3.409000000000000000e+03
3.467000000000000000e+03
3.511000000000000000e+03
3.526000000000000000e+03
3.549000000000000000e+03
3.575000000000000000e+03
3.611000000000000000e+03
3.616000000000000000e+03
3.688000000000000000e+03
3.725000000000000000e+03
3.777000000000000000e+03
3.791000000000000000e+03
3.930000000000000000e+03
3.962000000000000000e+03
3.965000000000000000e+03
3.984000000000000000e+03
4.018000000000000000e+03
4.019000000000000000e+03
4.034000000000000000e+03
4.204000000000000000e+03
4.242000000000000000e+03
4.252000000000000000e+03
4.272000000000000000e+03
4.317000000000000000e+03
4.346000000000000000e+03
4.392000000000000000e+03
4.436000000000000000e+03
4.530000000000000000e+03
4.618000000000000000e+03
4.695000000000000000e+03
4.733000000000000000e+03
4.759000000000000000e+03
4.779000000000000000e+03
4.870000000000000000e+03
4.888000000000000000e+03
4.925000000000000000e+03
4.944000000000000000e+03
5.044000000000000000e+03
5.073000000000000000e+03
5.077000000000000000e+03
5.144000000000000000e+03
5.185000000000000000e+03
5.197000000000000000e+03
5.288000000000000000e+03
5.305000000000000000e+03
5.319000000000000000e+03
5.369000000000000000e+03
5.385000000000000000e+03
5.448000000000000000e+03
5.478000000000000000e+03
5.555000000000000000e+03
5.652000000000000000e+03
5.680000000000000000e+03
5.732000000000000000e+03
5.777000000000000000e+03
5.809000000000000000e+03
5.820000000000000000e+03
5.868000000000000000e+03
5.894000000000000000e+03
5.899000000000000000e+03
5.936000000000000000e+03
5.948000000000000000e+03
5.948000000000000000e+03
5.990000000000000000e+03
5.990000000000000000e+03
6.019000000000000000e+03
6.036000000000000000e+03
6.040000000000000000e+03
6.047000000000000000e+03
6.063000000000000000e+03
6.068000000000000000e+03
6.083000000000000000e+03
6.126000000000000000e+03
6.165000000000000000e+03
6.173000000000000000e+03
6.206000000000000000e+03
6.266000000000000000e+03
6.277000000000000000e+03
6.328000000000000000e+03
6.361000000000000000e+03
6.370000000000000000e+03
6.431000000000000000e+03
6.455000000000000000e+03
6.488000000000000000e+03
6.534000000000000000e+03
6.541000000000000000e+03
6.570000000000000000e+03
6.591000000000000000e+03
6.635000000000000000e+03
6.681000000000000000e+03
6.762000000000000000e+03
6.826000000000000000e+03
6.901000000000000000e+03
6.962000000000000000e+03
6.966000000000000000e+03
6.977000000000000000e+03
7.026000000000000000e+03
7.124000000000000000e+03
7.157000000000000000e+03
7.281000000000000000e+03
7.379000000000000000e+03
7.383000000000000000e+03
7.399000000000000000e+03
7.486000000000000000e+03
7.519000000000000000e+03
7.629000000000000000e+03
7.654000000000000000e+03
7.729000000000000000e+03
7.733000000000000000e+03
7.774000000000000000e+03
7.808000000000000000e+03
7.834000000000000000e+03
7.890000000000000000e+03
7.945000000000000000e+03
7.971000000000000000e+03
7.972000000000000000e+03
7.993000000000000000e+03
8.024000000000000000e+03
8.043000000000000000e+03
8.074000000000000000e+03
8.099000000000000000e+03
8.106000000000000000e+03
8.114000000000000000e+03
8.171000000000000000e+03
8.200000000000000000e+03
8.211000000000000000e+03
8.230000000000000000e+03
8.265000000000000000e+03
8.287000000000000000e+03
8.288000000000000000e+03
8.311000000000000000e+03
8.359000000000000000e+03
8.381000000000000000e+03
8.430000000000000000e+03
8.453000000000000000e+03
8.489000000000000000e+03
8.498000000000000000e+03
8.522000000000000000e+03
8.602000000000000000e+03
8.632000000000000000e+03
8.721000000000000000e+03
8.801000000000000000e+03
8.842000000000000000e+03
8.879000000000000000e+03
8.922000000000000000e+03
8.998000000000000000e+03
9.098000000000000000e+03
9.159000000000000000e+03
9.211000000000000000e+03
9.215000000000000000e+03
9.250000000000000000e+03
9.289000000000000000e+03
9.354000000000000000e+03
9.473000000000000000e+03
9.517000000000000000e+03
9.576000000000000000e+03
9.688000000000000000e+03
9.721000000000000000e+03
9.751000000000000000e+03
9.796000000000000000e+03
9.880000000000000000e+03
1.001500000000000000e+04
1.006100000000000000e+04
1.016100000000000000e+04
1.018000000000000000e+04
1.024600000000000000e+04
1.029700000000000000e+04
1.044200000000000000e+04
1.055500000000000000e+04
1.061900000000000000e+04
1.070200000000000000e+04
1.078600000000000000e+04
1.088000000000000000e+04
1.094400000000000000e+04
1.107000000000000000e+04
1.111000000000000000e+04
1.120800000000000000e+04
1.129900000000000000e+04
1.138300000000000000e+04
1.144700000000000000e+04
1.159600000000000000e+04
1.167200000000000000e+04
1.178700000000000000e+04
1.192800000000000000e+04
1.207200000000000000e+04
1.215400000000000000e+04
1.226700000000000000e+04
1.244300000000000000e+04
1.255100000000000000e+04
1.269300000000000000e+04
1.283400000000000000e+04
1.288600000000000000e+04
1.296700000000000000e+04
1.308500000000000000e+04
1.325200000000000000e+04
1.335900000000000000e+04
1.345300000000000000e+04
1.345300000000000000e+04
1.371000000000000000e+04
1.374500000000000000e+04
1.374500000000000000e+04
1.400600000000000000e+04
1.414400000000000000e+04
1.422300000000000000e+04
1.437600000000000000e+04
1.446800000000000000e+04
1.450600000000000000e+04
1.452200000000000000e+04
1.487900000000000000e+04
1.502700000000000000e+04
1.507300000000000000e+04
1.516200000000000000e+04
1.535000000000000000e+04
1.537400000000000000e+04
1.552000000000000000e+04
1.562800000000000000e+04
1.583700000000000000e+04
1.604200000000000000e+04
1.611000000000000000e+04
1.625000000000000000e+04
1.628000000000000000e+04
1.631300000000000000e+04
1.640100000000000000e+04
1.657700000000000000e+04
1.664000000000000000e+04
1.689500000000000000e+04
1.704700000000000000e+04
1.707300000000000000e+04
1.717500000000000000e+04
1.724100000000000000e+04
1.724100000000000000e+04
1.740500000000000000e+04
1.762600000000000000e+04
1.764700000000000000e+04
1.768100000000000000e+04
1.778400000000000000e+04
1.787900000000000000e+04
1.804000000000000000e+04
1.810900000000000000e+04
1.819400000000000000e+04
1.830400000000000000e+04
1.830400000000000000e+04
1.835400000000000000e+04
1.846600000000000000e+04
1.864700000000000000e+04
1.879500000000000000e+04
1.891100000000000000e+04
1.899800000000000000e+04
1.905300000000000000e+04
1.910000000000000000e+04
1.926000000000000000e+04
1.943500000000000000e+04
1.954500000000000000e+04
1.966500000000000000e+04
1.980500000000000000e+04
1.983400000000000000e+04
1.983400000000000000e+04
1.999300000000000000e+04
2.000900000000000000e+04
2.000900000000000000e+04
2.036600000000000000e+04
2.050300000000000000e+04
2.058200000000000000e+04
2.066500000000000000e+04
2.077300000000000000e+04
2.077300000000000000e+04
2.097400000000000000e+04
2.116600000000000000e+04
2.118300000000000000e+04
2.118300000000000000e+04
2.118300000000000000e+04
2.232700000000000000e+04
2.232700000000000000e+04
0.000000000000000000e+00
0.000000000000000000e+00
0.000000000000000000e+00
0.000000000000000000e+00
0.000000000000000000e+00
0.000000000000000000e+00
0.000000000000000000e+00
0.000000000000000000e+00
0.000000000000000000e+00
0.000000000000000000e+00
0.000000000000000000e+00
0.000000000000000000e+00
0.000000000000000000e+00
0.000000000000000000e+00
0.000000000000000000e+00
0.000000000000000000e+00
0.000000000000000000e+00
0.000000000000000000e+00
0.000000000000000000e+00
0.000000000000000000e+00
0.000000000000000000e+00
0.000000000000000000e+00
0.000000000000000000e+00
0.000000000000000000e+00
0.000000000000000000e+00
0.000000000000000000e+00
0.000000000000000000e+00
0.000000000000000000e+00
0.000000000000000000e+00
0.000000000000000000e+00
0.000000000000000000e+00
0.000000000000000000e+00
0.000000000000000000e+00
0.000000000000000000e+00
0.000000000000000000e+00
0.000000000000000000e+00
0.000000000000000000e+00
0.000000000000000000e+00
0.000000000000000000e+00
0.000000000000000000e+00
0.000000000000000000e+00
0.000000000000000000e+00
0.000000000000000000e+00
0.000000000000000000e+00
0.000000000000000000e+00
0.000000000000000000e+00
0.000000000000000000e+00
0.000000000000000000e+00
0.000000000000000000e+00
0.000000000000000000e+00
0.000000000000000000e+00
0.000000000000000000e+00
0.000000000000000000e+00
0.000000000000000000e+00
0.000000000000000000e+00
0.000000000000000000e+00
0.000000000000000000e+00
0.000000000000000000e+00
0.000000000000000000e+00
0.000000000000000000e+00
0.000000000000000000e+00
0.000000000000000000e+00
0.000000000000000000e+00
0.000000000000000000e+00
0.000000000000000000e+00
0.000000000000000000e+00
0.000000000000000000e+00
0.000000000000000000e+00
0.000000000000000000e+00
0.000000000000000000e+00
0.000000000000000000e+00
0.000000000000000000e+00
0.000000000000000000e+00
0.000000000000000000e+00
0.000000000000000000e+00
0.000000000000000000e+00
0.000000000000000000e+00
0.000000000000000000e+00
0.000000000000000000e+00
0.000000000000000000e+00
0.000000000000000000e+00
0.000000000000000000e+00
0.000000000000000000e+00
0.000000000000000000e+00
0.000000000000000000e+00
0.000000000000000000e+00
0.000000000000000000e+00
0.000000000000000000e+00
0.000000000000000000e+00
0.000000000000000000e+00
0.000000000000000000e+00
0.000000000000000000e+00
0.000000000000000000e+00
0.000000000000000000e+00
0.000000000000000000e+00
0.000000000000000000e+00
0.000000000000000000e+00
0.000000000000000000e+00
0.000000000000000000e+00
0.000000000000000000e+00
0.000000000000000000e+00
0.000000000000000000e+00
0.000000000000000000e+00
0.000000000000000000e+00
0.000000000000000000e+00
0.000000000000000000e+00
0.000000000000000000e+00
0.000000000000000000e+00
0.000000000000000000e+00
0.000000000000000000e+00
0.000000000000000000e+00
0.000000000000000000e+00
0.000000000000000000e+00
0.000000000000000000e+00
0.000000000000000000e+00
0.000000000000000000e+00
0.000000000000000000e+00
0.000000000000000000e+00
0.000000000000000000e+00
0.000000000000000000e+00
0.000000000000000000e+00
0.000000000000000000e+00
0.000000000000000000e+00
0.000000000000000000e+00
0.000000000000000000e+00
0.000000000000000000e+00
0.000000000000000000e+00
0.000000000000000000e+00
0.000000000000000000e+00
0.000000000000000000e+00
0.000000000000000000e+00
0.000000000000000000e+00
0.000000000000000000e+00
0.000000000000000000e+00
0.000000000000000000e+00
0.000000000000000000e+00
0.000000000000000000e+00
0.000000000000000000e+00
0.000000000000000000e+00
0.000000000000000000e+00
0.000000000000000000e+00
0.000000000000000000e+00
0.000000000000000000e+00
0.000000000000000000e+00
0.000000000000000000e+00
0.000000000000000000e+00
0.000000000000000000e+00
0.000000000000000000e+00
0.000000000000000000e+00
0.000000000000000000e+00
0.000000000000000000e+00
0.000000000000000000e+00
0.000000000000000000e+00
0.000000000000000000e+00
0.000000000000000000e+00
0.000000000000000000e+00
0.000000000000000000e+00
0.000000000000000000e+00
0.000000000000000000e+00
0.000000000000000000e+00
0.000000000000000000e+00
0.000000000000000000e+00
0.000000000000000000e+00
0.000000000000000000e+00
0.000000000000000000e+00
0.000000000000000000e+00
0.000000000000000000e+00
0.000000000000000000e+00
0.000000000000000000e+00
0.000000000000000000e+00
0.000000000000000000e+00
0.000000000000000000e+00
0.000000000000000000e+00
0.000000000000000000e+00
0.000000000000000000e+00
0.000000000000000000e+00
0.000000000000000000e+00
0.000000000000000000e+00
0.000000000000000000e+00
0.000000000000000000e+00
0.000000000000000000e+00
0.000000000000000000e+00
0.000000000000000000e+00
0.000000000000000000e+00
0.000000000000000000e+00
0.000000000000000000e+00
0.000000000000000000e+00
0.000000000000000000e+00
0.000000000000000000e+00
0.000000000000000000e+00
0.000000000000000000e+00
0.000000000000000000e+00
0.000000000000000000e+00
0.000000000000000000e+00
0.000000000000000000e+00
0.000000000000000000e+00
0.000000000000000000e+00
0.000000000000000000e+00
0.000000000000000000e+00
0.000000000000000000e+00
0.000000000000000000e+00
0.000000000000000000e+00
0.000000000000000000e+00
0.000000000000000000e+00
0.000000000000000000e+00
0.000000000000000000e+00
0.000000000000000000e+00
0.000000000000000000e+00
0.000000000000000000e+00
0.000000000000000000e+00
0.000000000000000000e+00
0.000000000000000000e+00
0.000000000000000000e+00
0.000000000000000000e+00
0.000000000000000000e+00
0.000000000000000000e+00
0.000000000000000000e+00
0.000000000000000000e+00
0.000000000000000000e+00
0.000000000000000000e+00
0.000000000000000000e+00
0.000000000000000000e+00
0.000000000000000000e+00
0.000000000000000000e+00
0.000000000000000000e+00
0.000000000000000000e+00
0.000000000000000000e+00
0.000000000000000000e+00
0.000000000000000000e+00
0.000000000000000000e+00
0.000000000000000000e+00
0.000000000000000000e+00
0.000000000000000000e+00
0.000000000000000000e+00
0.000000000000000000e+00
0.000000000000000000e+00
0.000000000000000000e+00
0.000000000000000000e+00
0.000000000000000000e+00
0.000000000000000000e+00
0.000000000000000000e+00
0.000000000000000000e+00
0.000000000000000000e+00
0.000000000000000000e+00
0.000000000000000000e+00
0.000000000000000000e+00
0.000000000000000000e+00
0.000000000000000000e+00
0.000000000000000000e+00
0.000000000000000000e+00
0.000000000000000000e+00
0.000000000000000000e+00
0.000000000000000000e+00
0.000000000000000000e+00
0.000000000000000000e+00
0.000000000000000000e+00
0.000000000000000000e+00
0.000000000000000000e+00
0.000000000000000000e+00
0.000000000000000000e+00
0.000000000000000000e+00
0.000000000000000000e+00
0.000000000000000000e+00
0.000000000000000000e+00
0.000000000000000000e+00
0.000000000000000000e+00
0.000000000000000000e+00
0.000000000000000000e+00
0.000000000000000000e+00
0.000000000000000000e+00
0.000000000000000000e+00
0.000000000000000000e+00
0.000000000000000000e+00
0.000000000000000000e+00
0.000000000000000000e+00
0.000000000000000000e+00
0.000000000000000000e+00
0.000000000000000000e+00
0.000000000000000000e+00
0.000000000000000000e+00
0.000000000000000000e+00
0.000000000000000000e+00
0.000000000000000000e+00
0.000000000000000000e+00
0.000000000000000000e+00
0.000000000000000000e+00
0.000000000000000000e+00
0.000000000000000000e+00
0.000000000000000000e+00
0.000000000000000000e+00
0.000000000000000000e+00
0.000000000000000000e+00
0.000000000000000000e+00
0.000000000000000000e+00
0.000000000000000000e+00
0.000000000000000000e+00
0.000000000000000000e+00
0.000000000000000000e+00
0.000000000000000000e+00
0.000000000000000000e+00
0.000000000000000000e+00
0.000000000000000000e+00
0.000000000000000000e+00
0.000000000000000000e+00
0.000000000000000000e+00
0.000000000000000000e+00
0.000000000000000000e+00
0.000000000000000000e+00
0.000000000000000000e+00
0.000000000000000000e+00
0.000000000000000000e+00
0.000000000000000000e+00
0.000000000000000000e+00
0.000000000000000000e+00
0.000000000000000000e+00
0.000000000000000000e+00
0.000000000000000000e+00
0.000000000000000000e+00
0.000000000000000000e+00
0.000000000000000000e+00
0.000000000000000000e+00
0.000000000000000000e+00
0.000000000000000000e+00
0.000000000000000000e+00
0.000000000000000000e+00
0.000000000000000000e+00
0.000000000000000000e+00
0.000000000000000000e+00
0.000000000000000000e+00
0.000000000000000000e+00
0.000000000000000000e+00
0.000000000000000000e+00
0.000000000000000000e+00
0.000000000000000000e+00
0.000000000000000000e+00
0.000000000000000000e+00
0.000000000000000000e+00
0.000000000000000000e+00
0.000000000000000000e+00
0.000000000000000000e+00
0.000000000000000000e+00
0.000000000000000000e+00
0.000000000000000000e+00
0.000000000000000000e+00
0.000000000000000000e+00
0.000000000000000000e+00
0.000000000000000000e+00
0.000000000000000000e+00
0.000000000000000000e+00
0.000000000000000000e+00
0.000000000000000000e+00
0.000000000000000000e+00
0.000000000000000000e+00
0.000000000000000000e+00
0.000000000000000000e+00
0.000000000000000000e+00
0.000000000000000000e+00
0.000000000000000000e+00
0.000000000000000000e+00
0.000000000000000000e+00
0.000000000000000000e+00
0.000000000000000000e+00
0.000000000000000000e+00
0.000000000000000000e+00
0.000000000000000000e+00
0.000000000000000000e+00
0.000000000000000000e+00
0.000000000000000000e+00
0.000000000000000000e+00
0.000000000000000000e+00
0.000000000000000000e+00
0.000000000000000000e+00
0.000000000000000000e+00
0.000000000000000000e+00
0.000000000000000000e+00
0.000000000000000000e+00
0.000000000000000000e+00
0.000000000000000000e+00
0.000000000000000000e+00
0.000000000000000000e+00
0.000000000000000000e+00
0.000000000000000000e+00
0.000000000000000000e+00
0.000000000000000000e+00
0.000000000000000000e+00
0.000000000000000000e+00
0.000000000000000000e+00
0.000000000000000000e+00
0.000000000000000000e+00
0.000000000000000000e+00
0.000000000000000000e+00
0.000000000000000000e+00
0.000000000000000000e+00
0.000000000000000000e+00
0.000000000000000000e+00
0.000000000000000000e+00
0.000000000000000000e+00
0.000000000000000000e+00
0.000000000000000000e+00
0.000000000000000000e+00
0.000000000000000000e+00
0.000000000000000000e+00
0.000000000000000000e+00
0.000000000000000000e+00
0.000000000000000000e+00
0.000000000000000000e+00
0.000000000000000000e+00
0.000000000000000000e+00
0.000000000000000000e+00
0.000000000000000000e+00
0.000000000000000000e+00
0.000000000000000000e+00
0.000000000000000000e+00
0.000000000000000000e+00
0.000000000000000000e+00
0.000000000000000000e+00
0.000000000000000000e+00
0.000000000000000000e+00
0.000000000000000000e+00
0.000000000000000000e+00
0.000000000000000000e+00
0.000000000000000000e+00
0.000000000000000000e+00
0.000000000000000000e+00
0.000000000000000000e+00
0.000000000000000000e+00
0.000000000000000000e+00
0.000000000000000000e+00
0.000000000000000000e+00
0.000000000000000000e+00
0.000000000000000000e+00
0.000000000000000000e+00
0.000000000000000000e+00
0.000000000000000000e+00
0.000000000000000000e+00
0.000000000000000000e+00
0.000000000000000000e+00
0.000000000000000000e+00
0.000000000000000000e+00
0.000000000000000000e+00
0.000000000000000000e+00
0.000000000000000000e+00
0.000000000000000000e+00
0.000000000000000000e+00
0.000000000000000000e+00
0.000000000000000000e+00
0.000000000000000000e+00
0.000000000000000000e+00
0.000000000000000000e+00
0.000000000000000000e+00
0.000000000000000000e+00
0.000000000000000000e+00
0.000000000000000000e+00
0.000000000000000000e+00
0.000000000000000000e+00
0.000000000000000000e+00
0.000000000000000000e+00
0.000000000000000000e+00
0.000000000000000000e+00
0.000000000000000000e+00
0.000000000000000000e+00
0.000000000000000000e+00
0.000000000000000000e+00
0.000000000000000000e+00
0.000000000000000000e+00
0.000000000000000000e+00
0.000000000000000000e+00
0.000000000000000000e+00
0.000000000000000000e+00
0.000000000000000000e+00
0.000000000000000000e+00
0.000000000000000000e+00
0.000000000000000000e+00
0.000000000000000000e+00
0.000000000000000000e+00
0.000000000000000000e+00
0.000000000000000000e+00
0.000000000000000000e+00
0.000000000000000000e+00
0.000000000000000000e+00
0.000000000000000000e+00
0.000000000000000000e+00
0.000000000000000000e+00
0.000000000000000000e+00
0.000000000000000000e+00
0.000000000000000000e+00
0.000000000000000000e+00
0.000000000000000000e+00
0.000000000000000000e+00
0.000000000000000000e+00
0.000000000000000000e+00
0.000000000000000000e+00
0.000000000000000000e+00
0.000000000000000000e+00
0.000000000000000000e+00
0.000000000000000000e+00
0.000000000000000000e+00
0.000000000000000000e+00
0.000000000000000000e+00
0.000000000000000000e+00
0.000000000000000000e+00
0.000000000000000000e+00
0.000000000000000000e+00
0.000000000000000000e+00
0.000000000000000000e+00
0.000000000000000000e+00
0.000000000000000000e+00
0.000000000000000000e+00
0.000000000000000000e+00
0.000000000000000000e+00
0.000000000000000000e+00
0.000000000000000000e+00
0.000000000000000000e+00
0.000000000000000000e+00
0.000000000000000000e+00
0.000000000000000000e+00
0.000000000000000000e+00
0.000000000000000000e+00
0.000000000000000000e+00
0.000000000000000000e+00
0.000000000000000000e+00
0.000000000000000000e+00
0.000000000000000000e+00
0.000000000000000000e+00
0.000000000000000000e+00
0.000000000000000000e+00
0.000000000000000000e+00
0.000000000000000000e+00
0.000000000000000000e+00
0.000000000000000000e+00
0.000000000000000000e+00
0.000000000000000000e+00
0.000000000000000000e+00
0.000000000000000000e+00
0.000000000000000000e+00
0.000000000000000000e+00
0.000000000000000000e+00
0.000000000000000000e+00
0.000000000000000000e+00
0.000000000000000000e+00
0.000000000000000000e+00
0.000000000000000000e+00
0.000000000000000000e+00
0.000000000000000000e+00
0.000000000000000000e+00
0.000000000000000000e+00
0.000000000000000000e+00
0.000000000000000000e+00
0.000000000000000000e+00
0.000000000000000000e+00
0.000000000000000000e+00
0.000000000000000000e+00
0.000000000000000000e+00
0.000000000000000000e+00
0.000000000000000000e+00
0.000000000000000000e+00
0.000000000000000000e+00
0.000000000000000000e+00
0.000000000000000000e+00
0.000000000000000000e+00
0.000000000000000000e+00
0.000000000000000000e+00
0.000000000000000000e+00
0.000000000000000000e+00
0.000000000000000000e+00
0.000000000000000000e+00
0.000000000000000000e+00
0.000000000000000000e+00
