-2.356468375446610480e+03
-2.890776226547947772e+03
-3.617808972522843760e+03
-4.182755515693870620e+03
-4.755647401532582990e+03
-5.340939272317273208e+03
-5.913374612352989061e+03
-6.468409426190228260e+03
-6.997569445794059902e+03
-7.675394684658644110e+03
-8.148039304723281020e+03
-8.587333619039143741e+03
-9.000323539861483368e+03
-9.365077159016384030e+03
-9.681032570407100138e+03
-9.944264413508293728e+03
-1.033432520405737887e+04
-1.050273197281289504e+04
-1.062690783053616178e+04
-1.071959673172764997e+04
-1.076454417753091184e+04
-1.076672103306572171e+04
-1.072747093624992340e+04
-1.083124021851525686e+04
-1.073396349571179053e+04
-1.061691690138960257e+04
-1.049605924681399301e+04
-1.035765546824958255e+04
-1.020846072644755259e+04
-1.005084636737802794e+04
-1.006952692402711727e+04
-9.919961102127848790e+03
-9.782238042024808237e+03
-9.670468019035924954e+03
-9.568470412939215748e+03
-9.480035418265899352e+03
-9.404138501765351975e+03
-9.521764336325399199e+03
-9.484410523404298146e+03
-9.468079656817913929e+03
-9.482776116172452021e+03
-9.508297685734947663e+03
-9.544595846923937643e+03
-9.587081306802836480e+03
-9.813529290019969267e+03
-9.872653001774426230e+03
-9.938152254091266514e+03
-1.001825246364818486e+04
-1.009152334319895454e+04
-1.015725078169918925e+04
-1.021073854586466041e+04
-1.043019481540294873e+04
-1.046527283869651728e+04
-1.049107394406589992e+04
-1.051762968114657087e+04
-1.052565425556954324e+04
-1.051684281257591283e+04
-1.048909442148215385e+04
-1.062331708687123501e+04
-1.057188641546654981e+04
