3.283222369547482700e+00
3.228802955748353742e+00
3.644694388292164966e+00
3.379773599040555077e+00
3.570059797983198280e+00
3.179344994732833385e+00
3.392866037017368885e+00
3.354153495218074710e+00
3.299734081418690401e+00
3.715625513963328963e+00
3.450704724712381211e+00
3.640990923654557232e+00
3.250276120404606672e+00
3.463797162689897124e+00
3.425084620891214016e+00
3.370665207091209759e+00
3.786556639635188848e+00
3.521635850383868949e+00
3.711922049326323858e+00
3.321207246076378183e+00
3.534728288362426252e+00
3.496015746561861093e+00
3.441596332762637545e+00
3.857487765307048289e+00
3.592566976055517003e+00
3.782853174997276025e+00
3.392138371747349446e+00
3.605659414032550192e+00
3.566946872233726751e+00
3.512527458433564842e+00
3.928418890978908173e+00
3.663498101726844869e+00
3.853784300669778506e+00
3.463069497420014020e+00
3.676590539705080207e+00
3.637877997904318317e+00
3.583458584104993960e+00
3.999350016649434902e+00
3.734429227398492923e+00
3.924715426341137459e+00
3.534000623090895132e+00
3.747521665376406741e+00
3.708809123577458511e+00
3.654389709777513318e+00
4.070281142321990231e+00
3.805360353070140533e+00
3.995646552012498187e+00
3.604931748762666643e+00
3.818452791047652894e+00
3.779740249248050077e+00
3.725320835447850421e+00
4.141212267993155116e+00
3.876291478741630048e+00
4.066577677684591663e+00
3.675862874433546423e+00
3.889383916718978984e+00
3.850671374918643419e+00
3.796251961120369778e+00
4.212143393665015445e+00
3.947222604413454405e+00
